%YAML:1.0
    mask: !!opencv-matrix
        rows: 348
        cols: 2
        dt: f
        data: [ 201.737113, 716.128866, 207.015464, 
            709.530928, 212.293814, 702.932990, 218.891753, 
            698.974227, 221.530928, 697.654639, 222.850515, 
            695.015464, 225.489691, 691.056701, 229.448454, 
            688.417526, 233.407216, 684.458763, 238.685567, 
            680.500000, 243.963918, 676.541237, 246.603093, 
            672.582474, 247.922680, 668.623711, 251.881443, 
            664.664948, 253.201031, 662.025773, 255.840206, 
            659.386598, 259.798969, 652.788660, 263.757732, 
            644.871134, 265.077320, 638.273196, 266.396907, 
            630.355670, 269.036082, 621.118557, 272.994845, 
            614.520619, 274.314433, 613.201031, 276.953608, 
            603.963918, 279.592784, 598.685567, 284.871134, 
            586.809278, 288.829897, 581.530928, 291.469072, 
            577.572165, 296.747423, 572.293814, 302.025773, 
            564.376289, 307.304124, 559.097938, 313.902062, 
            551.180412, 321.819588, 539.304124, 327.097938, 
            531.386598, 332.376289, 520.829897, 333.695876, 
            519.510309, 337.654639, 512.912371, 340.293814, 
            506.314433, 344.252577, 502.355670, 348.211340, 
            495.757732, 352.170103, 489.159794, 357.448454, 
            482.561856, 362.726804, 475.963918, 364.046392, 
            472.005155, 366.685567, 466.726804, 368.005155, 
            461.448454, 370.644330, 456.170103, 374.603093, 
            445.613402, 375.922680, 437.695876, 375.922680, 
            433.737113, 375.922680, 432.417526, 374.603093, 
            429.778351, 371.963918, 425.819588, 369.324742, 
            421.860825, 366.685567, 420.541237, 360.087629, 
            417.902062, 357.448454, 417.902062, 350.850515, 
            416.582474, 344.252577, 416.582474, 336.335052, 
            416.582474, 328.417526, 416.582474, 321.819588, 
            416.582474, 315.221649, 416.582474, 312.582474, 
            416.582474, 305.984536, 416.582474, 296.747423, 
            416.582474, 287.510309, 416.582474, 282.231959, 
            416.582474, 278.273196, 416.582474, 274.314433, 
            416.582474, 267.716495, 416.582474, 262.438144, 
            415.262887, 249.242268, 412.623711, 242.644330, 
            411.304124, 234.726804, 411.304124, 228.128866, 
            409.984536, 218.891753, 409.984536, 212.293814, 
            411.304124, 205.695876, 413.943299, 200.417526, 
            415.262887, 191.180412, 419.221649, 185.902062, 
            419.221649, 176.664948, 423.180412, 174.025773, 
            424.500000, 166.108247, 425.819588, 158.190722, 
            428.458763, 148.953608, 431.097938, 131.798969, 
            435.056701, 117.283505, 440.335052, 104.087629, 
            445.613402, 101.448454, 446.932990, 98.809278, 
            449.572165, 92.211340, 454.850515, 90.891753, 
            458.809278, 86.932990, 462.768041, 85.613402, 
            468.046392, 82.974227, 478.603093, 80.335052, 
            493.118557, 79.015464, 506.314433, 75.056701, 
            524.788660, 75.056701, 528.747423, 75.056701, 
            536.664948, 75.056701, 544.582474, 73.737113, 
            551.180412, 73.737113, 559.097938, 71.097938, 
            570.974227, 71.097938, 580.211340, 71.097938, 
            588.128866, 71.097938, 602.644330, 68.458763, 
            611.881443, 67.139175, 626.396907, 67.139175, 
            634.314433, 65.819588, 640.912371, 64.500000, 
            650.149485, 63.180412, 659.386598, 61.860825, 
            662.025773, 60.541237, 668.623711, 60.541237, 
            671.262887, 60.541237, 676.541237, 60.541237, 
            680.500000, 60.541237, 681.819588, 63.180412, 
            687.097938, 64.500000, 691.056701, 71.097938, 
            696.335052, 79.015464, 704.252577, 82.974227, 
            709.530928, 86.932990, 713.489691, 88.252577, 
            714.809278, 90.891753, 716.128866, 92.211340, 
            716.128866, 92.211340, 717.448454, -1.000000, 
            -1.000000, 715.056701, 577.572165, 708.458763, 
            578.891753, 701.860825, 574.932990, 696.582474, 
            570.974227, 686.025773, 564.376289, 684.706186, 
            563.056701, 680.747423, 560.417526, 674.149485, 
            556.458763, 667.551546, 551.180412, 662.273196, 
            548.541237, 658.314433, 545.902062, 651.716495, 
            541.943299, 643.798969, 539.304124, 639.840206, 
            537.984536, 637.201031, 535.345361, 631.922680, 
            532.706186, 625.324742, 527.427835, 613.448454, 
            519.510309, 605.530928, 515.551546, 604.211340, 
            512.912371, 598.932990, 503.675258, 597.613402, 
            501.036082, 592.335052, 491.798969, 589.695876, 
            489.159794, 585.737113, 481.242268, 581.778351, 
            475.963918, 579.139175, 472.005155, 575.180412, 
            465.407216, 571.221649, 462.768041, 569.902062, 
            460.128866, 567.262887, 456.170103, 564.623711, 
            452.211340, 560.664948, 445.613402, 556.706186, 
            439.015464, 547.469072, 429.778351, 542.190722, 
            427.139175, 539.551546, 425.819588, 536.912371, 
            424.500000, 532.953608, 423.180412, 528.994845, 
            419.221649, 525.036082, 417.902062, 522.396907, 
            415.262887, 522.396907, 413.943299, 521.077320, 
            412.623711, 521.077320, 411.304124, 521.077320, 
            407.345361, 521.077320, 403.386598, 521.077320, 
            400.747423, 523.716495, 400.747423, 528.994845, 
            400.747423, 538.231959, 400.747423, 544.829897, 
            402.067010, 550.108247, 403.386598, 556.706186, 
            404.706186, 563.304124, 404.706186, 575.180412, 
            406.025773, 585.737113, 407.345361, 589.695876, 
            407.345361, 592.335052, 404.706186, 593.654639, 
            404.706186, 593.654639, 402.067010, 593.654639, 
            394.149485, 593.654639, 391.510309, 593.654639, 
            388.871134, 589.695876, 379.634021, 588.376289, 
            378.314433, 585.737113, 376.994845, 583.097938, 
            374.355670, 581.778351, 374.355670, 579.139175, 
            371.716495, 575.180412, 370.396907, 571.221649, 
            369.077320, 565.943299, 369.077320, 560.664948, 
            369.077320, 548.788660, 370.396907, 540.871134, 
            373.036082, 535.592784, 374.355670, 531.634021, 
            375.675258, 530.314433, 375.675258, 528.994845, 
            376.994845, 523.716495, 376.994845, 518.438144, 
            378.314433, 515.798969, 378.314433, 513.159794, 
            378.314433, 510.520619, 378.314433, 506.561856, 
            378.314433, 505.242268, 378.314433, 503.922680, 
            378.314433, 501.283505, 376.994845, 501.283505, 
            375.675258, 501.283505, 373.036082, 501.283505, 
            369.077320, 506.561856, 362.479381, 509.201031, 
            358.520619, 518.438144, 349.283505, 523.716495, 
            345.324742, 535.592784, 336.087629, 543.510309, 
            330.809278, 547.469072, 326.850515, 552.747423, 
            322.891753, 559.345361, 316.293814, 564.623711, 
            312.335052, 568.582474, 309.695876, 577.819588, 
            304.417526, 583.097938, 304.417526, 591.015464, 
            303.097938, 592.335052, 301.778351, 597.613402, 
            301.778351, 600.252577, 300.458763, 605.530928, 
            297.819588, 613.448454, 293.860825, 622.685567, 
            291.221649, 624.005155, 289.902062, 625.324742, 
            289.902062, 630.603093, 289.902062, 633.242268, 
            291.221649, 638.520619, 292.541237, 641.159794, 
            293.860825, 649.077320, 296.500000, 654.355670, 
            299.139175, 655.675258, 300.458763, 659.634021, 
            300.458763, 663.592784, 303.097938, 670.190722, 
            307.056701, 676.788660, 311.015464, 684.706186, 
            316.293814, 686.025773, 318.932990, 689.984536, 
