%YAML:1.0
    mask: !!opencv-matrix
        rows: 398
        cols: 2
        dt: f
        data: [ -1.000000, -1.000000, -1.000000, 
            -1.000000, 737.702238, 309.340927, 735.655875, 
            309.340927, 734.632694, 310.364109, 733.609512, 
            311.387290, 731.563149, 313.433653, 728.493605, 
            316.503197, 724.400879, 321.619105, 720.308153, 
            324.688649, 711.099520, 329.804556, 708.029976, 
            330.827738, 707.006795, 332.874101, 705.983613, 
            332.874101, 703.937250, 334.920464, 702.914069, 
            334.920464, 696.774980, 335.943645, 696.774980, 
            336.966827, 695.751799, 337.990008, 694.728617, 
            337.990008, 691.659073, 342.082734, 687.566347, 
            344.129097, 685.519984, 345.152278, 683.473621, 
            347.198641, 679.380895, 349.245004, 679.380895, 
            350.268185, 677.334532, 352.314548, 673.241807, 
            355.384093, 671.195444, 357.430456, 671.195444, 
            358.453637, 669.149081, 360.500000, 668.125899, 
            361.523181, 666.079536, 364.592726, 666.079536, 
            366.639089, 665.056355, 368.685452, 664.033173, 
            371.754996, 663.009992, 372.778177, 663.009992, 
            374.824540, 661.986811, 377.894085, 659.940448, 
            380.963629, 659.940448, 383.009992, 657.894085, 
            386.079536, 657.894085, 387.102718, 655.847722, 
            388.125899, 655.847722, 390.172262, 654.824540, 
            392.218625, 654.824540, 393.241807, 654.824540, 
            394.264988, 655.847722, 394.264988, 659.940448, 
            392.218625, 661.986811, 391.195444, 665.056355, 
            390.172262, 665.056355, 389.149081, 669.149081, 
            387.102718, 670.172262, 386.079536, 677.334532, 
            379.940448, 680.404077, 377.894085, 682.450440, 
            376.870903, 685.519984, 373.801359, 686.543165, 
            372.778177, 689.612710, 370.731815, 692.682254, 
            367.662270, 695.751799, 365.615907, 695.751799, 
            364.592726, 696.774980, 364.592726, 698.821343, 
            364.592726, 699.844524, 363.569544, 702.914069, 
            363.569544, 707.006795, 364.592726, 709.053157, 
            366.639089, 712.122702, 369.708633, 713.145883, 
            371.754996, 713.145883, 372.778177, 714.169065, 
            376.870903, 715.192246, 380.963629, 715.192246, 
            384.033173, 716.215428, 387.102718, 717.238609, 
            393.241807, 719.284972, 398.357714, 719.284972, 
            400.404077, 719.284972, 402.450440, 719.284972, 
            403.473621, 720.308153, 406.543165, 721.331335, 
            408.589528, 721.331335, 411.659073, 722.354516, 
            414.728617, 722.354516, 420.867706, 724.400879, 
            428.029976, 725.424061, 434.169065, 726.447242, 
            436.215428, 727.470424, 438.261791, 727.470424, 
            441.331335, 727.470424, 442.354516, 728.493605, 
            448.493605, 729.516787, 453.609512, 730.539968, 
            456.679057, 731.563149, 456.679057, 732.586331, 
            456.679057, 734.632694, 451.563149, 734.632694, 
            449.516787, 736.679057, 443.377698, 737.702238, 
            440.308153, 737.702238, 433.145883, 738.725420, 
            431.099520, 739.748601, 429.053157, 739.748601, 
            425.983613, 740.771783, 420.867706, 740.771783, 
            418.821343, 742.818145, 416.774980, 742.818145, 
            415.751799, 743.841327, 415.751799, 744.864508, 
            415.751799, 746.910871, 417.798161, 748.957234, 
            422.914069, 748.957234, 425.983613, 749.980416, 
            430.076339, 751.003597, 432.122702, 751.003597, 
            435.192246, 751.003597, 439.284972, 752.026779, 
            443.377698, 753.049960, 447.470424, 753.049960, 
            449.516787, 754.073141, 451.563149, 755.096323, 
            456.679057, 756.119504, 460.771783, 757.142686, 
            461.794964, 757.142686, 463.841327, 758.165867, 
            465.887690, 758.165867, 466.910871, 758.165867, 
            467.934053, 760.212230, 467.934053, 761.235412, 
            468.957234, 762.258593, 468.957234, 764.304956, 
            469.980416, 766.351319, 469.980416, 767.374500, 
            469.980416, 767.374500, 468.957234, 768.397682, 
            468.957234, 768.397682, 467.934053, 769.420863, 
            466.910871, 770.444045, 465.887690, 770.444045, 
            464.864508, 771.467226, 462.818145, 772.490408, 
            460.771783, 773.513589, 457.702238, 773.513589, 
            454.632694, 775.559952, 451.563149, 775.559952, 
            448.493605, 776.583133, 446.447242, 776.583133, 
            442.354516, 777.606315, 440.308153, 777.606315, 
            436.215428, 778.629496, 434.169065, 780.675859, 
            430.076339, 780.675859, 428.029976, 780.675859, 
            427.006795, 782.722222, 425.983613, 784.768585, 
            423.937250, 784.768585, 422.914069, 785.791767, 
            422.914069, 786.814948, 423.937250, 787.838129, 
            425.983613, 788.861311, 429.053157, 789.884492, 
            433.145883, 791.930855, 437.238609, 791.930855, 
            439.284972, 793.977218, 443.377698, 793.977218, 
            446.447242, 796.023581, 450.539968, 797.046763, 
            455.655875, 799.093125, 458.725420, 799.093125, 
            459.748601, 801.139488, 461.794964, 802.162670, 
            464.864508, 803.185851, 464.864508, 805.232214, 
            465.887690, 806.255396, 466.910871, 808.301759, 
            466.910871, 811.371303, 462.818145, 812.394484, 
            460.771783, 813.417666, 456.679057, 814.440847, 
            454.632694, 814.440847, 452.586331, 814.440847, 
            450.539968, 814.440847, 448.493605, 814.440847, 
            446.447242, 814.440847, 443.377698, 814.440847, 
            439.284972, 814.440847, 435.192246, 813.417666, 
            434.169065, 813.417666, 430.076339, 813.417666, 
            427.006795, 813.417666, 424.960432, 813.417666, 
            420.867706, 813.417666, 416.774980, 813.417666, 
            414.728617, 813.417666, 413.705436, 813.417666, 
            409.612710, 813.417666, 408.589528, 813.417666, 
            407.566347, 814.440847, 408.589528, 816.487210, 
            411.659073, 817.510392, 412.682254, 820.579936, 
            415.751799, 823.649480, 419.844524, 825.695843, 
            421.890887, 826.719025, 422.914069, 829.788569, 
            424.960432, 831.834932, 424.960432, 832.858114, 
            425.983613, 833.881295, 427.006795, 835.927658, 
            430.076339, 838.997202, 432.122702, 841.043565, 
            433.145883, 846.159472, 437.238609, 847.182654, 
            439.284972, 848.205835, 439.284972, 849.229017, 
            439.284972, 850.252198, 438.261791, 850.252198, 
            437.238609, 850.252198, 436.215428, 850.252198, 
            435.192246, 850.252198, 432.122702, 851.275380, 
            429.053157, 851.275380, 425.983613, 851.275380, 
            421.890887, 851.275380, 420.867706, 851.275380, 
            417.798161, 851.275380, 416.774980, 850.252198, 
            415.751799, 849.229017, 414.728617, 848.205835, 
            414.728617, 847.182654, 413.705436, 846.159472, 
            412.682254, 844.113110, 410.635891, 841.043565, 
            407.566347, 838.997202, 405.519984, 837.974021, 
            403.473621, 837.974021, 401.427258, 833.881295, 
            398.357714, 832.858114, 396.311351, 832.858114, 
            395.288169, 830.811751, 393.241807, 829.788569, 
            392.218625, 829.788569, 391.195444, 827.742206, 
            389.149081, 827.742206, 388.125899, 827.742206, 
            387.102718, 825.695843, 384.033173, 823.649480, 
            379.940448, 822.626299, 377.894085, 821.603118, 
            374.824540, 821.603118, 373.801359, 821.603118, 
            372.778177, 820.579936, 371.754996, 819.556755, 
            370.731815, 818.533573, 369.708633, 816.487210, 
