%YAML:1.0
    mask: !!opencv-matrix
        rows: 989
        cols: 2
        dt: f
        data: [ 277.056291, 562.884106, 279.175497, 
            562.884106, 279.175497, 565.003311, 277.056291, 
            567.122517, 277.056291, 569.241722, 274.937086, 
            569.241722, 272.817881, 571.360927, 270.698675, 
            571.360927, 268.579470, 571.360927, 268.579470, 
            573.480132, 266.460265, 575.599338, 264.341060, 
            575.599338, 262.221854, 577.718543, 260.102649, 
            579.837748, 257.983444, 581.956954, 255.864238, 
            584.076159, 253.745033, 584.076159, 253.745033, 
            586.195364, 249.506623, 586.195364, 249.506623, 
            588.314570, 247.387417, 590.433775, 245.268212, 
            590.433775, 243.149007, 590.433775, 241.029801, 
            592.552980, 238.910596, 592.552980, 238.910596, 
            594.672185, 236.791391, 594.672185, 234.672185, 
            594.672185, 232.552980, 596.791391, 230.433775, 
            598.910596, 228.314570, 598.910596, 226.195364, 
            598.910596, 226.195364, 601.029801, 224.076159, 
            601.029801, 221.956954, 601.029801, 219.837748, 
            601.029801, 219.837748, 603.149007, 217.718543, 
            603.149007, 215.599338, 603.149007, 213.480132, 
            603.149007, 211.360927, 603.149007, 209.241722, 
            605.268212, 207.122517, 605.268212, 205.003311, 
            605.268212, 202.884106, 605.268212, 200.764901, 
            607.387417, 198.645695, 607.387417, 196.526490, 
            607.387417, 194.407285, 607.387417, 194.407285, 
            609.506623, 192.288079, 609.506623, 192.288079, 
            613.745033, 192.288079, 615.864238, 190.168874, 
            617.983444, 190.168874, 620.102649, 190.168874, 
            622.221854, 190.168874, 624.341060, 190.168874, 
            626.460265, 188.049669, 628.579470, 188.049669, 
            630.698675, 188.049669, 632.817881, 188.049669, 
            634.937086, 188.049669, 637.056291, 185.930464, 
            639.175497, 185.930464, 641.294702, 185.930464, 
            643.413907, 183.811258, 647.652318, 183.811258, 
            649.771523, 183.811258, 651.890728, 183.811258, 
            654.009934, 181.692053, 654.009934, 181.692053, 
            656.129139, 181.692053, 658.248344, 179.572848, 
            660.367550, 179.572848, 662.486755, 179.572848, 
            664.605960, 179.572848, 666.725166, 177.453642, 
            670.963576, 175.334437, 670.963576, 175.334437, 
            673.082781, 175.334437, 677.321192, 173.215232, 
            677.321192, 173.215232, 679.440397, 171.096026, 
            681.559603, 171.096026, 683.678808, 168.976821, 
            685.798013, 166.857616, 687.917219, 164.738411, 
            690.036424, 164.738411, 692.155629, 162.619205, 
            694.274834, 160.500000, 696.394040, 160.500000, 
            698.513245, 158.380795, 700.632450, 156.261589, 
            702.751656, 156.261589, 704.870861, 154.142384, 
            706.990066, 152.023179, 706.990066, 152.023179, 
            709.109272, 149.903974, 711.228477, 147.784768, 
            713.347682, 147.784768, 715.466887, 145.665563, 
            715.466887, 145.665563, 717.586093, 143.546358, 
            717.586093, 143.546358, 719.705298, 397.850993, 
            719.705298, 399.970199, 719.705298, 402.089404, 
            719.705298, 404.208609, 717.586093, 406.327815, 
            717.586093, 408.447020, 715.466887, 410.566225, 
            713.347682, 412.685430, 713.347682, 416.923841, 
            711.228477, 419.043046, 711.228477, 421.162252, 
            709.109272, 423.281457, 709.109272, 425.400662, 
            706.990066, 429.639073, 704.870861, 431.758278, 
            702.751656, 431.758278, 700.632450, 433.877483, 
            700.632450, 433.877483, 698.513245, 435.996689, 
            698.513245, 438.115894, 696.394040, 440.235099, 
            694.274834, 440.235099, 692.155629, 440.235099, 
            690.036424, 442.354305, 687.917219, 442.354305, 
            685.798013, 442.354305, 683.678808, 442.354305, 
            681.559603, 442.354305, 679.440397, 442.354305, 
            677.321192, 442.354305, 675.201987, 442.354305, 
            673.082781, 442.354305, 670.963576, 440.235099, 
            668.844371, 438.115894, 668.844371, 438.115894, 
            666.725166, 435.996689, 666.725166, 433.877483, 
            666.725166, 431.758278, 666.725166, 429.639073, 
            666.725166, 427.519868, 666.725166, 425.400662, 
            666.725166, 423.281457, 666.725166, 421.162252, 
            666.725166, 419.043046, 666.725166, 416.923841, 
            666.725166, 414.804636, 666.725166, 412.685430, 
            666.725166, 410.566225, 666.725166, 408.447020, 
            666.725166, 406.327815, 666.725166, 404.208609, 
            666.725166, 402.089404, 668.844371, 399.970199, 
            668.844371, 399.970199, 670.963576, 395.731788, 
            673.082781, 393.612583, 673.082781, 391.493377, 
            673.082781, 391.493377, 675.201987, 389.374172, 
            675.201987, 387.254967, 675.201987, 385.135762, 
            677.321192, 383.016556, 677.321192, 380.897351, 
            677.321192, 378.778146, 677.321192, 374.539735, 
            677.321192, 355.466887, 677.321192, 353.347682, 
            677.321192, 351.228477, 677.321192, 349.109272, 
            677.321192, 346.990066, 677.321192, 342.751656, 
            677.321192, 336.394040, 677.321192, 334.274834, 
            677.321192, 325.798013, 677.321192, 323.678808, 
            675.201987, 321.559603, 675.201987, 319.440397, 
            675.201987, 315.201987, 673.082781, 313.082781, 
            673.082781, 310.963576, 673.082781, 306.725166, 
            670.963576, 306.725166, 668.844371, 302.486755, 
            668.844371, 300.367550, 668.844371, 298.248344, 
            666.725166, 298.248344, 664.605960, 298.248344, 
            662.486755, 298.248344, 660.367550, 298.248344, 
            658.248344, 298.248344, 656.129139, 298.248344, 
            651.890728, 298.248344, 647.652318, 298.248344, 
            645.533113, 298.248344, 643.413907, 298.248344, 
            641.294702, 298.248344, 639.175497, 298.248344, 
            637.056291, 298.248344, 634.937086, 298.248344, 
            632.817881, 298.248344, 630.698675, 298.248344, 
            628.579470, 298.248344, 626.460265, 298.248344, 
            624.341060, 298.248344, 622.221854, 298.248344, 
            620.102649, 298.248344, 615.864238, 298.248344, 
            613.745033, 298.248344, 611.625828, 298.248344, 
            609.506623, 298.248344, 607.387417, 298.248344, 
            605.268212, 298.248344, 603.149007, 298.248344, 
            601.029801, 298.248344, 598.910596, 298.248344, 
            596.791391, 298.248344, 594.672185, 298.248344, 
            592.552980, 298.248344, 590.433775, 298.248344, 
            588.314570, 298.248344, 586.195364, 298.248344, 
            584.076159, 298.248344, 579.837748, 296.129139, 
            577.718543, 294.009934, 575.599338, 294.009934, 
            573.480132, 291.890728, 571.360927, 291.890728, 
            569.241722, 289.771523, 569.241722, 287.652318, 
            567.122517, 285.533113, 565.003311, 285.533113, 
            562.884106, -1.000000, -1.000000, 620.367550, 
            365.798013, 622.486755, 365.798013, 624.605960, 
            365.798013, 628.844371, 365.798013, 630.963576, 
            365.798013, 635.201987, 365.798013, 637.321192, 
            363.678808, 641.559603, 363.678808, 641.559603, 
            361.559603, 643.678808, 359.440397, 647.917219, 
            357.321192, 650.036424, 357.321192, 652.155629, 
            355.201987, 654.274834, 355.201987, 654.274834, 
            353.082781, 658.513245, 353.082781, 660.632450, 
            353.082781, 660.632450, 350.963576, 662.751656, 
            350.963576, 666.990066, 350.963576, 673.347682, 
