%YAML:1.0
    mask: !!opencv-matrix
        rows: 847
        cols: 2
        dt: f
        data: [ 294.009934, 637.056291, 294.009934, 
            639.175497, 294.009934, 643.413907, 287.652318, 
            647.652318, 285.533113, 649.771523, 283.413907, 
            649.771523, 283.413907, 651.890728, 281.294702, 
            651.890728, 279.175497, 654.009934, 277.056291, 
            656.129139, 274.937086, 656.129139, 272.817881, 
            656.129139, 272.817881, 658.248344, 270.698675, 
            658.248344, 268.579470, 658.248344, 266.460265, 
            658.248344, 264.341060, 660.367550, 262.221854, 
            660.367550, 260.102649, 660.367550, 257.983444, 
            660.367550, 257.983444, 662.486755, 255.864238, 
            662.486755, 251.625828, 664.605960, 249.506623, 
            664.605960, 247.387417, 666.725166, 245.268212, 
            666.725166, 243.149007, 666.725166, 241.029801, 
            666.725166, 241.029801, 668.844371, 238.910596, 
            668.844371, 234.672185, 668.844371, 232.552980, 
            670.963576, 230.433775, 670.963576, 228.314570, 
            673.082781, 226.195364, 673.082781, 224.076159, 
            673.082781, 221.956954, 675.201987, 219.837748, 
            677.321192, 219.837748, 679.440397, 217.718543, 
            679.440397, 217.718543, 681.559603, 215.599338, 
            681.559603, 215.599338, 683.678808, 213.480132, 
            685.798013, 211.360927, 687.917219, 209.241722, 
            692.155629, 209.241722, 694.274834, 209.241722, 
            696.394040, 209.241722, 698.513245, 207.122517, 
            700.632450, 207.122517, 702.751656, 207.122517, 
            704.870861, 207.122517, 706.990066, 205.003311, 
            709.109272, 205.003311, 711.228477, 205.003311, 
            713.347682, 202.884106, 715.466887, 202.884106, 
            717.586093, 202.884106, 719.705298, 302.486755, 
            719.705298, 304.605960, 719.705298, 306.725166, 
            719.705298, 308.844371, 719.705298, 310.963576, 
            719.705298, 313.082781, 717.586093, 315.201987, 
            717.586093, 315.201987, 715.466887, 315.201987, 
            713.347682, 315.201987, 711.228477, 315.201987, 
            709.109272, 315.201987, 706.990066, 315.201987, 
            704.870861, 315.201987, 702.751656, 315.201987, 
            700.632450, 315.201987, 698.513245, 315.201987, 
            694.274834, 313.082781, 692.155629, 310.963576, 
            690.036424, 310.963576, 687.917219, 310.963576, 
            685.798013, 310.963576, 681.559603, 310.963576, 
            679.440397, 310.963576, 677.321192, 310.963576, 
            675.201987, 310.963576, 673.082781, 310.963576, 
            670.963576, 308.844371, 670.963576, 308.844371, 
            668.844371, 308.844371, 666.725166, 308.844371, 
            664.605960, 306.725166, 662.486755, 306.725166, 
            660.367550, 306.725166, 658.248344, 304.605960, 
            658.248344, 304.605960, 656.129139, 302.486755, 
            651.890728, 300.367550, 649.771523, 300.367550, 
            647.652318, 300.367550, 645.533113, 300.367550, 
            643.413907, -1.000000, -1.000000, 700.897351, 
            431.493377, 700.897351, 429.374172, 703.016556, 
            429.374172, 703.016556, 431.493377, 705.135762, 
            433.612583, 707.254967, 435.731788, 709.374172, 
            442.089404, 711.493377, 442.089404, 711.493377, 
            444.208609, 711.493377, 446.327815, 711.493377, 
            450.566225, 713.612583, 450.566225, 713.612583, 
            452.685430, 713.612583, 454.804636, 713.612583, 
            456.923841, 713.612583, 459.043046, 715.731788, 
            461.162252, 715.731788, 463.281457, 715.731788, 
            465.400662, 717.850993, 465.400662, 717.850993, 
            467.519868, 719.970199, 467.519868, 719.970199, 
            469.639073, 719.970199, 473.877483, 719.970199, 
            475.996689, 719.970199, 478.115894, 719.970199, 
            480.235099, 719.970199, 482.354305, 722.089404, 
            486.592715, 722.089404, 488.711921, 722.089404, 
            492.950331, 722.089404, 495.069536, 722.089404, 
            497.188742, 724.208609, 499.307947, 724.208609, 
            501.427152, 726.327815, 501.427152, 726.327815, 
            503.546358, 726.327815, 505.665563, 728.447020, 
            507.784768, 728.447020, 509.903974, 728.447020, 
            512.023179, 730.566225, 516.261589, 730.566225, 
            518.380795, 730.566225, 520.500000, 732.685430, 
            522.619205, 732.685430, 524.738411, 732.685430, 
            526.857616, 732.685430, 528.976821, 732.685430, 
            531.096026, 732.685430, 533.215232, 732.685430, 
            535.334437, 732.685430, 537.453642, 734.804636, 
            539.572848, 734.804636, 543.811258, 734.804636, 
            545.930464, 736.923841, 548.049669, 739.043046, 
            548.049669, 739.043046, 550.168874, 739.043046, 
            552.288079, 739.043046, 554.407285, 741.162252, 
            554.407285, 741.162252, 556.526490, 741.162252, 
            558.645695, 741.162252, 560.764901, 743.281457, 
            560.764901, 743.281457, 562.884106, 745.400662, 
            567.122517, 747.519868, 569.241722, 747.519868, 
            571.360927, 749.639073, 573.480132, 751.758278, 
            573.480132, 751.758278, 575.599338, 751.758278, 
            577.718543, 753.877483, 579.837748, 755.996689, 
            584.076159, 758.115894, 586.195364, 760.235099, 
            586.195364, 760.235099, 588.314570, 762.354305, 
            588.314570, 762.354305, 592.552980, 764.473510, 
            592.552980, 764.473510, 594.672185, 766.592715, 
            596.791391, 768.711921, 598.910596, 768.711921, 
            601.029801, 770.831126, 601.029801, 770.831126, 
            603.149007, 772.950331, 605.268212, 775.069536, 
            607.387417, 775.069536, 609.506623, 777.188742, 
            609.506623, 777.188742, 611.625828, 781.427152, 
            613.745033, 783.546358, 613.745033, 785.665563, 
            615.864238, 787.784768, 615.864238, 792.023179, 
            617.983444, 794.142384, 617.983444, 796.261589, 
            617.983444, 798.380795, 620.102649, 800.500000, 
            620.102649, 804.738411, 620.102649, 806.857616, 
            620.102649, 808.976821, 620.102649, 811.096026, 
            620.102649, 813.215232, 620.102649, 815.334437, 
            620.102649, 817.453642, 620.102649, 819.572848, 
            620.102649, 821.692053, 620.102649, 823.811258, 
            617.983444, 825.930464, 615.864238, 828.049669, 
            615.864238, 830.168874, 613.745033, 832.288079, 
            613.745033, 832.288079, 611.625828, 834.407285, 
            611.625828, 834.407285, 609.506623, 838.645695, 
            609.506623, 838.645695, 607.387417, 840.764901, 
            607.387417, 845.003311, 605.268212, 847.122517, 
            603.149007, 849.241722, 603.149007, 851.360927, 
            603.149007, 853.480132, 603.149007, 855.599338, 
            603.149007, 855.599338, 601.029801, 857.718543, 
            601.029801, 859.837748, 601.029801, 864.076159, 
            598.910596, 866.195364, 598.910596, 868.314570, 
            596.791391, 870.433775, 596.791391, 872.552980, 
            594.672185, 874.672185, 594.672185, 874.672185, 
            592.552980, 874.672185, 590.433775, 874.672185, 
            588.314570, 874.672185, 586.195364, 874.672185, 
            584.076159, 874.672185, 581.956954, 874.672185, 
            579.837748, 874.672185, 577.718543, 874.672185, 
            575.599338, 874.672185, 573.480132, 874.672185, 
            571.360927, 874.672185, 569.241722, 874.672185, 
            567.122517, 874.672185, 565.003311, 874.672185, 
            562.884106, 874.672185, 560.764901, 874.672185, 
            558.645695, 874.672185, 556.526490, 874.672185, 
            554.407285, 874.672185, 552.288079, 874.672185, 
