%YAML:1.0
    mask: !!opencv-matrix
        rows: 1874
        cols: 2
        dt: f
        data: [ 4.291469, 664.575829, 5.808057, 
            664.575829, 7.324645, 664.575829, 7.324645, 
            663.059242, 8.841232, 663.059242, 10.357820, 
            663.059242, 11.874408, 661.542654, 11.874408, 
            660.026066, 11.874408, 658.509479, 13.390995, 
            658.509479, 13.390995, 656.992891, 13.390995, 
            655.476303, 14.907583, 655.476303, 14.907583, 
            653.959716, 14.907583, 652.443128, 16.424171, 
            652.443128, 16.424171, 650.926540, 16.424171, 
            649.409953, 17.940758, 649.409953, 19.457346, 
            649.409953, 19.457346, 647.893365, 19.457346, 
            646.376777, 19.457346, 644.860190, 20.973934, 
            643.343602, 22.490521, 641.827014, 22.490521, 
            640.310427, 22.490521, 638.793839, 24.007109, 
            638.793839, 25.523697, 637.277251, 27.040284, 
            637.277251, 27.040284, 635.760664, 27.040284, 
            634.244076, 28.556872, 634.244076, 30.073460, 
            634.244076, 30.073460, 632.727488, 30.073460, 
            631.210900, 33.106635, 629.694313, 34.623223, 
            629.694313, 36.139810, 629.694313, 37.656398, 
            628.177725, 39.172986, 628.177725, 39.172986, 
            626.661137, 40.689573, 625.144550, 42.206161, 
            625.144550, 43.722749, 625.144550, 43.722749, 
            623.627962, 46.755924, 622.111374, 49.789100, 
            620.594787, 49.789100, 619.078199, 52.822275, 
            617.561611, 54.338863, 617.561611, 55.855450, 
            617.561611, 57.372038, 616.045024, 58.888626, 
            616.045024, 58.888626, 614.528436, 60.405213, 
            614.528436, 60.405213, 613.011848, 60.405213, 
            611.495261, 61.921801, 609.978673, 63.438389, 
            609.978673, 64.954976, 608.462085, 64.954976, 
            605.428910, 64.954976, 603.912322, 66.471564, 
            603.912322, 67.988152, 602.395735, 67.988152, 
            600.879147, 69.504739, 600.879147, 72.537915, 
            599.362559, 72.537915, 597.845972, 74.054502, 
            596.329384, 75.571090, 596.329384, 77.087678, 
            596.329384, 77.087678, 594.812796, 78.604265, 
            594.812796, 80.120853, 593.296209, 80.120853, 
            591.779621, 81.637441, 591.779621, 84.670616, 
            591.779621, 84.670616, 590.263033, 84.670616, 
            588.746445, 86.187204, 588.746445, 87.703791, 
            587.229858, 90.736967, 585.713270, 92.253555, 
            585.713270, 93.770142, 584.196682, 95.286730, 
            584.196682, 96.803318, 584.196682, 96.803318, 
            582.680095, 98.319905, 581.163507, 99.836493, 
            581.163507, 101.353081, 579.646919, 101.353081, 
            578.130332, 102.869668, 576.613744, 104.386256, 
            576.613744, 105.902844, 576.613744, 107.419431, 
            575.097156, 107.419431, 573.580569, 108.936019, 
            573.580569, 111.969194, 572.063981, 111.969194, 
            570.547393, 113.485782, 570.547393, 113.485782, 
            569.030806, 115.002370, 569.030806, 115.002370, 
            567.514218, 116.518957, 565.997630, 118.035545, 
            565.997630, 119.552133, 565.997630, 119.552133, 
            564.481043, 121.068720, 561.447867, 122.585308, 
            561.447867, 122.585308, 559.931280, 122.585308, 
            556.898104, 124.101896, 556.898104, 125.618483, 
            556.898104, 125.618483, 553.864929, 127.135071, 
            552.348341, 128.651659, 552.348341, 128.651659, 
            550.831754, 130.168246, 550.831754, 130.168246, 
            549.315166, 131.684834, 549.315166, 133.201422, 
            547.798578, 133.201422, 546.281991, 134.718009, 
            546.281991, 136.234597, 544.765403, 137.751185, 
            544.765403, 137.751185, 543.248815, 139.267773, 
            543.248815, 140.784360, 543.248815, 142.300948, 
            543.248815, 143.817536, 543.248815, 145.334123, 
            543.248815, 146.850711, 543.248815, 148.367299, 
            543.248815, 149.883886, 543.248815, 151.400474, 
            544.765403, 152.917062, 544.765403, 154.433649, 
            544.765403, 155.950237, 544.765403, 155.950237, 
            546.281991, 157.466825, 546.281991, 158.983412, 
            546.281991, 160.500000, 547.798578, 162.016588, 
            547.798578, 163.533175, 549.315166, 165.049763, 
            549.315166, 165.049763, 550.831754, 166.566351, 
            550.831754, 168.082938, 552.348341, 168.082938, 
            553.864929, 168.082938, 555.381517, 169.599526, 
            556.898104, 169.599526, 558.414692, 171.116114, 
            559.931280, 171.116114, 561.447867, 171.116114, 
            562.964455, 171.116114, 565.997630, 171.116114, 
            567.514218, 171.116114, 569.030806, 171.116114, 
            572.063981, 172.632701, 572.063981, 174.149289, 
            573.580569, 174.149289, 576.613744, 175.665877, 
            576.613744, 175.665877, 578.130332, 175.665877, 
            579.646919, 175.665877, 581.163507, 175.665877, 
            584.196682, 175.665877, 587.229858, 175.665877, 
            588.746445, 177.182464, 596.329384, 177.182464, 
            599.362559, 178.699052, 606.945498, 178.699052, 
            609.978673, 180.215640, 611.495261, 180.215640, 
            613.011848, 180.215640, 614.528436, 180.215640, 
            616.045024, 180.215640, 617.561611, 180.215640, 
            619.078199, 180.215640, 622.111374, 180.215640, 
            623.627962, 180.215640, 625.144550, 180.215640, 
            626.661137, 180.215640, 628.177725, 181.732227, 
            629.694313, 181.732227, 632.727488, 183.248815, 
            634.244076, 183.248815, 635.760664, 183.248815, 
            638.793839, 183.248815, 641.827014, 183.248815, 
            643.343602, 183.248815, 644.860190, 183.248815, 
            646.376777, 184.765403, 647.893365, 184.765403, 
            649.409953, 184.765403, 650.926540, 186.281991, 
            652.443128, 186.281991, 653.959716, 186.281991, 
            655.476303, 186.281991, 656.992891, 187.798578, 
            656.992891, 187.798578, 658.509479, 187.798578, 
            660.026066, 189.315166, 661.542654, 189.315166, 
            663.059242, 190.831754, 663.059242, 192.348341, 
            663.059242, 193.864929, 663.059242, 195.381517, 
            663.059242, 196.898104, 664.575829, 199.931280, 
            664.575829, 199.931280, 666.092417, 205.997630, 
            666.092417, 205.997630, 667.609005, 207.514218, 
            667.609005, 210.547393, 667.609005, 213.580569, 
            667.609005, 215.097156, 667.609005, 216.613744, 
            667.609005, 219.646919, 667.609005, 221.163507, 
            667.609005, 222.680095, 667.609005, 224.196682, 
            667.609005, 227.229858, 667.609005, 233.296209, 
            667.609005, 240.879147, 667.609005, 242.395735, 
            667.609005, 245.428910, 664.575829, 248.462085, 
            664.575829, 249.978673, 663.059242, 253.011848, 
            663.059242, 254.528436, 663.059242, 256.045024, 
            661.542654, 259.078199, 661.542654, 260.594787, 
            660.026066, 262.111374, 660.026066, 263.627962, 
            658.509479, 265.144550, 658.509479, 266.661137, 
            656.992891, 266.661137, 655.476303, 268.177725, 
            655.476303, 269.694313, 655.476303, 271.210900, 
            655.476303, 272.727488, 655.476303, 274.244076, 
            653.959716, 275.760664, 652.443128, 278.793839, 
            650.926540, 280.310427, 650.926540, 283.343602, 
            650.926540, 284.860190, 650.926540, 286.376777, 
            649.409953, 287.893365, 649.409953, 290.926540, 
            649.409953, 293.959716, 649.409953, 296.992891, 
            649.409953, 300.026066, 649.409953, 303.059242, 
            649.409953, 304.575829, 649.409953, 306.092417, 
            649.409953, 306.092417, 647.893365, 307.609005, 
