%YAML:1.0
    mask: !!opencv-matrix
        rows: 344
        cols: 2
        dt: f
        data: [ 494.185052, 710.428058, 495.208233, 
            710.428058, 500.324141, 707.358513, 505.440048, 
            704.288969, 511.579137, 701.219424, 517.718225, 
            698.149880, 519.764588, 697.126699, 520.787770, 
            696.103517, 522.834133, 696.103517, 524.880496, 
            695.080336, 526.926859, 694.057154, 528.973221, 
            694.057154, 531.019584, 693.033973, 535.112310, 
            690.987610, 538.181855, 689.964428, 542.274580, 
            688.941247, 546.367306, 687.918066, 548.413669, 
            687.918066, 549.436851, 687.918066, 553.529576, 
            687.918066, 555.575939, 687.918066, 556.599121, 
            687.918066, 562.738209, 689.964428, 567.854117, 
            690.987610, 570.923661, 692.010791, 577.062750, 
            694.057154, 580.132294, 695.080336, 581.155476, 
            696.103517, 584.225020, 696.103517, 586.271383, 
            697.126699, 590.364109, 699.173062, 592.410472, 
            700.196243, 596.503197, 701.219424, 601.619105, 
            704.288969, 605.711831, 706.335332, 610.827738, 
            708.381695, 614.920464, 710.428058, 619.013189, 
            711.451239, 623.105915, 713.497602, 626.175460, 
            715.543965, 628.221823, 715.543965, 628.221823, 
            716.567146, 632.314548, 717.590328, 633.337730, 
            717.590328, -1.000000, -1.000000, 749.980416, 
            712.474420, 749.980416, 711.451239, 749.980416, 
            708.381695, 748.957234, 704.288969, 748.957234, 
            700.196243, 748.957234, 697.126699, 748.957234, 
            692.010791, 748.957234, 687.918066, 748.957234, 
            685.871703, 748.957234, 681.778977, 749.980416, 
            674.616707, 751.003597, 670.523981, 752.026779, 
            667.454436, 752.026779, 666.431255, 753.049960, 
            663.361711, 754.073141, 661.315348, 754.073141, 
            660.292166, 756.119504, 657.222622, 758.165867, 
            653.129896, 760.212230, 650.060352, 761.235412, 
            650.060352, 763.281775, 646.990807, 765.328137, 
            642.898082, 766.351319, 642.898082, 767.374500, 
            641.874900, 768.397682, 639.828537, 770.444045, 
            637.782174, 773.513589, 635.735811, 775.559952, 
            633.689448, 777.606315, 632.666267, 779.652678, 
            630.619904, 780.675859, 629.596723, 781.699041, 
            629.596723, 784.768585, 627.550360, 785.791767, 
            626.527178, 789.884492, 624.480815, 790.907674, 
            622.434452, 793.977218, 621.411271, 796.023581, 
            620.388090, 797.046763, 620.388090, 799.093125, 
            618.341727, 802.162670, 617.318545, 804.209033, 
            617.318545, 805.232214, 616.295364, 808.301759, 
            615.272182, 811.371303, 615.272182, 815.464029, 
            614.249001, 816.487210, 614.249001, 821.603118, 
            613.225819, 828.765388, 613.225819, 831.834932, 
            613.225819, 833.881295, 613.225819, 840.020384, 
            612.202638, 847.182654, 612.202638, 851.275380, 
            612.202638, 854.344924, 613.225819, 857.414468, 
            613.225819, 859.460831, 613.225819, 861.507194, 
            614.249001, 864.576739, 614.249001, 866.623102, 
            615.272182, 869.692646, 615.272182, 870.715827, 
            615.272182, 873.785372, 615.272182, 873.785372, 
            616.295364, 877.878098, 617.318545, 879.924460, 
            618.341727, 881.970823, 619.364908, 885.040368, 
            620.388090, 887.086731, 622.434452, 889.133094, 
            624.480815, 894.249001, 628.573541, 896.295364, 
            630.619904, 898.341727, 632.666267, 901.411271, 
            634.712630, 902.434452, 636.758993, 904.480815, 
            638.805356, 906.527178, 640.851719, 907.550360, 
            640.851719, 908.573541, 642.898082, 909.596723, 
            643.921263, 910.619904, 644.944444, 911.643086, 
            646.990807, 914.712630, 650.060352, 916.758993, 
            653.129896, 916.758993, 654.153078, 920.851719, 
            657.222622, 924.944444, 662.338529, 926.990807, 
            666.431255, 929.037170, 669.500799, 930.060352, 
            670.523981, 930.060352, 672.570344, 931.083533, 
            672.570344, 932.106715, 674.616707, 933.129896, 
            676.663070, 935.176259, 676.663070, 936.199440, 
            678.709432, 936.199440, 680.755795, 937.222622, 
            680.755795, 939.268985, 683.825340, 941.315348, 
            686.894884, 942.338529, 688.941247, 943.361711, 
            689.964428, 944.384892, 690.987610, 945.408074, 
            694.057154, 947.454436, 696.103517, 949.500799, 
            699.173062, 949.500799, 702.242606, 951.547162, 
            703.265787, 952.570344, 705.312150, 953.593525, 
            708.381695, 954.616707, 709.404876, 955.639888, 
            710.428058, -1.000000, -1.000000, 816.487210, 
            322.642286, 815.464029, 322.642286, 814.440847, 
            322.642286, 813.417666, 322.642286, 811.371303, 
            323.665468, 807.278577, 324.688649, 804.209033, 
            325.711831, 801.139488, 325.711831, 796.023581, 
            327.758193, 792.954037, 327.758193, 788.861311, 
            327.758193, 784.768585, 328.781375, 783.745404, 
            328.781375, 780.675859, 328.781375, 779.652678, 
            328.781375, 778.629496, 328.781375, 777.606315, 
            328.781375, 776.583133, 328.781375, 774.536771, 
            327.758193, 772.490408, 326.735012, 769.420863, 
            326.735012, 768.397682, 326.735012, 766.351319, 
            326.735012, 764.304956, 327.758193, 761.235412, 
            327.758193, 759.189049, 329.804556, 758.165867, 
            330.827738, 756.119504, 331.850919, 754.073141, 
            334.920464, 753.049960, 335.943645, 751.003597, 
            337.990008, 748.957234, 341.059552, 748.957234, 
            344.129097, 747.934053, 346.175460, 746.910871, 
            349.245004, 746.910871, 352.314548, 745.887690, 
            353.337730, 745.887690, 354.360911, 745.887690, 
            356.407274, 743.841327, 359.476819, 741.794964, 
            362.546363, 741.794964, 364.592726, 738.725420, 
            368.685452, 737.702238, 369.708633, 736.679057, 
            371.754996, 735.655875, 372.778177, 734.632694, 
            373.801359, 734.632694, 374.824540, 734.632694, 
            376.870903, 734.632694, 377.894085, 734.632694, 
            378.917266, 734.632694, 379.940448, 734.632694, 
            380.963629, 734.632694, 381.986811, 735.655875, 
            384.033173, 737.702238, 385.056355, 739.748601, 
            386.079536, 739.748601, 387.102718, 741.794964, 
            388.125899, 743.841327, 390.172262, 746.910871, 
            392.218625, 749.980416, 396.311351, 753.049960, 
            398.357714, 755.096323, 400.404077, 757.142686, 
            403.473621, 762.258593, 406.543165, 768.397682, 
            409.612710, 772.490408, 410.635891, 776.583133, 
            411.659073, 781.699041, 412.682254, 784.768585, 
            413.705436, 790.907674, 415.751799, 798.069944, 
            417.798161, 801.139488, 417.798161, 806.255396, 
            418.821343, 811.371303, 418.821343, 813.417666, 
            418.821343, 814.440847, 418.821343, 819.556755, 
            417.798161, 822.626299, 415.751799, 825.695843, 
            414.728617, 829.788569, 412.682254, 830.811751, 
            411.659073, 831.834932, 411.659073, 834.904476, 
            407.566347, 836.950839, 405.519984, 837.974021, 
            402.450440, 838.997202, 400.404077, 840.020384, 
            399.380895, 841.043565, 396.311351, 842.066747, 
            393.241807, 844.113110, 390.172262, 845.136291, 
            387.102718, 847.182654, 384.033173, 847.182654, 
            381.986811, 848.205835, 377.894085, 850.252198, 
            374.824540, 850.252198, 372.778177, 850.252198, 
