%YAML:1.0
    mask: !!opencv-matrix
        rows: 481
        cols: 2
        dt: f
        data: [ -1.000000, -1.000000, 957.860825, 
            536.664948, 949.943299, 534.025773, 938.067010, 
            530.067010, 932.788660, 527.427835, 930.149485, 
            527.427835, 927.510309, 526.108247, 926.190722, 
            524.788660, 919.592784, 523.469072, 910.355670, 
            522.149485, 909.036082, 520.829897, 906.396907, 
            520.829897, 903.757732, 520.829897, 893.201031, 
            518.190722, 889.242268, 516.871134, 883.963918, 
            514.231959, 882.644330, 512.912371, 877.365979, 
            510.273196, 872.087629, 506.314433, 866.809278, 
            502.355670, 861.530928, 498.396907, 857.572165, 
            495.757732, 853.613402, 493.118557, 849.654639, 
            489.159794, 843.056701, 483.881443, 831.180412, 
            475.963918, 828.541237, 474.644330, 820.623711, 
            470.685567, 817.984536, 470.685567, 814.025773, 
            468.046392, 812.706186, 466.726804, 811.386598, 
            465.407216, 807.427835, 464.087629, 807.427835, 
            465.407216, 808.747423, 465.407216, 811.386598, 
            469.365979, 811.386598, 470.685567, 811.386598, 
            472.005155, 810.067010, 472.005155, 808.747423, 
            472.005155, 807.427835, 472.005155, 802.149485, 
            470.685567, 800.829897, 470.685567, 796.871134, 
            468.046392, 795.551546, 466.726804, 791.592784, 
            462.768041, 791.592784, 460.128866, 790.273196, 
            457.489691, 788.953608, 452.211340, 786.314433, 
            448.252577, 783.675258, 444.293814, 781.036082, 
            441.654639, 777.077320, 437.695876, 775.757732, 
            436.376289, 774.438144, 435.056701, 774.438144, 
            432.417526, 773.118557, 431.097938, 773.118557, 
            429.778351, 773.118557, 428.458763, 773.118557, 
            427.139175, 773.118557, 424.500000, 773.118557, 
            421.860825, 773.118557, 419.221649, 774.438144, 
            415.262887, 777.077320, 411.304124, 777.077320, 
            409.984536, 778.396907, 408.664948, 779.716495, 
            406.025773, 781.036082, 404.706186, 783.675258, 
            400.747423, 787.634021, 395.469072, 788.953608, 
            394.149485, 792.912371, 390.190722, 796.871134, 
            387.551546, 799.510309, 384.912371, 803.469072, 
            382.273196, 807.427835, 378.314433, 812.706186, 
            374.355670, 815.345361, 373.036082, 820.623711, 
            369.077320, 823.262887, 367.757732, 825.902062, 
            366.438144, 829.860825, 365.118557, 835.139175, 
            363.798969, 841.737113, 362.479381, 844.376289, 
            361.159794, 847.015464, 361.159794, 848.335052, 
            361.159794, 850.974227, 361.159794, 853.613402, 
            361.159794, 857.572165, 361.159794, 865.489691, 
            361.159794, 869.448454, 361.159794, 870.768041, 
            361.159794, 874.726804, 361.159794, 876.046392, 
            361.159794, 877.365979, 361.159794, 878.685567, 
            361.159794, 886.603093, 361.159794, 887.922680, 
            359.840206, 891.881443, 359.840206, 894.520619, 
            359.840206, 905.077320, 357.201031, 909.036082, 
            357.201031, 916.953608, 357.201031, 918.273196, 
            357.201031, 923.551546, 357.201031, 924.871134, 
            357.201031, 927.510309, 357.201031, 930.149485, 
            357.201031, 934.108247, 357.201031, 936.747423, 
            358.520619, 942.025773, 359.840206, 943.345361, 
            359.840206, 948.623711, 363.798969, 949.943299, 
            363.798969, 955.221649, 367.757732, 959.180412, 
            370.396907, 961.819588, 374.355670, 964.458763, 
            376.994845, 967.097938, 379.634021, 968.417526, 
            379.634021, 968.417526, 380.953608, 972.376289, 
            386.231959, 980.293814, 392.829897, 982.932990, 
            395.469072, 988.211340, 402.067010, 992.170103, 
            407.345361, 997.448454, 409.984536, 1001.407216, 
            415.262887, 1006.685567, 421.860825, 1010.644330, 
            424.500000, 1014.603093, 425.819588, 1017.242268, 
            428.458763, 1019.881443, 431.097938, 1023.840206, 
            435.056701, 1025.159794, 437.695876, 1026.479381, 
            439.015464, 1029.118557, 441.654639, 1034.396907, 
            446.932990, 1035.716495, 448.252577, 1037.036082, 
            449.572165, 1039.675258, 453.530928, 1040.994845, 
            454.850515, 1042.314433, 456.170103, 1043.634021, 
            458.809278, 1046.273196, 461.448454, 1047.592784, 
            464.087629, 1048.912371, 466.726804, 1052.871134, 
            472.005155, 1056.829897, 477.283505, 1063.427835, 
            483.881443, 1064.747423, 485.201031, 1066.067010, 
            486.520619, 1067.386598, 487.840206, -1.000000, 
            -1.000000, 814.025773, 325.530928, 808.747423, 
            325.530928, 806.108247, 325.530928, 800.829897, 
            325.530928, 798.190722, 324.211340, 796.871134, 
            324.211340, 791.592784, 324.211340, 790.273196, 
            324.211340, 788.953608, 322.891753, 787.634021, 
            322.891753, 784.994845, 322.891753, 783.675258, 
            322.891753, 782.355670, 322.891753, 778.396907, 
            322.891753, 777.077320, 322.891753, 775.757732, 
            322.891753, 774.438144, 322.891753, 773.118557, 
            322.891753, 770.479381, 322.891753, 769.159794, 
            322.891753, 765.201031, 325.530928, 762.561856, 
            326.850515, 761.242268, 328.170103, 759.922680, 
            328.170103, 759.922680, 329.489691, 758.603093, 
            329.489691, 757.283505, 330.809278, 755.963918, 
            332.128866, 754.644330, 333.448454, 753.324742, 
            334.768041, 752.005155, 336.087629, 750.685567, 
            337.407216, 749.365979, 337.407216, 746.726804, 
            341.365979, 745.407216, 341.365979, 742.768041, 
            344.005155, 741.448454, 345.324742, 741.448454, 
            346.644330, 740.128866, 350.603093, 738.809278, 
            353.242268, 738.809278, 354.561856, 738.809278, 
            355.881443, 737.489691, 358.520619, 737.489691, 
            359.840206, 738.809278, 361.159794, 740.128866, 
            361.159794, 740.128866, 362.479381, 741.448454, 
            362.479381, 744.087629, 362.479381, 746.726804, 
            362.479381, 749.365979, 361.159794, 758.603093, 
            353.242268, 759.922680, 353.242268, 759.922680, 
            351.922680, 761.242268, 351.922680, 767.840206, 
            350.603093, 770.479381, 349.283505, 771.798969, 
            349.283505, 775.757732, 347.963918, 775.757732, 
            349.283505, 775.757732, 353.242268, 775.757732, 
            354.561856, 775.757732, 355.881443, 774.438144, 
            358.520619, 769.159794, 363.798969, 766.520619, 
            365.118557, 759.922680, 370.396907, 758.603093, 
            370.396907, 758.603093, 371.716495, 755.963918, 
            373.036082, 754.644330, 374.355670, 754.644330, 
            375.675258, 752.005155, 376.994845, 752.005155, 
            378.314433, 750.685567, 380.953608, 749.365979, 
            382.273196, 746.726804, 384.912371, 745.407216, 
            388.871134, 744.087629, 392.829897, 744.087629, 
            395.469072, 742.768041, 396.788660, 741.448454, 
            398.108247, 741.448454, 399.427835, 741.448454, 
            402.067010, 741.448454, 403.386598, 742.768041, 
            404.706186, 745.407216, 406.025773, 749.365979, 
            406.025773, 753.324742, 406.025773, 755.963918, 
            406.025773, 758.603093, 406.025773, 759.922680, 
            406.025773, 762.561856, 407.345361, 765.201031, 
            407.345361, 767.840206, 407.345361, 773.118557, 
            406.025773, 774.438144, 406.025773, 775.757732, 
            404.706186, 778.396907, 404.706186, 779.716495, 
            403.386598, 782.355670, 402.067010, 783.675258, 
