%YAML:1.0
    mask: !!opencv-matrix
        rows: 313
        cols: 2
        dt: f
        data: [ -1.000000, -1.000000, 821.943299, 
            714.809278, 823.262887, 708.211340, 824.582474, 
            706.891753, 827.221649, 704.252577, 828.541237, 
            704.252577, 831.180412, 701.613402, 833.819588, 
            701.613402, 840.417526, 698.974227, 843.056701, 
            698.974227, 845.695876, 697.654639, 848.335052, 
            697.654639, 849.654639, 697.654639, 852.293814, 
            697.654639, 854.932990, 697.654639, 858.891753, 
            697.654639, 865.489691, 700.293814, 876.046392, 
            709.530928, 881.324742, 712.170103, 883.963918, 
            713.489691, 887.922680, 714.809278, 891.881443, 
            714.809278, 895.840206, 714.809278, 901.118557, 
            714.809278, 906.396907, 713.489691, 915.634021, 
            709.530928, 918.273196, 708.211340, 923.551546, 
            704.252577, 930.149485, 698.974227, 932.788660, 
            698.974227, 934.108247, 698.974227, 935.427835, 
            698.974227, 940.706186, 698.974227, 945.984536, 
            698.974227, 949.943299, 700.293814, 953.902062, 
            702.932990, 956.541237, 702.932990, 963.139175, 
            706.891753, 965.778351, 708.211340, 968.417526, 
            709.530928, 973.695876, 712.170103, 975.015464, 
            714.809278, 978.974227, 717.448454, 980.293814, 
            717.448454, 981.613402, 718.768041, -1.000000, 
            -1.000000, 837.778351, 225.242268, 831.180412, 
            229.201031, 828.541237, 233.159794, 823.262887, 
            237.118557, 819.304124, 239.757732, 816.664948, 
            241.077320, 814.025773, 243.716495, 811.386598, 
            245.036082, 810.067010, 246.355670, 806.108247, 
            248.994845, 804.788660, 250.314433, 795.551546, 
            255.592784, 794.231959, 256.912371, 791.592784, 
            258.231959, 787.634021, 260.871134, 782.355670, 
            262.190722, 777.077320, 267.469072, 769.159794, 
            272.747423, 767.840206, 274.067010, 765.201031, 
            276.706186, 763.881443, 278.025773, 755.963918, 
            285.943299, 752.005155, 288.582474, 750.685567, 
            289.902062, 749.365979, 291.221649, 745.407216, 
            296.500000, 742.768041, 299.139175, 740.128866, 
            301.778351, 738.809278, 303.097938, 737.489691, 
            303.097938, 737.489691, 304.417526, 736.170103, 
            308.376289, 736.170103, 313.654639, 736.170103, 
            316.293814, 736.170103, 322.891753, 736.170103, 
            324.211340, 736.170103, 325.530928, 736.170103, 
            326.850515, 737.489691, 326.850515, 737.489691, 
            328.170103, 738.809278, 328.170103, 742.768041, 
            329.489691, 748.046392, 329.489691, 749.365979, 
            332.128866, 752.005155, 333.448454, 754.644330, 
            334.768041, 758.603093, 336.087629, 769.159794, 
            337.407216, 774.438144, 338.726804, 778.396907, 
            340.046392, 782.355670, 341.365979, 790.273196, 
            344.005155, 791.592784, 344.005155, 795.551546, 
            345.324742, 798.190722, 345.324742, 807.427835, 
            346.644330, 814.025773, 347.963918, 817.984536, 
            349.283505, 819.304124, 349.283505, 828.541237, 
            350.603093, 831.180412, 350.603093, 837.778351, 
            350.603093, 844.376289, 350.603093, 845.695876, 
            350.603093, 849.654639, 350.603093, 852.293814, 
            350.603093, 853.613402, 350.603093, 856.252577, 
            350.603093, 857.572165, 350.603093, 858.891753, 
            350.603093, 861.530928, 349.283505, 864.170103, 
            347.963918, 865.489691, 346.644330, 868.128866, 
            345.324742, 872.087629, 342.685567, 873.407216, 
            341.365979, 874.726804, 341.365979, 874.726804, 
            340.046392, 878.685567, 337.407216, 878.685567, 
            334.768041, 880.005155, 328.170103, 881.324742, 
            325.530928, 882.644330, 318.932990, 885.283505, 
            312.335052, 887.922680, 297.819588, 887.922680, 
            293.860825, 889.242268, 291.221649, 889.242268, 
            288.582474, 890.561856, 287.262887, 890.561856, 
            283.304124, 891.881443, 280.664948, 891.881443, 
            279.345361, 893.201031, 275.386598, 893.201031, 
            274.067010, 893.201031, 272.747423, 894.520619, 
            270.108247, 894.520619, 268.788660, 894.520619, 
            263.510309, 894.520619, 262.190722, 894.520619, 
            259.551546, 894.520619, 254.273196, 890.561856, 
            248.994845, 885.283505, 242.396907, 882.644330, 
            239.757732, 881.324742, 238.438144, 880.005155, 
            237.118557, 880.005155, 235.798969, 878.685567, 
            235.798969, -1.000000, -1.000000, 558.025773, 
            234.479381, 560.664948, 241.077320, 563.304124, 
            247.675258, 565.943299, 252.953608, 567.262887, 
            256.912371, 567.262887, 259.551546, 567.262887, 
            260.871134, 567.262887, 270.108247, 568.582474, 
            274.067010, 572.541237, 279.345361, 573.860825, 
            284.623711, 575.180412, 287.262887, 576.500000, 
            293.860825, 577.819588, 299.139175, 580.458763, 
            304.417526, 583.097938, 307.056701, 584.417526, 
            308.376289, 585.737113, 311.015464, 587.056701, 
            313.654639, 588.376289, 314.974227, 589.695876, 
            314.974227, 591.015464, 316.293814, 593.654639, 
            320.252577, 597.613402, 325.530928, 601.572165, 
            329.489691, 604.211340, 332.128866, 606.850515, 
            333.448454, 606.850515, 334.768041, 608.170103, 
            334.768041, 612.128866, 338.726804, 614.768041, 
            341.365979, 616.087629, 342.685567, 616.087629, 
            344.005155, 617.407216, 344.005155, 618.726804, 
            344.005155, 620.046392, 345.324742, 622.685567, 
            345.324742, 625.324742, 346.644330, 627.963918, 
            347.963918, 637.201031, 350.603093, 639.840206, 
            350.603093, 641.159794, 351.922680, 642.479381, 
            351.922680, 645.118557, 353.242268, 646.438144, 
            353.242268, 649.077320, 350.603093, 650.396907, 
            349.283505, 650.396907, 347.963918, 650.396907, 
            344.005155, 650.396907, 341.365979, 647.757732, 
            333.448454, 646.438144, 330.809278, 639.840206, 
            313.654639, 638.520619, 311.015464, 637.201031, 
            304.417526, 637.201031, 296.500000, 635.881443, 
            293.860825, 635.881443, 288.582474, 634.561856, 
            285.943299, 634.561856, 284.623711, 634.561856, 
            283.304124, 635.881443, 283.304124, 638.520619, 
            283.304124, 641.159794, 284.623711, 649.077320, 
            291.221649, 651.716495, 295.180412, 656.994845, 
            301.778351, 659.634021, 307.056701, 660.953608, 
            309.695876, 662.273196, 311.015464, 663.592784, 
            313.654639, 664.912371, 316.293814, 666.231959, 
            317.613402, 667.551546, 318.932990, 668.871134, 
            320.252577, 670.190722, 320.252577, 671.510309, 
            320.252577, 672.829897, 320.252577, 674.149485, 
            320.252577, 675.469072, 320.252577, 676.788660, 
            320.252577, 678.108247, 320.252577, 679.427835, 
            321.572165, 680.747423, 325.530928, 688.664948, 
            334.768041, 692.623711, 341.365979, 695.262887, 
            344.005155, 696.582474, 346.644330, 697.902062, 
            349.283505, 699.221649, 350.603093, 700.541237, 
            351.922680, 701.860825, 351.922680, 701.860825, 
            349.283505, 704.500000, 344.005155, 704.500000, 
            342.685567, 707.139175, 340.046392, 707.139175, 
            338.726804, 708.458763, 337.407216, 709.778351, 
            334.768041, 711.097938, 333.448454, 711.097938, 
            332.128866, 712.417526, 329.489691, 713.737113, 
            326.850515, 713.737113, 324.211340, 713.737113, 
