%YAML:1.0
    mask: !!opencv-matrix
        rows: 641
        cols: 2
        dt: f
        data: [ 340.632450, 678.380795, 338.513245, 
            678.380795, 336.394040, 678.380795, 334.274834, 
            678.380795, 332.155629, 680.500000, 330.036424, 
            682.619205, 327.917219, 682.619205, 325.798013, 
            684.738411, 323.678808, 684.738411, 317.321192, 
            688.976821, 313.082781, 688.976821, 310.963576, 
            691.096026, 308.844371, 691.096026, 306.725166, 
            693.215232, 304.605960, 693.215232, 302.486755, 
            695.334437, 300.367550, 695.334437, 300.367550, 
            697.453642, 298.248344, 697.453642, 296.129139, 
            697.453642, 294.009934, 699.572848, 291.890728, 
            701.692053, 289.771523, 701.692053, 287.652318, 
            701.692053, 285.533113, 703.811258, 283.413907, 
            703.811258, 279.175497, 705.930464, 279.175497, 
            708.049669, 277.056291, 708.049669, 277.056291, 
            710.168874, 274.937086, 710.168874, 274.937086, 
            712.288079, 270.698675, 712.288079, 268.579470, 
            712.288079, 266.460265, 714.407285, 255.864238, 
            718.645695, 253.745033, 718.645695, 251.625828, 
            718.645695, 499.572848, 718.645695, 501.692053, 
            718.645695, 503.811258, 714.407285, 505.930464, 
            712.288079, 508.049669, 712.288079, 510.168874, 
            710.168874, 510.168874, 708.049669, 510.168874, 
            705.930464, 510.168874, 703.811258, 510.168874, 
            701.692053, 510.168874, 699.572848, 510.168874, 
            697.453642, 508.049669, 697.453642, 508.049669, 
            695.334437, 505.930464, 695.334437, 503.811258, 
            693.215232, 501.692053, 691.096026, 499.572848, 
            691.096026, 499.572848, 688.976821, 497.453642, 
            688.976821, 495.334437, 686.857616, 493.215232, 
            686.857616, 491.096026, 686.857616, 488.976821, 
            686.857616, 486.857616, 686.857616, 484.738411, 
            686.857616, 482.619205, 686.857616, 480.500000, 
            686.857616, 478.380795, 686.857616, 476.261589, 
            686.857616, 474.142384, 686.857616, 469.903974, 
            688.976821, 467.784768, 691.096026, 467.784768, 
            693.215232, 465.665563, 693.215232, 465.665563, 
            695.334437, 463.546358, 695.334437, 461.427152, 
            699.572848, 459.307947, 701.692053, 459.307947, 
            703.811258, 457.188742, 703.811258, 455.069536, 
            705.930464, 455.069536, 708.049669, 452.950331, 
            708.049669, 450.831126, 710.168874, 448.711921, 
            710.168874, 446.592715, 712.288079, 446.592715, 
            714.407285, 444.473510, 714.407285, 442.354305, 
            716.526490, 440.235099, 716.526490, 438.115894, 
            716.526490, 435.996689, 716.526490, 433.877483, 
            716.526490, 431.758278, 716.526490, 429.639073, 
            716.526490, 427.519868, 716.526490, 425.400662, 
            716.526490, 419.043046, 716.526490, 416.923841, 
            716.526490, 412.685430, 716.526490, 408.447020, 
            716.526490, 406.327815, 716.526490, 404.208609, 
            716.526490, 402.089404, 716.526490, 399.970199, 
            716.526490, 397.850993, 716.526490, 393.612583, 
            716.526490, 391.493377, 716.526490, 389.374172, 
            716.526490, 387.254967, 714.407285, 385.135762, 
            714.407285, 383.016556, 714.407285, 383.016556, 
            712.288079, 380.897351, 712.288079, 378.778146, 
            712.288079, 374.539735, 710.168874, 372.420530, 
            710.168874, 368.182119, 708.049669, 366.062914, 
            705.930464, 363.943709, 705.930464, 361.824503, 
            703.811258, 359.705298, 703.811258, 359.705298, 
            701.692053, 357.586093, 699.572848, 355.466887, 
            699.572848, 355.466887, 697.453642, 353.347682, 
            697.453642, 353.347682, 695.334437, 351.228477, 
            695.334437, 351.228477, 693.215232, 349.109272, 
            693.215232, 346.990066, 691.096026, 344.870861, 
            691.096026, 344.870861, 688.976821, 342.751656, 
            688.976821, 340.632450, 688.976821, 338.513245, 
            688.976821, 336.394040, 688.976821, 334.274834, 
            686.857616, 332.155629, 684.738411, -1.000000, 
            -1.000000, 590.698675, 718.645695, 590.698675, 
            716.526490, 590.698675, 714.407285, 588.579470, 
            712.288079, 586.460265, 712.288079, 586.460265, 
            710.168874, 586.460265, 708.049669, 586.460265, 
            705.930464, 586.460265, 703.811258, 586.460265, 
            695.334437, 586.460265, 693.215232, 586.460265, 
            691.096026, 586.460265, 688.976821, 586.460265, 
            686.857616, 586.460265, 684.738411, 586.460265, 
            682.619205, 588.579470, 680.500000, 590.698675, 
            680.500000, 592.817881, 680.500000, 594.937086, 
            680.500000, 597.056291, 680.500000, 599.175497, 
            680.500000, 603.413907, 682.619205, 605.533113, 
            682.619205, 607.652318, 682.619205, 609.771523, 
            682.619205, 611.890728, 684.738411, 614.009934, 
            684.738411, 614.009934, 686.857616, 616.129139, 
            686.857616, 618.248344, 686.857616, 620.367550, 
            688.976821, 622.486755, 691.096026, 624.605960, 
            693.215232, 626.725166, 693.215232, 628.844371, 
            695.334437, 630.963576, 697.453642, 630.963576, 
            699.572848, 633.082781, 699.572848, 635.201987, 
            701.692053, 637.321192, 701.692053, 637.321192, 
            703.811258, 639.440397, 703.811258, 639.440397, 
            705.930464, 641.559603, 708.049669, 643.678808, 
            708.049669, 643.678808, 710.168874, 643.678808, 
            712.288079, 645.798013, 712.288079, 645.798013, 
            714.407285, 645.798013, 716.526490, 645.798013, 
            718.645695, 624.605960, 718.645695, 622.486755, 
            718.645695, 620.367550, 718.645695, 618.248344, 
            716.526490, 614.009934, 716.526490, 609.771523, 
            716.526490, 607.652318, 714.407285, 605.533113, 
            714.407285, 603.413907, 714.407285, 601.294702, 
            714.407285, 599.175497, 714.407285, 597.056291, 
            714.407285, -1.000000, -1.000000, 664.870861, 
            4.473510, 662.751656, 4.473510, 660.632450, 
            4.473510, 658.513245, 4.473510, 658.513245, 
            6.592715, 656.394040, 6.592715, 654.274834, 
            6.592715, 652.155629, 6.592715, 650.036424, 
            8.711921, 647.917219, 8.711921, 645.798013, 
            10.831126, 643.678808, 10.831126, 641.559603, 
            10.831126, 641.559603, 12.950331, 639.440397, 
            12.950331, 637.321192, 12.950331, 637.321192, 
            15.069536, 635.201987, 15.069536, 633.082781, 
            15.069536, 630.963576, 17.188742, 630.963576, 
            19.307947, 628.844371, 19.307947, 628.844371, 
            21.427152, 628.844371, 23.546358, 628.844371, 
            25.665563, 628.844371, 27.784768, 628.844371, 
            29.903974, 628.844371, 32.023179, 630.963576, 
            32.023179, 633.082781, 32.023179, 633.082781, 
            34.142384, 635.201987, 36.261589, 637.321192, 
            38.380795, 639.440397, 38.380795, 639.440397, 
            40.500000, 639.440397, 42.619205, 639.440397, 
            44.738411, 639.440397, 46.857616, 637.321192, 
            46.857616, 637.321192, 48.976821, 635.201987, 
            48.976821, 633.082781, 51.096026, 630.963576, 
            51.096026, 628.844371, 51.096026, 626.725166, 
            51.096026, 624.605960, 53.215232, 622.486755, 
            53.215232, 620.367550, 53.215232, 616.129139, 
            55.334437, 614.009934, 57.453642, 611.890728, 
            59.572848, 609.771523, 59.572848, 607.652318, 
            59.572848, 607.652318, 61.692053, 605.533113, 
            61.692053, 603.413907, 61.692053, 601.294702, 
