%YAML:1.0
    mask: !!opencv-matrix
        rows: 457
        cols: 2
        dt: f
        data: [ -1.000000, -1.000000, -1.000000, 
            -1.000000, 551.427835, 2.231959, 551.427835, 
            14.108247, 551.427835, 16.747423, 551.427835, 
            22.025773, 547.469072, 31.262887, 546.149485, 
            33.902062, 543.510309, 37.860825, 539.551546, 
            43.139175, 539.551546, 44.458763, 535.592784, 
            52.376289, 534.273196, 55.015464, 532.953608, 
            56.335052, 532.953608, 57.654639, 531.634021, 
            58.974227, 527.675258, 65.572165, 525.036082, 
            69.530928, 523.716495, 73.489691, 521.077320, 
            80.087629, 519.757732, 85.365979, 517.118557, 
            89.324742, 514.479381, 93.283505, 513.159794, 
            97.242268, 513.159794, 98.561856, 511.840206, 
            105.159794, 511.840206, 107.798969, 510.520619, 
            109.118557, 510.520619, 114.396907, 510.520619, 
            117.036082, 509.201031, 122.314433, 509.201031, 
            127.592784, 509.201031, 128.912371, 509.201031, 
            132.871134, 509.201031, 134.190722, 509.201031, 
            135.510309, 509.201031, 138.149485, 509.201031, 
            139.469072, 509.201031, 140.788660, 509.201031, 
            144.747423, 510.520619, 144.747423, 510.520619, 
            146.067010, 510.520619, 147.386598, 511.840206, 
            147.386598, 513.159794, 147.386598, 513.159794, 
            150.025773, 513.159794, 151.345361, 514.479381, 
            151.345361, 514.479381, 152.664948, 515.798969, 
            155.304124, 515.798969, 156.623711, 517.118557, 
            157.943299, 518.438144, 159.262887, 519.757732, 
            161.902062, 519.757732, 163.221649, 521.077320, 
            164.541237, 523.716495, 167.180412, 523.716495, 
            171.139175, 525.036082, 173.778351, 526.355670, 
            175.097938, 527.675258, 175.097938, 528.994845, 
            176.417526, 530.314433, 177.737113, 531.634021, 
            177.737113, 532.953608, 177.737113, 532.953608, 
            176.417526, 534.273196, 173.778351, 534.273196, 
            171.139175, 535.592784, 168.500000, 535.592784, 
            160.582474, 535.592784, 155.304124, 536.912371, 
            150.025773, 536.912371, 147.386598, 539.551546, 
            139.469072, 540.871134, 135.510309, 542.190722, 
            131.551546, 543.510309, 124.953608, 543.510309, 
            123.634021, 544.829897, 123.634021, 544.829897, 
            122.314433, 544.829897, 119.675258, 546.149485, 
            118.355670, 547.469072, 118.355670, 547.469072, 
            119.675258, 548.788660, 120.994845, 550.108247, 
            123.634021, 550.108247, 127.592784, 551.427835, 
            128.912371, 551.427835, 132.871134, 551.427835, 
            142.108247, 551.427835, 147.386598, 551.427835, 
            150.025773, 551.427835, 152.664948, 551.427835, 
            156.623711, 551.427835, 161.902062, 551.427835, 
            168.500000, 551.427835, 173.778351, 551.427835, 
            176.417526, 551.427835, 180.376289, 551.427835, 
            186.974227, 551.427835, 192.252577, 551.427835, 
            196.211340, 552.747423, 197.530928, 552.747423, 
            198.850515, 554.067010, 198.850515, 555.386598, 
            198.850515, 556.706186, 197.530928, 560.664948, 
            196.211340, 561.984536, 194.891753, 563.304124, 
            190.932990, 564.623711, 189.613402, 567.262887, 
            185.654639, 569.902062, 181.695876, 571.221649, 
            176.417526, 573.860825, 171.139175, 575.180412, 
            165.860825, 576.500000, 160.582474, 579.139175, 
            155.304124, 579.139175, 152.664948, 580.458763, 
            148.706186, 584.417526, 136.829897, 584.417526, 
            135.510309, 587.056701, 124.953608, 588.376289, 
            119.675258, 589.695876, 114.396907, 591.015464, 
            111.757732, 592.335052, 109.118557, 593.654639, 
            107.798969, 594.974227, 107.798969, 596.293814, 
            107.798969, 598.932990, 107.798969, 601.572165, 
            107.798969, 601.572165, 109.118557, 601.572165, 
            111.757732, 601.572165, 114.396907, 601.572165, 
            119.675258, 601.572165, 130.231959, 598.932990, 
            138.149485, 596.293814, 144.747423, 594.974227, 
            150.025773, 593.654639, 155.304124, 592.335052, 
            160.582474, 592.335052, 163.221649, 589.695876, 
            169.819588, 589.695876, 172.458763, 589.695876, 
            175.097938, 589.695876, 176.417526, 589.695876, 
            180.376289, 589.695876, 183.015464, 589.695876, 
            186.974227, 591.015464, 186.974227, 592.335052, 
            186.974227, 593.654639, 186.974227, 594.974227, 
            186.974227, 600.252577, 184.335052, 600.252577, 
            183.015464, 602.891753, 181.695876, 604.211340, 
            179.056701, 606.850515, 179.056701, 606.850515, 
            177.737113, 606.850515, 176.417526, 608.170103, 
            176.417526, 608.170103, 172.458763, 609.489691, 
            171.139175, 610.809278, 169.819588, 612.128866, 
            161.902062, 616.087629, 148.706186, 618.726804, 
            139.469072, 618.726804, 138.149485, 620.046392, 
            131.551546, 624.005155, 120.994845, 626.644330, 
            114.396907, 629.283505, 110.438144, 629.283505, 
            106.479381, 630.603093, 99.881443, 633.242268, 
            94.603093, 633.242268, 93.283505, 634.561856, 
            90.644330, 634.561856, 91.963918, 635.881443, 
            93.283505, 635.881443, 95.922680, 635.881443, 
            97.242268, 635.881443, 101.201031, 637.201031, 
            103.840206, 637.201031, 105.159794, 637.201031, 
            117.036082, 637.201031, 119.675258, 637.201031, 
            124.953608, 637.201031, 131.551546, 637.201031, 
            134.190722, 637.201031, 138.149485, 637.201031, 
            140.788660, 638.520619, 152.664948, 638.520619, 
            156.623711, 639.840206, 163.221649, 641.159794, 
            167.180412, 641.159794, 169.819588, 641.159794, 
            172.458763, 642.479381, 173.778351, 643.798969, 
            175.097938, 643.798969, 176.417526, 646.438144, 
            180.376289, 647.757732, 181.695876, 649.077320, 
            183.015464, 650.396907, 183.015464, 651.716495, 
            183.015464, 654.355670, 179.056701, 655.675258, 
            173.778351, 655.675258, 168.500000, 655.675258, 
            161.902062, 656.994845, 152.664948, 656.994845, 
            147.386598, 656.994845, 140.788660, 656.994845, 
            136.829897, 656.994845, 126.273196, 656.994845, 
            124.953608, 656.994845, 119.675258, 658.314433, 
            115.716495, 658.314433, 111.757732, 658.314433, 
            109.118557, 658.314433, 99.881443, 658.314433, 
            94.603093, 659.634021, 91.963918, 659.634021, 
            90.644330, 659.634021, 86.685567, 659.634021, 
            81.407216, 659.634021, 74.809278, 659.634021, 
            69.530928, 659.634021, 61.613402, 659.634021, 
            52.376289, 660.953608, 41.819588, 662.273196, 
            29.943299, 662.273196, 28.623711, 663.592784, 
            25.984536, 663.592784, 24.664948, 663.592784, 
            22.025773, 663.592784, 12.788660, 663.592784, 
            11.469072, 663.592784, 8.829897, 663.592784, 
            7.510309, 663.592784, 6.190722, 663.592784, 
            4.871134, 663.592784, 3.551546, 663.592784, 
            2.231959, -1.000000, -1.000000, 47.345361, 
            47.097938, 47.345361, 53.695876, 48.664948, 
            58.974227, 52.623711, 72.170103, 52.623711, 
            76.128866, 53.943299, 77.448454, 55.262887, 
            81.407216, 56.582474, 86.685567, 60.541237, 
            94.603093, 63.180412, 97.242268, 65.819588, 
            102.520619, 65.819588, 103.840206, 65.819588, 
            105.159794, 68.458763, 111.757732, 71.097938, 
            115.716495, 75.056701, 120.994845, 79.015464, 
