%YAML:1.0
    mask: !!opencv-matrix
        rows: 655
        cols: 2
        dt: f
        data: [ -1.000000, -1.000000, -1.000000, 
            -1.000000, 591.108696, 427.282609, 588.326087, 
            428.673913, 588.326087, 431.456522, 588.326087, 
            432.847826, 586.934783, 435.630435, 586.934783, 
            437.021739, 586.934783, 439.804348, 585.543478, 
            441.195652, 584.152174, 441.195652, 584.152174, 
            443.978261, 584.152174, 445.369565, 582.760870, 
            445.369565, 582.760870, 448.152174, 582.760870, 
            449.543478, 581.369565, 450.934783, 581.369565, 
            452.326087, 581.369565, 453.717391, 579.978261, 
            456.500000, 578.586957, 457.891304, 578.586957, 
            462.065217, 577.195652, 463.456522, 575.804348, 
            464.847826, 575.804348, 466.239130, 575.804348, 
            467.630435, 575.804348, 469.021739, 574.413043, 
            470.413043, 574.413043, 471.804348, 574.413043, 
            473.195652, 574.413043, 474.586957, 574.413043, 
            475.978261, 574.413043, 477.369565, 573.021739, 
            480.152174, 571.630435, 480.152174, 571.630435, 
            481.543478, 571.630435, 482.934783, 571.630435, 
            485.717391, 571.630435, 487.108696, 571.630435, 
            489.891304, 571.630435, 491.282609, 570.239130, 
            492.673913, 570.239130, 494.065217, 570.239130, 
            495.456522, 570.239130, 496.847826, 570.239130, 
            498.239130, 570.239130, 499.630435, 568.847826, 
            501.021739, 567.456522, 501.021739, 567.456522, 
            502.413043, 567.456522, 503.804348, 567.456522, 
            505.195652, 567.456522, 506.586957, 567.456522, 
            507.978261, 567.456522, 509.369565, 567.456522, 
            512.152174, 567.456522, 513.543478, 567.456522, 
            514.934783, 566.065217, 514.934783, 566.065217, 
            516.326087, 566.065217, 517.717391, 566.065217, 
            519.108696, 566.065217, 520.500000, 566.065217, 
            521.891304, 566.065217, 524.673913, 566.065217, 
            526.065217, 566.065217, 527.456522, 566.065217, 
            528.847826, 566.065217, 530.239130, 566.065217, 
            531.630435, 566.065217, 533.021739, 566.065217, 
            534.413043, 566.065217, 535.804348, 566.065217, 
            537.195652, 566.065217, 539.978261, 566.065217, 
            541.369565, 566.065217, 542.760870, 566.065217, 
            544.152174, 566.065217, 545.543478, 566.065217, 
            546.934783, 566.065217, 548.326087, 566.065217, 
            549.717391, 566.065217, 551.108696, 566.065217, 
            552.500000, 566.065217, 553.891304, 566.065217, 
            555.282609, 566.065217, 556.673913, 566.065217, 
            558.065217, 566.065217, 559.456522, 566.065217, 
            560.847826, 566.065217, 562.239130, 566.065217, 
            563.630435, 567.456522, 565.021739, 567.456522, 
            567.804348, 567.456522, 569.195652, 568.847826, 
            570.586957, 570.239130, 573.369565, 571.630435, 
            574.760870, 571.630435, 576.152174, 571.630435, 
            577.543478, 573.021739, 578.934783, 573.021739, 
            580.326087, 574.413043, 583.108696, 574.413043, 
            584.500000, 575.804348, 584.500000, 575.804348, 
            585.891304, 575.804348, 587.282609, 575.804348, 
            590.065217, 577.195652, 591.456522, 578.586957, 
            594.239130, 579.978261, 594.239130, 582.760870, 
            592.847826, 588.326087, 590.065217, 588.326087, 
            588.673913, 589.717391, 587.282609, 592.500000, 
            585.891304, 593.891304, 584.500000, 595.282609, 
            583.108696, 596.673913, 581.717391, 596.673913, 
            580.326087, 598.065217, 580.326087, 598.065217, 
            577.543478, 599.456522, 576.152174, 600.847826, 
            574.760870, 600.847826, 573.369565, 602.239130, 
            573.369565, 602.239130, 571.978261, 603.630435, 
            571.978261, 605.021739, 569.195652, 606.413043, 
            567.804348, 607.804348, 566.413043, 607.804348, 
            565.021739, 607.804348, 563.630435, 607.804348, 
            560.847826, 607.804348, 559.456522, 607.804348, 
            558.065217, 607.804348, 556.673913, 607.804348, 
            555.282609, 607.804348, 553.891304, 606.413043, 
            551.108696, 605.021739, 551.108696, 605.021739, 
            548.326087, 605.021739, 546.934783, 605.021739, 
            545.543478, 605.021739, 544.152174, 605.021739, 
            542.760870, 605.021739, 541.369565, 606.413043, 
            539.978261, 606.413043, 538.586957, 606.413043, 
            537.195652, 606.413043, 535.804348, 606.413043, 
            534.413043, 606.413043, 533.021739, 606.413043, 
            531.630435, 606.413043, 530.239130, 606.413043, 
            528.847826, 606.413043, 527.456522, 606.413043, 
            526.065217, 607.804348, 526.065217, 607.804348, 
            523.282609, 607.804348, 521.891304, 607.804348, 
            520.500000, 607.804348, 519.108696, 607.804348, 
            517.717391, 607.804348, 516.326087, 609.195652, 
            514.934783, 609.195652, 513.543478, 609.195652, 
            512.152174, 609.195652, 510.760870, 609.195652, 
            507.978261, 609.195652, 506.586957, 609.195652, 
            503.804348, 610.586957, 503.804348, 610.586957, 
            502.413043, 610.586957, 501.021739, 611.978261, 
            501.021739, 613.369565, 499.630435, 613.369565, 
            498.239130, 618.934783, 498.239130, 620.326087, 
            501.021739, 620.326087, 505.195652, 620.326087, 
            506.586957, 620.326087, 507.978261, 620.326087, 
            509.369565, 620.326087, 510.760870, 620.326087, 
            512.152174, 620.326087, 513.543478, 620.326087, 
            514.934783, 618.934783, 516.326087, 617.543478, 
            517.717391, 616.152174, 519.108696, 614.760870, 
            519.108696, 614.760870, 520.500000, 613.369565, 
            520.500000, 611.978261, 523.282609, 611.978261, 
            524.673913, 610.586957, 527.456522, 609.195652, 
            528.847826, 609.195652, 531.630435, 609.195652, 
            533.021739, 609.195652, 535.804348, 609.195652, 
            537.195652, 609.195652, 539.978261, 609.195652, 
            541.369565, 609.195652, 544.152174, 609.195652, 
            545.543478, 609.195652, 546.934783, 609.195652, 
            548.326087, 611.978261, 548.326087, 613.369565, 
            548.326087, 616.152174, 548.326087, 617.543478, 
            548.326087, 620.326087, 548.326087, 621.717391, 
            548.326087, 624.500000, 548.326087, 625.891304, 
            548.326087, 627.282609, 548.326087, 628.673913, 
            548.326087, 630.065217, 548.326087, 630.065217, 
            546.934783, 631.456522, 546.934783, 632.847826, 
            546.934783, 635.630435, 545.543478, 635.630435, 
            544.152174, 637.021739, 544.152174, 638.413043, 
            544.152174, 639.804348, 544.152174, 641.195652, 
            542.760870, 643.978261, 541.369565, 645.369565, 
            539.978261, 646.760870, 539.978261, 648.152174, 
            539.978261, 649.543478, 539.978261, 649.543478, 
            538.586957, 650.934783, 538.586957, 652.326087, 
            538.586957, 655.108696, 537.195652, 655.108696, 
            535.804348, 656.500000, 535.804348, 657.891304, 
            535.804348, 659.282609, 535.804348, 659.282609, 
            534.413043, 660.673913, 534.413043, 662.065217, 
            533.021739, 662.065217, 531.630435, 663.456522, 
            531.630435, 664.847826, 531.630435, 666.239130, 
            531.630435, 666.239130, 530.239130, 667.630435, 
            530.239130, 669.021739, 530.239130, 670.413043, 
            530.239130, 671.804348, 528.847826, 673.195652, 
            528.847826, 674.586957, 528.847826, 675.978261, 
            528.847826, 675.978261, 527.456522, 678.760870, 
