%YAML:1.0
    mask: !!opencv-matrix
        rows: 535
        cols: 2
        dt: f
        data: [ 95.144285, 709.404876, 95.144285, 
            708.381695, 95.144285, 706.335332, 96.167466, 
            702.242606, 96.167466, 687.918066, 98.213829, 
            678.709432, 99.237010, 674.616707, 99.237010, 
            670.523981, 100.260192, 662.338529, 101.283373, 
            658.245803, 102.306555, 655.176259, 103.329736, 
            652.106715, 105.376099, 648.013989, 107.422462, 
            643.921263, 107.422462, 641.874900, 107.422462, 
            639.828537, 109.468825, 635.735811, 109.468825, 
            633.689448, 110.492006, 630.619904, 110.492006, 
            626.527178, 110.492006, 624.480815, 111.515188, 
            619.364908, 112.538369, 616.295364, 112.538369, 
            615.272182, 112.538369, 610.156275, 114.584732, 
            605.040368, 116.631095, 600.947642, 116.631095, 
            599.924460, 116.631095, 596.854916, 117.654277, 
            594.808553, 121.747002, 588.669464, 121.747002, 
            587.646283, 122.770184, 585.599920, 124.816547, 
            583.553557, 125.839728, 581.507194, 129.932454, 
            576.391287, 131.978817, 573.321743, 133.001998, 
            571.275380, 135.048361, 567.182654, 137.094724, 
            567.182654, 139.141087, 563.089928, 142.210631, 
            562.066747, 146.303357, 556.950839, 146.303357, 
            555.927658, 148.349720, 553.881295, 151.419265, 
            550.811751, 154.488809, 545.695843, 155.511990, 
            544.672662, 157.558353, 541.603118, 159.604716, 
            540.579936, 160.627898, 540.579936, 161.651079, 
            538.533573, 162.674261, 538.533573, 165.743805, 
            534.440847, 167.790168, 533.417666, 168.813349, 
            531.371303, 170.859712, 529.324940, 173.929257, 
            527.278577, 176.998801, 526.255396, 179.045164, 
            524.209033, 182.114708, 521.139488, 185.184253, 
            520.116307, 189.276978, 518.069944, 193.369704, 
            515.000400, 195.416067, 513.977218, 197.462430, 
            511.930855, 200.531974, 509.884492, 203.601519, 
            508.861311, 207.694245, 504.768585, 211.786970, 
            503.745404, 212.810152, 503.745404, 216.902878, 
            502.722222, 220.995604, 501.699041, 222.018785, 
            501.699041, 228.157874, 499.652678, 232.250600, 
            497.606315, 233.273781, 497.606315, 239.412870, 
            496.583133, 246.575140, 495.559952, 248.621503, 
            494.536771, 249.644684, 494.536771, 251.691047, 
            494.536771, 253.737410, 494.536771, 254.760592, 
            494.536771, 256.806954, 494.536771, 259.876499, 
            495.559952, 264.992406, 497.606315, 266.015588, 
            497.606315, 270.108313, 498.629496, 271.131495, 
            499.652678, 272.154676, 500.675859, 276.247402, 
            502.722222, 278.293765, 503.745404, 279.316946, 
            504.768585, 283.409672, 506.814948, 286.479217, 
            509.884492, 288.525580, 510.907674, 295.687850, 
            515.000400, 297.734213, 517.046763, 300.803757, 
            520.116307, 301.826938, 520.116307, 304.896483, 
            523.185851, 306.942846, 525.232214, 310.012390, 
            528.301759, 313.081934, 530.348122, 313.081934, 
            531.371303, 316.151479, 534.440847, 319.221023, 
            536.487210, 320.244205, 537.510392, 322.290568, 
            539.556755, 324.336930, 542.626299, 325.360112, 
            546.719025, 326.383293, 548.765388, 327.406475, 
            553.881295, 328.429656, 557.974021, 329.452838, 
            558.997202, 329.452838, 563.089928, 329.452838, 
            567.182654, 330.476019, 570.252198, 330.476019, 
            571.275380, 331.499201, 576.391287, 331.499201, 
            581.507194, 331.499201, 582.530376, 331.499201, 
            587.646283, 331.499201, 591.739009, 331.499201, 
            596.854916, 331.499201, 600.947642, 331.499201, 
            602.994005, 330.476019, 604.017186, 329.452838, 
            607.086731, 329.452838, 610.156275, 327.406475, 
            611.179456, 327.406475, 613.225819, 327.406475, 
            614.249001, 326.383293, 615.272182, 326.383293, 
            616.295364, 325.360112, 617.318545, 325.360112, 
            618.341727, 324.336930, 620.388090, 324.336930, 
            622.434452, 324.336930, 623.457634, 324.336930, 
            626.527178, 323.313749, 629.596723, 323.313749, 
            631.643086, 323.313749, 633.689448, 323.313749, 
            634.712630, 323.313749, 636.758993, 322.290568, 
            637.782174, 322.290568, 638.805356, 322.290568, 
            639.828537, 322.290568, 640.851719, 320.244205, 
            641.874900, 319.221023, 643.921263, 317.174660, 
            643.921263, 316.151479, 644.944444, 311.035572, 
            644.944444, 306.942846, 644.944444, 302.850120, 
            644.944444, 298.757394, 644.944444, 294.664668, 
            644.944444, 292.618305, 644.944444, 288.525580, 
            645.967626, 283.409672, 645.967626, 281.363309, 
            645.967626, 276.247402, 648.013989, 271.131495, 
            649.037170, 267.038769, 649.037170, 266.015588, 
            650.060352, 263.969225, 652.106715, 262.946043, 
            652.106715, 260.899680, 654.153078, 258.853317, 
            656.199440, 256.806954, 659.268985, 255.783773, 
            659.268985, 253.737410, 663.361711, 252.714229, 
            665.408074, 249.644684, 670.523981, 248.621503, 
            672.570344, 247.598321, 674.616707, 246.575140, 
            676.663070, 242.482414, 683.825340, 240.436051, 
            685.871703, 240.436051, 686.894884, 238.389688, 
            690.987610, 238.389688, 694.057154, 238.389688, 
            696.103517, 238.389688, 697.126699, 238.389688, 
            700.196243, 238.389688, 701.219424, 238.389688, 
            702.242606, 238.389688, 704.288969, 238.389688, 
            706.335332, 238.389688, 707.358513, 238.389688, 
            708.381695, 237.366507, 710.428058, 235.320144, 
            711.451239, 235.320144, 712.474420, 234.296962, 
            713.497602, 233.273781, 713.497602, 233.273781, 
            714.520783, 232.250600, 715.543965, -1.000000, 
            -1.000000, 666.079536, 712.474420, 665.056355, 
            711.451239, 663.009992, 711.451239, 663.009992, 
            710.428058, 661.986811, 710.428058, 659.940448, 
            708.381695, 657.894085, 706.335332, 656.870903, 
            705.312150, 654.824540, 700.196243, 652.778177, 
            696.103517, 650.731815, 695.080336, 650.731815, 
            694.057154, 649.708633, 693.033973, 648.685452, 
            693.033973, 647.662270, 692.010791, 646.639089, 
            689.964428, 645.615907, 689.964428, 643.569544, 
            686.894884, 642.546363, 685.871703, 641.523181, 
            684.848521, 641.523181, 683.825340, 640.500000, 
            682.802158, 639.476819, 679.732614, 639.476819, 
            677.686251, 638.453637, 676.663070, 638.453637, 
            673.593525, 638.453637, 672.570344, 638.453637, 
            668.477618, 638.453637, 667.454436, 639.476819, 
            664.384892, 640.500000, 663.361711, 642.546363, 
            661.315348, 642.546363, 660.292166, 644.592726, 
            659.268985, 644.592726, 658.245803, 646.639089, 
            656.199440, 648.685452, 656.199440, 651.754996, 
            654.153078, 652.778177, 654.153078, 654.824540, 
            653.129896, 655.847722, 649.037170, 658.917266, 
            645.967626, 659.940448, 644.944444, 660.963629, 
            642.898082, 661.986811, 639.828537, 663.009992, 
            634.712630, 663.009992, 633.689448, 665.056355, 
            630.619904, 665.056355, 629.596723, 669.149081, 
            622.434452, 670.172262, 619.364908, 674.264988, 
            614.249001, 678.357714, 607.086731, 680.404077, 
            606.063549, 681.427258, 604.017186, 684.496803, 
            596.854916, 685.519984, 592.762190, 686.543165, 
