%YAML:1.0
    mask: !!opencv-matrix
        rows: 300
        cols: 2
        dt: f
        data: [ 179.304124, 716.128866, 185.902062, 
            714.809278, 189.860825, 713.489691, 193.819588, 
            712.170103, 195.139175, 712.170103, 197.778351, 
            712.170103, 201.737113, 712.170103, 201.737113, 
            710.850515, 203.056701, 710.850515, 205.695876, 
            710.850515, 214.932990, 709.530928, 222.850515, 
            708.211340, 226.809278, 706.891753, 229.448454, 
            706.891753, 234.726804, 705.572165, 240.005155, 
            704.252577, 253.201031, 700.293814, 269.036082, 
            697.654639, 276.953608, 697.654639, 279.592784, 
            697.654639, 292.788660, 696.335052, 302.025773, 
            695.015464, 309.943299, 692.376289, 313.902062, 
            691.056701, 320.500000, 688.417526, 325.778351, 
            688.417526, 329.737113, 688.417526, 335.015464, 
            688.417526, 337.654639, 688.417526, 340.293814, 
            688.417526, 345.572165, 688.417526, 348.211340, 
            688.417526, 349.530928, 688.417526, 350.850515, 
            688.417526, 352.170103, 688.417526, 353.489691, 
            688.417526, 354.809278, 689.737113, 356.128866, 
            692.376289, 361.407216, 704.252577, 366.685567, 
            712.170103, 369.324742, 716.128866, -1.000000, 
            -1.000000, 646.438144, 717.448454, 650.396907, 
            712.170103, 651.716495, 710.850515, 653.036082, 
            710.850515, 654.355670, 708.211340, 656.994845, 
            706.891753, 656.994845, 705.572165, 658.314433, 
            704.252577, 659.634021, 704.252577, 662.273196, 
            702.932990, 663.592784, 701.613402, 664.912371, 
            701.613402, 666.231959, 701.613402, 667.551546, 
            701.613402, 668.871134, 701.613402, 672.829897, 
            701.613402, 675.469072, 701.613402, 680.747423, 
            701.613402, 682.067010, 701.613402, 687.345361, 
            701.613402, 689.984536, 702.932990, 692.623711, 
            704.252577, 699.221649, 705.572165, 701.860825, 
            705.572165, 709.778351, 708.211340, 716.376289, 
            708.211340, 721.654639, 708.211340, 725.613402, 
            709.530928, 729.572165, 712.170103, 734.850515, 
            714.809278, 737.489691, 716.128866, 741.448454, 
            718.768041, 742.768041, 718.768041, -1.000000, 
            -1.000000, 646.438144, 287.262887, 653.036082, 
            287.262887, 656.994845, 287.262887, 663.592784, 
            287.262887, 670.190722, 287.262887, 670.190722, 
            288.582474, 674.149485, 289.902062, 679.427835, 
            292.541237, 686.025773, 295.180412, 692.623711, 
            297.819588, 693.943299, 297.819588, 697.902062, 
            299.139175, 701.860825, 300.458763, 705.819588, 
            300.458763, 709.778351, 300.458763, 715.056701, 
            300.458763, 725.613402, 301.778351, 734.850515, 
            301.778351, 737.489691, 303.097938, 742.768041, 
            303.097938, 744.087629, 303.097938, 748.046392, 
            303.097938, 750.685567, 303.097938, 752.005155, 
            303.097938, 755.963918, 303.097938, 761.242268, 
            303.097938, 765.201031, 303.097938, 766.520619, 
            303.097938, 767.840206, 303.097938, 769.159794, 
            303.097938, 770.479381, 303.097938, 771.798969, 
            300.458763, 775.757732, 297.819588, 777.077320, 
            297.819588, 777.077320, 295.180412, 781.036082, 
            293.860825, 783.675258, 291.221649, 784.994845, 
            291.221649, 786.314433, 289.902062, 787.634021, 
            284.623711, 790.273196, 278.025773, 791.592784, 
            274.067010, 792.912371, 268.788660, 792.912371, 
            264.829897, 792.912371, 259.551546, 792.912371, 
            254.273196, 792.912371, 251.634021, 792.912371, 
            247.675258, 792.912371, 246.355670, 792.912371, 
            241.077320, 792.912371, 238.438144, 792.912371, 
            230.520619, 792.912371, 226.561856, 792.912371, 
            223.922680, 792.912371, 221.283505, 792.912371, 
            219.963918, 792.912371, 218.644330, 792.912371, 
            217.324742, 790.273196, 212.046392, 788.953608, 
            210.726804, 787.634021, 209.407216, 781.036082, 
            202.809278, 778.396907, 200.170103, 775.757732, 
            197.530928, 771.798969, 194.891753, 767.840206, 
            190.932990, 759.922680, 189.613402, 758.603093, 
            188.293814, 753.324742, 186.974227, 752.005155, 
            186.974227, 750.685567, 186.974227, 748.046392, 
            185.654639, 745.407216, 185.654639, 744.087629, 
            185.654639, 740.128866, 189.613402, 734.850515, 
            196.211340, 733.530928, 197.530928, 730.891753, 
            201.489691, 729.572165, 202.809278, 728.252577, 
            205.448454, 725.613402, 208.087629, 719.015464, 
            212.046392, 715.056701, 214.685567, 712.417526, 
            216.005155, 708.458763, 218.644330, 703.180412, 
            221.283505, 696.582474, 225.242268, 693.943299, 
            226.561856, 688.664948, 231.840206, 683.386598, 
            234.479381, 678.108247, 238.438144, 672.829897, 
            242.396907, 670.190722, 245.036082, 668.871134, 
            246.355670, 667.551546, 248.994845, -1.000000, 
            -1.000000, 319.180412, 181.695876, 319.180412, 
            186.974227, 319.180412, 194.891753, 319.180412, 
            198.850515, 319.180412, 204.128866, 319.180412, 
            205.448454, 319.180412, 206.768041, 319.180412, 
            208.087629, 316.541237, 212.046392, 315.221649, 
            214.685567, 315.221649, 216.005155, 311.262887, 
            225.242268, 311.262887, 226.561856, 311.262887, 
            227.881443, 311.262887, 230.520619, 311.262887, 
            233.159794, 313.902062, 239.757732, 316.541237, 
            243.716495, 321.819588, 250.314433, 323.139175, 
            252.953608, 324.458763, 256.912371, 325.778351, 
            258.231959, 329.737113, 262.190722, 332.376289, 
            264.829897, 335.015464, 268.788660, 338.974227, 
            272.747423, 340.293814, 274.067010, 341.613402, 
            278.025773, 344.252577, 279.345361, 348.211340, 
            281.984536, 349.530928, 281.984536, 352.170103, 
            283.304124, 356.128866, 284.623711, 357.448454, 
            284.623711, 361.407216, 285.943299, 368.005155, 
            287.262887, 374.603093, 287.262887, 385.159794, 
            289.902062, 395.716495, 289.902062, 397.036082, 
            289.902062, 399.675258, 289.902062, 400.994845, 
            289.902062, 402.314433, 291.221649, 403.634021, 
            291.221649, 404.953608, 291.221649, 407.592784, 
            292.541237, 408.912371, 293.860825, 412.871134, 
            297.819588, 414.190722, 297.819588, 414.190722, 
            299.139175, 415.510309, 301.778351, 420.788660, 
            304.417526, 422.108247, 307.056701, 424.747423, 
            309.695876, 430.025773, 313.654639, 433.984536, 
            318.932990, 433.984536, 320.252577, 435.304124, 
            320.252577, 436.623711, 320.252577, 439.262887, 
            321.572165, 440.582474, 321.572165, 443.221649, 
            321.572165, 444.541237, 321.572165, 445.860825, 
            321.572165, 447.180412, 320.252577, 448.500000, 
            318.932990, 451.139175, 314.974227, 456.417526, 
            309.695876, 459.056701, 309.695876, 463.015464, 
            307.056701, 465.654639, 305.737113, 466.974227, 
            304.417526, 468.293814, 303.097938, 469.613402, 
            303.097938, 470.932990, 300.458763, 472.252577, 
            299.139175, 472.252577, 297.819588, 472.252577, 
            296.500000, 472.252577, 289.902062, 472.252577, 
            283.304124, 472.252577, 280.664948, 470.932990, 
            271.427835, 470.932990, 267.469072, 468.293814, 
            259.551546, 466.974227, 255.592784, 466.974227, 
            251.634021, 465.654639, 251.634021, 465.654639, 
