%YAML:1.0
    mask: !!opencv-matrix
        rows: 484
        cols: 2
        dt: f
        data: [ -1.000000, -1.000000, 837.778351, 
            709.530928, 831.180412, 709.530928, 819.304124, 
            705.572165, 814.025773, 702.932990, 807.427835, 
            698.974227, 804.788660, 697.654639, 803.469072, 
            696.335052, 800.829897, 696.335052, 800.829897, 
            695.015464, 798.190722, 693.695876, 795.551546, 
            691.056701, 794.231959, 689.737113, 784.994845, 
            679.180412, 778.396907, 671.262887, 773.118557, 
            665.984536, 769.159794, 660.706186, 763.881443, 
            654.108247, 762.561856, 652.788660, 759.922680, 
            650.149485, 757.283505, 646.190722, 753.324742, 
            642.231959, 752.005155, 639.592784, 746.726804, 
            634.314433, 740.128866, 627.716495, 737.489691, 
            625.077320, 734.850515, 623.757732, 733.530928, 
            623.757732, 730.891753, 622.438144, 729.572165, 
            621.118557, 724.293814, 617.159794, 721.654639, 
            615.840206, 716.376289, 611.881443, 712.417526, 
            609.242268, 707.139175, 605.283505, 705.819588, 
            605.283505, 704.500000, 603.963918, 701.860825, 
            602.644330, 699.221649, 600.005155, 696.582474, 
            598.685567, 692.623711, 596.046392, 689.984536, 
            596.046392, 688.664948, 596.046392, 680.747423, 
            596.046392, 671.510309, 596.046392, 668.871134, 
            596.046392, 664.912371, 596.046392, 663.592784, 
            596.046392, 662.273196, 596.046392, 660.953608, 
            596.046392, 659.634021, 596.046392, 656.994845, 
            596.046392, 651.716495, 596.046392, 645.118557, 
            598.685567, 643.798969, 598.685567, 641.159794, 
            598.685567, 637.201031, 598.685567, 630.603093, 
            598.685567, 626.644330, 598.685567, 620.046392, 
            596.046392, 613.448454, 593.407216, 610.809278, 
            593.407216, 609.489691, 592.087629, 605.530928, 
            592.087629, 598.932990, 590.768041, 593.654639, 
            585.489691, 588.376289, 584.170103, 584.417526, 
            582.850515, 583.097938, 581.530928, 583.097938, 
            580.211340, 580.458763, 578.891753, 576.500000, 
            574.932990, 575.180412, 573.613402, 575.180412, 
            572.293814, 575.180412, 570.974227, 575.180412, 
            564.376289, 575.180412, 561.737113, 575.180412, 
            560.417526, 575.180412, 557.778351, 575.180412, 
            556.458763, 576.500000, 555.139175, 577.819588, 
            553.819588, 579.139175, 553.819588, 580.458763, 
            552.500000, 581.778351, 552.500000, 585.737113, 
            552.500000, 591.015464, 552.500000, 594.974227, 
            552.500000, 598.932990, 552.500000, 604.211340, 
            552.500000, 606.850515, 552.500000, 617.407216, 
            552.500000, 621.365979, 549.860825, 627.963918, 
            549.860825, 633.242268, 549.860825, 634.561856, 
            549.860825, 635.881443, 549.860825, 643.798969, 
            545.902062, 653.036082, 543.262887, 656.994845, 
            541.943299, 664.912371, 541.943299, 671.510309, 
            541.943299, 679.427835, 541.943299, 682.067010, 
            541.943299, 684.706186, 541.943299, 688.664948, 
            540.623711, 689.984536, 540.623711, 692.623711, 
            540.623711, 696.582474, 539.304124, 697.902062, 
            539.304124, 701.860825, 537.984536, 703.180412, 
            536.664948, 708.458763, 535.345361, 711.097938, 
            534.025773, 716.376289, 532.706186, 716.376289, 
            531.386598, 716.376289, 528.747423, 715.056701, 
            526.108247, 713.737113, 524.788660, 708.458763, 
            522.149485, 705.819588, 520.829897, 701.860825, 
            519.510309, 697.902062, 516.871134, 692.623711, 
            515.551546, 687.345361, 514.231959, 682.067010, 
            512.912371, 678.108247, 512.912371, 672.829897, 
            510.273196, 670.190722, 508.953608, 664.912371, 
            507.634021, 659.634021, 504.994845, 654.355670, 
            502.355670, 645.118557, 501.036082, 643.798969, 
            499.716495, 641.159794, 499.716495, 637.201031, 
            497.077320, 631.922680, 494.438144, 630.603093, 
            493.118557, 627.963918, 493.118557, 627.963918, 
            491.798969, 625.324742, 491.798969, 624.005155, 
            491.798969, 622.685567, 491.798969, 621.365979, 
            490.479381, 617.407216, 486.520619, 616.087629, 
            485.201031, 610.809278, 478.603093, 610.809278, 
            477.283505, 609.489691, 473.324742, 608.170103, 
            472.005155, 606.850515, 470.685567, 606.850515, 
            469.365979, 606.850515, 465.407216, 606.850515, 
            458.809278, 606.850515, 454.850515, 608.170103, 
            453.530928, 616.087629, 449.572165, 617.407216, 
            449.572165, 620.046392, 446.932990, 622.685567, 
            446.932990, 631.922680, 446.932990, 639.840206, 
            446.932990, 649.077320, 448.252577, 655.675258, 
            449.572165, 660.953608, 449.572165, 668.871134, 
            449.572165, 671.510309, 449.572165, 674.149485, 
            449.572165, 676.788660, 449.572165, 683.386598, 
            449.572165, 686.025773, 449.572165, 693.943299, 
            452.211340, 697.902062, 452.211340, 700.541237, 
            453.530928, 711.097938, 453.530928, 716.376289, 
            454.850515, 717.695876, 456.170103, 720.335052, 
            456.170103, 722.974227, 456.170103, 725.613402, 
            456.170103, 726.932990, 456.170103, 726.932990, 
            454.850515, 726.932990, 453.530928, 724.293814, 
            452.211340, 717.695876, 448.252577, 708.458763, 
            441.654639, 704.500000, 439.015464, 693.943299, 
            431.097938, 691.304124, 429.778351, 688.664948, 
            428.458763, 688.664948, 427.139175, 687.345361, 
            425.819588, 686.025773, 417.902062, 684.706186, 
            413.943299, 683.386598, 411.304124, 678.108247, 
            400.747423, 676.788660, 398.108247, 675.469072, 
            394.149485, 674.149485, 391.510309, 671.510309, 
            387.551546, 671.510309, 386.231959, 671.510309, 
            384.912371, 670.190722, 383.592784, 670.190722, 
            382.273196, 670.190722, 380.953608, 670.190722, 
            379.634021, 671.510309, 379.634021, 672.829897, 
            379.634021, 678.108247, 379.634021, 682.067010, 
            379.634021, 684.706186, 379.634021, 689.984536, 
            380.953608, 695.262887, 384.912371, 696.582474, 
            386.231959, 703.180412, 390.190722, 704.500000, 
            390.190722, 707.139175, 392.829897, 709.778351, 
            395.469072, 726.932990, 412.623711, 750.685567, 
            432.417526, 752.005155, 432.417526, 762.561856, 
            440.335052, 774.438144, 450.891753, 778.396907, 
            454.850515, 786.314433, 462.768041, 794.231959, 
            472.005155, 795.551546, 474.644330, 799.510309, 
            478.603093, 802.149485, 483.881443, 806.108247, 
            490.479381, 808.747423, 495.757732, 810.067010, 
            499.716495, 816.664948, 504.994845, 828.541237, 
            516.871134, 843.056701, 537.984536, 847.015464, 
            543.262887, 850.974227, 547.221649, 852.293814, 
            549.860825, 852.293814, 551.180412, 857.572165, 
            559.097938, 865.489691, 569.654639, 877.365979, 
            580.211340, 880.005155, 582.850515, 885.283505, 
            589.448454, 889.242268, 590.768041, 894.520619, 
            596.046392, 899.798969, 602.644330, 899.798969, 
            603.963918, 901.118557, 605.283505, 901.118557, 
            606.603093, 901.118557, 607.922680, 902.438144, 
            610.561856, 902.438144, 611.881443, 902.438144, 
            614.520619, 902.438144, 615.840206, 901.118557, 
            615.840206, 899.798969, 614.520619, -1.000000, 
