%YAML:1.0
    mask: !!opencv-matrix
        rows: 262
        cols: 2
        dt: f
        data: [ 402.314433, 717.448454, 402.314433, 
            708.211340, 402.314433, 700.293814, 402.314433, 
            692.376289, 402.314433, 688.417526, 400.994845, 
            688.417526, 398.355670, 688.417526, 394.396907, 
            688.417526, 390.438144, 688.417526, 386.479381, 
            688.417526, 385.159794, 688.417526, 383.840206, 
            688.417526, 381.201031, 688.417526, 379.881443, 
            688.417526, 378.561856, 688.417526, 370.644330, 
            692.376289, 368.005155, 695.015464, 365.365979, 
            700.293814, 362.726804, 702.932990, 358.768041, 
            706.891753, 354.809278, 710.850515, 353.489691, 
            713.489691, 353.489691, 714.809278, 353.489691, 
            716.128866, 353.489691, 718.768041, -1.000000, 
            -1.000000, 733.530928, 714.809278, 733.530928, 
            706.891753, 733.530928, 701.613402, 734.850515, 
            695.015464, 737.489691, 685.778351, 738.809278, 
            681.819588, 740.128866, 679.180412, 741.448454, 
            675.221649, 742.768041, 671.262887, 742.768041, 
            669.943299, 744.087629, 667.304124, 744.087629, 
            665.984536, 744.087629, 664.664948, 744.087629, 
            663.345361, 742.768041, 663.345361, 738.809278, 
            662.025773, 734.850515, 662.025773, 729.572165, 
            659.386598, 725.613402, 658.067010, 721.654639, 
            655.427835, 719.015464, 652.788660, 717.695876, 
            651.469072, 716.376289, 650.149485, 716.376289, 
            648.829897, 712.417526, 646.190722, 711.097938, 
            642.231959, 709.778351, 639.592784, 711.097938, 
            639.592784, 720.335052, 639.592784, 740.128866, 
            646.190722, 749.365979, 648.829897, 750.685567, 
            650.149485, 752.005155, 650.149485, 750.685567, 
            648.829897, 742.768041, 644.871134, 734.850515, 
            640.912371, 726.932990, 638.273196, 717.695876, 
            635.634021, 712.417526, 634.314433, 701.860825, 
            631.675258, 693.943299, 627.716495, 693.943299, 
            626.396907, 692.623711, 626.396907, 692.623711, 
            625.077320, 691.304124, 625.077320, 691.304124, 
            622.438144, 691.304124, 619.798969, 691.304124, 
            617.159794, 691.304124, 614.520619, 695.262887, 
            610.561856, 701.860825, 605.283505, 711.097938, 
            602.644330, 713.737113, 601.324742, 725.613402, 
            601.324742, 732.211340, 601.324742, 736.170103, 
            601.324742, 741.448454, 603.963918, 749.365979, 
            606.603093, 754.644330, 609.242268, 762.561856, 
            613.201031, 765.201031, 614.520619, 775.757732, 
            621.118557, 786.314433, 627.716495, 790.273196, 
            631.675258, 810.067010, 647.510309, 820.623711, 
            659.386598, 823.262887, 662.025773, 831.180412, 
            673.902062, 835.139175, 680.500000, 835.139175, 
            684.458763, 835.139175, 695.015464, 835.139175, 
            702.932990, 835.139175, 709.530928, 835.139175, 
            713.489691, 833.819588, 713.489691, 833.819588, 
            714.809278, 832.500000, 716.128866, 749.365979, 
            716.128866, 745.407216, 716.128866, 745.407216, 
            714.809278, 745.407216, 713.489691, -1.000000, 
            -1.000000, 672.829897, 258.231959, 664.912371, 
            259.551546, 659.634021, 262.190722, 651.716495, 
            264.829897, 642.479381, 268.788660, 642.479381, 
            270.108247, 642.479381, 271.427835, 645.118557, 
            271.427835, 660.953608, 276.706186, 667.551546, 
            279.345361, 668.871134, 280.664948, 671.510309, 
            281.984536, 671.510309, 283.304124, 671.510309, 
            284.623711, 671.510309, 285.943299, 659.634021, 
            293.860825, 651.716495, 295.180412, 638.520619, 
            299.139175, 633.242268, 299.139175, 627.963918, 
            299.139175, 625.324742, 300.458763, 622.685567, 
            301.778351, 621.365979, 303.097938, 618.726804, 
            304.417526, 617.407216, 307.056701, 616.087629, 
            311.015464, 616.087629, 312.335052, 616.087629, 
            317.613402, 616.087629, 320.252577, 616.087629, 
            325.530928, 617.407216, 326.850515, 621.365979, 
            329.489691, 625.324742, 330.809278, 630.603093, 
            334.768041, 635.881443, 338.726804, 639.840206, 
            341.365979, 647.757732, 344.005155, 653.036082, 
            346.644330, 659.634021, 349.283505, 664.912371, 
            349.283505, 667.551546, 350.603093, 671.510309, 
            350.603093, 678.108247, 350.603093, 680.747423, 
            350.603093, 686.025773, 350.603093, 693.943299, 
            350.603093, 705.819588, 350.603093, 712.417526, 
            350.603093, 719.015464, 347.963918, 724.293814, 
            342.685567, 726.932990, 338.726804, 728.252577, 
            336.087629, 729.572165, 333.448454, 730.891753, 
            329.489691, 733.530928, 322.891753, 734.850515, 
            320.252577, 737.489691, 312.335052, 741.448454, 
            305.737113, 741.448454, 303.097938, 741.448454, 
            300.458763, 741.448454, 295.180412, 741.448454, 
            289.902062, 738.809278, 287.262887, 734.850515, 
            279.345361, 733.530928, 275.386598, 726.932990, 
            267.469072, 717.695876, 258.231959, 709.778351, 
            252.953608, 705.819588, 251.634021, 704.500000, 
            251.634021, 703.180412, 251.634021, 699.221649, 
            252.953608, -1.000000, -1.000000, 542.190722, 
            278.025773, 547.469072, 278.025773, 551.427835, 
            278.025773, 555.386598, 278.025773, 559.345361, 
            278.025773, 563.304124, 278.025773, 564.623711, 
            278.025773, 567.262887, 278.025773, 569.902062, 
            278.025773, 572.541237, 276.706186, 573.860825, 
            274.067010, 575.180412, 272.747423, 575.180412, 
            271.427835, 576.500000, 270.108247, 577.819588, 
            270.108247, 577.819588, 268.788660, 577.819588, 
            266.149485, 577.819588, 260.871134, 569.902062, 
            252.953608, 565.943299, 250.314433, 561.984536, 
            248.994845, 559.345361, 247.675258, 558.025773, 
            247.675258, 552.747423, 247.675258, 550.108247, 
            247.675258, 542.190722, 247.675258, 536.912371, 
            247.675258, 528.994845, 248.994845, 518.438144, 
            251.634021, 509.201031, 255.592784, 505.242268, 
            258.231959, 502.603093, 260.871134, 498.644330, 
            263.510309, 492.046392, 268.788660, 489.407216, 
            275.386598, 486.768041, 281.984536, 485.448454, 
            287.262887, 484.128866, 293.860825, 482.809278, 
            303.097938, 482.809278, 308.376289, 482.809278, 
            311.015464, 482.809278, 317.613402, 489.407216, 
            322.891753, 493.365979, 326.850515, 497.324742, 
            332.128866, 502.603093, 336.087629, 506.561856, 
            340.046392, 510.520619, 344.005155, 515.798969, 
            346.644330, 522.396907, 349.283505, 530.314433, 
            351.922680, 532.953608, 353.242268, 538.231959, 
            353.242268, 543.510309, 353.242268, 546.149485, 
            353.242268, 548.788660, 353.242268, 559.345361, 
            353.242268, 573.860825, 353.242268, 579.139175, 
            353.242268, 580.458763, 351.922680, 585.737113, 
            346.644330, 591.015464, 340.046392, 596.293814, 
            329.489691, 598.932990, 325.530928, 598.932990, 
            324.211340, 592.335052, 321.572165, 584.417526, 
            318.932990, 577.819588, 318.932990, 563.304124, 
            316.293814, 554.067010, 312.335052, 550.108247, 
            311.015464, 539.551546, 299.139175, 534.273196, 
            292.541237, 534.273196, 291.221649, 534.273196, 
            288.582474, 534.273196, 287.262887, 534.273196, 
            284.623711, 538.231959, 283.304124, 539.551546, 
