%YAML:1.0
    mask: !!opencv-matrix
        rows: 506
        cols: 2
        dt: f
        data: [ 77.695876, 714.809278, 82.974227, 
            710.850515, 85.613402, 708.211340, 89.572165, 
            705.572165, 93.530928, 705.572165, 94.850515, 
            704.252577, 98.809278, 702.932990, 98.809278, 
            701.613402, 101.448454, 700.293814, 102.768041, 
            698.974227, 104.087629, 697.654639, 108.046392, 
            696.335052, 109.365979, 695.015464, 112.005155, 
            693.695876, 117.283505, 691.056701, 122.561856, 
            688.417526, 123.881443, 687.097938, 126.520619, 
            687.097938, 129.159794, 685.778351, 130.479381, 
            685.778351, 133.118557, 684.458763, 134.438144, 
            684.458763, 135.757732, 684.458763, 137.077320, 
            684.458763, 138.396907, 684.458763, 139.716495, 
            684.458763, 142.355670, 684.458763, 143.675258, 
            684.458763, 144.994845, 684.458763, 146.314433, 
            684.458763, 147.634021, 684.458763, 148.953608, 
            684.458763, 150.273196, 684.458763, 152.912371, 
            685.778351, 155.551546, 688.417526, 156.871134, 
            689.737113, 159.510309, 692.376289, 162.149485, 
            693.695876, 163.469072, 696.335052, 164.788660, 
            698.974227, 164.788660, 700.293814, 166.108247, 
            702.932990, 166.108247, 704.252577, 166.108247, 
            706.891753, 166.108247, 708.211340, 166.108247, 
            709.530928, 166.108247, 710.850515, 166.108247, 
            712.170103, 166.108247, 713.489691, 166.108247, 
            714.809278, -1.000000, -1.000000, 522.884106, 
            710.168874, 525.003311, 710.168874, 529.241722, 
            708.049669, 535.599338, 708.049669, 537.718543, 
            705.930464, 537.718543, 703.811258, 539.837748, 
            703.811258, 541.956954, 701.692053, 544.076159, 
            699.572848, 544.076159, 697.453642, 546.195364, 
            697.453642, 546.195364, 695.334437, 548.314570, 
            695.334437, 548.314570, 693.215232, 550.433775, 
            688.976821, 552.552980, 688.976821, 552.552980, 
            686.857616, 554.672185, 686.857616, 554.672185, 
            684.738411, 558.910596, 682.619205, 561.029801, 
            682.619205, 563.149007, 680.500000, 571.625828, 
            680.500000, 573.745033, 680.500000, 580.102649, 
            680.500000, 586.460265, 680.500000, 590.698675, 
            680.500000, 592.817881, 680.500000, 594.937086, 
            680.500000, 599.175497, 680.500000, 601.294702, 
            680.500000, 603.413907, 682.619205, 605.533113, 
            682.619205, 607.652318, 682.619205, 609.771523, 
            684.738411, 611.890728, 684.738411, 614.009934, 
            684.738411, 618.248344, 686.857616, 624.605960, 
            686.857616, 626.725166, 686.857616, 628.844371, 
            688.976821, 633.082781, 688.976821, 635.201987, 
            688.976821, 637.321192, 688.976821, 639.440397, 
            688.976821, 641.559603, 688.976821, 643.678808, 
            688.976821, 645.798013, 688.976821, 652.155629, 
            688.976821, 656.394040, 691.096026, 658.513245, 
            691.096026, 666.990066, 693.215232, 673.347682, 
            695.334437, 675.466887, 695.334437, 677.586093, 
            695.334437, 679.705298, 695.334437, 679.705298, 
            697.453642, 683.943709, 699.572848, 686.062914, 
            701.692053, 688.182119, 703.811258, 692.420530, 
            705.930464, 694.539735, 705.930464, 696.658940, 
            708.049669, 698.778146, 708.049669, 698.778146, 
            710.168874, 698.778146, 712.288079, 696.658940, 
            712.288079, 694.539735, 714.407285, 690.301325, 
            714.407285, 686.062914, 714.407285, 675.466887, 
            714.407285, 669.109272, 714.407285, 658.513245, 
            714.407285, 654.274834, 714.407285, 647.917219, 
            714.407285, 639.440397, 714.407285, 635.201987, 
            714.407285, 633.082781, 714.407285, 628.844371, 
            714.407285, 626.725166, 714.407285, 624.605960, 
            714.407285, 622.486755, 714.407285, 620.367550, 
            714.407285, 616.129139, 714.407285, 611.890728, 
            714.407285, 609.771523, 714.407285, 607.652318, 
            714.407285, 603.413907, 714.407285, 601.294702, 
            714.407285, 597.056291, 716.526490, 594.937086, 
            716.526490, 592.817881, 716.526490, 590.698675, 
            716.526490, 588.579470, 716.526490, 586.460265, 
            716.526490, 582.221854, 714.407285, 580.102649, 
            714.407285, 577.983444, 714.407285, 575.864238, 
            714.407285, 571.625828, 714.407285, 569.506623, 
            714.407285, 567.387417, 714.407285, 565.268212, 
            712.288079, 563.149007, 712.288079, 561.029801, 
            712.288079, 556.791391, 712.288079, 554.672185, 
            710.168874, 552.552980, 710.168874, 548.314570, 
            710.168874, 546.195364, 710.168874, 544.076159, 
            708.049669, 541.956954, 708.049669, 539.837748, 
            708.049669, -1.000000, -1.000000, 548.788660, 
            101.201031, 556.706186, 103.840206, 559.345361, 
            105.159794, 561.984536, 106.479381, 571.221649, 
            107.798969, 579.139175, 109.118557, 580.458763, 
            110.438144, 583.097938, 110.438144, 589.695876, 
            113.077320, 597.613402, 114.396907, 605.530928, 
            117.036082, 612.128866, 117.036082, 613.448454, 
            118.355670, 618.726804, 119.675258, 621.365979, 
            120.994845, 622.685567, 120.994845, 624.005155, 
            122.314433, 624.005155, 123.634021, 625.324742, 
            126.273196, 625.324742, 130.231959, 625.324742, 
            135.510309, 625.324742, 140.788660, 626.644330, 
            146.067010, 626.644330, 150.025773, 626.644330, 
            153.984536, 626.644330, 156.623711, 629.283505, 
            163.221649, 629.283505, 168.500000, 629.283505, 
            172.458763, 629.283505, 179.056701, 627.963918, 
            183.015464, 626.644330, 186.974227, 626.644330, 
            188.293814, 625.324742, 189.613402, 625.324742, 
            190.932990, 625.324742, 192.252577, 625.324742, 
            193.572165, 625.324742, 198.850515, 625.324742, 
            200.170103, 625.324742, 201.489691, 625.324742, 
            202.809278, 626.644330, 204.128866, 627.963918, 
            204.128866, 627.963918, 205.448454, 629.283505, 
            205.448454, 630.603093, 206.768041, 637.201031, 
            206.768041, 643.798969, 206.768041, 646.438144, 
            206.768041, 651.716495, 205.448454, 656.994845, 
            202.809278, 670.190722, 196.211340, 674.149485, 
            194.891753, 676.788660, 193.572165, 678.108247, 
            192.252577, 683.386598, 190.932990, 689.984536, 
            189.613402, 691.304124, 188.293814, 692.623711, 
            188.293814, 692.623711, 186.974227, 693.943299, 
            185.654639, 695.262887, 184.335052, 699.221649, 
            179.056701, 700.541237, 179.056701, 699.221649, 
            172.458763, 697.902062, 168.500000, 693.943299, 
            160.582474, 691.304124, 155.304124, 689.984536, 
            153.984536, 689.984536, 152.664948, 688.664948, 
            150.025773, 687.345361, 148.706186, 682.067010, 
            142.108247, 675.469072, 138.149485, 660.953608, 
            130.231959, 655.675258, 128.912371, 653.036082, 
            128.912371, 649.077320, 126.273196, 642.479381, 
            122.314433, 638.520619, 119.675258, 634.561856, 
            117.036082, 631.922680, 114.396907, 627.963918, 
            111.757732, 624.005155, 109.118557, 621.365979, 
            107.798969, 614.768041, 103.840206, 608.170103, 
            101.201031, 604.211340, 99.881443, 601.572165, 
            98.561856, 594.974227, 94.603093, 591.015464, 
            93.283505, 587.056701, 91.963918, 584.417526, 
            90.644330, 580.458763, 90.644330, 575.180412, 
