%YAML:1.0
    mask: !!opencv-matrix
        rows: 1054
        cols: 2
        dt: f
        data: [ 464.512790, 709.404876, 464.512790, 
            708.381695, 465.535971, 704.288969, 467.582334, 
            701.219424, 469.628697, 697.126699, 471.675060, 
            694.057154, 472.698241, 689.964428, 472.698241, 
            687.918066, 473.721423, 686.894884, 475.767786, 
            684.848521, 476.790967, 683.825340, 477.814149, 
            681.778977, 479.860512, 680.755795, 484.976419, 
            676.663070, 488.045963, 674.616707, 491.115508, 
            673.593525, 494.185052, 669.500799, 497.254596, 
            668.477618, 500.324141, 666.431255, 502.370504, 
            664.384892, 504.416867, 662.338529, 506.463229, 
            660.292166, 507.486411, 658.245803, 509.532774, 
            658.245803, 510.555955, 657.222622, 511.579137, 
            657.222622, 513.625500, 656.199440, 515.671863, 
            655.176259, 517.718225, 655.176259, 518.741407, 
            655.176259, 519.764588, 655.176259, 520.787770, 
            655.176259, 521.810951, 655.176259, 524.880496, 
            655.176259, 529.996403, 655.176259, 533.065947, 
            655.176259, 534.089129, 655.176259, 536.135492, 
            655.176259, 538.181855, 653.129896, 540.228217, 
            652.106715, 541.251399, 651.083533, 543.297762, 
            648.013989, 543.297762, 645.967626, 544.320943, 
            642.898082, 544.320943, 637.782174, 544.320943, 
            633.689448, 544.320943, 630.619904, 544.320943, 
            629.596723, 544.320943, 627.550360, 542.274580, 
            625.503997, 541.251399, 624.480815, 539.205036, 
            622.434452, 538.181855, 622.434452, 533.065947, 
            622.434452, 525.903677, 623.457634, 518.741407, 
            624.480815, 514.648681, 626.527178, 511.579137, 
            626.527178, 509.532774, 626.527178, 508.509592, 
            626.527178, 503.393685, 626.527178, 500.324141, 
            626.527178, 497.254596, 626.527178, 495.208233, 
            626.527178, 493.161871, 626.527178, 490.092326, 
            627.550360, 485.999600, 629.596723, 484.976419, 
            630.619904, 481.906875, 632.666267, 478.837330, 
            635.735811, 476.790967, 637.782174, 474.744604, 
            640.851719, 472.698241, 642.898082, 471.675060, 
            644.944444, 469.628697, 646.990807, 466.559153, 
            649.037170, 464.512790, 650.060352, 462.466427, 
            651.083533, 459.396882, 652.106715, 456.327338, 
            653.129896, 454.280975, 654.153078, 453.257794, 
            655.176259, 450.188249, 656.199440, 448.141886, 
            657.222622, 444.049161, 659.268985, 443.025979, 
            659.268985, 443.025979, 660.292166, 442.002798, 
            660.292166, 442.002798, 659.268985, 442.002798, 
            657.222622, 442.002798, 656.199440, 442.002798, 
            654.153078, 442.002798, 652.106715, 445.072342, 
            649.037170, 447.118705, 646.990807, 449.165068, 
            643.921263, 451.211431, 640.851719, 453.257794, 
            637.782174, 456.327338, 634.712630, 458.373701, 
            631.643086, 460.420064, 629.596723, 463.489608, 
            626.527178, 464.512790, 623.457634, 465.535971, 
            622.434452, 467.582334, 621.411271, 469.628697, 
            619.364908, 472.698241, 617.318545, 475.767786, 
            615.272182, 478.837330, 614.249001, 478.837330, 
            613.225819, 482.930056, 610.156275, 484.976419, 
            609.133094, 488.045963, 607.086731, 491.115508, 
            607.086731, 494.185052, 605.040368, 496.231415, 
            604.017186, 498.277778, 602.994005, 499.300959, 
            602.994005, 502.370504, 600.947642, 505.440048, 
            599.924460, 507.486411, 598.901279, 509.532774, 
            597.878098, 509.532774, 596.854916, 509.532774, 
            595.831735, 510.555955, 593.785372, 510.555955, 
            592.762190, 510.555955, 591.739009, 509.532774, 
            588.669464, 509.532774, 586.623102, 508.509592, 
            584.576739, 506.463229, 583.553557, 505.440048, 
            582.530376, 504.416867, 581.507194, 502.370504, 
            581.507194, 501.347322, 580.484013, 498.277778, 
            580.484013, 495.208233, 580.484013, 491.115508, 
            580.484013, 488.045963, 580.484013, 483.953237, 
            581.507194, 480.883693, 581.507194, 477.814149, 
            582.530376, 474.744604, 583.553557, 472.698241, 
            584.576739, 469.628697, 585.599920, 468.605516, 
            586.623102, 465.535971, 586.623102, 463.489608, 
            587.646283, 460.420064, 589.692646, 458.373701, 
            589.692646, 455.304157, 590.715827, 450.188249, 
            591.739009, 448.141886, 591.739009, 445.072342, 
            591.739009, 445.072342, 592.762190, 440.979616, 
            593.785372, 437.910072, 594.808553, 434.840528, 
            596.854916, 432.794165, 597.878098, 429.724620, 
            597.878098, 427.678257, 598.901279, 424.608713, 
            598.901279, 421.539169, 599.924460, 417.446443, 
            600.947642, 415.400080, 600.947642, 412.330536, 
            601.970823, 408.237810, 602.994005, 406.191447, 
            604.017186, 404.145084, 605.040368, 402.098721, 
            606.063549, 399.029177, 607.086731, 398.005995, 
            608.109912, 395.959632, 608.109912, 394.936451, 
            609.133094, 392.890088, 610.156275, 390.843725, 
            610.156275, 388.797362, 611.179456, 386.750999, 
            612.202638, 383.681455, 614.249001, 381.635092, 
            616.295364, 378.565548, 617.318545, 376.519185, 
            620.388090, 373.449640, 622.434452, 371.403277, 
            623.457634, 370.380096, 624.480815, 370.380096, 
            625.503997, 369.356914, 626.527178, 367.310552, 
            627.550360, 366.287370, 627.550360, 364.241007, 
            627.550360, 363.217826, 627.550360, 360.148281, 
            627.550360, 358.101918, 628.573541, 355.032374, 
            629.596723, 352.986011, 629.596723, 349.916467, 
            629.596723, 347.870104, 630.619904, 345.823741, 
            630.619904, 342.754197, 632.666267, 339.684652, 
            634.712630, 335.591926, 637.782174, 332.522382, 
            639.828537, 329.452838, 642.898082, 327.406475, 
            645.967626, 326.383293, 649.037170, 325.360112, 
            649.037170, 323.313749, 651.083533, 322.290568, 
            652.106715, 321.267386, 654.153078, 319.221023, 
            655.176259, 317.174660, 657.222622, 316.151479, 
            659.268985, 313.081934, 661.315348, 311.035572, 
            664.384892, 310.012390, 665.408074, 308.989209, 
            667.454436, 307.966027, 670.523981, 306.942846, 
            671.547162, 305.919664, 676.663070, 304.896483, 
            678.709432, 304.896483, 681.778977, 302.850120, 
            682.802158, 302.850120, 684.848521, 301.826938, 
            686.894884, 299.780576, 689.964428, 297.734213, 
            693.033973, 296.711031, 695.080336, 295.687850, 
            696.103517, 293.641487, 699.173062, 291.595124, 
            700.196243, 290.571942, 702.242606, 289.548761, 
            703.265787, 289.548761, 704.288969, 288.525580, 
            705.312150, 288.525580, 706.335332, 288.525580, 
            707.358513, 287.502398, 708.381695, -1.000000, 
            -1.000000, 837.974021, 698.149880, 836.950839, 
            698.149880, 833.881295, 697.126699, 833.881295, 
            696.103517, 830.811751, 692.010791, 828.765388, 
            687.918066, 826.719025, 684.848521, 825.695843, 
            682.802158, 824.672662, 681.778977, 823.649480, 
            681.778977, 822.626299, 679.732614, 820.579936, 
            678.709432, 818.533573, 677.686251, 815.464029, 
            676.663070, 813.417666, 676.663070, 809.324940, 
            676.663070, 806.255396, 674.616707, 803.185851, 
            673.593525, 800.116307, 673.593525, 797.046763, 
