%YAML:1.0
    mask: !!opencv-matrix
        rows: 1278
        cols: 2
        dt: f
        data: [ 68.541567, 645.967626, 69.564748, 
            644.944444, 72.634293, 643.921263, 74.680655, 
            641.874900, 77.750200, 640.851719, 80.819744, 
            636.758993, 81.842926, 635.735811, 84.912470, 
            632.666267, 90.028377, 630.619904, 94.121103, 
            628.573541, 95.144285, 627.550360, 95.144285, 
            626.527178, 99.237010, 626.527178, 101.283373, 
            624.480815, 105.376099, 623.457634, 109.468825, 
            620.388090, 111.515188, 619.364908, 113.561551, 
            616.295364, 115.607914, 615.272182, 118.677458, 
            613.225819, 120.723821, 612.202638, 120.723821, 
            611.179456, 122.770184, 609.133094, 124.816547, 
            606.063549, 127.886091, 602.994005, 128.909273, 
            601.970823, 131.978817, 598.901279, 136.071543, 
            595.831735, 137.094724, 593.785372, 140.164269, 
            590.715827, 143.233813, 587.646283, 145.280176, 
            585.599920, 149.372902, 582.530376, 151.419265, 
            580.484013, 154.488809, 577.414468, 154.488809, 
            576.391287, 157.558353, 574.344924, 160.627898, 
            571.275380, 163.697442, 570.252198, 163.697442, 
            569.229017, 167.790168, 564.113110, 171.882894, 
            558.997202, 174.952438, 556.950839, 178.021982, 
            552.858114, 179.045164, 551.834932, 181.091527, 
            549.788569, 183.137890, 547.742206, 186.207434, 
            543.649480, 190.300160, 537.510392, 191.323341, 
            536.487210, 195.416067, 531.371303, 196.439249, 
            529.324940, 198.485612, 527.278577, 199.508793, 
            525.232214, 200.531974, 525.232214, 204.624700, 
            519.093125, 207.694245, 515.000400, 209.740608, 
            511.930855, 210.763789, 511.930855, 212.810152, 
            508.861311, 214.856515, 506.814948, 217.926059, 
            503.745404, 219.972422, 500.675859, 220.995604, 
            498.629496, 223.041966, 495.559952, 224.065148, 
            494.536771, 225.088329, 494.536771, 226.111511, 
            492.490408, 228.157874, 489.420863, 229.181055, 
            489.420863, 230.204237, 487.374500, 232.250600, 
            484.304956, 235.320144, 481.235412, 236.343325, 
            479.189049, 238.389688, 477.142686, 239.412870, 
            476.119504, 240.436051, 476.119504, 242.482414, 
            473.049960, 244.528777, 471.003597, 247.598321, 
            468.957234, 250.667866, 464.864508, 251.691047, 
            463.841327, 256.806954, 459.748601, 258.853317, 
            455.655875, 263.969225, 451.563149, 267.038769, 
            448.493605, 270.108313, 446.447242, 272.154676, 
            445.424061, 273.177858, 444.400879, 275.224221, 
            444.400879, 276.247402, 443.377698, 278.293765, 
            443.377698, 281.363309, 442.354516, 284.432854, 
            441.331335, 288.525580, 440.308153, 290.571942, 
            440.308153, 290.571942, 439.284972, 294.664668, 
            439.284972, 297.734213, 439.284972, 301.826938, 
            437.238609, 306.942846, 435.192246, 307.966027, 
            435.192246, 311.035572, 433.145883, 313.081934, 
            432.122702, 316.151479, 430.076339, 318.197842, 
            429.053157, 321.267386, 427.006795, 324.336930, 
            425.983613, 327.406475, 424.960432, 330.476019, 
            423.937250, 332.522382, 423.937250, 334.568745, 
            423.937250, 337.638289, 423.937250, 342.754197, 
            423.937250, 346.846922, 423.937250, 347.870104, 
            423.937250, 355.032374, 423.937250, 358.101918, 
            423.937250, 361.171463, 423.937250, 363.217826, 
            423.937250, 363.217826, 424.960432, 366.287370, 
            424.960432, 368.333733, 424.960432, 372.426459, 
            424.960432, 376.519185, 424.960432, 378.565548, 
            424.960432, 382.658273, 424.960432, 385.727818, 
            424.960432, 387.774181, 424.960432, 390.843725, 
            424.960432, 393.913269, 424.960432, 395.959632, 
            424.960432, 396.982814, 424.960432, 400.052358, 
            425.983613, 406.191447, 427.006795, 407.214628, 
            427.006795, 411.307354, 428.029976, 415.400080, 
            429.053157, 419.492806, 429.053157, 424.608713, 
            430.076339, 429.724620, 432.122702, 432.794165, 
            434.169065, 437.910072, 437.238609, 439.956435, 
            438.261791, 440.979616, 439.284972, 443.025979, 
            440.308153, 445.072342, 441.331335, 448.141886, 
            442.354516, 453.257794, 444.400879, 454.280975, 
            445.424061, 462.466427, 449.516787, 469.628697, 
            450.539968, 471.675060, 450.539968, 473.721423, 
            450.539968, 474.744604, 451.563149, 475.767786, 
            451.563149, 477.814149, 453.609512, 478.837330, 
            454.632694, 478.837330, 455.655875, 478.837330, 
            456.679057, 478.837330, 457.702238, 477.814149, 
            459.748601, 476.790967, 460.771783, 473.721423, 
            461.794964, 470.651878, 462.818145, 468.605516, 
            462.818145, 465.535971, 462.818145, 461.443245, 
            463.841327, 458.373701, 463.841327, 454.280975, 
            463.841327, 451.211431, 463.841327, 446.095524, 
            462.818145, 444.049161, 461.794964, 433.817346, 
            458.725420, 429.724620, 457.702238, 424.608713, 
            457.702238, 423.585532, 457.702238, 415.400080, 
            457.702238, 410.284173, 457.702238, 409.260991, 
            457.702238, 405.168265, 457.702238, 402.098721, 
            457.702238, 396.982814, 459.748601, 394.936451, 
            459.748601, 393.913269, 460.771783, 388.797362, 
            461.794964, 385.727818, 462.818145, 383.681455, 
            464.864508, 382.658273, 465.887690, 379.588729, 
            468.957234, 378.565548, 468.957234, 376.519185, 
            472.026779, 373.449640, 475.096323, 370.380096, 
            477.142686, 367.310552, 480.212230, 366.287370, 
            482.258593, 363.217826, 485.328137, 361.171463, 
            487.374500, 360.148281, 489.420863, 359.125100, 
            492.490408, 359.125100, 493.513589, 359.125100, 
            494.536771, 360.148281, 497.606315, 361.171463, 
            498.629496, 361.171463, 500.675859, 364.241007, 
            500.675859, 368.333733, 499.652678, 375.496003, 
            498.629496, 376.519185, 498.629496, 382.658273, 
            495.559952, 386.750999, 493.513589, 391.866906, 
            491.467226, 393.913269, 489.420863, 395.959632, 
            488.397682, 400.052358, 485.328137, 403.121902, 
            482.258593, 406.191447, 481.235412, 407.214628, 
            481.235412, 410.284173, 480.212230, 414.376898, 
            480.212230, 415.400080, 479.189049, 417.446443, 
            479.189049, 421.539169, 478.165867, 424.608713, 
            477.142686, 425.631894, 477.142686, 428.701439, 
            477.142686, 431.770983, 477.142686, 435.863709, 
            477.142686, 440.979616, 477.142686, 442.002798, 
            477.142686, 448.141886, 479.189049, 453.257794, 
            480.212230, 460.420064, 482.258593, 462.466427, 
            483.281775, 468.605516, 484.304956, 471.675060, 
            485.328137, 473.721423, 486.351319, 478.837330, 
            488.397682, 480.883693, 488.397682, 483.953237, 
            490.444045, 485.999600, 490.444045, 487.022782, 
            491.467226, 488.045963, 492.490408, 488.045963, 
            493.513589, 489.069145, 494.536771, 489.069145, 
            496.583133, 489.069145, 497.606315, 484.976419, 
            499.652678, 479.860512, 501.699041, 475.767786, 
            503.745404, 469.628697, 504.768585, 466.559153, 
            504.768585, 458.373701, 505.791767, 450.188249, 
            506.814948, 449.165068, 506.814948, 439.956435, 
            507.838129, 432.794165, 508.861311, 431.770983, 
            509.884492, 427.678257, 509.884492, 420.515987, 
