%YAML:1.0
    mask: !!opencv-matrix
        rows: 289
        cols: 2
        dt: f
        data: [ -1.000000, -1.000000, 679.427835, 
            445.613402, 671.510309, 445.613402, 658.314433, 
            445.613402, 643.798969, 445.613402, 635.881443, 
            445.613402, 633.242268, 445.613402, 630.603093, 
            445.613402, 618.726804, 445.613402, 616.087629, 
            445.613402, 610.809278, 445.613402, 596.293814, 
            445.613402, 588.376289, 442.974227, 583.097938, 
            439.015464, 576.500000, 437.695876, 575.180412, 
            436.376289, 573.860825, 436.376289, 573.860825, 
            435.056701, 573.860825, 433.737113, 573.860825, 
            431.097938, 575.180412, 427.139175, 584.417526, 
            416.582474, 588.376289, 411.304124, 593.654639, 
            406.025773, 593.654639, 404.706186, 594.974227, 
            400.747423, 596.293814, 396.788660, 597.613402, 
            390.190722, 597.613402, 387.551546, 598.932990, 
            384.912371, 598.932990, 380.953608, 598.932990, 
            374.355670, 596.293814, 359.840206, 593.654639, 
            354.561856, 592.335052, 351.922680, 592.335052, 
            347.963918, 589.695876, 342.685567, 588.376289, 
            336.087629, 587.056701, 334.768041, 585.737113, 
            334.768041, 584.417526, 334.768041, 583.097938, 
            336.087629, 575.180412, 346.644330, 573.860825, 
            347.963918, 571.221649, 353.242268, 569.902062, 
            355.881443, 565.943299, 361.159794, 563.304124, 
            365.118557, 560.664948, 366.438144, 558.025773, 
            367.757732, 555.386598, 369.077320, 552.747423, 
            369.077320, 548.788660, 369.077320, 531.634021, 
            366.438144, 530.314433, 363.798969, 530.314433, 
            362.479381, 530.314433, 358.520619, 530.314433, 
            351.922680, 532.953608, 349.283505, 542.190722, 
            336.087629, 552.747423, 316.293814, 555.386598, 
            313.654639, 556.706186, 312.335052, 565.943299, 
            305.737113, 575.180412, 296.500000, 585.737113, 
            289.902062, 588.376289, 288.582474, 591.015464, 
            287.262887, 592.335052, 285.943299, 594.974227, 
            284.623711, 600.252577, 284.623711, 618.726804, 
            284.623711, 622.685567, 284.623711, 633.242268, 
            284.623711, 635.881443, 284.623711, 638.520619, 
            284.623711, 641.159794, 280.664948, 642.479381, 
            280.664948, 643.798969, 279.345361, 645.118557, 
            279.345361, 646.438144, 278.025773, 647.757732, 
            278.025773, 649.077320, 276.706186, 651.716495, 
            276.706186, 653.036082, 276.706186, 655.675258, 
            276.706186, 656.994845, 276.706186, 667.551546, 
            278.025773, 674.149485, 280.664948, 684.706186, 
            285.943299, 695.262887, 293.860825, 699.221649, 
            296.500000, 700.541237, 296.500000, 709.778351, 
            301.778351, 720.335052, 307.056701, 721.654639, 
            307.056701, 728.252577, 309.695876, 736.170103, 
            314.974227, 745.407216, 318.932990, 749.365979, 
            321.572165, 757.283505, 326.850515, 773.118557, 
            336.087629, 781.036082, 341.365979, 783.675258, 
            342.685567, 788.953608, 345.324742, 790.273196, 
            346.644330, 790.273196, 347.963918, 791.592784, 
            347.963918, 792.912371, 349.283505, 792.912371, 
            350.603093, 792.912371, 351.922680, 786.314433, 
            355.881443, 774.438144, 358.520619, 759.922680, 
            363.798969, 757.283505, 365.118557, 752.005155, 
            370.396907, 746.726804, 376.994845, 745.407216, 
            378.314433, 744.087629, 379.634021, 736.170103, 
            387.551546, 734.850515, 390.190722, 732.211340, 
            392.829897, 720.335052, 402.067010, 709.778351, 
            412.623711, 705.819588, 416.582474, 700.541237, 
            425.819588, 699.221649, 428.458763, 695.262887, 
            436.376289, 693.943299, 436.376289, 693.943299, 
            437.695876, -1.000000, -1.000000, 631.922680, 
            6.190722, 631.922680, 11.469072, 631.922680, 
            12.788660, 633.242268, 12.788660, 635.881443, 
            15.427835, 641.159794, 19.386598, 643.798969, 
            23.345361, 645.118557, 24.664948, 646.438144, 
            25.984536, 647.757732, 25.984536, 651.716495, 
            27.304124, 658.314433, 29.943299, 662.273196, 
            31.262887, 662.273196, 32.582474, 663.592784, 
            32.582474, 667.551546, 35.221649, 668.871134, 
            36.541237, 670.190722, 36.541237, 670.190722, 
            37.860825, 676.788660, 40.500000, 680.747423, 
            41.819588, 682.067010, 41.819588, 683.386598, 
            41.819588, 687.345361, 37.860825, 691.304124, 
            35.221649, 695.262887, 32.582474, 695.262887, 
            29.943299, 697.902062, 24.664948, 701.860825, 
            19.386598, 703.180412, 18.067010, 708.458763, 
            15.427835, 708.458763, 14.108247, 708.458763, 
            12.788660, 709.778351, 11.469072, 711.097938, 
            7.510309, 711.097938, 6.190722, 712.417526, 
            4.871134, 712.417526, 3.551546, 712.417526, 
            2.231959, -1.000000, -1.000000, 423.427835, 
            258.231959, 426.067010, 266.149485, 428.706186, 
            270.108247, 432.664948, 272.747423, 433.984536, 
            274.067010, 437.943299, 279.345361, 441.902062, 
            285.943299, 443.221649, 287.262887, 448.500000, 
            289.902062, 449.819588, 292.541237, 449.819588, 
            295.180412, 451.139175, 296.500000, 452.458763, 
            297.819588, 455.097938, 301.778351, 456.417526, 
            304.417526, 457.737113, 304.417526, 459.056701, 
            304.417526, 460.376289, 303.097938, 461.695876, 
            297.819588, 463.015464, 292.541237, 464.335052, 
            291.221649, 465.654639, 291.221649, 473.572165, 
            291.221649, 478.850515, 295.180412, 484.128866, 
            299.139175, 486.768041, 300.458763, 486.768041, 
            301.778351, 488.087629, 301.778351, 489.407216, 
            303.097938, 490.726804, 303.097938, 496.005155, 
            303.097938, 498.644330, 303.097938, 499.963918, 
            303.097938, 501.283505, 303.097938, 505.242268, 
            303.097938, 506.561856, 303.097938, 506.561856, 
            301.778351, 507.881443, 299.139175, 507.881443, 
            295.180412, 507.881443, 288.582474, 507.881443, 
            284.623711, 509.201031, 280.664948, 509.201031, 
            279.345361, 510.520619, 276.706186, 511.840206, 
            276.706186, 518.438144, 276.706186, 523.716495, 
            279.345361, 530.314433, 281.984536, 535.592784, 
            284.623711, 536.912371, 285.943299, 542.190722, 
            295.180412, 542.190722, 296.500000, 543.510309, 
            297.819588, 543.510309, 299.139175, 543.510309, 
            300.458763, 544.829897, 300.458763, 548.788660, 
            299.139175, 554.067010, 293.860825, 559.345361, 
            291.221649, 560.664948, 288.582474, 565.943299, 
            285.943299, 575.180412, 284.623711, 577.819588, 
            283.304124, 580.458763, 283.304124, 581.778351, 
            281.984536, 587.056701, 279.345361, 588.376289, 
            279.345361, 589.695876, 279.345361, 589.695876, 
            278.025773, 589.695876, 276.706186, 589.695876, 
            275.386598, 583.097938, 266.149485, 577.819588, 
            259.551546, 576.500000, 256.912371, 572.541237, 
            251.634021, 569.902062, 246.355670, 569.902062, 
            245.036082, 568.582474, 245.036082, 565.943299, 
            242.396907, 561.984536, 235.798969, 560.664948, 
            235.798969, 560.664948, 234.479381, 558.025773, 
            233.159794, 556.706186, 231.840206, 556.706186, 
            230.520619, 555.386598, 230.520619, 548.788660, 
            223.922680, 543.510309, 219.963918, 540.871134, 
