%YAML:1.0
    mask: !!opencv-matrix
        rows: 954
        cols: 2
        dt: f
        data: [ 263.969225, 699.173062, 264.992406, 
            698.149880, 266.015588, 696.103517, 267.038769, 
            696.103517, 269.085132, 693.033973, 271.131495, 
            692.010791, 272.154676, 690.987610, 274.201039, 
            689.964428, 276.247402, 687.918066, 279.316946, 
            685.871703, 281.363309, 683.825340, 282.386491, 
            682.802158, 283.409672, 681.778977, 284.432854, 
            680.755795, 285.456035, 680.755795, 286.479217, 
            679.732614, 286.479217, 678.709432, 288.525580, 
            677.686251, 289.548761, 676.663070, 291.595124, 
            675.639888, 293.641487, 673.593525, 295.687850, 
            671.547162, 296.711031, 671.547162, 296.711031, 
            670.523981, 297.734213, 669.500799, 299.780576, 
            667.454436, 299.780576, 666.431255, 300.803757, 
            664.384892, 301.826938, 661.315348, 302.850120, 
            660.292166, 303.873301, 659.268985, 304.896483, 
            657.222622, 305.919664, 656.199440, 305.919664, 
            655.176259, 306.942846, 653.129896, 307.966027, 
            651.083533, 307.966027, 649.037170, 307.966027, 
            646.990807, 307.966027, 643.921263, 308.989209, 
            642.898082, 308.989209, 639.828537, 310.012390, 
            639.828537, 311.035572, 637.782174, 311.035572, 
            636.758993, 312.058753, 635.735811, 313.081934, 
            634.712630, 313.081934, 632.666267, 314.105116, 
            632.666267, 315.128297, 630.619904, 316.151479, 
            629.596723, 317.174660, 628.573541, 318.197842, 
            626.527178, 319.221023, 625.503997, 320.244205, 
            623.457634, 322.290568, 621.411271, 323.313749, 
            620.388090, 325.360112, 618.341727, 326.383293, 
            618.341727, 326.383293, 617.318545, 328.429656, 
            616.295364, 331.499201, 615.272182, 333.545564, 
            614.249001, 335.591926, 614.249001, 337.638289, 
            613.225819, 339.684652, 613.225819, 341.731015, 
            613.225819, 342.754197, 613.225819, 343.777378, 
            613.225819, 344.800560, 613.225819, 345.823741, 
            613.225819, 346.846922, 613.225819, 347.870104, 
            613.225819, 348.893285, 612.202638, 349.916467, 
            610.156275, 350.939648, 608.109912, 351.962830, 
            608.109912, 351.962830, 606.063549, 352.986011, 
            604.017186, 355.032374, 601.970823, 355.032374, 
            600.947642, 356.055556, 599.924460, 356.055556, 
            597.878098, 357.078737, 597.878098, 358.101918, 
            596.854916, 359.125100, 596.854916, 360.148281, 
            595.831735, 362.194644, 593.785372, 366.287370, 
            588.669464, 368.333733, 586.623102, 370.380096, 
            584.576739, 371.403277, 583.553557, 372.426459, 
            583.553557, 374.472822, 582.530376, 375.496003, 
            581.507194, 375.496003, 580.484013, 378.565548, 
            579.460831, 380.611910, 578.437650, 382.658273, 
            577.414468, 383.681455, 577.414468, 385.727818, 
            576.391287, 386.750999, 576.391287, 388.797362, 
            576.391287, 389.820544, 576.391287, 391.866906, 
            576.391287, 392.890088, 576.391287, 393.913269, 
            576.391287, 394.936451, 576.391287, 396.982814, 
            575.368106, 398.005995, 574.344924, 400.052358, 
            574.344924, 401.075540, 573.321743, 402.098721, 
            573.321743, 403.121902, 572.298561, 404.145084, 
            571.275380, 405.168265, 570.252198, 406.191447, 
            570.252198, 407.214628, 569.229017, 409.260991, 
            569.229017, 410.284173, 568.205835, 411.307354, 
            567.182654, 412.330536, 566.159472, 413.353717, 
            566.159472, 414.376898, 566.159472, 416.423261, 
            565.136291, 416.423261, 564.113110, 417.446443, 
            564.113110, 418.469624, 564.113110, 420.515987, 
            563.089928, 421.539169, 563.089928, 423.585532, 
            563.089928, 425.631894, 563.089928, 428.701439, 
            563.089928, 429.724620, 563.089928, 430.747802, 
            563.089928, 431.770983, 563.089928, 432.794165, 
            563.089928, 434.840528, 563.089928, 437.910072, 
            563.089928, 439.956435, 563.089928, 442.002798, 
            563.089928, 444.049161, 563.089928, 445.072342, 
            564.113110, 447.118705, 564.113110, 450.188249, 
            565.136291, 453.257794, 565.136291, 455.304157, 
            566.159472, 457.350520, 566.159472, 459.396882, 
            567.182654, 462.466427, 567.182654, 463.489608, 
            567.182654, 465.535971, 567.182654, 466.559153, 
            567.182654, 467.582334, 567.182654, 468.605516, 
            567.182654, 469.628697, 567.182654, 470.651878, 
            568.205835, 470.651878, 569.229017, 471.675060, 
            570.252198, 471.675060, 571.275380, 471.675060, 
            573.321743, 471.675060, 574.344924, 472.698241, 
            575.368106, 472.698241, 576.391287, 472.698241, 
            577.414468, 472.698241, 578.437650, 472.698241, 
            580.484013, 471.675060, 580.484013, 471.675060, 
            581.507194, 471.675060, 583.553557, 471.675060, 
            584.576739, 473.721423, 585.599920, 475.767786, 
            586.623102, 476.790967, 587.646283, 476.790967, 
            588.669464, 478.837330, 588.669464, 479.860512, 
            588.669464, 479.860512, 589.692646, 480.883693, 
            590.715827, 481.906875, 590.715827, 481.906875, 
            591.739009, 482.930056, 591.739009, 483.953237, 
            591.739009, 484.976419, 592.762190, 485.999600, 
            592.762190, 487.022782, 592.762190, 489.069145, 
            593.785372, 490.092326, 593.785372, 490.092326, 
            594.808553, 491.115508, 594.808553, 492.138689, 
            594.808553, 493.161871, 594.808553, 494.185052, 
            594.808553, 495.208233, 594.808553, 496.231415, 
            594.808553, 498.277778, 594.808553, 499.300959, 
            594.808553, 500.324141, 595.831735, 501.347322, 
            596.854916, 502.370504, 596.854916, 502.370504, 
            597.878098, 503.393685, 598.901279, 504.416867, 
            599.924460, 504.416867, 600.947642, 505.440048, 
            600.947642, 505.440048, 602.994005, 506.463229, 
            602.994005, 507.486411, 605.040368, 508.509592, 
            606.063549, 509.532774, 607.086731, 510.555955, 
            608.109912, 511.579137, 609.133094, 511.579137, 
            611.179456, 512.602318, 611.179456, 512.602318, 
            612.202638, 512.602318, 613.225819, 512.602318, 
            614.249001, 512.602318, 615.272182, 512.602318, 
            616.295364, 511.579137, 617.318545, 510.555955, 
            618.341727, 509.532774, 619.364908, 508.509592, 
            619.364908, 507.486411, 620.388090, 506.463229, 
            620.388090, 505.440048, 621.411271, 504.416867, 
            622.434452, 503.393685, 622.434452, 501.347322, 
            623.457634, 500.324141, 625.503997, 498.277778, 
            625.503997, 497.254596, 626.527178, 496.231415, 
            626.527178, 495.208233, 626.527178, 494.185052, 
            626.527178, 493.161871, 626.527178, 492.138689, 
            626.527178, 491.115508, 626.527178, 488.045963, 
            626.527178, 484.976419, 626.527178, 481.906875, 
            626.527178, 480.883693, 625.503997, 478.837330, 
            625.503997, 478.837330, 624.480815, 477.814149, 
            624.480815, 476.790967, 624.480815, 474.744604, 
            624.480815, 473.721423, 624.480815, 472.698241, 
            624.480815, 471.675060, 624.480815, 470.651878, 
            624.480815, 469.628697, 625.503997, 466.559153, 
            625.503997, 463.489608, 626.527178, 460.420064, 
            626.527178, 459.396882, 627.550360, 458.373701, 
            627.550360, 457.350520, 628.573541, 456.327338, 
