%YAML:1.0
    mask: !!opencv-matrix
        rows: 1065
        cols: 2
        dt: f
        data: [ 3.678808, 712.288079, 5.798013, 
            712.288079, 7.917219, 710.168874, 12.155629, 
            705.930464, 14.274834, 703.811258, 18.513245, 
            699.572848, 20.632450, 697.453642, 22.751656, 
            695.334437, 24.870861, 693.215232, 31.228477, 
            686.857616, 33.347682, 682.619205, 35.466887, 
            682.619205, 39.705298, 678.380795, 39.705298, 
            676.261589, 43.943709, 674.142384, 48.182119, 
            667.784768, 52.420530, 663.546358, 54.539735, 
            663.546358, 54.539735, 661.427152, 54.539735, 
            659.307947, 56.658940, 657.188742, 56.658940, 
            655.069536, 58.778146, 655.069536, 60.897351, 
            650.831126, 63.016556, 648.711921, 65.135762, 
            646.592715, 69.374172, 644.473510, 71.493377, 
            640.235099, 73.612583, 640.235099, 75.731788, 
            640.235099, 77.850993, 638.115894, 82.089404, 
            635.996689, 84.208609, 633.877483, 86.327815, 
            633.877483, 88.447020, 633.877483, 92.685430, 
            631.758278, 94.804636, 629.639073, 96.923841, 
            629.639073, 99.043046, 629.639073, 101.162252, 
            627.519868, 103.281457, 627.519868, 105.400662, 
            627.519868, 107.519868, 627.519868, 109.639073, 
            627.519868, 113.877483, 627.519868, 115.996689, 
            627.519868, 118.115894, 625.400662, 120.235099, 
            625.400662, 122.354305, 625.400662, 122.354305, 
            623.281457, 124.473510, 621.162252, 126.592715, 
            621.162252, 126.592715, 619.043046, 128.711921, 
            619.043046, 130.831126, 616.923841, 132.950331, 
            614.804636, 135.069536, 612.685430, 137.188742, 
            610.566225, 139.307947, 608.447020, 141.427152, 
            606.327815, 143.546358, 604.208609, 143.546358, 
            602.089404, 145.665563, 599.970199, 147.784768, 
            597.850993, 149.903974, 597.850993, 152.023179, 
            595.731788, 156.261589, 593.612583, 160.500000, 
            591.493377, 162.619205, 591.493377, 164.738411, 
            591.493377, 166.857616, 591.493377, 168.976821, 
            591.493377, 171.096026, 591.493377, 173.215232, 
            591.493377, 175.334437, 591.493377, 181.692053, 
            591.493377, 183.811258, 595.731788, 185.930464, 
            595.731788, 188.049669, 597.850993, 190.168874, 
            597.850993, 192.288079, 599.970199, 194.407285, 
            599.970199, 196.526490, 599.970199, 205.003311, 
            599.970199, 209.241722, 599.970199, 215.599338, 
            599.970199, 217.718543, 599.970199, 221.956954, 
            599.970199, 224.076159, 599.970199, 226.195364, 
            599.970199, 230.433775, 599.970199, 232.552980, 
            599.970199, 234.672185, 599.970199, 236.791391, 
            599.970199, 238.910596, 599.970199, 243.149007, 
            599.970199, 245.268212, 599.970199, 249.506623, 
            602.089404, 251.625828, 604.208609, 255.864238, 
            604.208609, 257.983444, 606.327815, 260.102649, 
            606.327815, 262.221854, 608.447020, 264.341060, 
            608.447020, 266.460265, 610.566225, 268.579470, 
            610.566225, 277.056291, 610.566225, 281.294702, 
            610.566225, 289.771523, 612.685430, 294.009934, 
            614.804636, 296.129139, 614.804636, 298.248344, 
            616.923841, 300.367550, 619.043046, 302.486755, 
            619.043046, 304.605960, 621.162252, 306.725166, 
            621.162252, 308.844371, 623.281457, 308.844371, 
            625.400662, 310.963576, 627.519868, 313.082781, 
            629.639073, 315.201987, 631.758278, 317.321192, 
            631.758278, 317.321192, 633.877483, 317.321192, 
            635.996689, 319.440397, 635.996689, 319.440397, 
            638.115894, 321.559603, 640.235099, 321.559603, 
            644.473510, 323.678808, 644.473510, 323.678808, 
            648.711921, 325.798013, 648.711921, 325.798013, 
            650.831126, 327.917219, 655.069536, 330.036424, 
            655.069536, 330.036424, 659.307947, 332.155629, 
            661.427152, 332.155629, 663.546358, 334.274834, 
            663.546358, 336.394040, 665.665563, 338.513245, 
            667.784768, 338.513245, 669.903974, 340.632450, 
            672.023179, 340.632450, 674.142384, 340.632450, 
            678.380795, 340.632450, 680.500000, 340.632450, 
            682.619205, 340.632450, 684.738411, 338.513245, 
            686.857616, 336.394040, 686.857616, 332.155629, 
            686.857616, 327.917219, 688.976821, 323.678808, 
            688.976821, 319.440397, 688.976821, 317.321192, 
            688.976821, 313.082781, 688.976821, 308.844371, 
            688.976821, 304.605960, 688.976821, 298.248344, 
            688.976821, 296.129139, 688.976821, 294.009934, 
            688.976821, 291.890728, 688.976821, 289.771523, 
            688.976821, 285.533113, 688.976821, 283.413907, 
            688.976821, 281.294702, 688.976821, 279.175497, 
            691.096026, 277.056291, 691.096026, 277.056291, 
            693.215232, 274.937086, 695.334437, 272.817881, 
            697.453642, 272.817881, 699.572848, 272.817881, 
            701.692053, 270.698675, 703.811258, 268.579470, 
            705.930464, 266.460265, 708.049669, 262.221854, 
            708.049669, 260.102649, 710.168874, 257.983444, 
            710.168874, 253.745033, 712.288079, 251.625828, 
            712.288079, 249.506623, 712.288079, 247.387417, 
            712.288079, 245.268212, 714.407285, 238.910596, 
            714.407285, 236.791391, 714.407285, 230.433775, 
            716.526490, 228.314570, 716.526490, 226.195364, 
            718.645695, 224.076159, 718.645695, 221.956954, 
            718.645695, 217.718543, 718.645695, 213.480132, 
            718.645695, 211.360927, 718.645695, 200.764901, 
            718.645695, 192.288079, 718.645695, 181.692053, 
            718.645695, 177.453642, 718.645695, 173.215232, 
            718.645695, 166.857616, 718.645695, 162.619205, 
            718.645695, 154.142384, 718.645695, 152.023179, 
            718.645695, 147.784768, 718.645695, 141.427152, 
            718.645695, 139.307947, 718.645695, 135.069536, 
            718.645695, 132.950331, 718.645695, 128.711921, 
            718.645695, 126.592715, 718.645695, 122.354305, 
            718.645695, 120.235099, 718.645695, 115.996689, 
            718.645695, 113.877483, 718.645695, 109.639073, 
            718.645695, 107.519868, 718.645695, 99.043046, 
            718.645695, 96.923841, 718.645695, 94.804636, 
            718.645695, 90.566225, 718.645695, 86.327815, 
            718.645695, 84.208609, 718.645695, 82.089404, 
            718.645695, 77.850993, 718.645695, 75.731788, 
            718.645695, 73.612583, 718.645695, 71.493377, 
            718.645695, 69.374172, 718.645695, 65.135762, 
            718.645695, 60.897351, 718.645695, 56.658940, 
            718.645695, 52.420530, 718.645695, 48.182119, 
            718.645695, 46.062914, 718.645695, 43.943709, 
            718.645695, 41.824503, 718.645695, 39.705298, 
            718.645695, 37.586093, 718.645695, 33.347682, 
            718.645695, 31.228477, 718.645695, 26.990066, 
            718.645695, 22.751656, 718.645695, 12.155629, 
            716.526490, 10.036424, 716.526490, -1.000000, 
            -1.000000, 624.605960, 655.069536, 626.725166, 
            655.069536, 628.844371, 655.069536, 633.082781, 
            655.069536, 635.201987, 657.188742, 637.321192, 
            657.188742, 641.559603, 657.188742, 643.678808, 
            657.188742, 645.798013, 657.188742, 647.917219, 
            657.188742, 650.036424, 657.188742, 650.036424, 
            655.069536, 652.155629, 655.069536, 656.394040, 
            655.069536, 658.513245, 652.950331, 660.632450, 
            652.950331, 662.751656, 652.950331, 664.870861, 
