%YAML:1.0
    mask: !!opencv-matrix
        rows: 836
        cols: 2
        dt: f
        data: [ -1.000000, -1.000000, 833.881295, 
            461.794964, 832.858114, 461.794964, 831.834932, 
            462.818145, 830.811751, 463.841327, 828.765388, 
            464.864508, 827.742206, 465.887690, 826.719025, 
            466.910871, 825.695843, 467.934053, 823.649480, 
            467.934053, 822.626299, 468.957234, 821.603118, 
            471.003597, 819.556755, 472.026779, 817.510392, 
            474.073141, 815.464029, 475.096323, 813.417666, 
            477.142686, 812.394484, 478.165867, 810.348122, 
            480.212230, 808.301759, 483.281775, 805.232214, 
            486.351319, 805.232214, 487.374500, 804.209033, 
            488.397682, 803.185851, 489.420863, 802.162670, 
            490.444045, 800.116307, 492.490408, 798.069944, 
            495.559952, 796.023581, 497.606315, 793.977218, 
            499.652678, 793.977218, 501.699041, 791.930855, 
            502.722222, 790.907674, 503.745404, 790.907674, 
            504.768585, 788.861311, 506.814948, 787.838129, 
            508.861311, 786.814948, 508.861311, 783.745404, 
            509.884492, 781.699041, 511.930855, 779.652678, 
            512.954037, 776.583133, 513.977218, 773.513589, 
            515.000400, 772.490408, 515.000400, 770.444045, 
            515.000400, 768.397682, 513.977218, 767.374500, 
            513.977218, 764.304956, 512.954037, 763.281775, 
            511.930855, 761.235412, 509.884492, 760.212230, 
            507.838129, 758.165867, 506.814948, 755.096323, 
            503.745404, 754.073141, 502.722222, 752.026779, 
            500.675859, 751.003597, 499.652678, 751.003597, 
            498.629496, 748.957234, 497.606315, 747.934053, 
            496.583133, 746.910871, 495.559952, 744.864508, 
            494.536771, 743.841327, 493.513589, 741.794964, 
            491.467226, 740.771783, 490.444045, 739.748601, 
            488.397682, 737.702238, 487.374500, 736.679057, 
            486.351319, 734.632694, 484.304956, 732.586331, 
            482.258593, 731.563149, 481.235412, 730.539968, 
            480.212230, 729.516787, 480.212230, 728.493605, 
            480.212230, 727.470424, 479.189049, 725.424061, 
            478.165867, 725.424061, 477.142686, 722.354516, 
            476.119504, 721.331335, 475.096323, 720.308153, 
            474.073141, 719.284972, 473.049960, 717.238609, 
            473.049960, 717.238609, 472.026779, 714.169065, 
            471.003597, 713.145883, 469.980416, 712.122702, 
            469.980416, 710.076339, 468.957234, 709.053157, 
            467.934053, 707.006795, 466.910871, 705.983613, 
            465.887690, 703.937250, 464.864508, 703.937250, 
            463.841327, 702.914069, 463.841327, 701.890887, 
            463.841327, 699.844524, 461.794964, 697.798161, 
            460.771783, 696.774980, 460.771783, 695.751799, 
            459.748601, 693.705436, 458.725420, 692.682254, 
            458.725420, 690.635891, 456.679057, 689.612710, 
            455.655875, 687.566347, 453.609512, 686.543165, 
            450.539968, 685.519984, 449.516787, 684.496803, 
            449.516787, 683.473621, 447.470424, 683.473621, 
            446.447242, 683.473621, 444.400879, 683.473621, 
            442.354516, 683.473621, 440.308153, 684.496803, 
            439.284972, 685.519984, 438.261791, 686.543165, 
            437.238609, 686.543165, 436.215428, 688.589528, 
            436.215428, 688.589528, 435.192246, 689.612710, 
            435.192246, 689.612710, 434.169065, 691.659073, 
            433.145883, 692.682254, 432.122702, 693.705436, 
            432.122702, 694.728617, 432.122702, 695.751799, 
            432.122702, 696.774980, 432.122702, 698.821343, 
            431.099520, 700.867706, 430.076339, 702.914069, 
            429.053157, 704.960432, 427.006795, 705.983613, 
            425.983613, 707.006795, 424.960432, 708.029976, 
            422.914069, 708.029976, 421.890887, 708.029976, 
            420.867706, 709.053157, 419.844524, 710.076339, 
            416.774980, 710.076339, 413.705436, 711.099520, 
            411.659073, 711.099520, 408.589528, 711.099520, 
            406.543165, 712.122702, 402.450440, 713.145883, 
            400.404077, 713.145883, 398.357714, 713.145883, 
            397.334532, 713.145883, 396.311351, 714.169065, 
            394.264988, 714.169065, 391.195444, 716.215428, 
            389.149081, 717.238609, 387.102718, 717.238609, 
            386.079536, 719.284972, 383.009992, 719.284972, 
            379.940448, 720.308153, 377.894085, 720.308153, 
            375.847722, 720.308153, 372.778177, 721.331335, 
            370.731815, 721.331335, 368.685452, 722.354516, 
            367.662270, 722.354516, 366.639089, 722.354516, 
            365.615907, 723.377698, 363.569544, 725.424061, 
            362.546363, 725.424061, 360.500000, 726.447242, 
            359.476819, 728.493605, 357.430456, 730.539968, 
            354.360911, 734.632694, 352.314548, 735.655875, 
            348.221823, 738.725420, 346.175460, 740.771783, 
            343.105915, 742.818145, 341.059552, 745.887690, 
            337.990008, 746.910871, 335.943645, 748.957234, 
            334.920464, 751.003597, 332.874101, 752.026779, 
            331.850919, 753.049960, 331.850919, 754.073141, 
            330.827738, 757.142686, 328.781375, 759.189049, 
            326.735012, 761.235412, 325.711831, 762.258593, 
            324.688649, 763.281775, 324.688649, 765.328137, 
            322.642286, 767.374500, 322.642286, 769.420863, 
            321.619105, 771.467226, 320.595923, 774.536771, 
            319.572742, 776.583133, 319.572742, 778.629496, 
            319.572742, 780.675859, 318.549560, 782.722222, 
            318.549560, 784.768585, 318.549560, 785.791767, 
            317.526379, 788.861311, 317.526379, 789.884492, 
            317.526379, 790.907674, 317.526379, 791.930855, 
            317.526379, 792.954037, 317.526379, 795.000400, 
            317.526379, 797.046763, 317.526379, 799.093125, 
            317.526379, 800.116307, 317.526379, 802.162670, 
            317.526379, 803.185851, 317.526379, 805.232214, 
            317.526379, 806.255396, 317.526379, 808.301759, 
            317.526379, 810.348122, 317.526379, 811.371303, 
            318.549560, 812.394484, 318.549560, 814.440847, 
            318.549560, 816.487210, 318.549560, 818.533573, 
            318.549560, 820.579936, 318.549560, 822.626299, 
            318.549560, 822.626299, 319.572742, 823.649480, 
            319.572742, 826.719025, 319.572742, 828.765388, 
            319.572742, 829.788569, 319.572742, 830.811751, 
            319.572742, 832.858114, 319.572742, 833.881295, 
            319.572742, 834.904476, 319.572742, 834.904476, 
            320.595923, 835.927658, 320.595923, 836.950839, 
            321.619105, 837.974021, 322.642286, 840.020384, 
            324.688649, 841.043565, 325.711831, 844.113110, 
            326.735012, 845.136291, 327.758193, 846.159472, 
            328.781375, 846.159472, 329.804556, 848.205835, 
            330.827738, 849.229017, 331.850919, 849.229017, 
            332.874101, 851.275380, 333.897282, 852.298561, 
            334.920464, 853.321743, 335.943645, 853.321743, 
            336.966827, 855.368106, 337.990008, 856.391287, 
            340.036371, 858.437650, 341.059552, 860.484013, 
            343.105915, 861.507194, 343.105915, 863.553557, 
            344.129097, 865.599920, 344.129097, 865.599920, 
            345.152278, 867.646283, 346.175460, 869.692646, 
            346.175460, 871.739009, 347.198641, 872.762190, 
            348.221823, 873.785372, 348.221823, 874.808553, 
            349.245004, 875.831735, 349.245004, 875.831735, 
            350.268185, 877.878098, 351.291367, 878.901279, 
            351.291367, 878.901279, 353.337730, 880.947642, 
