%YAML:1.0
    mask: !!opencv-matrix
        rows: 625
        cols: 2
        dt: f
        data: [ -1.000000, -1.000000, 920.912371, 
            702.932990, 915.634021, 701.613402, 909.036082, 
            696.335052, 903.757732, 693.695876, 894.520619, 
            687.097938, 890.561856, 683.139175, 877.365979, 
            673.902062, 866.809278, 668.623711, 862.850515, 
            667.304124, 858.891753, 665.984536, 845.695876, 
            662.025773, 840.417526, 659.386598, 839.097938, 
            658.067010, 833.819588, 656.747423, 829.860825, 
            654.108247, 824.582474, 651.469072, 819.304124, 
            648.829897, 816.664948, 647.510309, 812.706186, 
            646.190722, 804.788660, 642.231959, 799.510309, 
            639.592784, 798.190722, 638.273196, 795.551546, 
            636.953608, 791.592784, 635.634021, 786.314433, 
            632.994845, 781.036082, 630.355670, 778.396907, 
            630.355670, 773.118557, 629.036082, 767.840206, 
            629.036082, 766.520619, 629.036082, 763.881443, 
            629.036082, 759.922680, 629.036082, 755.963918, 
            629.036082, 752.005155, 629.036082, 748.046392, 
            629.036082, 742.768041, 630.355670, 736.170103, 
            631.675258, 734.850515, 631.675258, 726.932990, 
            632.994845, 725.613402, 632.994845, 721.654639, 
            632.994845, 713.737113, 632.994845, 709.778351, 
            632.994845, 705.819588, 634.314433, 699.221649, 
            634.314433, 697.902062, 634.314433, 695.262887, 
            634.314433, 691.304124, 634.314433, 688.664948, 
            634.314433, 682.067010, 634.314433, 679.427835, 
            634.314433, 678.108247, 634.314433, 675.469072, 
            634.314433, 670.190722, 634.314433, 668.871134, 
            634.314433, 667.551546, 634.314433, 664.912371, 
            632.994845, 664.912371, 631.675258, 663.592784, 
            627.716495, 662.273196, 623.757732, 662.273196, 
            617.159794, 662.273196, 615.840206, 662.273196, 
            613.201031, 664.912371, 609.242268, 666.231959, 
            607.922680, 668.871134, 606.603093, 670.190722, 
            606.603093, 674.149485, 605.283505, 675.469072, 
            603.963918, 678.108247, 603.963918, 682.067010, 
            602.644330, 684.706186, 602.644330, 687.345361, 
            602.644330, 696.582474, 600.005155, 699.221649, 
            600.005155, 700.541237, 600.005155, 708.458763, 
            596.046392, 709.778351, 596.046392, 712.417526, 
            594.726804, 719.015464, 590.768041, 720.335052, 
            590.768041, 724.293814, 589.448454, 729.572165, 
            588.128866, 740.128866, 584.170103, 746.726804, 
            582.850515, 752.005155, 581.530928, 757.283505, 
            578.891753, 762.561856, 577.572165, 765.201031, 
            576.252577, 766.520619, 574.932990, 770.479381, 
            573.613402, 771.798969, 572.293814, 771.798969, 
            570.974227, 774.438144, 568.335052, 775.757732, 
            567.015464, 777.077320, 565.695876, 777.077320, 
            564.376289, 777.077320, 563.056701, 778.396907, 
            563.056701, 778.396907, 561.737113, 778.396907, 
            557.778351, 778.396907, 552.500000, 779.716495, 
            548.541237, 779.716495, 547.221649, 778.396907, 
            547.221649, 775.757732, 547.221649, 774.438144, 
            547.221649, 769.159794, 547.221649, 762.561856, 
            548.541237, 761.242268, 549.860825, 758.603093, 
            549.860825, 752.005155, 551.180412, 749.365979, 
            551.180412, 745.407216, 552.500000, 742.768041, 
            553.819588, 737.489691, 555.139175, 733.530928, 
            555.139175, 729.572165, 556.458763, 720.335052, 
            559.097938, 715.056701, 560.417526, 708.458763, 
            561.737113, 705.819588, 561.737113, 703.180412, 
            563.056701, 701.860825, 563.056701, 699.221649, 
            563.056701, 697.902062, 563.056701, 695.262887, 
            563.056701, 692.623711, 563.056701, 691.304124, 
            564.376289, 689.984536, 564.376289, 688.664948, 
            564.376289, 686.025773, 564.376289, 682.067010, 
            564.376289, 680.747423, 564.376289, 679.427835, 
            563.056701, 678.108247, 561.737113, 676.788660, 
            560.417526, 676.788660, 556.458763, 676.788660, 
            555.139175, 679.427835, 552.500000, 680.747423, 
            551.180412, 684.706186, 548.541237, 689.984536, 
            545.902062, 695.262887, 541.943299, 703.180412, 
            537.984536, 704.500000, 537.984536, 707.139175, 
            535.345361, 716.376289, 534.025773, 719.015464, 
            532.706186, 720.335052, 531.386598, 722.974227, 
            530.067010, 725.613402, 528.747423, 728.252577, 
            527.427835, 730.891753, 526.108247, 734.850515, 
            524.788660, 741.448454, 520.829897, 742.768041, 
            520.829897, 745.407216, 518.190722, 748.046392, 
            515.551546, 748.046392, 514.231959, 748.046392, 
            512.912371, 748.046392, 510.273196, 748.046392, 
            508.953608, 748.046392, 506.314433, 746.726804, 
            506.314433, 745.407216, 506.314433, 741.448454, 
            506.314433, 738.809278, 506.314433, 737.489691, 
            506.314433, 736.170103, 506.314433, 725.613402, 
            507.634021, 720.335052, 508.953608, 719.015464, 
            510.273196, 709.778351, 512.912371, 705.819588, 
            514.231959, 697.902062, 516.871134, 686.025773, 
            518.190722, 683.386598, 518.190722, 680.747423, 
            519.510309, 678.108247, 519.510309, 674.149485, 
            519.510309, 671.510309, 519.510309, 666.231959, 
            519.510309, 663.592784, 519.510309, 662.273196, 
            518.190722, 662.273196, 516.871134, 660.953608, 
            516.871134, 658.314433, 512.912371, 655.675258, 
            511.592784, 655.675258, 510.273196, 655.675258, 
            508.953608, 655.675258, 507.634021, 655.675258, 
            504.994845, 656.994845, 503.675258, 658.314433, 
            502.355670, 660.953608, 499.716495, 664.912371, 
            497.077320, 667.551546, 494.438144, 672.829897, 
            490.479381, 675.469072, 487.840206, 675.469072, 
            486.520619, 676.788660, 483.881443, 679.427835, 
            481.242268, 679.427835, 479.922680, 680.747423, 
            479.922680, 683.386598, 478.603093, 684.706186, 
            477.283505, 687.345361, 475.963918, 689.984536, 
            474.644330, 691.304124, 474.644330, 692.623711, 
            473.324742, 704.500000, 472.005155, 705.819588, 
            472.005155, 707.139175, 472.005155, 709.778351, 
            472.005155, 713.737113, 472.005155, 716.376289, 
            472.005155, 725.613402, 474.644330, 729.572165, 
            474.644330, 730.891753, 474.644330, 736.170103, 
            474.644330, 737.489691, 474.644330, 744.087629, 
            474.644330, 748.046392, 474.644330, 750.685567, 
            474.644330, 753.324742, 474.644330, 758.603093, 
            474.644330, 763.881443, 474.644330, 765.201031, 
            474.644330, 767.840206, 474.644330, 771.798969, 
            474.644330, 773.118557, 474.644330, 774.438144, 
            474.644330, 778.396907, 472.005155, 779.716495, 
            470.685567, 779.716495, 469.365979, 779.716495, 
            466.726804, 777.077320, 461.448454, 767.840206, 
            458.809278, 766.520619, 458.809278, 765.201031, 
            456.170103, 762.561856, 450.891753, 761.242268, 
            449.572165, 759.922680, 446.932990, 758.603093, 
            444.293814, 757.283505, 441.654639, 755.963918, 
            440.335052, 754.644330, 436.376289, 753.324742, 
            433.737113, 752.005155, 429.778351, 750.685567, 
            427.139175, 750.685567, 425.819588, 749.365979, 
            424.500000, 748.046392, 421.860825, 746.726804, 
            419.221649, 746.726804, 417.902062, 744.087629, 
