%YAML:1.0
    mask: !!opencv-matrix
        rows: 330
        cols: 2
        dt: f
        data: [ 2.479381, 585.489691, 7.757732, 
            588.128866, 9.077320, 588.128866, 10.396907, 
            589.448454, 13.036082, 590.768041, 15.675258, 
            593.407216, 18.314433, 594.726804, 18.314433, 
            596.046392, 20.953608, 597.365979, 23.592784, 
            598.685567, 24.912371, 600.005155, 26.231959, 
            601.324742, 28.871134, 601.324742, 32.829897, 
            602.644330, 35.469072, 602.644330, 38.108247, 
            602.644330, 43.386598, 602.644330, 46.025773, 
            602.644330, 52.623711, 602.644330, 55.262887, 
            602.644330, 59.221649, 602.644330, 61.860825, 
            602.644330, 63.180412, 602.644330, 65.819588, 
            602.644330, 67.139175, 602.644330, 71.097938, 
            602.644330, 73.737113, 603.963918, 77.695876, 
            605.283505, 79.015464, 606.603093, 82.974227, 
            609.242268, 90.891753, 613.201031, 92.211340, 
            615.840206, 94.850515, 618.479381, 97.489691, 
            619.798969, 98.809278, 621.118557, 101.448454, 
            622.438144, 106.726804, 629.036082, 113.324742, 
            635.634021, 121.242268, 640.912371, 125.201031, 
            644.871134, 129.159794, 648.829897, 133.118557, 
            651.469072, 137.077320, 655.427835, 141.036082, 
            660.706186, 142.355670, 662.025773, 144.994845, 
            665.984536, 144.994845, 667.304124, 146.314433, 
            668.623711, 148.953608, 669.943299, 151.592784, 
            673.902062, 151.592784, 675.221649, 154.231959, 
            677.860825, 155.551546, 679.180412, 156.871134, 
            680.500000, 156.871134, 681.819588, 159.510309, 
            683.139175, 160.829897, 685.778351, 162.149485, 
            685.778351, 163.469072, 687.097938, 166.108247, 
            688.417526, 168.747423, 689.737113, 174.025773, 
            691.056701, 177.984536, 692.376289, 179.304124, 
            692.376289, 180.623711, 692.376289, 181.943299, 
            693.695876, 184.582474, 698.974227, 185.902062, 
            700.293814, 185.902062, 702.932990, 187.221649, 
            704.252577, 187.221649, 705.572165, 187.221649, 
            706.891753, 187.221649, 708.211340, 187.221649, 
            709.530928, 184.582474, 712.170103, 181.943299, 
            713.489691, 176.664948, 716.128866, 168.747423, 
            717.448454, 162.149485, 718.768041, 155.551546, 
            718.768041, 147.634021, 718.768041, 137.077320, 
            718.768041, 127.840206, 718.768041, 121.242268, 
            718.768041, 110.685567, 718.768041, 102.768041, 
            718.768041, 98.809278, 718.768041, 97.489691, 
            718.768041, 93.530928, 718.768041, 86.932990, 
            718.768041, 79.015464, 718.768041, 76.376289, 
            718.768041, 75.056701, 718.768041, 73.737113, 
            717.448454, 73.737113, 716.128866, 72.417526, 
            712.170103, 72.417526, 710.850515, 71.097938, 
            704.252577, 69.778351, 701.613402, 68.458763, 
            697.654639, 65.819588, 695.015464, 65.819588, 
            693.695876, 64.500000, 692.376289, 61.860825, 
            692.376289, 56.582474, 691.056701, 47.345361, 
            689.737113, 40.747423, 689.737113, 38.108247, 
            689.737113, 34.149485, 689.737113, 26.231959, 
            692.376289, 24.912371, 693.695876, 20.953608, 
            695.015464, 19.634021, 695.015464, 16.994845, 
            695.015464, 16.994845, 696.335052, 14.355670, 
            696.335052, 11.716495, 696.335052, 9.077320, 
            696.335052, 7.757732, 696.335052, 6.438144, 
            696.335052, 6.438144, 695.015464, 5.118557, 
            693.695876, -1.000000, -1.000000, 610.809278, 
            713.489691, 604.211340, 712.170103, 602.891753, 
            709.530928, 602.891753, 708.211340, 601.572165, 
            704.252577, 601.572165, 702.932990, 602.891753, 
            700.293814, 605.530928, 697.654639, 609.489691, 
            695.015464, 612.128866, 692.376289, 613.448454, 
            692.376289, 613.448454, 691.056701, 614.768041, 
            689.737113, 614.768041, 688.417526, 616.087629, 
            684.458763, 616.087629, 681.819588, 614.768041, 
            676.541237, 614.768041, 673.902062, 614.768041, 
            668.623711, 614.768041, 667.304124, 614.768041, 
            664.664948, 616.087629, 656.747423, 616.087629, 
            655.427835, 617.407216, 651.469072, 617.407216, 
            648.829897, 620.046392, 642.231959, 622.685567, 
            635.634021, 627.963918, 627.716495, 629.283505, 
            623.757732, 633.242268, 617.159794, 634.561856, 
            614.520619, 638.520619, 607.922680, 639.840206, 
            605.283505, 643.798969, 601.324742, 654.355670, 
            589.448454, 659.634021, 584.170103, 662.273196, 
            582.850515, 663.592784, 580.211340, 666.231959, 
            578.891753, 670.190722, 574.932990, 671.510309, 
            574.932990, 672.829897, 573.613402, 675.469072, 
            572.293814, 678.108247, 570.974227, 679.427835, 
            570.974227, 683.386598, 570.974227, 691.304124, 
            570.974227, 695.262887, 570.974227, 700.541237, 
            570.974227, 705.819588, 570.974227, 713.737113, 
            569.654639, 722.974227, 568.335052, 725.613402, 
            567.015464, 732.211340, 565.695876, 746.726804, 
            561.737113, 749.365979, 560.417526, 753.324742, 
            559.097938, 759.922680, 555.139175, 762.561856, 
            553.819588, 771.798969, 551.180412, 774.438144, 
            551.180412, 779.716495, 551.180412, 786.314433, 
            553.819588, 802.149485, 561.737113, 806.108247, 
            563.056701, 812.706186, 565.695876, 824.582474, 
            569.654639, 829.860825, 570.974227, 833.819588, 
            570.974227, 836.458763, 572.293814, 841.737113, 
            573.613402, 844.376289, 573.613402, 858.891753, 
            578.891753, 869.448454, 584.170103, 878.685567, 
            588.128866, 885.283505, 592.087629, 902.438144, 
            600.005155, 914.314433, 606.603093, 920.912371, 
            610.561856, 936.747423, 617.159794, 948.623711, 
            623.757732, 956.541237, 626.396907, 964.458763, 
            630.355670, 973.695876, 634.314433, 976.335052, 
            634.314433, 980.293814, 636.953608, 982.932990, 
            638.273196, 989.530928, 640.912371, 1005.365979, 
            648.829897, 1017.242268, 654.108247, 1031.757732, 
            663.345361, 1037.036082, 664.664948, 1047.592784, 
            669.943299, 1067.386598, 680.500000, 1075.304124, 
            685.778351, 1076.623711, 687.097938, 1087.180412, 
            692.376289, 1097.737113, 697.654639, 1105.654639, 
            701.613402, 1113.572165, 706.891753, 1120.170103, 
            709.530928, 1121.489691, 709.530928, 1122.809278, 
            710.850515, 1125.448454, 713.489691, 1128.087629, 
            714.809278, 1130.726804, 717.448454, 1133.365979, 
            718.768041, -1.000000, -1.000000, 614.768041, 
            223.922680, 609.489691, 223.922680, 605.530928, 
            223.922680, 588.376289, 223.922680, 577.819588, 
            225.242268, 560.664948, 226.561856, 531.634021, 
            227.881443, 528.994845, 227.881443, 522.396907, 
            227.881443, 513.159794, 229.201031, 501.283505, 
            231.840206, 496.005155, 233.159794, 482.809278, 
            237.118557, 474.891753, 239.757732, 473.572165, 
            241.077320, 465.654639, 247.675258, 463.015464, 
            251.634021, 456.417526, 258.231959, 452.458763, 
            263.510309, 448.500000, 271.427835, 445.860825, 
            274.067010, 440.582474, 283.304124, 433.984536, 
            295.180412, 430.025773, 303.097938, 424.747423, 
            320.252577, 424.747423, 325.530928, 424.747423, 
            326.850515, 422.108247, 338.726804, 420.788660, 
