%YAML:1.0
    mask: !!opencv-matrix
        rows: 299
        cols: 2
        dt: f
        data: [ -1.000000, -1.000000, -1.000000, 
            -1.000000, 748.046392, 312.335052, 746.726804, 
            312.335052, 744.087629, 312.335052, 737.489691, 
            312.335052, 736.170103, 312.335052, 733.530928, 
            313.654639, 732.211340, 313.654639, 730.891753, 
            313.654639, 726.932990, 313.654639, 722.974227, 
            314.974227, 719.015464, 317.613402, 716.376289, 
            318.932990, 713.737113, 318.932990, 712.417526, 
            320.252577, 708.458763, 321.572165, 705.819588, 
            322.891753, 704.500000, 324.211340, 700.541237, 
            325.530928, 699.221649, 326.850515, 695.262887, 
            328.170103, 692.623711, 328.170103, 689.984536, 
            330.809278, 688.664948, 330.809278, 686.025773, 
            332.128866, 684.706186, 332.128866, 683.386598, 
            333.448454, 680.747423, 334.768041, 680.747423, 
            336.087629, 679.427835, 337.407216, 678.108247, 
            338.726804, 678.108247, 340.046392, 676.788660, 
            344.005155, 676.788660, 345.324742, 675.469072, 
            347.963918, 675.469072, 349.283505, 675.469072, 
            351.922680, 675.469072, 354.561856, 674.149485, 
            355.881443, 674.149485, 357.201031, 675.469072, 
            359.840206, 676.788660, 361.159794, 678.108247, 
            361.159794, 682.067010, 363.798969, 683.386598, 
            363.798969, 684.706186, 363.798969, 686.025773, 
            361.159794, 689.984536, 357.201031, 691.304124, 
            357.201031, 692.623711, 355.881443, 695.262887, 
            354.561856, 695.262887, 355.881443, 695.262887, 
            358.520619, 695.262887, 361.159794, 693.943299, 
            363.798969, 691.304124, 366.438144, 689.984536, 
            369.077320, 688.664948, 371.716495, 688.664948, 
            374.355670, 688.664948, 375.675258, 684.706186, 
            379.634021, 684.706186, 380.953608, 683.386598, 
            383.592784, 682.067010, 386.231959, 682.067010, 
            387.551546, 682.067010, 394.149485, 682.067010, 
            395.469072, 683.386598, 396.788660, 686.025773, 
            398.108247, 687.345361, 399.427835, 689.984536, 
            400.747423, 693.943299, 402.067010, 696.582474, 
            402.067010, 701.860825, 402.067010, 704.500000, 
            400.747423, 705.819588, 400.747423, 707.139175, 
            400.747423, 708.458763, 400.747423, 712.417526, 
            400.747423, 713.737113, 400.747423, 715.056701, 
            400.747423, 716.376289, 396.788660, 720.335052, 
            391.510309, 721.654639, 391.510309, 724.293814, 
            390.190722, 725.613402, 390.190722, 726.932990, 
            390.190722, 728.252577, 390.190722, 730.891753, 
            390.190722, 732.211340, 390.190722, 734.850515, 
            394.149485, 736.170103, 395.469072, 738.809278, 
            398.108247, 738.809278, 399.427835, 740.128866, 
            402.067010, 740.128866, 406.025773, 741.448454, 
            407.345361, 741.448454, 409.984536, 741.448454, 
            412.623711, 742.768041, 412.623711, 744.087629, 
            413.943299, 744.087629, 415.262887, 745.407216, 
            415.262887, 746.726804, 415.262887, 748.046392, 
            415.262887, 754.644330, 416.582474, 758.603093, 
            416.582474, 761.242268, 416.582474, 762.561856, 
            416.582474, 763.881443, 417.902062, 765.201031, 
            417.902062, 766.520619, 419.221649, 767.840206, 
            420.541237, 769.159794, 420.541237, 771.798969, 
            420.541237, 773.118557, 419.221649, 775.757732, 
            417.902062, 778.396907, 416.582474, 783.675258, 
            411.304124, 786.314433, 408.664948, 787.634021, 
            407.345361, 791.592784, 404.706186, 794.231959, 
            403.386598, 796.871134, 402.067010, 800.829897, 
            399.427835, 803.469072, 398.108247, 807.427835, 
            394.149485, 810.067010, 388.871134, 810.067010, 
            386.231959, 812.706186, 380.953608, 814.025773, 
            375.675258, 815.345361, 370.396907, 815.345361, 
            366.438144, 817.984536, 363.798969, 817.984536, 
            362.479381, 817.984536, 359.840206, 819.304124, 
            358.520619, 819.304124, 357.201031, 820.623711, 
            354.561856, 821.943299, 347.963918, 821.943299, 
            342.685567, 821.943299, 337.407216, 821.943299, 
            336.087629, 821.943299, 334.768041, 819.304124, 
            332.128866, 817.984536, 329.489691, 807.427835, 
            320.252577, 804.788660, 317.613402, 803.469072, 
            316.293814, 799.510309, 314.974227, 795.551546, 
            314.974227, 787.634021, 313.654639, 784.994845, 
            312.335052, 782.355670, 311.015464, 777.077320, 
            311.015464, 771.798969, 309.695876, 767.840206, 
            309.695876, -1.000000, -1.000000, 431.345361, 
            314.974227, 431.345361, 320.252577, 433.984536, 
            325.530928, 439.262887, 333.448454, 444.541237, 
            341.365979, 445.860825, 344.005155, 449.819588, 
            347.963918, 452.458763, 350.603093, 455.097938, 
            354.561856, 459.056701, 358.520619, 460.376289, 
            359.840206, 464.335052, 365.118557, 466.974227, 
            369.077320, 469.613402, 371.716495, 473.572165, 
            378.314433, 477.530928, 382.273196, 480.170103, 
            383.592784, 484.128866, 387.551546, 485.448454, 
            387.551546, 488.087629, 391.510309, 492.046392, 
            392.829897, 494.685567, 395.469072, 498.644330, 
            399.427835, 503.922680, 406.025773, 506.561856, 
            409.984536, 509.201031, 412.623711, 513.159794, 
            416.582474, 517.118557, 417.902062, 519.757732, 
            420.541237, 525.036082, 424.500000, 526.355670, 
            425.819588, 530.314433, 428.458763, 532.953608, 
            431.097938, 535.592784, 433.737113, 539.551546, 
            437.695876, 543.510309, 439.015464, 551.427835, 
            442.974227, 552.747423, 442.974227, 555.386598, 
            444.293814, 563.304124, 445.613402, 568.582474, 
            446.932990, 571.221649, 446.932990, 572.541237, 
            446.932990, 576.500000, 446.932990, 579.139175, 
            446.932990, 584.417526, 445.613402, 588.376289, 
            445.613402, 588.376289, 444.293814, 592.335052, 
            444.293814, 594.974227, 442.974227, 598.932990, 
            441.654639, 602.891753, 440.335052, 605.530928, 
            439.015464, 608.170103, 439.015464, 617.407216, 
            435.056701, 620.046392, 433.737113, 621.365979, 
            433.737113, 622.685567, 433.737113, 625.324742, 
            433.737113, 626.644330, 432.417526, 627.963918, 
            432.417526, 629.283505, 432.417526, 631.922680, 
            432.417526, 634.561856, 432.417526, 638.520619, 
            431.097938, 639.840206, 429.778351, 641.159794, 
            429.778351, 642.479381, 428.458763, 643.798969, 
            428.458763, 646.438144, 425.819588, 647.757732, 
            424.500000, 650.396907, 423.180412, 651.716495, 
            420.541237, 653.036082, 416.582474, 653.036082, 
            415.262887, 653.036082, 408.664948, 651.716495, 
            400.747423, 651.716495, 398.108247, 650.396907, 
            394.149485, 650.396907, 391.510309, 646.438144, 
            383.592784, 646.438144, 382.273196, 643.798969, 
            374.355670, 642.479381, 370.396907, 639.840206, 
            366.438144, 635.881443, 357.201031, 634.561856, 
            354.561856, 631.922680, 347.963918, 630.603093, 
            344.005155, 629.283505, 342.685567, 627.963918, 
            338.726804, 626.644330, 336.087629, 624.005155, 
            332.128866, 622.685567, 328.170103, 616.087629, 
            317.613402, 614.768041, 316.293814, 612.128866, 
            312.335052, 610.809278, 311.015464, 608.170103, 
            307.056701, 606.850515, 304.417526, 604.211340, 
