%YAML:1.0
    mask: !!opencv-matrix
        rows: 659
        cols: 2
        dt: f
        data: [ 389.118557, 718.768041, 394.396907, 
            710.850515, 399.675258, 705.572165, 403.634021, 
            701.613402, 410.231959, 696.335052, 415.510309, 
            687.097938, 419.469072, 679.180412, 426.067010, 
            669.943299, 428.706186, 664.664948, 430.025773, 
            662.025773, 431.345361, 659.386598, 433.984536, 
            655.427835, 435.304124, 652.788660, 440.582474, 
            646.190722, 441.902062, 642.231959, 444.541237, 
            638.273196, 445.860825, 635.634021, 451.139175, 
            630.355670, 455.097938, 625.077320, 457.737113, 
            621.118557, 457.737113, 619.798969, 459.056701, 
            618.479381, 460.376289, 617.159794, 461.695876, 
            617.159794, 463.015464, 617.159794, 464.335052, 
            617.159794, 465.654639, 617.159794, 468.293814, 
            617.159794, 470.932990, 619.798969, 473.572165, 
            621.118557, 476.211340, 622.438144, 482.809278, 
            622.438144, 489.407216, 621.118557, 492.046392, 
            619.798969, 496.005155, 617.159794, 497.324742, 
            617.159794, 498.644330, 615.840206, 499.963918, 
            614.520619, 505.242268, 610.561856, 507.881443, 
            609.242268, 509.201031, 609.242268, 510.520619, 
            609.242268, 513.159794, 610.561856, 517.118557, 
            615.840206, 519.757732, 619.798969, 523.716495, 
            625.077320, 525.036082, 626.396907, 526.355670, 
            627.716495, 532.953608, 632.994845, 534.273196, 
            634.314433, 536.912371, 636.953608, 539.551546, 
            636.953608, 543.510309, 632.994845, 547.469072, 
            630.355670, 547.469072, 629.036082, 550.108247, 
            626.396907, 551.427835, 625.077320, 552.747423, 
            625.077320, 554.067010, 623.757732, 555.386598, 
            623.757732, 556.706186, 623.757732, 558.025773, 
            623.757732, 559.345361, 623.757732, 560.664948, 
            623.757732, 561.984536, 623.757732, 563.304124, 
            625.077320, 568.582474, 629.036082, 569.902062, 
            630.355670, 575.180412, 635.634021, 576.500000, 
            638.273196, 577.819588, 640.912371, 579.139175, 
            644.871134, 580.458763, 646.190722, 588.376289, 
            651.469072, 592.335052, 654.108247, 593.654639, 
            654.108247, 593.654639, 655.427835, 594.974227, 
            655.427835, 594.974227, 656.747423, 596.293814, 
            659.386598, 596.293814, 662.025773, 596.293814, 
            663.345361, 594.974227, 669.943299, 593.654639, 
            671.262887, 591.015464, 673.902062, 588.376289, 
            680.500000, 585.737113, 683.139175, 584.417526, 
            685.778351, 581.778351, 693.695876, 580.458763, 
            696.335052, 577.819588, 700.293814, 577.819588, 
            701.613402, 573.860825, 705.572165, 571.221649, 
            709.530928, 571.221649, 712.170103, 571.221649, 
            713.489691, 569.902062, 714.809278, 568.582474, 
            717.448454, 567.262887, 718.768041, -1.000000, 
            -1.000000, 887.922680, 700.293814, 881.324742, 
            696.335052, 873.407216, 687.097938, 865.489691, 
            680.500000, 862.850515, 675.221649, 861.530928, 
            675.221649, 861.530928, 673.902062, 860.211340, 
            673.902062, 858.891753, 673.902062, 844.376289, 
            673.902062, 841.737113, 673.902062, 840.417526, 
            673.902062, 839.097938, 672.582474, 839.097938, 
            671.262887, 839.097938, 669.943299, 836.458763, 
            667.304124, 836.458763, 665.984536, 835.139175, 
            664.664948, 835.139175, 663.345361, 835.139175, 
            659.386598, 835.139175, 658.067010, 837.778351, 
            656.747423, 839.097938, 655.427835, 843.056701, 
            654.108247, 845.695876, 652.788660, 849.654639, 
            651.469072, 853.613402, 650.149485, 857.572165, 
            647.510309, 857.572165, 646.190722, 858.891753, 
            646.190722, 860.211340, 644.871134, 860.211340, 
            643.551546, 860.211340, 640.912371, 860.211340, 
            638.273196, 860.211340, 630.355670, 858.891753, 
            625.077320, 857.572165, 623.757732, 856.252577, 
            621.118557, 854.932990, 619.798969, 853.613402, 
            618.479381, 852.293814, 618.479381, 845.695876, 
            614.520619, 843.056701, 611.881443, 837.778351, 
            607.922680, 835.139175, 606.603093, 832.500000, 
            603.963918, 831.180412, 603.963918, 828.541237, 
            601.324742, 827.221649, 600.005155, 824.582474, 
            598.685567, 821.943299, 596.046392, 820.623711, 
            594.726804, 817.984536, 590.768041, 816.664948, 
            589.448454, 814.025773, 586.809278, 812.706186, 
            584.170103, 812.706186, 580.211340, 812.706186, 
            578.891753, 812.706186, 573.613402, 815.345361, 
            565.695876, 819.304124, 559.097938, 820.623711, 
            557.778351, 824.582474, 555.139175, 827.221649, 
            553.819588, 828.541237, 553.819588, 829.860825, 
            553.819588, 833.819588, 556.458763, 837.778351, 
            560.417526, 844.376289, 565.695876, 848.335052, 
            568.335052, 853.613402, 572.293814, 856.252577, 
            574.932990, 861.530928, 580.211340, 865.489691, 
            582.850515, 870.768041, 586.809278, 876.046392, 
            589.448454, 877.365979, 590.768041, 878.685567, 
            592.087629, 882.644330, 594.726804, 886.603093, 
            597.365979, 887.922680, 598.685567, 890.561856, 
            600.005155, 891.881443, 600.005155, 895.840206, 
            601.324742, 897.159794, 601.324742, 899.798969, 
            601.324742, 902.438144, 602.644330, 903.757732, 
            602.644330, 905.077320, 601.324742, 910.355670, 
            596.046392, 911.675258, 592.087629, 911.675258, 
            590.768041, 911.675258, 589.448454, 911.675258, 
            586.809278, 911.675258, 584.170103, 911.675258, 
            581.530928, 911.675258, 580.211340, 910.355670, 
            577.572165, 907.716495, 574.932990, 902.438144, 
            573.613402, 893.201031, 573.613402, 882.644330, 
            573.613402, 881.324742, 573.613402, 880.005155, 
            573.613402, 878.685567, 573.613402, 877.365979, 
            570.974227, 876.046392, 570.974227, 874.726804, 
            568.335052, 874.726804, 563.056701, 874.726804, 
            559.097938, 874.726804, 556.458763, 874.726804, 
            555.139175, 876.046392, 553.819588, 881.324742, 
            552.500000, 885.283505, 551.180412, 889.242268, 
            549.860825, 891.881443, 548.541237, 897.159794, 
            547.221649, 899.798969, 545.902062, 901.118557, 
            545.902062, 902.438144, 545.902062, 905.077320, 
            544.582474, 909.036082, 540.623711, 910.355670, 
            537.984536, 910.355670, 536.664948, 910.355670, 
            535.345361, 909.036082, 535.345361, 907.716495, 
            534.025773, 902.438144, 532.706186, 895.840206, 
            531.386598, 887.922680, 531.386598, 885.283505, 
            531.386598, 877.365979, 531.386598, 869.448454, 
            531.386598, 865.489691, 531.386598, 861.530928, 
            531.386598, 858.891753, 531.386598, 857.572165, 
            531.386598, 854.932990, 530.067010, 853.613402, 
            528.747423, 852.293814, 528.747423, 852.293814, 
            527.427835, 850.974227, 526.108247, 849.654639, 
            524.788660, 848.335052, 523.469072, 848.335052, 
            522.149485, 848.335052, 519.510309, 848.335052, 
            518.190722, 848.335052, 516.871134, 850.974227, 
            515.551546, 860.211340, 511.592784, 870.768041, 
            510.273196, 878.685567, 508.953608, 883.963918, 
            508.953608, 885.283505, 508.953608, 887.922680, 
            507.634021, 894.520619, 507.634021, 907.716495, 
