%YAML:1.0
    mask: !!opencv-matrix
        rows: 1591
        cols: 2
        dt: f
        data: [ 239.108696, 2.934783, 237.717391, 
            4.326087, 236.326087, 5.717391, 234.934783, 
            7.108696, 233.543478, 9.891304, 232.152174, 
            12.673913, 230.760870, 14.065217, 229.369565, 
            15.456522, 229.369565, 16.847826, 229.369565, 
            19.630435, 227.978261, 19.630435, 226.586957, 
            21.021739, 226.586957, 22.413043, 225.195652, 
            23.804348, 223.804348, 26.586957, 222.413043, 
            27.978261, 222.413043, 30.760870, 221.021739, 
            30.760870, 221.021739, 32.152174, 219.630435, 
            34.934783, 218.239130, 36.326087, 218.239130, 
            37.717391, 216.847826, 39.108696, 214.065217, 
            41.891304, 214.065217, 43.282609, 212.673913, 
            44.673913, 209.891304, 47.456522, 209.891304, 
            48.847826, 208.500000, 50.239130, 207.108696, 
            53.021739, 205.717391, 53.021739, 204.326087, 
            57.195652, 202.934783, 59.978261, 201.543478, 
            62.760870, 200.152174, 64.152174, 198.760870, 
            64.152174, 197.369565, 66.934783, 195.978261, 
            69.717391, 194.586957, 71.108696, 194.586957, 
            72.500000, 193.195652, 72.500000, 193.195652, 
            73.891304, 193.195652, 75.282609, 193.195652, 
            76.673913, 191.804348, 78.065217, 190.413043, 
            79.456522, 189.021739, 80.847826, 187.630435, 
            85.021739, 184.847826, 89.195652, 183.456522, 
            89.195652, 183.456522, 91.978261, 180.673913, 
            93.369565, 179.282609, 96.152174, 177.891304, 
            98.934783, 177.891304, 100.326087, 177.891304, 
            101.717391, 176.500000, 103.108696, 175.108696, 
            105.891304, 172.326087, 108.673913, 172.326087, 
            110.065217, 170.934783, 112.847826, 169.543478, 
            114.239130, 168.152174, 117.021739, 166.760870, 
            119.804348, 165.369565, 121.195652, 163.978261, 
            123.978261, 162.586957, 126.760870, 161.195652, 
            129.543478, 158.413043, 133.717391, 157.021739, 
            135.108696, 157.021739, 136.500000, 157.021739, 
            137.891304, 155.630435, 139.282609, 155.630435, 
            140.673913, 155.630435, 142.065217, 155.630435, 
            144.847826, 154.239130, 146.239130, 154.239130, 
            149.021739, 152.847826, 150.413043, 152.847826, 
            153.195652, 152.847826, 154.586957, 152.847826, 
            157.369565, 152.847826, 158.760870, 151.456522, 
            161.543478, 150.065217, 165.717391, 150.065217, 
            169.891304, 150.065217, 171.282609, 150.065217, 
            174.065217, 150.065217, 175.456522, 150.065217, 
            178.239130, 150.065217, 179.630435, 148.673913, 
            179.630435, 148.673913, 182.413043, 148.673913, 
            183.804348, 147.282609, 185.195652, 145.891304, 
            186.586957, 145.891304, 187.978261, 145.891304, 
            190.760870, 144.500000, 194.934783, 143.108696, 
            199.108696, 141.717391, 200.500000, 140.326087, 
            204.673913, 137.543478, 208.847826, 137.543478, 
            211.630435, 137.543478, 213.021739, 137.543478, 
            214.413043, 136.152174, 217.195652, 136.152174, 
            218.586957, 136.152174, 219.978261, 136.152174, 
            221.369565, 133.369565, 222.760870, 133.369565, 
            224.152174, 133.369565, 225.543478, 133.369565, 
            226.934783, 133.369565, 229.717391, 133.369565, 
            232.500000, 133.369565, 233.891304, 133.369565, 
            238.065217, 133.369565, 239.456522, 133.369565, 
            240.847826, 133.369565, 243.630435, 133.369565, 
            245.021739, 133.369565, 246.413043, 133.369565, 
            250.586957, 133.369565, 251.978261, 133.369565, 
            256.152174, 133.369565, 257.543478, 133.369565, 
            258.934783, 133.369565, 260.326087, 136.152174, 
            263.108696, 137.543478, 264.500000, 137.543478, 
            265.891304, 138.934783, 267.282609, 140.326087, 
            267.282609, 141.717391, 267.282609, 143.108696, 
            268.673913, 144.500000, 270.065217, 145.891304, 
            271.456522, 147.282609, 274.239130, 148.673913, 
            275.630435, 150.065217, 277.021739, 152.847826, 
            277.021739, 152.847826, 278.413043, 154.239130, 
            278.413043, 155.630435, 278.413043, 157.021739, 
            278.413043, 158.413043, 278.413043, 161.195652, 
            278.413043, 162.586957, 278.413043, 165.369565, 
            278.413043, 166.760870, 277.021739, 170.934783, 
            275.630435, 175.108696, 274.239130, 179.282609, 
            274.239130, 183.456522, 272.847826, 187.630435, 
            271.456522, 189.021739, 271.456522, 191.804348, 
            270.065217, 193.195652, 270.065217, 193.195652, 
            268.673913, 195.978261, 268.673913, 197.369565, 
            267.282609, 200.152174, 267.282609, 201.543478, 
            265.891304, 202.934783, 265.891304, 205.717391, 
            263.108696, 209.891304, 261.717391, 212.673913, 
            261.717391, 214.065217, 260.326087, 219.630435, 
            258.934783, 222.413043, 257.543478, 225.195652, 
            256.152174, 229.369565, 253.369565, 232.152174, 
            253.369565, 233.543478, 253.369565, 236.326087, 
            251.978261, 240.500000, 250.586957, 240.500000, 
            249.195652, 244.673913, 249.195652, 248.847826, 
            247.804348, 253.021739, 245.021739, 254.413043, 
            245.021739, 259.978261, 240.847826, 264.152174, 
            238.065217, 269.717391, 235.282609, 271.108696, 
            235.282609, 272.500000, 233.891304, 275.282609, 
            232.500000, 276.673913, 231.108696, 279.456522, 
            229.717391, 280.847826, 229.717391, 282.239130, 
            228.326087, 285.021739, 225.543478, 287.804348, 
            225.543478, 289.195652, 225.543478, 293.369565, 
            224.152174, 293.369565, 222.760870, 297.543478, 
            221.369565, 301.717391, 217.195652, 304.500000, 
            214.413043, 305.891304, 214.413043, 308.673913, 
            213.021739, 312.847826, 208.847826, 314.239130, 
            208.847826, 317.021739, 207.456522, 319.804348, 
            206.065217, 322.586957, 204.673913, 323.978261, 
            204.673913, 325.369565, 204.673913, 329.543478, 
            201.891304, 332.326087, 200.500000, 335.108696, 
            200.500000, 336.500000, 200.500000, 336.500000, 
            199.108696, 337.891304, 199.108696, 342.065217, 
            199.108696, 344.847826, 199.108696, 346.239130, 
            199.108696, 347.630435, 199.108696, 349.021739, 
            199.108696, 350.413043, 199.108696, 354.586957, 
            199.108696, 355.978261, 200.500000, 357.369565, 
            200.500000, 360.152174, 201.891304, 361.543478, 
            201.891304, 364.326087, 204.673913, 367.108696, 
            206.065217, 368.500000, 206.065217, 369.891304, 
            208.847826, 371.282609, 208.847826, 374.065217, 
            210.239130, 378.239130, 213.021739, 378.239130, 
            214.413043, 381.021739, 214.413043, 381.021739, 
            215.804348, 383.804348, 217.195652, 385.195652, 
            218.586957, 386.586957, 219.978261, 386.586957, 
            221.369565, 387.978261, 222.760870, 387.978261, 
            224.152174, 387.978261, 225.543478, 387.978261, 
            228.326087, 387.978261, 229.717391, 387.978261, 
            232.500000, 387.978261, 233.891304, 386.586957, 
            235.282609, 385.195652, 239.456522, 383.804348, 
            242.239130, 382.413043, 242.239130, 381.021739, 
            243.630435, 379.630435, 245.021739, 378.239130, 
            247.804348, 376.847826, 249.195652, 374.065217, 
            251.978261, 369.891304, 254.760870, 368.500000, 
            256.152174, 367.108696, 257.543478, 364.326087, 
