%YAML:1.0
    mask: !!opencv-matrix
        rows: 489
        cols: 2
        dt: f
        data: [ -1.000000, -1.000000, 928.829897, 
            540.623711, 923.551546, 540.623711, 899.798969, 
            524.788660, 878.685567, 511.592784, 857.572165, 
            493.118557, 844.376289, 483.881443, 843.056701, 
            483.881443, 841.737113, 483.881443, 839.097938, 
            483.881443, 833.819588, 483.881443, 829.860825, 
            483.881443, 824.582474, 483.881443, 817.984536, 
            483.881443, 811.386598, 481.242268, 810.067010, 
            481.242268, 796.871134, 481.242268, 787.634021, 
            481.242268, 773.118557, 481.242268, 755.963918, 
            481.242268, 742.768041, 481.242268, 733.530928, 
            481.242268, 729.572165, 481.242268, 725.613402, 
            481.242268, 713.737113, 481.242268, 707.139175, 
            478.603093, 704.500000, 478.603093, 691.304124, 
            478.603093, 684.706186, 478.603093, 674.149485, 
            478.603093, 671.510309, 478.603093, 663.592784, 
            478.603093, 662.273196, 478.603093, 659.634021, 
            478.603093, 658.314433, 478.603093, 645.118557, 
            478.603093, 639.840206, 478.603093, 633.242268, 
            478.603093, 630.603093, 478.603093, 614.768041, 
            481.242268, 612.128866, 481.242268, 605.530928, 
            485.201031, 597.613402, 486.520619, 593.654639, 
            487.840206, 585.737113, 489.159794, 584.417526, 
            489.159794, 583.097938, 490.479381, 580.458763, 
            490.479381, 572.541237, 493.118557, 563.304124, 
            493.118557, 552.747423, 493.118557, 544.829897, 
            493.118557, 534.273196, 493.118557, 528.994845, 
            493.118557, 527.675258, 493.118557, 526.355670, 
            494.438144, 525.036082, 494.438144, 522.396907, 
            494.438144, 519.757732, 494.438144, 515.798969, 
            494.438144, 511.840206, 494.438144, 510.520619, 
            494.438144, 507.881443, 494.438144, 506.561856, 
            494.438144, 505.242268, 493.118557, 502.603093, 
            491.798969, 501.283505, 489.159794, 501.283505, 
            486.520619, 501.283505, 482.561856, 501.283505, 
            481.242268, 501.283505, 479.922680, 502.603093, 
            478.603093, 502.603093, 477.283505, 503.922680, 
            475.963918, 505.242268, 474.644330, 505.242268, 
            473.324742, 507.881443, 472.005155, 509.201031, 
            469.365979, 510.520619, 466.726804, 511.840206, 
            465.407216, 515.798969, 462.768041, 517.118557, 
            461.448454, 519.757732, 458.809278, 522.396907, 
            458.809278, 523.716495, 458.809278, 525.036082, 
            458.809278, 526.355670, 458.809278, 535.592784, 
            454.850515, 538.231959, 453.530928, 544.829897, 
            453.530928, 548.788660, 453.530928, 551.427835, 
            453.530928, 555.386598, 453.530928, 558.025773, 
            453.530928, 559.345361, 453.530928, 561.984536, 
            452.211340, 565.943299, 449.572165, 571.221649, 
            444.293814, 572.541237, 442.974227, 573.860825, 
            441.654639, 575.180412, 440.335052, 575.180412, 
            439.015464, 576.500000, 436.376289, 576.500000, 
            432.417526, 576.500000, 420.541237, 575.180412, 
            412.623711, 575.180412, 411.304124, 573.860825, 
            409.984536, 573.860825, 408.664948, 571.221649, 
            404.706186, 569.902062, 403.386598, 567.262887, 
            400.747423, 560.664948, 394.149485, 558.025773, 
            391.510309, 558.025773, 390.190722, 556.706186, 
            390.190722, 556.706186, 392.829897, 555.386598, 
            396.788660, 555.386598, 402.067010, 554.067010, 
            406.025773, 554.067010, 415.262887, 552.747423, 
            419.221649, 551.427835, 423.180412, 551.427835, 
            425.819588, 550.108247, 429.778351, 548.788660, 
            431.097938, 548.788660, 433.737113, 543.510309, 
            441.654639, 543.510309, 442.974227, 542.190722, 
            442.974227, 540.871134, 444.293814, 535.592784, 
            449.572165, 534.273196, 449.572165, 526.355670, 
            453.530928, 522.396907, 454.850515, 518.438144, 
            457.489691, 513.159794, 461.448454, 511.840206, 
            462.768041, 507.881443, 466.726804, 505.242268, 
            468.046392, 503.922680, 470.685567, 503.922680, 
            472.005155, 502.603093, 472.005155, 494.685567, 
            477.283505, 493.365979, 478.603093, 492.046392, 
            481.242268, 490.726804, 481.242268, 488.087629, 
            481.242268, 486.768041, 481.242268, 484.128866, 
            481.242268, 477.530928, 479.922680, 474.891753, 
            477.283505, 474.891753, 474.644330, 474.891753, 
            470.685567, 474.891753, 462.768041, 474.891753, 
            454.850515, 474.891753, 452.211340, 474.891753, 
            444.293814, 480.170103, 431.097938, 490.726804, 
            417.902062, 498.644330, 407.345361, 498.644330, 
            406.025773, 501.283505, 400.747423, 506.561856, 
            383.592784, 510.520619, 376.994845, 511.840206, 
            373.036082, 514.479381, 365.118557, 515.798969, 
            358.520619, 526.355670, 329.489691, 528.994845, 
            324.211340, 531.634021, 318.932990, 536.912371, 
            313.654639, 542.190722, 308.376289, 544.829897, 
            304.417526, 548.788660, 299.139175, 554.067010, 
            295.180412, 556.706186, 292.541237, 561.984536, 
            285.943299, 571.221649, 279.345361, 583.097938, 
            278.025773, 593.654639, 278.025773, 597.613402, 
            278.025773, 601.572165, 278.025773, 604.211340, 
            278.025773, 609.489691, 276.706186, 613.448454, 
            275.386598, 618.726804, 272.747423, 625.324742, 
            271.427835, 629.283505, 270.108247, 633.242268, 
            268.788660, 637.201031, 267.469072, 642.479381, 
            266.149485, 647.757732, 266.149485, 671.510309, 
            264.829897, 676.788660, 264.829897, 679.427835, 
            264.829897, 682.067010, 263.510309, 684.706186, 
            263.510309, 688.664948, 263.510309, 699.221649, 
            263.510309, 709.778351, 263.510309, 716.376289, 
            266.149485, 719.015464, 266.149485, 725.613402, 
            266.149485, 762.561856, 267.469072, 782.355670, 
            271.427835, 799.510309, 278.025773, 810.067010, 
            283.304124, 819.304124, 287.262887, 827.221649, 
            291.221649, 833.819588, 295.180412, 837.778351, 
            297.819588, 854.932990, 304.417526, 860.211340, 
            307.056701, 870.768041, 311.015464, 877.365979, 
            313.654639, 880.005155, 313.654639, 885.283505, 
            313.654639, 916.953608, 322.891753, 931.469072, 
            334.768041, 944.664948, 344.005155, 952.582474, 
            347.963918, 957.860825, 353.242268, 963.139175, 
            355.881443, 977.654639, 366.438144, 985.572165, 
            369.077320, 988.211340, 370.396907, 994.809278, 
            371.716495, 998.768041, 374.355670, 1005.365979, 
            375.675258, 1013.283505, 379.634021, 1019.881443, 
            383.592784, 1023.840206, 388.871134, 1026.479381, 
            390.190722, 1026.479381, 391.510309, 1026.479381, 
            392.829897, 1027.798969, 392.829897, 1029.118557, 
            395.469072, 1030.438144, 396.788660, 1030.438144, 
            398.108247, 1031.757732, 398.108247, 1033.077320, 
            400.747423, 1034.396907, 400.747423, 1037.036082, 
            403.386598, -1.000000, -1.000000, 915.634021, 
            89.324742, 909.036082, 88.005155, 903.757732, 
            85.365979, 899.798969, 82.726804, 893.201031, 
            77.448454, 891.881443, 76.128866, 889.242268, 
            76.128866, 887.922680, 76.128866, 885.283505, 
            76.128866, 882.644330, 76.128866, 881.324742, 
            77.448454, 878.685567, 78.768041, 874.726804, 
