%YAML:1.0
    mask: !!opencv-matrix
        rows: 62
        cols: 2
        dt: f
        data: [ -1.000000, -1.000000, 782.355670, 
            541.943299, 781.036082, 541.943299, 775.757732, 
            541.943299, 748.046392, 530.067010, 719.015464, 
            507.634021, 680.747423, 477.283505, 658.314433, 
            454.850515, 656.994845, 454.850515, 654.355670, 
            454.850515, 641.159794, 448.252577, 627.963918, 
            444.293814, 606.850515, 439.015464, 596.293814, 
            436.376289, 594.974227, 436.376289, 593.654639, 
            436.376289, 579.139175, 428.458763, 567.262887, 
            420.541237, 561.984536, 412.623711, 561.984536, 
            409.984536, 563.304124, 400.747423, 567.262887, 
            399.427835, 568.582474, 396.788660, 572.541237, 
            394.149485, 585.737113, 388.871134, 589.695876, 
            387.551546, 600.252577, 382.273196, 605.530928, 
            379.634021, 606.850515, 378.314433, 613.448454, 
            370.396907, 617.407216, 355.881443, 616.087629, 
            354.561856, 610.809278, 349.283505, 606.850515, 
            344.005155, 602.891753, 342.685567, 602.891753, 
            341.365979, 606.850515, 337.407216, 630.603093, 
            324.211340, 637.201031, 320.252577, 656.994845, 
            314.974227, 678.108247, 314.974227, 709.778351, 
            314.974227, 713.737113, 316.293814, 734.850515, 
            320.252577, 738.809278, 322.891753, 783.675258, 
            347.963918, 796.871134, 359.840206, 800.829897, 
            369.077320, 800.829897, 370.396907, 810.067010, 
            391.510309, 820.623711, 404.706186, 840.417526, 
            432.417526, 844.376289, 446.932990, 852.293814, 
            465.407216, 857.572165, 470.685567, 857.572165, 
            472.005155, 857.572165, 475.963918, 857.572165, 
            477.283505, 860.211340, 482.561856, 861.530928, 
            483.881443, -1.000000, -1.000000, -1.000000, 
            -1.000000]
