%YAML:1.0
    mask: !!opencv-matrix
        rows: 977
        cols: 2
        dt: f
        data: [ 156.261589, 716.526490, 156.261589, 
            714.407285, 158.380795, 714.407285, 160.500000, 
            714.407285, 162.619205, 714.407285, 164.738411, 
            714.407285, 166.857616, 712.288079, 168.976821, 
            710.168874, 171.096026, 708.049669, 177.453642, 
            705.930464, 179.572848, 705.930464, 179.572848, 
            703.811258, 181.692053, 703.811258, 181.692053, 
            701.692053, 183.811258, 701.692053, 185.930464, 
            701.692053, 188.049669, 699.572848, 192.288079, 
            699.572848, 194.407285, 697.453642, 196.526490, 
            697.453642, 198.645695, 697.453642, 202.884106, 
            697.453642, 205.003311, 697.453642, 207.122517, 
            697.453642, 211.360927, 697.453642, 215.599338, 
            697.453642, 221.956954, 697.453642, 224.076159, 
            697.453642, 226.195364, 697.453642, 230.433775, 
            697.453642, 232.552980, 695.334437, 232.552980, 
            693.215232, 234.672185, 693.215232, 236.791391, 
            693.215232, 236.791391, 691.096026, 238.910596, 
            691.096026, 238.910596, 688.976821, 241.029801, 
            686.857616, 243.149007, 684.738411, 245.268212, 
            684.738411, 249.506623, 682.619205, 249.506623, 
            680.500000, 251.625828, 680.500000, 253.745033, 
            680.500000, 255.864238, 680.500000, 257.983444, 
            680.500000, 257.983444, 678.380795, 260.102649, 
            678.380795, 262.221854, 678.380795, 266.460265, 
            678.380795, 268.579470, 678.380795, 272.817881, 
            678.380795, 274.937086, 678.380795, 277.056291, 
            678.380795, 279.175497, 678.380795, 281.294702, 
            678.380795, 283.413907, 678.380795, 287.652318, 
            678.380795, 291.890728, 678.380795, 294.009934, 
            678.380795, 296.129139, 678.380795, 302.486755, 
            678.380795, 304.605960, 678.380795, 306.725166, 
            678.380795, 308.844371, 678.380795, 310.963576, 
            678.380795, 317.321192, 678.380795, 319.440397, 
            678.380795, 321.559603, 678.380795, 325.798013, 
            678.380795, 327.917219, 678.380795, 330.036424, 
            678.380795, 334.274834, 678.380795, 336.394040, 
            678.380795, 338.513245, 680.500000, 340.632450, 
            680.500000, 342.751656, 680.500000, 346.990066, 
            680.500000, 349.109272, 680.500000, 349.109272, 
            682.619205, 351.228477, 682.619205, 353.347682, 
            682.619205, 355.466887, 684.738411, 355.466887, 
            686.857616, 357.586093, 686.857616, 359.705298, 
            688.976821, 361.824503, 691.096026, 363.943709, 
            693.215232, 363.943709, 695.334437, 366.062914, 
            697.453642, 366.062914, 699.572848, 368.182119, 
            701.692053, 370.301325, 701.692053, 370.301325, 
            703.811258, 372.420530, 703.811258, 372.420530, 
            705.930464, 374.539735, 705.930464, 374.539735, 
            710.168874, 376.658940, 710.168874, 378.778146, 
            712.288079, 378.778146, 714.407285, 380.897351, 
            714.407285, 380.897351, 716.526490, 380.897351, 
            718.645695, -1.000000, -1.000000, 652.155629, 
            716.526490, 652.155629, 714.407285, 652.155629, 
            712.288079, 652.155629, 710.168874, 652.155629, 
            708.049669, 650.036424, 708.049669, 650.036424, 
            705.930464, 647.917219, 703.811258, 647.917219, 
            701.692053, 647.917219, 699.572848, 647.917219, 
            697.453642, 647.917219, 695.334437, 647.917219, 
            693.215232, 645.798013, 691.096026, 645.798013, 
            688.976821, 645.798013, 686.857616, 645.798013, 
            684.738411, 645.798013, 682.619205, 645.798013, 
            680.500000, 645.798013, 678.380795, 645.798013, 
            676.261589, 647.917219, 674.142384, 650.036424, 
            672.023179, 652.155629, 672.023179, 656.394040, 
            672.023179, 658.513245, 672.023179, 662.751656, 
            672.023179, 664.870861, 672.023179, 666.990066, 
            672.023179, 669.109272, 672.023179, 671.228477, 
            672.023179, 673.347682, 674.142384, 675.466887, 
            674.142384, 677.586093, 674.142384, 679.705298, 
            674.142384, 683.943709, 674.142384, 686.062914, 
            674.142384, 688.182119, 674.142384, 690.301325, 
            674.142384, 692.420530, 674.142384, 694.539735, 
            674.142384, 696.658940, 674.142384, 698.778146, 
            674.142384, 700.897351, 674.142384, 700.897351, 
            672.023179, 700.897351, 669.903974, 700.897351, 
            667.784768, 700.897351, 665.665563, 700.897351, 
            663.546358, 700.897351, 661.427152, 700.897351, 
            659.307947, 698.778146, 659.307947, 698.778146, 
            657.188742, 696.658940, 655.069536, 694.539735, 
            652.950331, 692.420530, 650.831126, 690.301325, 
            650.831126, 690.301325, 648.711921, 690.301325, 
            646.592715, 690.301325, 644.473510, 690.301325, 
            642.354305, 690.301325, 638.115894, 692.420530, 
            638.115894, 694.539735, 638.115894, 696.658940, 
            638.115894, 698.778146, 638.115894, 700.897351, 
            638.115894, 703.016556, 638.115894, 707.254967, 
            638.115894, 709.374172, 638.115894, 711.493377, 
            638.115894, 713.612583, 638.115894, 715.731788, 
            638.115894, 717.850993, 638.115894, 719.970199, 
            640.235099, 722.089404, 640.235099, 724.208609, 
            640.235099, 724.208609, 642.354305, 726.327815, 
            642.354305, 730.566225, 642.354305, 732.685430, 
            642.354305, 734.804636, 642.354305, 736.923841, 
            642.354305, 739.043046, 644.473510, 741.162252, 
            644.473510, 743.281457, 644.473510, 745.400662, 
            644.473510, 749.639073, 646.592715, 751.758278, 
            646.592715, 753.877483, 646.592715, 755.996689, 
            646.592715, 755.996689, 648.711921, 758.115894, 
            648.711921, 760.235099, 648.711921, 762.354305, 
            650.831126, 764.473510, 652.950331, 766.592715, 
            652.950331, 768.711921, 652.950331, 770.831126, 
            655.069536, 775.069536, 655.069536, 777.188742, 
            657.188742, 779.307947, 659.307947, 781.427152, 
            659.307947, 783.546358, 659.307947, 785.665563, 
            661.427152, 787.784768, 661.427152, 789.903974, 
            663.546358, 792.023179, 665.665563, 794.142384, 
            665.665563, 796.261589, 665.665563, 798.380795, 
            667.784768, 800.500000, 667.784768, 802.619205, 
            667.784768, 804.738411, 667.784768, 808.976821, 
            667.784768, 811.096026, 667.784768, 815.334437, 
            669.903974, 817.453642, 669.903974, 819.572848, 
            669.903974, 819.572848, 672.023179, 821.692053, 
            672.023179, 823.811258, 672.023179, 825.930464, 
            672.023179, 828.049669, 672.023179, 830.168874, 
            672.023179, 832.288079, 674.142384, 834.407285, 
            674.142384, 834.407285, 676.261589, 836.526490, 
            676.261589, 838.645695, 676.261589, 838.645695, 
            678.380795, 840.764901, 680.500000, 842.884106, 
            682.619205, 845.003311, 684.738411, 847.122517, 
            684.738411, 847.122517, 686.857616, 849.241722, 
            688.976821, 851.360927, 691.096026, 853.480132, 
            693.215232, 855.599338, 693.215232, 855.599338, 
            695.334437, 857.718543, 697.453642, 857.718543, 
            699.572848, 857.718543, 701.692053, 859.837748, 
            701.692053, 859.837748, 703.811258, 859.837748, 
            705.930464, 861.956954, 705.930464, 864.076159, 
            708.049669, 864.076159, 710.168874, 866.195364, 
            712.288079, 866.195364, 714.407285, 866.195364, 
