%YAML:1.0
    mask: !!opencv-matrix
        rows: 565
        cols: 2
        dt: f
        data: [ -1.000000, -1.000000, 690.635891, 
            719.636691, 690.635891, 718.613509, 690.635891, 
            717.590328, 690.635891, 712.474420, 690.635891, 
            710.428058, 690.635891, 709.404876, 690.635891, 
            704.288969, 691.659073, 699.173062, 692.682254, 
            695.080336, 693.705436, 693.033973, 693.705436, 
            692.010791, 693.705436, 689.964428, 693.705436, 
            688.941247, 694.728617, 686.894884, 694.728617, 
            683.825340, 695.751799, 681.778977, 696.774980, 
            680.755795, 696.774980, 679.732614, 697.798161, 
            676.663070, 697.798161, 674.616707, 699.844524, 
            672.570344, 699.844524, 671.547162, 700.867706, 
            669.500799, 700.867706, 668.477618, 701.890887, 
            666.431255, 702.914069, 665.408074, 703.937250, 
            663.361711, 704.960432, 662.338529, 705.983613, 
            659.268985, 707.006795, 656.199440, 708.029976, 
            653.129896, 709.053157, 651.083533, 710.076339, 
            650.060352, 710.076339, 649.037170, 710.076339, 
            645.967626, 711.099520, 644.944444, 712.122702, 
            642.898082, 714.169065, 639.828537, 715.192246, 
            637.782174, 716.215428, 635.735811, 717.238609, 
            634.712630, 719.284972, 631.643086, 720.308153, 
            628.573541, 722.354516, 625.503997, 723.377698, 
            622.434452, 725.424061, 620.388090, 726.447242, 
            619.364908, 727.470424, 616.295364, 728.493605, 
            614.249001, 729.516787, 612.202638, 731.563149, 
            610.156275, 731.563149, 609.133094, 731.563149, 
            608.109912, 732.586331, 607.086731, 733.609512, 
            606.063549, 734.632694, 604.017186, 736.679057, 
            601.970823, 737.702238, 600.947642, 738.725420, 
            598.901279, 739.748601, 596.854916, 740.771783, 
            596.854916, 742.818145, 593.785372, 743.841327, 
            591.739009, 744.864508, 590.715827, 745.887690, 
            589.692646, 746.910871, 587.646283, 747.934053, 
            586.623102, 748.957234, 586.623102, 749.980416, 
            586.623102, 751.003597, 586.623102, 752.026779, 
            585.599920, 754.073141, 585.599920, 755.096323, 
            585.599920, 756.119504, 585.599920, 757.142686, 
            585.599920, 758.165867, 585.599920, 759.189049, 
            585.599920, 761.235412, 585.599920, 761.235412, 
            584.576739, 762.258593, 584.576739, 763.281775, 
            584.576739, 765.328137, 584.576739, 766.351319, 
            584.576739, 767.374500, 583.553557, 768.397682, 
            583.553557, 769.420863, 583.553557, 770.444045, 
            583.553557, 771.467226, 583.553557, 772.490408, 
            583.553557, 773.513589, 582.530376, 774.536771, 
            581.507194, 776.583133, 580.484013, 777.606315, 
            579.460831, 779.652678, 578.437650, 780.675859, 
            578.437650, 781.699041, 577.414468, 783.745404, 
            576.391287, 785.791767, 575.368106, 785.791767, 
            574.344924, 787.838129, 574.344924, 789.884492, 
            573.321743, 791.930855, 573.321743, 793.977218, 
            573.321743, 797.046763, 573.321743, 800.116307, 
            575.368106, 805.232214, 579.460831, 808.301759, 
            580.484013, 808.301759, 581.507194, 811.371303, 
            582.530376, 813.417666, 584.576739, 815.464029, 
            585.599920, 819.556755, 587.646283, 821.603118, 
            587.646283, 825.695843, 589.692646, 828.765388, 
            591.739009, 832.858114, 592.762190, 834.904476, 
            593.785372, 835.927658, 593.785372, 842.066747, 
            595.831735, 848.205835, 597.878098, 850.252198, 
            598.901279, 851.275380, 598.901279, 854.344924, 
            600.947642, 858.437650, 602.994005, 860.484013, 
            602.994005, 861.507194, 604.017186, 864.576739, 
            605.040368, 868.669464, 607.086731, 871.739009, 
            609.133094, 875.831735, 610.156275, 876.854916, 
            611.179456, 880.947642, 612.202638, 887.086731, 
            614.249001, 890.156275, 616.295364, 896.295364, 
            619.364908, 902.434452, 621.411271, 907.550360, 
            623.457634, 911.643086, 624.480815, 914.712630, 
            625.503997, 917.782174, 627.550360, 918.805356, 
            627.550360, 919.828537, 628.573541, 921.874900, 
            629.596723, 923.921263, 631.643086, 928.013989, 
            632.666267, 931.083533, 634.712630, 935.176259, 
            636.758993, 938.245803, 637.782174, 940.292166, 
            637.782174, 940.292166, 638.805356, 944.384892, 
            639.828537, 947.454436, 639.828537, 949.500799, 
            640.851719, 950.523981, 641.874900, 951.547162, 
            641.874900, 953.593525, 642.898082, 954.616707, 
            642.898082, 955.639888, 643.921263, 956.663070, 
            644.944444, 957.686251, 645.967626, 957.686251, 
            646.990807, 958.709432, 648.013989, 959.732614, 
            649.037170, 960.755795, 649.037170, 960.755795, 
            650.060352, 960.755795, 651.083533, 960.755795, 
            652.106715, 959.732614, 653.129896, 957.686251, 
            654.153078, 955.639888, 655.176259, 953.593525, 
            655.176259, 947.454436, 659.268985, 942.338529, 
            662.338529, 938.245803, 663.361711, 934.153078, 
            665.408074, 931.083533, 667.454436, 925.967626, 
            671.547162, 921.874900, 673.593525, 917.782174, 
            676.663070, 915.735811, 676.663070, 912.666267, 
            678.709432, 911.643086, 679.732614, 907.550360, 
            682.802158, 903.457634, 684.848521, 903.457634, 
            685.871703, 900.388090, 687.918066, 895.272182, 
            690.987610, 894.249001, 694.057154, 892.202638, 
            695.080336, 891.179456, 697.126699, 889.133094, 
            698.149880, 889.133094, 699.173062, 888.109912, 
            699.173062, 888.109912, 700.196243, 888.109912, 
            701.219424, 887.086731, 701.219424, 887.086731, 
            702.242606, 887.086731, 703.265787, 886.063549, 
            704.288969, 885.040368, 706.335332, 885.040368, 
            708.381695, 884.017186, 709.404876, 884.017186, 
            710.428058, 884.017186, 712.474420, 884.017186, 
            714.520783, 884.017186, 715.543965, 884.017186, 
            716.567146, 882.994005, 718.613509, -1.000000, 
            -1.000000, 828.765388, 322.642286, 827.742206, 
            322.642286, 827.742206, 323.665468, 826.719025, 
            324.688649, 824.672662, 328.781375, 822.626299, 
            332.874101, 822.626299, 333.897282, 820.579936, 
            335.943645, 820.579936, 337.990008, 817.510392, 
            342.082734, 817.510392, 343.105915, 815.464029, 
            345.152278, 814.440847, 347.198641, 814.440847, 
            348.221823, 812.394484, 350.268185, 811.371303, 
            351.291367, 811.371303, 352.314548, 810.348122, 
            354.360911, 809.324940, 356.407274, 809.324940, 
            358.453637, 809.324940, 361.523181, 808.301759, 
            364.592726, 808.301759, 365.615907, 808.301759, 
            367.662270, 808.301759, 368.685452, 810.348122, 
            370.731815, 812.394484, 372.778177, 814.440847, 
            376.870903, 816.487210, 378.917266, 817.510392, 
            380.963629, 818.533573, 383.009992, 819.556755, 
            383.009992, 820.579936, 384.033173, 821.603118, 
            385.056355, 821.603118, 386.079536, 821.603118, 
            387.102718, 821.603118, 388.125899, 821.603118, 
            389.149081, 818.533573, 390.172262, 816.487210, 
            390.172262, 815.464029, 390.172262, 814.440847, 
            391.195444, 812.394484, 391.195444, 811.371303, 
            391.195444, 810.348122, 391.195444, 809.324940, 
            391.195444, 809.324940, 392.218625, 809.324940, 
