%YAML:1.0
    mask: !!opencv-matrix
        rows: 1854
        cols: 2
        dt: f
        data: [ 12.155629, 629.639073, 14.274834, 
            629.639073, 16.394040, 629.639073, 20.632450, 
            627.519868, 24.870861, 627.519868, 29.109272, 
            627.519868, 33.347682, 625.400662, 37.586093, 
            623.281457, 46.062914, 621.162252, 48.182119, 
            621.162252, 50.301325, 619.043046, 52.420530, 
            619.043046, 56.658940, 614.804636, 58.778146, 
            614.804636, 60.897351, 614.804636, 60.897351, 
            612.685430, 65.135762, 612.685430, 65.135762, 
            610.566225, 67.254967, 608.447020, 73.612583, 
            608.447020, 75.731788, 606.327815, 77.850993, 
            606.327815, 79.970199, 606.327815, 82.089404, 
            606.327815, 82.089404, 604.208609, 84.208609, 
            604.208609, 84.208609, 602.089404, 86.327815, 
            602.089404, 88.447020, 602.089404, 90.566225, 
            602.089404, 96.923841, 602.089404, 101.162252, 
            602.089404, 103.281457, 602.089404, 105.400662, 
            602.089404, 109.639073, 602.089404, 115.996689, 
            602.089404, 120.235099, 602.089404, 122.354305, 
            602.089404, 124.473510, 602.089404, 126.592715, 
            602.089404, 128.711921, 602.089404, 130.831126, 
            602.089404, 135.069536, 602.089404, 137.188742, 
            602.089404, 139.307947, 602.089404, 141.427152, 
            602.089404, 143.546358, 602.089404, 145.665563, 
            602.089404, 149.903974, 602.089404, 152.023179, 
            602.089404, 154.142384, 602.089404, 160.500000, 
            597.850993, 162.619205, 597.850993, 164.738411, 
            597.850993, 171.096026, 595.731788, 173.215232, 
            595.731788, 173.215232, 593.612583, 175.334437, 
            593.612583, 177.453642, 593.612583, 177.453642, 
            591.493377, 179.572848, 591.493377, 181.692053, 
            591.493377, 183.811258, 591.493377, 185.930464, 
            591.493377, 188.049669, 591.493377, 190.168874, 
            591.493377, 192.288079, 591.493377, 194.407285, 
            591.493377, 196.526490, 591.493377, 198.645695, 
            591.493377, 200.764901, 591.493377, 202.884106, 
            591.493377, 205.003311, 591.493377, 207.122517, 
            591.493377, 209.241722, 591.493377, 209.241722, 
            593.612583, 211.360927, 593.612583, 213.480132, 
            593.612583, 217.718543, 593.612583, 219.837748, 
            595.731788, 221.956954, 595.731788, 224.076159, 
            595.731788, 226.195364, 597.850993, 228.314570, 
            597.850993, 230.433775, 597.850993, 232.552980, 
            599.970199, 234.672185, 599.970199, 236.791391, 
            599.970199, 238.910596, 599.970199, 238.910596, 
            602.089404, 243.149007, 602.089404, 245.268212, 
            602.089404, 247.387417, 602.089404, 253.745033, 
            604.208609, 260.102649, 606.327815, 262.221854, 
            608.447020, 264.341060, 610.566225, 266.460265, 
            610.566225, 268.579470, 610.566225, 268.579470, 
            612.685430, 270.698675, 612.685430, 274.937086, 
            614.804636, 277.056291, 616.923841, 279.175497, 
            616.923841, 281.294702, 619.043046, 283.413907, 
            619.043046, 285.533113, 621.162252, 287.652318, 
            623.281457, 289.771523, 623.281457, 291.890728, 
            625.400662, 294.009934, 627.519868, 296.129139, 
            629.639073, 298.248344, 629.639073, 300.367550, 
            631.758278, 302.486755, 633.877483, 304.605960, 
            635.996689, 306.725166, 635.996689, 306.725166, 
            638.115894, 308.844371, 638.115894, 308.844371, 
            640.235099, 310.963576, 642.354305, 310.963576, 
            644.473510, 313.082781, 644.473510, 313.082781, 
            646.592715, 313.082781, 648.711921, 313.082781, 
            650.831126, 315.201987, 652.950331, 315.201987, 
            655.069536, 315.201987, 657.188742, 315.201987, 
            659.307947, 315.201987, 661.427152, 315.201987, 
            663.546358, 315.201987, 665.665563, 315.201987, 
            667.784768, 315.201987, 669.903974, 315.201987, 
            672.023179, 313.082781, 672.023179, 313.082781, 
            674.142384, 310.963576, 676.261589, 308.844371, 
            676.261589, 306.725166, 676.261589, 304.605960, 
            676.261589, 302.486755, 676.261589, 300.367550, 
            676.261589, 298.248344, 676.261589, 296.129139, 
            676.261589, 294.009934, 676.261589, 291.890728, 
            676.261589, 289.771523, 676.261589, 287.652318, 
            676.261589, 285.533113, 676.261589, 283.413907, 
            676.261589, 281.294702, 676.261589, 279.175497, 
            676.261589, 277.056291, 676.261589, 274.937086, 
            676.261589, 272.817881, 674.142384, 270.698675, 
            674.142384, 266.460265, 674.142384, 262.221854, 
            674.142384, 257.983444, 674.142384, 255.864238, 
            672.023179, 251.625828, 672.023179, 243.149007, 
            672.023179, 238.910596, 669.903974, 232.552980, 
            669.903974, 228.314570, 669.903974, 226.195364, 
            669.903974, 224.076159, 669.903974, 217.718543, 
            669.903974, 213.480132, 669.903974, 209.241722, 
            669.903974, 207.122517, 669.903974, 207.122517, 
            672.023179, 207.122517, 674.142384, 205.003311, 
            674.142384, 205.003311, 676.261589, 205.003311, 
            678.380795, 205.003311, 680.500000, 205.003311, 
            682.619205, 202.884106, 684.738411, 200.764901, 
            686.857616, 198.645695, 688.976821, 198.645695, 
            691.096026, 196.526490, 691.096026, 196.526490, 
            693.215232, 194.407285, 693.215232, 192.288079, 
            693.215232, 190.168874, 695.334437, 188.049669, 
            695.334437, 185.930464, 695.334437, 181.692053, 
            697.453642, 179.572848, 697.453642, 177.453642, 
            697.453642, 175.334437, 697.453642, 171.096026, 
            697.453642, 168.976821, 695.334437, 164.738411, 
            693.215232, 160.500000, 693.215232, 158.380795, 
            691.096026, 156.261589, 691.096026, 154.142384, 
            688.976821, 152.023179, 688.976821, 149.903974, 
            686.857616, 147.784768, 686.857616, 143.546358, 
            686.857616, 141.427152, 686.857616, 139.307947, 
            684.738411, 137.188742, 684.738411, 135.069536, 
            684.738411, 132.950331, 684.738411, 130.831126, 
            684.738411, 128.711921, 682.619205, 126.592715, 
            682.619205, 124.473510, 682.619205, 122.354305, 
            682.619205, 120.235099, 682.619205, 118.115894, 
            682.619205, 113.877483, 684.738411, 111.758278, 
            686.857616, 109.639073, 688.976821, 107.519868, 
            691.096026, 107.519868, 693.215232, 105.400662, 
            693.215232, 105.400662, 695.334437, 103.281457, 
            695.334437, 101.162252, 697.453642, 101.162252, 
            699.572848, 101.162252, 701.692053, 99.043046, 
            703.811258, 99.043046, 705.930464, 99.043046, 
            708.049669, 99.043046, 710.168874, 99.043046, 
            714.407285, 96.923841, 716.526490, 94.804636, 
            718.645695, 1.559603, 642.354305, 3.678808, 
            640.235099, 5.798013, 640.235099, 5.798013, 
            638.115894, 10.036424, 635.996689, 12.155629, 
            635.996689, 14.274834, 635.996689, -1.000000, 
            -1.000000, 525.003311, 339.307947, 527.122517, 
            339.307947, 529.241722, 337.188742, 531.360927, 
            335.069536, 531.360927, 332.950331, 531.360927, 
            330.831126, 533.480132, 328.711921, 533.480132, 
            326.592715, 535.599338, 326.592715, 535.599338, 
            322.354305, 537.718543, 320.235099, 537.718543, 
            318.115894, 537.718543, 315.996689, 539.837748, 
            313.877483, 539.837748, 311.758278, 541.956954, 
