%YAML:1.0
    mask: !!opencv-matrix
        rows: 669
        cols: 2
        dt: f
        data: [ 3.978261, 343.804348, 9.543478, 
            343.804348, 29.021739, 343.804348, 40.152174, 
            343.804348, 47.108696, 343.804348, 55.456522, 
            343.804348, 61.021739, 343.804348, 72.152174, 
            343.804348, 77.717391, 343.804348, 83.282609, 
            343.804348, 84.673913, 343.804348, 86.065217, 
            343.804348, 87.456522, 343.804348, 88.847826, 
            343.804348, 90.239130, 342.413043, 93.021739, 
            342.413043, 94.413043, 341.021739, 97.195652, 
            339.630435, 99.978261, 338.239130, 101.369565, 
            338.239130, 102.760870, 341.021739, 102.760870, 
            343.804348, 102.760870, 346.586957, 102.760870, 
            347.978261, 102.760870, 350.760870, 102.760870, 
            356.326087, 102.760870, 357.717391, 102.760870, 
            359.108696, 102.760870, 360.500000, 102.760870, 
            361.891304, 102.760870, 364.673913, 102.760870, 
            366.065217, 102.760870, 367.456522, 102.760870, 
            368.847826, 102.760870, 370.239130, 102.760870, 
            371.630435, 102.760870, 373.021739, 102.760870, 
            374.413043, 102.760870, 375.804348, 102.760870, 
            377.195652, 102.760870, 379.978261, 102.760870, 
            382.760870, 102.760870, 384.152174, 102.760870, 
            388.326087, 102.760870, 389.717391, 102.760870, 
            391.108696, 102.760870, 392.500000, 104.152174, 
            393.891304, 104.152174, 395.282609, 104.152174, 
            396.673913, 104.152174, 398.065217, 104.152174, 
            399.456522, 104.152174, 400.847826, 104.152174, 
            402.239130, 104.152174, 403.630435, 104.152174, 
            405.021739, 104.152174, 406.413043, 104.152174, 
            407.804348, 102.760870, 410.586957, 102.760870, 
            411.978261, 102.760870, 413.369565, 102.760870, 
            414.760870, 102.760870, 416.152174, 101.369565, 
            417.543478, 101.369565, 418.934783, 101.369565, 
            420.326087, 101.369565, 421.717391, 101.369565, 
            423.108696, 101.369565, 425.891304, 101.369565, 
            427.282609, 101.369565, 430.065217, 101.369565, 
            431.456522, 99.978261, 434.239130, 99.978261, 
            435.630435, 98.586957, 437.021739, 98.586957, 
            438.413043, 97.195652, 441.195652, 97.195652, 
            442.586957, 95.804348, 443.978261, 94.413043, 
            445.369565, 93.021739, 448.152174, 93.021739, 
            450.934783, 93.021739, 452.326087, 90.239130, 
            456.500000, 90.239130, 457.891304, 90.239130, 
            459.282609, 90.239130, 460.673913, 90.239130, 
            462.065217, 90.239130, 463.456522, 90.239130, 
            464.847826, 90.239130, 466.239130, 90.239130, 
            467.630435, 90.239130, 469.021739, 90.239130, 
            470.413043, 90.239130, 471.804348, 90.239130, 
            473.195652, 90.239130, 474.586957, 90.239130, 
            475.978261, 90.239130, 477.369565, 90.239130, 
            478.760870, 90.239130, 481.543478, 88.847826, 
            481.543478, 88.847826, 482.934783, 88.847826, 
            484.326087, 87.456522, 485.717391, 86.065217, 
            487.108696, 84.673913, 487.108696, 83.282609, 
            488.500000, 83.282609, 489.891304, 81.891304, 
            489.891304, 80.500000, 491.282609, 79.108696, 
            491.282609, 77.717391, 491.282609, 74.934783, 
            491.282609, 73.543478, 491.282609, 72.152174, 
            491.282609, 70.760870, 491.282609, 69.369565, 
            491.282609, 69.369565, 489.891304, 67.978261, 
            489.891304, 67.978261, 488.500000, 65.195652, 
            488.500000, 65.195652, 487.108696, 63.804348, 
            487.108696, 63.804348, 485.717391, 62.413043, 
            484.326087, 61.021739, 482.934783, 61.021739, 
            481.543478, 61.021739, 480.152174, 59.630435, 
            477.369565, 59.630435, 475.978261, 58.239130, 
            474.586957, 56.847826, 477.369565, 52.673913, 
            477.369565, 49.891304, 478.760870, 47.108696, 
            480.152174, 44.326087, 480.152174, 42.934783, 
            481.543478, 38.760870, 482.934783, 35.978261, 
            482.934783, 31.804348, 482.934783, 30.413043, 
            482.934783, 29.021739, 482.934783, 29.021739, 
            484.326087, 29.021739, 485.717391, 27.630435, 
            485.717391, 27.630435, 487.108696, 26.239130, 
            487.108696, 24.847826, 488.500000, 24.847826, 
            489.891304, 24.847826, 491.282609, 24.847826, 
            492.673913, -1.000000, -1.000000, 463.108696, 
            713.891304, 467.282609, 713.891304, 477.021739, 
            711.108696, 479.804348, 711.108696, 481.195652, 
            711.108696, 483.978261, 711.108696, 485.369565, 
            711.108696, 488.152174, 709.717391, 489.543478, 
            709.717391, 489.543478, 708.326087, 490.934783, 
            708.326087, 493.717391, 708.326087, 496.500000, 
            708.326087, 499.282609, 706.934783, 503.456522, 
            705.543478, 506.239130, 705.543478, 506.239130, 
            704.152174, 507.630435, 704.152174, 509.021739, 
            702.760870, 510.413043, 702.760870, 511.804348, 
            702.760870, 514.586957, 699.978261, 515.978261, 
            699.978261, 518.760870, 699.978261, 521.543478, 
            699.978261, 522.934783, 699.978261, 524.326087, 
            698.586957, 525.717391, 698.586957, 528.500000, 
            697.195652, 529.891304, 695.804348, 531.282609, 
            695.804348, 532.673913, 695.804348, 534.065217, 
            694.413043, 536.847826, 693.021739, 538.239130, 
            691.630435, 541.021739, 691.630435, 541.021739, 
            690.239130, 542.413043, 690.239130, 543.804348, 
            688.847826, 545.195652, 688.847826, 546.586957, 
            688.847826, 546.586957, 687.456522, 549.369565, 
            686.065217, 550.760870, 684.673913, 552.152174, 
            683.282609, 553.543478, 683.282609, 553.543478, 
            681.891304, 554.934783, 680.500000, 556.326087, 
            680.500000, 556.326087, 679.108696, 559.108696, 
            679.108696, 559.108696, 677.717391, 560.500000, 
            677.717391, 563.282609, 676.326087, 564.673913, 
            673.543478, 566.065217, 673.543478, 567.456522, 
            672.152174, 568.847826, 670.760870, 570.239130, 
            669.369565, 571.630435, 669.369565, 574.413043, 
            667.978261, 575.804348, 666.586957, 578.586957, 
            665.195652, 579.978261, 665.195652, 581.369565, 
            665.195652, 582.760870, 665.195652, 585.543478, 
            663.804348, 588.326087, 663.804348, 589.717391, 
            663.804348, 592.500000, 663.804348, 593.891304, 
            663.804348, 599.456522, 663.804348, 603.630435, 
            663.804348, 611.978261, 663.804348, 614.760870, 
            663.804348, 617.543478, 663.804348, 618.934783, 
            663.804348, 621.717391, 663.804348, 623.108696, 
            663.804348, 625.891304, 663.804348, 627.282609, 
            663.804348, 628.673913, 663.804348, 630.065217, 
            663.804348, 631.456522, 663.804348, 634.239130, 
            663.804348, 635.630435, 663.804348, 638.413043, 
            663.804348, 639.804348, 663.804348, 641.195652, 
            663.804348, 642.586957, 663.804348, 645.369565, 
            663.804348, 649.543478, 663.804348, 653.717391, 
            665.195652, 656.500000, 665.195652, 659.282609, 
            666.586957, 662.065217, 666.586957, 664.847826, 
            666.586957, 666.239130, 666.586957, 667.630435, 
            667.978261, 669.021739, 667.978261, 670.413043, 
            669.369565, 671.804348, 669.369565, 673.195652, 
            670.760870, 674.586957, 672.152174, 675.978261, 
            672.152174, 678.760870, 673.543478, 680.152174, 
            674.934783, 684.326087, 676.326087, 685.717391, 
