%YAML:1.0
    mask: !!opencv-matrix
        rows: 215
        cols: 2
        dt: f
        data: [ -1.000000, -1.000000, -1.000000, 
            -1.000000, 746.726804, 344.005155, 740.128866, 
            344.005155, 732.211340, 346.644330, 726.932990, 
            347.963918, 719.015464, 349.283505, 716.376289, 
            350.603093, 713.737113, 350.603093, 709.778351, 
            351.922680, 703.180412, 353.242268, 701.860825, 
            354.561856, 699.221649, 355.881443, 693.943299, 
            358.520619, 691.304124, 359.840206, 689.984536, 
            361.159794, 686.025773, 365.118557, 683.386598, 
            367.757732, 680.747423, 371.716495, 679.427835, 
            373.036082, 678.108247, 378.314433, 676.788660, 
            379.634021, 676.788660, 384.912371, 676.788660, 
            387.551546, 676.788660, 390.190722, 676.788660, 
            395.469072, 678.108247, 398.108247, 678.108247, 
            399.427835, 679.427835, 399.427835, 682.067010, 
            400.747423, 683.386598, 400.747423, 684.706186, 
            400.747423, 687.345361, 398.108247, 688.664948, 
            398.108247, 688.664948, 399.427835, 688.664948, 
            400.747423, 688.664948, 402.067010, 686.025773, 
            404.706186, 684.706186, 407.345361, 682.067010, 
            409.984536, 682.067010, 412.623711, 682.067010, 
            413.943299, 680.747423, 417.902062, 680.747423, 
            419.221649, 680.747423, 421.860825, 680.747423, 
            423.180412, 680.747423, 425.819588, 680.747423, 
            427.139175, 683.386598, 431.097938, 686.025773, 
            432.417526, 688.664948, 432.417526, 692.623711, 
            433.737113, 695.262887, 433.737113, 700.541237, 
            429.778351, 705.819588, 427.139175, 707.139175, 
            427.139175, 709.778351, 427.139175, 711.097938, 
            428.458763, 713.737113, 429.778351, 715.056701, 
            432.417526, 720.335052, 436.376289, 720.335052, 
            437.695876, 722.974227, 440.335052, 726.932990, 
            442.974227, 729.572165, 444.293814, 732.211340, 
            445.613402, 734.850515, 448.252577, 736.170103, 
            449.572165, 737.489691, 449.572165, 741.448454, 
            453.530928, 748.046392, 456.170103, 759.922680, 
            456.170103, 765.201031, 457.489691, 767.840206, 
            457.489691, 775.757732, 457.489691, 779.716495, 
            457.489691, 781.036082, 457.489691, 784.994845, 
            454.850515, 787.634021, 454.850515, 788.953608, 
            453.530928, 794.231959, 450.891753, 798.190722, 
            445.613402, 799.510309, 444.293814, 800.829897, 
            442.974227, 803.469072, 439.015464, 806.108247, 
            435.056701, 807.427835, 433.737113, 807.427835, 
            432.417526, 807.427835, 431.097938, 808.747423, 
            429.778351, 811.386598, 424.500000, 812.706186, 
            423.180412, 814.025773, 421.860825, 816.664948, 
            416.582474, 817.984536, 415.262887, 819.304124, 
            411.304124, 819.304124, 408.664948, 819.304124, 
            407.345361, 820.623711, 396.788660, 820.623711, 
            395.469072, 820.623711, 394.149485, 820.623711, 
            388.871134, 819.304124, 386.231959, 816.664948, 
            380.953608, 812.706186, 376.994845, 803.469072, 
            366.438144, 802.149485, 366.438144, 799.510309, 
            362.479381, 794.231959, 358.520619, 790.273196, 
            355.881443, 787.634021, 354.561856, 786.314433, 
            353.242268, -1.000000, -1.000000, 522.396907, 
            371.716495, 526.355670, 376.994845, 528.994845, 
            378.314433, 531.634021, 382.273196, 536.912371, 
            388.871134, 540.871134, 392.829897, 542.190722, 
            394.149485, 546.149485, 398.108247, 550.108247, 
            402.067010, 552.747423, 404.706186, 556.706186, 
            408.664948, 564.623711, 413.943299, 569.902062, 
            417.902062, 572.541237, 419.221649, 575.180412, 
            420.541237, 580.458763, 424.500000, 585.737113, 
            425.819588, 591.015464, 428.458763, 596.293814, 
            431.097938, 601.572165, 432.417526, 604.211340, 
            433.737113, 606.850515, 433.737113, 609.489691, 
            435.056701, 612.128866, 436.376289, 613.448454, 
            436.376289, 614.768041, 437.695876, 618.726804, 
            437.695876, 624.005155, 439.015464, 627.963918, 
            440.335052, 631.922680, 440.335052, 634.561856, 
            440.335052, 637.201031, 439.015464, 641.159794, 
            439.015464, 643.798969, 437.695876, 647.757732, 
            436.376289, 650.396907, 435.056701, 664.912371, 
            427.139175, 667.551546, 425.819588, 670.190722, 
            424.500000, 671.510309, 423.180412, 672.829897, 
            421.860825, 674.149485, 421.860825, 676.788660, 
            419.221649, 678.108247, 416.582474, 679.427835, 
            413.943299, 679.427835, 409.984536, 679.427835, 
            404.706186, 679.427835, 403.386598, 679.427835, 
            399.427835, 679.427835, 395.469072, 679.427835, 
            392.829897, 679.427835, 390.190722, 679.427835, 
            387.551546, 679.427835, 384.912371, 679.427835, 
            383.592784, 679.427835, 380.953608, 679.427835, 
            375.675258, 679.427835, 373.036082, 679.427835, 
            370.396907, 678.108247, 369.077320, 676.788660, 
            366.438144, 676.788660, 365.118557, 675.469072, 
            362.479381, 674.149485, 362.479381, 672.829897, 
            358.520619, 671.510309, 357.201031, 670.190722, 
            354.561856, 668.871134, 353.242268, 667.551546, 
            351.922680, 662.273196, 345.324742, 659.634021, 
            342.685567, 658.314433, 341.365979, 653.036082, 
            337.407216, 649.077320, 333.448454, 645.118557, 
            332.128866, 643.798969, 332.128866, 642.479381, 
            330.809278, 638.520619, 330.809278, 635.881443, 
            330.809278, 631.922680, 330.809278, 625.324742, 
            330.809278, 614.768041, 330.809278, 608.170103, 
            330.809278, 598.932990, 330.809278, 594.974227, 
            330.809278, 592.335052, 330.809278, 588.376289, 
            330.809278, 583.097938, 330.809278, 581.778351, 
            330.809278, 576.500000, 330.809278, 575.180412, 
            330.809278, 573.860825, 330.809278, 571.221649, 
            329.489691, 568.582474, 329.489691, 565.943299, 
            329.489691, 561.984536, 329.489691, 556.706186, 
            329.489691, 550.108247, 330.809278, 546.149485, 
            332.128866, 542.190722, 333.448454, 540.871134, 
            336.087629, 539.551546, 336.087629]
