%YAML:1.0
    mask: !!opencv-matrix
        rows: 407
        cols: 2
        dt: f
        data: [ 470.651878, 715.543965, 471.675060, 
            715.543965, 473.721423, 712.474420, 478.837330, 
            709.404876, 487.022782, 705.312150, 493.161871, 
            702.242606, 496.231415, 700.196243, 497.254596, 
            700.196243, 499.300959, 699.173062, 503.393685, 
            696.103517, 504.416867, 695.080336, 506.463229, 
            694.057154, 508.509592, 693.033973, 510.555955, 
            690.987610, 512.602318, 689.964428, 515.671863, 
            687.918066, 517.718225, 686.894884, 518.741407, 
            686.894884, 521.810951, 684.848521, 524.880496, 
            682.802158, 525.903677, 682.802158, 528.973221, 
            681.778977, 533.065947, 679.732614, 537.158673, 
            678.709432, 541.251399, 677.686251, 545.344125, 
            677.686251, 549.436851, 677.686251, 555.575939, 
            677.686251, 558.645484, 678.709432, 564.784572, 
            678.709432, 567.854117, 678.709432, 570.923661, 
            678.709432, 575.016387, 679.732614, 576.039568, 
            679.732614, 580.132294, 679.732614, 583.201839, 
            679.732614, 585.248201, 680.755795, 590.364109, 
            681.778977, 592.410472, 682.802158, 596.503197, 
            683.825340, 599.572742, 686.894884, 603.665468, 
            688.941247, 606.735012, 692.010791, 608.781375, 
            694.057154, 609.804556, 695.080336, 610.827738, 
            695.080336, 612.874101, 697.126699, 615.943645, 
            700.196243, 617.990008, 703.265787, 620.036371, 
            704.288969, 622.082734, 706.335332, 624.129097, 
            708.381695, 625.152278, 710.428058, 626.175460, 
            713.497602, 627.198641, 715.543965, 628.221823, 
            716.567146, 629.245004, 716.567146, -1.000000, 
            -1.000000, 758.165867, 717.590328, 755.096323, 
            715.543965, 754.073141, 714.520783, 751.003597, 
            714.520783, 748.957234, 713.497602, 744.864508, 
            712.474420, 742.818145, 711.451239, 742.818145, 
            710.428058, 741.794964, 710.428058, 739.748601, 
            709.404876, 737.702238, 706.335332, 734.632694, 
            702.242606, 734.632694, 701.219424, 734.632694, 
            700.196243, 734.632694, 698.149880, 734.632694, 
            695.080336, 734.632694, 694.057154, 734.632694, 
            690.987610, 735.655875, 689.964428, 736.679057, 
            686.894884, 739.748601, 683.825340, 740.771783, 
            681.778977, 742.818145, 680.755795, 743.841327, 
            680.755795, 744.864508, 679.732614, 745.887690, 
            678.709432, 746.910871, 676.663070, 747.934053, 
            673.593525, 748.957234, 672.570344, 748.957234, 
            671.547162, 748.957234, 670.523981, 747.934053, 
            669.500799, 743.841327, 668.477618, 742.818145, 
            668.477618, 740.771783, 666.431255, 739.748601, 
            666.431255, 739.748601, 665.408074, 738.725420, 
            663.361711, 738.725420, 662.338529, 738.725420, 
            661.315348, 738.725420, 658.245803, 737.702238, 
            656.199440, 737.702238, 654.153078, 737.702238, 
            652.106715, 738.725420, 650.060352, 740.771783, 
            648.013989, 743.841327, 643.921263, 745.887690, 
            640.851719, 747.934053, 638.805356, 751.003597, 
            637.782174, 751.003597, 636.758993, 754.073141, 
            635.735811, 759.189049, 633.689448, 760.212230, 
            631.643086, 763.281775, 629.596723, 764.304956, 
            629.596723, 766.351319, 627.550360, 769.420863, 
            626.527178, 769.420863, 625.503997, 773.513589, 
            623.457634, 775.559952, 621.411271, 777.606315, 
            620.388090, 780.675859, 618.341727, 781.699041, 
            617.318545, 781.699041, 616.295364, 782.722222, 
            616.295364, 784.768585, 615.272182, 785.791767, 
            614.249001, 787.838129, 612.202638, 788.861311, 
            611.179456, 791.930855, 609.133094, 793.977218, 
            608.109912, 798.069944, 607.086731, 799.093125, 
            606.063549, 801.139488, 606.063549, 804.209033, 
            604.017186, 807.278577, 602.994005, 809.324940, 
            601.970823, 811.371303, 601.970823, 814.440847, 
            600.947642, 816.487210, 600.947642, 818.533573, 
            600.947642, 822.626299, 599.924460, 827.742206, 
            599.924460, 829.788569, 599.924460, 830.811751, 
            599.924460, 833.881295, 599.924460, 837.974021, 
            599.924460, 838.997202, 599.924460, 840.020384, 
            599.924460, 846.159472, 599.924460, 849.229017, 
            600.947642, 854.344924, 601.970823, 855.368106, 
            602.994005, 858.437650, 602.994005, 862.530376, 
            604.017186, 865.599920, 604.017186, 866.623102, 
            604.017186, 869.692646, 606.063549, 872.762190, 
            608.109912, 874.808553, 608.109912, 876.854916, 
            610.156275, 880.947642, 611.179456, 881.970823, 
            611.179456, 885.040368, 613.225819, 888.109912, 
            615.272182, 893.225819, 618.341727, 898.341727, 
            622.434452, 902.434452, 624.480815, 905.503997, 
            626.527178, 908.573541, 629.596723, 910.619904, 
            631.643086, 912.666267, 632.666267, 914.712630, 
            635.735811, 917.782174, 638.805356, 919.828537, 
            642.898082, 921.874900, 644.944444, 923.921263, 
            648.013989, 925.967626, 650.060352, 926.990807, 
            652.106715, 930.060352, 656.199440, 930.060352, 
            658.245803, 931.083533, 658.245803, 933.129896, 
            661.315348, 934.153078, 664.384892, 934.153078, 
            667.454436, 935.176259, 667.454436, 937.222622, 
            670.523981, 938.245803, 673.593525, 939.268985, 
            674.616707, 940.292166, 676.663070, 942.338529, 
            679.732614, 943.361711, 684.848521, 945.408074, 
            688.941247, 946.431255, 690.987610, 947.454436, 
            695.080336, 948.477618, 696.103517, 948.477618, 
            698.149880, 949.500799, 700.196243, 949.500799, 
            702.242606, 949.500799, 703.265787, 949.500799, 
            704.288969, 949.500799, 705.312150, 950.523981, 
            706.335332, 951.547162, 710.428058, 951.547162, 
            712.474420, 951.547162, 713.497602, -1.000000, 
            -1.000000, 806.255396, 307.294564, 803.185851, 
            309.340927, 802.162670, 309.340927, 798.069944, 
            310.364109, 792.954037, 313.433653, 785.791767, 
            316.503197, 782.722222, 318.549560, 778.629496, 
            318.549560, 776.583133, 318.549560, 774.536771, 
            318.549560, 773.513589, 318.549560, 771.467226, 
            318.549560, 768.397682, 318.549560, 763.281775, 
            319.572742, 761.235412, 319.572742, 757.142686, 
            320.595923, 753.049960, 320.595923, 748.957234, 
            322.642286, 745.887690, 322.642286, 743.841327, 
            324.688649, 742.818145, 324.688649, 741.794964, 
            325.711831, 740.771783, 328.781375, 739.748601, 
            330.827738, 738.725420, 333.897282, 738.725420, 
            335.943645, 737.702238, 339.013189, 736.679057, 
            342.082734, 736.679057, 343.105915, 735.655875, 
            346.175460, 733.609512, 348.221823, 733.609512, 
            351.291367, 730.539968, 353.337730, 730.539968, 
            356.407274, 728.493605, 358.453637, 726.447242, 
            362.546363, 725.424061, 364.592726, 724.400879, 
            365.615907, 724.400879, 366.639089, 724.400879, 
            368.685452, 724.400879, 370.731815, 723.377698, 
            372.778177, 722.354516, 376.870903, 722.354516, 
            379.940448, 722.354516, 380.963629, 723.377698, 
            383.009992, 724.400879, 384.033173, 726.447242, 
            384.033173, 729.516787, 386.079536, 732.586331, 
            388.125899, 734.632694, 391.195444, 735.655875, 
