%YAML:1.0
    mask: !!opencv-matrix
        rows: 270
        cols: 2
        dt: f
        data: [ -1.000000, -1.000000, -1.000000, 
            -1.000000, 709.778351, 271.427835, 703.180412, 
            271.427835, 699.221649, 271.427835, 687.345361, 
            271.427835, 683.386598, 271.427835, 682.067010, 
            271.427835, 680.747423, 271.427835, 678.108247, 
            271.427835, 671.510309, 274.067010, 668.871134, 
            275.386598, 664.912371, 276.706186, 663.592784, 
            278.025773, 662.273196, 278.025773, 655.675258, 
            281.984536, 651.716495, 284.623711, 649.077320, 
            287.262887, 645.118557, 291.221649, 645.118557, 
            292.541237, 643.798969, 293.860825, 642.479381, 
            295.180412, 639.840206, 297.819588, 638.520619, 
            299.139175, 638.520619, 300.458763, 637.201031, 
            301.778351, 637.201031, 303.097938, 637.201031, 
            305.737113, 638.520619, 305.737113, 639.840206, 
            307.056701, 639.840206, 308.376289, 641.159794, 
            309.695876, 642.479381, 312.335052, 643.798969, 
            312.335052, 645.118557, 312.335052, 645.118557, 
            313.654639, 646.438144, 313.654639, 647.757732, 
            313.654639, 649.077320, 313.654639, 651.716495, 
            313.654639, 658.314433, 313.654639, 668.871134, 
            313.654639, 670.190722, 313.654639, 671.510309, 
            313.654639, 672.829897, 313.654639, 674.149485, 
            313.654639, 675.469072, 316.293814, 675.469072, 
            317.613402, 675.469072, 321.572165, 675.469072, 
            322.891753, 675.469072, 326.850515, 672.829897, 
            328.170103, 668.871134, 329.489691, 666.231959, 
            330.809278, 662.273196, 332.128866, 656.994845, 
            336.087629, 649.077320, 338.726804, 646.438144, 
            340.046392, 643.798969, 341.365979, 638.520619, 
            345.324742, 637.201031, 345.324742, 635.881443, 
            346.644330, 634.561856, 346.644330, 634.561856, 
            347.963918, 631.922680, 349.283505, 627.963918, 
            350.603093, 624.005155, 353.242268, 622.685567, 
            353.242268, 621.365979, 354.561856, 621.365979, 
            355.881443, 617.407216, 357.201031, 614.768041, 
            358.520619, 609.489691, 361.159794, 606.850515, 
            362.479381, 604.211340, 363.798969, 601.572165, 
            365.118557, 600.252577, 366.438144, 598.932990, 
            367.757732, 598.932990, 370.396907, 597.613402, 
            370.396907, 597.613402, 371.716495, 597.613402, 
            373.036082, 597.613402, 374.355670, 597.613402, 
            375.675258, 598.932990, 375.675258, 600.252577, 
            378.314433, 601.572165, 378.314433, 601.572165, 
            379.634021, 602.891753, 382.273196, 606.850515, 
            386.231959, 609.489691, 388.871134, 610.809278, 
            388.871134, 612.128866, 391.510309, 613.448454, 
            391.510309, 613.448454, 392.829897, 616.087629, 
            394.149485, 617.407216, 394.149485, 618.726804, 
            394.149485, 621.365979, 394.149485, 626.644330, 
            394.149485, 639.840206, 394.149485, 649.077320, 
            392.829897, 651.716495, 391.510309, 658.314433, 
            390.190722, 664.912371, 390.190722, 667.551546, 
            388.871134, 672.829897, 388.871134, 674.149485, 
            387.551546, 676.788660, 386.231959, 686.025773, 
            380.953608, 691.304124, 378.314433, 693.943299, 
            378.314433, 695.262887, 376.994845, 699.221649, 
            374.355670, 701.860825, 373.036082, 703.180412, 
            371.716495, 703.180412, 370.396907, 705.819588, 
            367.757732, 707.139175, 365.118557, 712.417526, 
            359.840206, 713.737113, 359.840206, 716.376289, 
            354.561856, 717.695876, 353.242268, 719.015464, 
            347.963918, 724.293814, 344.005155, 728.252577, 
            341.365979, 729.572165, 340.046392, 733.530928, 
            329.489691, 734.850515, 325.530928, 738.809278, 
            309.695876, 738.809278, 304.417526, 738.809278, 
            301.778351, 738.809278, 300.458763, 738.809278, 
            299.139175, 738.809278, 293.860825, -1.000000, 
            -1.000000, 449.819588, 313.654639, 449.819588, 
            320.252577, 449.819588, 326.850515, 449.819588, 
            332.128866, 452.458763, 338.726804, 452.458763, 
            341.365979, 453.778351, 346.644330, 455.097938, 
            350.603093, 456.417526, 351.922680, 456.417526, 
            354.561856, 461.695876, 365.118557, 463.015464, 
            366.438144, 464.335052, 370.396907, 465.654639, 
            371.716495, 466.974227, 374.355670, 469.613402, 
            376.994845, 470.932990, 378.314433, 470.932990, 
            379.634021, 473.572165, 380.953608, 476.211340, 
            384.912371, 480.170103, 387.551546, 481.489691, 
            388.871134, 485.448454, 391.510309, 490.726804, 
            392.829897, 497.324742, 396.788660, 499.963918, 
            398.108247, 501.283505, 399.427835, 505.242268, 
            400.747423, 507.881443, 400.747423, 510.520619, 
            400.747423, 518.438144, 402.067010, 523.716495, 
            404.706186, 526.355670, 404.706186, 528.994845, 
            404.706186, 530.314433, 404.706186, 535.592784, 
            400.747423, 538.231959, 398.108247, 539.551546, 
            398.108247, 540.871134, 396.788660, 543.510309, 
            395.469072, 544.829897, 394.149485, 547.469072, 
            392.829897, 550.108247, 391.510309, 558.025773, 
            387.551546, 558.025773, 386.231959, 559.345361, 
            386.231959, 561.984536, 384.912371, 564.623711, 
            383.592784, 568.582474, 383.592784, 569.902062, 
            382.273196, 572.541237, 382.273196, 573.860825, 
            382.273196, 576.500000, 380.953608, 579.139175, 
            380.953608, 580.458763, 380.953608, 584.417526, 
            378.314433, 585.737113, 376.994845, 585.737113, 
            375.675258, 592.335052, 373.036082, 592.335052, 
            371.716495, 593.654639, 371.716495, 596.293814, 
            367.757732, 597.613402, 367.757732, 597.613402, 
            366.438144, 597.613402, 363.798969, 597.613402, 
            362.479381, 597.613402, 361.159794, 597.613402, 
            359.840206, 597.613402, 358.520619, 597.613402, 
            357.201031, 597.613402, 353.242268, 593.654639, 
            349.283505, 591.015464, 344.005155, 589.695876, 
            342.685567, 587.056701, 341.365979, 585.737113, 
            341.365979, 581.778351, 338.726804, 580.458763, 
            338.726804, 579.139175, 338.726804, 576.500000, 
            337.407216, 567.262887, 336.087629, 561.984536, 
            334.768041, 555.386598, 332.128866, 552.747423, 
            332.128866, 542.190722, 326.850515, 539.551546, 
            324.211340, 534.273196, 320.252577, 527.675258, 
            314.974227, 522.396907, 312.335052, 519.757732, 
            308.376289, 517.118557, 305.737113, 517.118557, 
            304.417526, 517.118557, 303.097938, 518.438144, 
            303.097938, 519.757732, 303.097938, 521.077320, 
            303.097938, 525.036082, 304.417526, 527.675258, 
            304.417526, 532.953608, 307.056701, 535.592784, 
            307.056701, 538.231959, 308.376289, 539.551546, 
            308.376289, 540.871134, 308.376289, 542.190722, 
            308.376289, 544.829897, 308.376289, 551.427835, 
            308.376289, 555.386598, 308.376289, 556.706186, 
            308.376289, 556.706186, 307.056701, 556.706186, 
            305.737113, 556.706186, 304.417526, 555.386598, 
            301.778351, 551.427835, 293.860825, 550.108247, 
            292.541237, 548.788660, 291.221649, 546.149485, 
            288.582474, 544.829897, 288.582474, 540.871134, 
            287.262887, 539.551546, 287.262887, 535.592784, 
            285.943299, 534.273196, 285.943299, 530.314433, 
            284.623711, 528.994845, 284.623711, 525.036082, 
