%YAML:1.0
    mask: !!opencv-matrix
        rows: 498
        cols: 2
        dt: f
        data: [ 397.036082, 716.128866, 402.314433, 
            712.170103, 403.634021, 710.850515, 404.953608, 
            708.211340, 408.912371, 705.572165, 412.871134, 
            701.613402, 414.190722, 700.293814, 419.469072, 
            697.654639, 427.386598, 693.695876, 435.304124, 
            691.056701, 439.262887, 689.737113, 453.778351, 
            687.097938, 460.376289, 683.139175, 468.293814, 
            680.500000, 474.891753, 676.541237, 477.530928, 
            675.221649, 480.170103, 672.582474, 484.128866, 
            669.943299, 485.448454, 667.304124, 486.768041, 
            665.984536, 488.087629, 664.664948, 488.087629, 
            663.345361, 486.768041, 656.747423, 485.448454, 
            652.788660, 485.448454, 647.510309, 481.489691, 
            643.551546, 480.170103, 642.231959, 477.530928, 
            639.592784, 474.891753, 638.273196, 470.932990, 
            638.273196, 468.293814, 636.953608, 463.015464, 
            636.953608, 453.778351, 636.953608, 449.819588, 
            636.953608, 437.943299, 638.273196, 430.025773, 
            640.912371, 422.108247, 640.912371, 416.829897, 
            642.231959, 411.551546, 643.551546, 404.953608, 
            643.551546, 400.994845, 644.871134, 391.757732, 
            644.871134, 390.438144, 644.871134, 387.798969, 
            644.871134, 386.479381, 644.871134, 382.520619, 
            646.190722, 378.561856, 646.190722, 373.283505, 
            647.510309, 366.685567, 647.510309, 362.726804, 
            647.510309, 358.768041, 643.551546, 353.489691, 
            638.273196, 349.530928, 635.634021, 346.891753, 
            634.314433, 341.613402, 630.355670, 340.293814, 
            627.716495, 340.293814, 625.077320, 340.293814, 
            617.159794, 341.613402, 609.242268, 341.613402, 
            605.283505, 344.252577, 598.685567, 344.252577, 
            596.046392, 345.572165, 593.407216, 350.850515, 
            590.768041, 356.128866, 585.489691, 358.768041, 
            580.211340, 361.407216, 577.572165, 364.046392, 
            572.293814, 364.046392, 569.654639, 365.365979, 
            564.376289, 365.365979, 561.737113, 364.046392, 
            555.139175, 364.046392, 552.500000, 362.726804, 
            551.180412, 361.407216, 548.541237, 361.407216, 
            547.221649, 360.087629, 544.582474, 360.087629, 
            543.262887, 358.768041, 543.262887, 357.448454, 
            543.262887, 353.489691, 544.582474, 349.530928, 
            548.541237, 346.891753, 549.860825, 344.252577, 
            552.500000, 333.695876, 557.778351, 329.737113, 
            560.417526, 321.819588, 564.376289, 313.902062, 
            568.335052, 312.582474, 569.654639, 305.984536, 
            572.293814, 303.345361, 573.613402, 298.067010, 
            577.572165, 294.108247, 580.211340, 292.788660, 
            581.530928, 286.190722, 588.128866, 284.871134, 
            589.448454, 280.912371, 593.407216, 276.953608, 
            598.685567, 263.757732, 613.201031, 261.118557, 
            615.840206, 259.798969, 618.479381, 254.520619, 
            626.396907, 249.242268, 635.634021, 242.644330, 
            647.510309, 242.644330, 648.829897, 240.005155, 
            652.788660, 236.046392, 659.386598, 233.407216, 
            662.025773, 229.448454, 667.304124, 221.530928, 
            677.860825, 216.252577, 683.139175, 214.932990, 
            684.458763, 212.293814, 688.417526, 210.974227, 
            691.056701, 210.974227, 693.695876, 210.974227, 
            698.974227, 213.613402, 701.613402, 222.850515, 
            706.891753, 226.809278, 708.211340, 236.046392, 
            712.170103, 241.324742, 714.809278, 242.644330, 
            716.128866, 243.963918, 716.128866, -1.000000, 
            -1.000000, 641.159794, 712.170103, 635.881443, 
            702.932990, 634.561856, 697.654639, 634.561856, 
            693.695876, 634.561856, 689.737113, 634.561856, 
            687.097938, 634.561856, 684.458763, 634.561856, 
            683.139175, 634.561856, 677.860825, 634.561856, 
            671.262887, 634.561856, 665.984536, 634.561856, 
            663.345361, 631.922680, 655.427835, 631.922680, 
            650.149485, 630.603093, 648.829897, 630.603093, 
            643.551546, 630.603093, 642.231959, 630.603093, 
            638.273196, 630.603093, 632.994845, 630.603093, 
            629.036082, 630.603093, 627.716495, 631.922680, 
            617.159794, 631.922680, 614.520619, 630.603093, 
            603.963918, 629.283505, 596.046392, 626.644330, 
            589.448454, 626.644330, 584.170103, 626.644330, 
            582.850515, 626.644330, 580.211340, 626.644330, 
            569.654639, 626.644330, 563.056701, 626.644330, 
            561.737113, 626.644330, 557.778351, 626.644330, 
            556.458763, 626.644330, 553.819588, 626.644330, 
            548.541237, 627.963918, 543.262887, 629.283505, 
            539.304124, 630.603093, 537.984536, 633.242268, 
            536.664948, 633.242268, 535.345361, 634.561856, 
            535.345361, 637.201031, 534.025773, 641.159794, 
            532.706186, 645.118557, 532.706186, 646.438144, 
            532.706186, 649.077320, 532.706186, 654.355670, 
            536.664948, 655.675258, 537.984536, 656.994845, 
            540.623711, 660.953608, 545.902062, 662.273196, 
            549.860825, 667.551546, 559.097938, 668.871134, 
            561.737113, 670.190722, 565.695876, 672.829897, 
            569.654639, 675.469072, 573.613402, 676.788660, 
            576.252577, 678.108247, 577.572165, 679.427835, 
            578.891753, 680.747423, 580.211340, 682.067010, 
            580.211340, 683.386598, 581.530928, 684.706186, 
            584.170103, 686.025773, 584.170103, 687.345361, 
            584.170103, 689.984536, 584.170103, 691.304124, 
            584.170103, 695.262887, 574.932990, 696.582474, 
            567.015464, 696.582474, 564.376289, 693.943299, 
            553.819588, 693.943299, 552.500000, 691.304124, 
            549.860825, 689.984536, 549.860825, 687.345361, 
            548.541237, 683.386598, 545.902062, 683.386598, 
            544.582474, 682.067010, 541.943299, 680.747423, 
            540.623711, 680.747423, 537.984536, 679.427835, 
            537.984536, 678.108247, 536.664948, 678.108247, 
            534.025773, 675.469072, 531.386598, 674.149485, 
            530.067010, 672.829897, 526.108247, 670.190722, 
            523.469072, 668.871134, 523.469072, 668.871134, 
            522.149485, 666.231959, 520.829897, 666.231959, 
            518.190722, 664.912371, 518.190722, 664.912371, 
            516.871134, 664.912371, 515.551546, 666.231959, 
            514.231959, 667.551546, 512.912371, 671.510309, 
            510.273196, 672.829897, 510.273196, 679.427835, 
            510.273196, 680.747423, 508.953608, 684.706186, 
            507.634021, 692.623711, 506.314433, 693.943299, 
            504.994845, 695.262887, 504.994845, 699.221649, 
            504.994845, 700.541237, 504.994845, 703.180412, 
            504.994845, 704.500000, 504.994845, 705.819588, 
            504.994845, 707.139175, 504.994845, 709.778351, 
            504.994845, 711.097938, 506.314433, 712.417526, 
            507.634021, 713.737113, 508.953608, 715.056701, 
            512.912371, 717.695876, 516.871134, 719.015464, 
            519.510309, 721.654639, 524.788660, 724.293814, 
            528.747423, 725.613402, 531.386598, 728.252577, 
            534.025773, 729.572165, 536.664948, 730.891753, 
            539.304124, 732.211340, 543.262887, 732.211340, 
            544.582474, 734.850515, 548.541237, 736.170103, 
            551.180412, 738.809278, 556.458763, 740.128866, 
            559.097938, 746.726804, 570.974227, 750.685567, 
            577.572165, 753.324742, 585.489691, 755.963918, 
