%YAML:1.0
    mask: !!opencv-matrix
        rows: 941
        cols: 2
        dt: f
        data: [ 3.678808, 551.228477, 7.917219, 
            553.347682, 10.036424, 553.347682, 12.155629, 
            553.347682, 14.274834, 553.347682, 16.394040, 
            553.347682, 18.513245, 553.347682, 22.751656, 
            553.347682, 26.990066, 553.347682, 29.109272, 
            553.347682, 31.228477, 553.347682, 35.466887, 
            553.347682, 37.586093, 553.347682, 39.705298, 
            553.347682, 41.824503, 553.347682, 43.943709, 
            553.347682, 46.062914, 553.347682, 48.182119, 
            553.347682, 50.301325, 553.347682, 54.539735, 
            553.347682, 56.658940, 553.347682, 58.778146, 
            553.347682, 60.897351, 553.347682, 63.016556, 
            553.347682, 67.254967, 553.347682, 71.493377, 
            553.347682, 77.850993, 553.347682, 86.327815, 
            553.347682, 88.447020, 553.347682, 90.566225, 
            553.347682, 92.685430, 553.347682, 96.923841, 
            553.347682, 99.043046, 553.347682, 103.281457, 
            553.347682, 105.400662, 553.347682, 111.758278, 
            553.347682, 115.996689, 553.347682, 118.115894, 
            553.347682, 120.235099, 553.347682, 122.354305, 
            553.347682, 122.354305, 555.466887, 124.473510, 
            555.466887, 126.592715, 557.586093, 128.711921, 
            559.705298, 128.711921, 561.824503, 130.831126, 
            561.824503, 132.950331, 563.943709, 132.950331, 
            566.062914, 135.069536, 566.062914, 137.188742, 
            572.420530, 139.307947, 572.420530, 139.307947, 
            574.539735, 141.427152, 578.778146, 141.427152, 
            580.897351, 143.546358, 583.016556, 145.665563, 
            585.135762, 145.665563, 587.254967, 145.665563, 
            589.374172, 147.784768, 591.493377, 147.784768, 
            593.612583, 147.784768, 595.731788, 149.903974, 
            597.850993, 152.023179, 602.089404, 152.023179, 
            604.208609, 154.142384, 608.447020, 156.261589, 
            610.566225, 156.261589, 612.685430, 156.261589, 
            614.804636, 158.380795, 616.923841, 158.380795, 
            619.043046, 160.500000, 619.043046, 162.619205, 
            621.162252, 162.619205, 623.281457, 164.738411, 
            625.400662, 164.738411, 627.519868, 164.738411, 
            629.639073, 164.738411, 631.758278, 164.738411, 
            633.877483, 164.738411, 635.996689, 164.738411, 
            638.115894, 164.738411, 640.235099, 164.738411, 
            642.354305, 162.619205, 644.473510, 160.500000, 
            648.711921, 154.142384, 652.950331, 154.142384, 
            655.069536, 152.023179, 655.069536, 149.903974, 
            657.188742, 147.784768, 657.188742, 147.784768, 
            659.307947, 145.665563, 659.307947, 145.665563, 
            661.427152, 143.546358, 663.546358, 141.427152, 
            665.665563, 141.427152, 667.784768, 141.427152, 
            669.903974, 141.427152, 674.142384, 141.427152, 
            676.261589, 141.427152, 678.380795, 139.307947, 
            680.500000, 139.307947, 684.738411, 139.307947, 
            686.857616, 139.307947, 688.976821, 137.188742, 
            693.215232, 135.069536, 695.334437, 135.069536, 
            697.453642, 132.950331, 699.572848, 132.950331, 
            701.692053, 130.831126, 701.692053, 128.711921, 
            703.811258, 128.711921, 705.930464, 126.592715, 
            708.049669, 126.592715, 710.168874, 124.473510, 
            712.288079, 122.354305, 712.288079, 118.115894, 
            714.407285, 115.996689, 714.407285, 113.877483, 
            716.526490, 111.758278, 716.526490, 109.639073, 
            718.645695, 107.519868, 718.645695, 103.281457, 
            718.645695, 39.705298, 718.645695, 29.109272, 
            714.407285, 26.990066, 714.407285, 24.870861, 
            712.288079, 22.751656, 710.168874, 20.632450, 
            708.049669, 12.155629, 701.692053, 7.917219, 
            699.572848, 7.917219, 697.453642, 3.678808, 
            695.334437, 1.559603, 695.334437, 1.559603, 
            693.215232, 1.559603, 608.447020, 1.559603, 
            606.327815, 1.559603, 602.089404, 3.678808, 
            597.850993, 5.798013, 595.731788, 5.798013, 
            593.612583, 7.917219, 591.493377, 10.036424, 
            587.254967, 10.036424, 583.016556, 12.155629, 
            580.897351, 14.274834, 578.778146, 14.274834, 
            576.658940, 14.274834, 574.539735, 14.274834, 
            566.062914, 14.274834, 563.943709, 14.274834, 
            559.705298, 14.274834, 557.586093, 14.274834, 
            555.466887, -1.000000, -1.000000, 616.129139, 
            650.831126, 616.129139, 646.592715, 616.129139, 
            642.354305, 618.248344, 638.115894, 620.367550, 
            633.877483, 620.367550, 631.758278, 622.486755, 
            627.519868, 624.605960, 627.519868, 624.605960, 
            625.400662, 626.725166, 621.162252, 626.725166, 
            619.043046, 628.844371, 616.923841, 628.844371, 
            614.804636, 630.963576, 612.685430, 630.963576, 
            610.566225, 633.082781, 608.447020, 635.201987, 
            606.327815, 635.201987, 604.208609, 637.321192, 
            599.970199, 639.440397, 595.731788, 639.440397, 
            593.612583, 639.440397, 591.493377, 641.559603, 
            589.374172, 641.559603, 587.254967, 643.678808, 
            585.135762, 643.678808, 583.016556, 645.798013, 
            583.016556, 645.798013, 580.897351, 645.798013, 
            578.778146, 645.798013, 576.658940, 647.917219, 
            574.539735, 647.917219, 572.420530, 650.036424, 
            572.420530, 652.155629, 570.301325, 652.155629, 
            568.182119, 652.155629, 566.062914, 654.274834, 
            566.062914, 654.274834, 563.943709, 656.394040, 
            563.943709, 656.394040, 561.824503, 658.513245, 
            559.705298, 660.632450, 557.586093, 662.751656, 
            555.466887, 662.751656, 553.347682, 664.870861, 
            553.347682, 664.870861, 551.228477, 666.990066, 
            549.109272, 669.109272, 549.109272, 669.109272, 
            546.990066, 671.228477, 546.990066, 671.228477, 
            544.870861, 673.347682, 542.751656, 675.466887, 
            538.513245, 677.586093, 536.394040, 677.586093, 
            534.274834, 679.705298, 534.274834, 679.705298, 
            532.155629, 681.824503, 530.036424, 683.943709, 
            527.917219, 683.943709, 525.798013, 686.062914, 
            523.678808, 688.182119, 521.559603, 688.182119, 
            517.321192, 690.301325, 517.321192, 690.301325, 
            515.201987, 690.301325, 510.963576, 692.420530, 
            508.844371, 694.539735, 506.725166, 694.539735, 
            504.605960, 694.539735, 502.486755, 696.658940, 
            500.367550, 698.778146, 496.129139, 700.897351, 
            494.009934, 700.897351, 491.890728, 700.897351, 
            489.771523, 703.016556, 487.652318, 703.016556, 
            485.533113, 705.135762, 485.533113, 707.254967, 
            483.413907, 707.254967, 481.294702, 709.374172, 
            481.294702, 709.374172, 479.175497, 711.493377, 
            479.175497, 711.493377, 477.056291, 713.612583, 
            477.056291, 715.731788, 474.937086, 715.731788, 
            472.817881, 717.850993, 472.817881, 719.970199, 
            470.698675, 722.089404, 470.698675, 722.089404, 
            468.579470, 724.208609, 466.460265, 726.327815, 
            464.341060, 730.566225, 460.102649, 736.923841, 
            453.745033, 739.043046, 451.625828, 741.162252, 
            449.506623, 741.162252, 447.387417, 743.281457, 
            445.268212, 745.400662, 443.149007, 747.519868, 
            441.029801, 749.639073, 438.910596, 749.639073, 
            436.791391, 751.758278, 436.791391, 753.877483, 
            434.672185, 755.996689, 432.552980, 758.115894, 
            430.433775, 760.235099, 428.314570, 762.354305, 
