%YAML:1.0
    mask: !!opencv-matrix
        rows: 504
        cols: 2
        dt: f
        data: [ 129.159794, 495.757732, 135.757732, 
            497.077320, 141.036082, 499.716495, 156.871134, 
            511.592784, 163.469072, 515.551546, 172.706186, 
            523.469072, 183.262887, 535.345361, 184.582474, 
            537.984536, 189.860825, 540.623711, 192.500000, 
            543.262887, 196.458763, 544.582474, 199.097938, 
            545.902062, 205.695876, 548.541237, 208.335052, 
            549.860825, 212.293814, 552.500000, 214.932990, 
            553.819588, 216.252577, 553.819588, 218.891753, 
            555.139175, 220.211340, 555.139175, 225.489691, 
            555.139175, 228.128866, 555.139175, 229.448454, 
            555.139175, 232.087629, 555.139175, 241.324742, 
            553.819588, 247.922680, 552.500000, 251.881443, 
            549.860825, 257.159794, 548.541237, 265.077320, 
            543.262887, 267.716495, 541.943299, 271.675258, 
            539.304124, 278.273196, 537.984536, 286.190722, 
            536.664948, 287.510309, 536.664948, 288.829897, 
            536.664948, 290.149485, 535.345361, 291.469072, 
            534.025773, 294.108247, 534.025773, 295.427835, 
            532.706186, 307.304124, 528.747423, 312.582474, 
            524.788660, 319.180412, 523.469072, 321.819588, 
            522.149485, 323.139175, 520.829897, 324.458763, 
            519.510309, 327.097938, 519.510309, 332.376289, 
            516.871134, 336.335052, 514.231959, 338.974227, 
            512.912371, 344.252577, 511.592784, 361.407216, 
            506.314433, 364.046392, 506.314433, 365.365979, 
            504.994845, 368.005155, 504.994845, 377.242268, 
            502.355670, 378.561856, 501.036082, 381.201031, 
            501.036082, 387.798969, 499.716495, 398.355670, 
            498.396907, 399.675258, 495.757732, 400.994845, 
            495.757732, 402.314433, 494.438144, 402.314433, 
            493.118557, 402.314433, 491.798969, 402.314433, 
            490.479381, 402.314433, 489.159794, 402.314433, 
            487.840206, 402.314433, 486.520619, 402.314433, 
            482.561856, 402.314433, 481.242268, 402.314433, 
            479.922680, 402.314433, 478.603093, 402.314433, 
            477.283505, 400.994845, 474.644330, 398.355670, 
            473.324742, 397.036082, 472.005155, 393.077320, 
            466.726804, 390.438144, 465.407216, 387.798969, 
            462.768041, 386.479381, 462.768041, 383.840206, 
            462.768041, 382.520619, 461.448454, 375.922680, 
            461.448454, 374.603093, 461.448454, 370.644330, 
            460.128866, 368.005155, 457.489691, 366.685567, 
            457.489691, 364.046392, 457.489691, 362.726804, 
            457.489691, 360.087629, 456.170103, 358.768041, 
            456.170103, 357.448454, 456.170103, 356.128866, 
            456.170103, 354.809278, 456.170103, 350.850515, 
            454.850515, 349.530928, 454.850515, 346.891753, 
            454.850515, 344.252577, 454.850515, 340.293814, 
            453.530928, 336.335052, 452.211340, 335.015464, 
            452.211340, 336.335052, 452.211340, 337.654639, 
            452.211340, 338.974227, 452.211340, 338.974227, 
            450.891753, 340.293814, 450.891753, 341.613402, 
            449.572165, 348.211340, 446.932990, 350.850515, 
            445.613402, 354.809278, 444.293814, 357.448454, 
            444.293814, 360.087629, 444.293814, 361.407216, 
            444.293814, 364.046392, 442.974227, 366.685567, 
            442.974227, 366.685567, 441.654639, 369.324742, 
            441.654639, 370.644330, 441.654639, 373.283505, 
            441.654639, 375.922680, 441.654639, 378.561856, 
            441.654639, 379.881443, 441.654639, 381.201031, 
            441.654639, 382.520619, 441.654639, 383.840206, 
            441.654639, 385.159794, 441.654639, 386.479381, 
            441.654639, 387.798969, 441.654639, 389.118557, 
            441.654639, 390.438144, 441.654639, 391.757732, 
            441.654639, 393.077320, 441.654639, 393.077320, 
            440.335052, 393.077320, 439.015464, 394.396907, 
            439.015464, 394.396907, 437.695876, 395.716495, 
            437.695876, 395.716495, 436.376289, 397.036082, 
            435.056701, 397.036082, 433.737113, 398.355670, 
            431.097938, 399.675258, 431.097938, 399.675258, 
            429.778351, 402.314433, 429.778351, 403.634021, 
            428.458763, 403.634021, 427.139175, 404.953608, 
            427.139175, 398.355670, 427.139175, 399.675258, 
            427.139175, 400.994845, 427.139175, 406.273196, 
            420.541237, 406.273196, 419.221649, 406.273196, 
            417.902062, 406.273196, 412.623711, 406.273196, 
            411.304124, 406.273196, 409.984536, 404.953608, 
            404.706186, 404.953608, 403.386598, 403.634021, 
            398.108247, 400.994845, 395.469072, 400.994845, 
            392.829897, 398.355670, 383.592784, 395.716495, 
            378.314433, 394.396907, 373.036082, 390.438144, 
            369.077320, 390.438144, 367.757732, 387.798969, 
            365.118557, 386.479381, 363.798969, 383.840206, 
            362.479381, 382.520619, 362.479381, 377.242268, 
            361.159794, 375.922680, 361.159794, 371.963918, 
            361.159794, 370.644330, 361.159794, 365.365979, 
            359.840206, 361.407216, 359.840206, 358.768041, 
            358.520619, 354.809278, 358.520619, 349.530928, 
            358.520619, 345.572165, 358.520619, 344.252577, 
            358.520619, 341.613402, 358.520619, 335.015464, 
            358.520619, 328.417526, 358.520619, 325.778351, 
            358.520619, 316.541237, 358.520619, 312.582474, 
            358.520619, 309.943299, 358.520619, 307.304124, 
            358.520619, 305.984536, 358.520619, 303.345361, 
            358.520619, 300.706186, 358.520619, 299.386598, 
            358.520619, 294.108247, 358.520619, 292.788660, 
            358.520619, 288.829897, 358.520619, 286.190722, 
            358.520619, 283.551546, 358.520619, 276.953608, 
            358.520619, 274.314433, 358.520619, 269.036082, 
            358.520619, 265.077320, 359.840206, 263.757732, 
            361.159794, 258.479381, 363.798969, 251.881443, 
            366.438144, 247.922680, 367.757732, 242.644330, 
            371.716495, 238.685567, 374.355670, 237.365979, 
            375.675258, 236.046392, 376.994845, 234.726804, 
            378.314433, 233.407216, 379.634021, 232.087629, 
            380.953608, 232.087629, 382.273196, 229.448454, 
            382.273196, 222.850515, 390.190722, 217.572165, 
            394.149485, 212.293814, 399.427835, 208.335052, 
            403.386598, 205.695876, 404.706186, 204.376289, 
            406.025773, 203.056701, 408.664948, 199.097938, 
            415.262887, 197.778351, 416.582474, 192.500000, 
            420.541237, 191.180412, 424.500000, 189.860825, 
            425.819588, 185.902062, 427.139175, 184.582474, 
            428.458763, 183.262887, 429.778351, 183.262887, 
            431.097938, 175.345361, 439.015464, 174.025773, 
            441.654639, 172.706186, 442.974227, 171.386598, 
            444.293814, 168.747423, 448.252577, 166.108247, 
            452.211340, 160.829897, 458.809278, 159.510309, 
            460.128866, 156.871134, 462.768041, 155.551546, 
            465.407216, 152.912371, 470.685567, 151.592784, 
            472.005155, 148.953608, 474.644330, 146.314433, 
            479.922680, -1.000000, -1.000000, 576.500000, 
            714.809278, 580.458763, 709.530928, 583.097938, 
            706.891753, 585.737113, 705.572165, 587.056701, 
            705.572165, 589.695876, 705.572165, 591.015464, 
            704.252577, 592.335052, 704.252577, 593.654639, 
            704.252577, 594.974227, 704.252577, 596.293814, 
            704.252577, 597.613402, 704.252577, 601.572165, 
