%YAML:1.0
    mask: !!opencv-matrix
        rows: 381
        cols: 2
        dt: f
        data: [ 352.170103, 713.489691, 358.768041, 
            704.252577, 366.685567, 693.695876, 375.922680, 
            684.458763, 382.520619, 675.221649, 389.118557, 
            667.304124, 391.757732, 663.345361, 395.716495, 
            655.427835, 397.036082, 650.149485, 400.994845, 
            644.871134, 404.953608, 640.912371, 414.190722, 
            626.396907, 418.149485, 621.118557, 419.469072, 
            618.479381, 422.108247, 613.201031, 426.067010, 
            609.242268, 430.025773, 602.644330, 430.025773, 
            601.324742, 432.664948, 596.046392, 433.984536, 
            593.407216, 422.108247, 588.128866, 414.190722, 
            584.170103, 404.953608, 582.850515, 390.438144, 
            577.572165, 385.159794, 574.932990, 383.840206, 
            572.293814, 382.520619, 572.293814, 378.561856, 
            572.293814, 374.603093, 572.293814, 362.726804, 
            573.613402, 354.809278, 573.613402, 329.737113, 
            576.252577, 321.819588, 577.572165, 315.221649, 
            577.572165, 298.067010, 580.211340, 282.231959, 
            582.850515, 278.273196, 586.809278, 267.716495, 
            590.768041, 249.242268, 596.046392, 240.005155, 
            597.365979, 236.046392, 597.365979, 226.809278, 
            597.365979, 217.572165, 598.685567, 212.293814, 
            600.005155, 201.737113, 605.283505, 196.458763, 
            607.922680, 192.500000, 609.242268, 189.860825, 
            611.881443, 188.541237, 614.520619, 176.664948, 
            629.036082, 174.025773, 631.675258, 168.747423, 
            636.953608, 166.108247, 640.912371, 159.510309, 
            651.469072, 156.871134, 655.427835, 154.231959, 
            662.025773, 154.231959, 665.984536, 151.592784, 
            675.221649, 147.634021, 680.500000, 146.314433, 
            689.737113, 143.675258, 705.572165, 142.355670, 
            708.211340, 141.036082, 716.128866, -1.000000, 
            -1.000000, 759.922680, 619.798969, 749.365979, 
            615.840206, 734.850515, 605.283505, 725.613402, 
            594.726804, 711.097938, 582.850515, 705.819588, 
            576.252577, 697.902062, 569.654639, 695.262887, 
            568.335052, 688.664948, 561.737113, 679.427835, 
            556.458763, 674.149485, 551.180412, 666.231959, 
            545.902062, 653.036082, 532.706186, 651.716495, 
            531.386598, 642.479381, 523.469072, 637.201031, 
            518.190722, 626.644330, 510.273196, 621.365979, 
            506.314433, 616.087629, 499.716495, 614.768041, 
            498.396907, 614.768041, 497.077320, 613.448454, 
            495.757732, 610.809278, 493.118557, 608.170103, 
            489.159794, 604.211340, 486.520619, 601.572165, 
            485.201031, 600.252577, 483.881443, 596.293814, 
            479.922680, 593.654639, 477.283505, 592.335052, 
            475.963918, 585.737113, 468.046392, 580.458763, 
            458.809278, 580.458763, 457.489691, 577.819588, 
            448.252577, 575.180412, 440.335052, 575.180412, 
            435.056701, 573.860825, 432.417526, 573.860825, 
            431.097938, 573.860825, 429.778351, 573.860825, 
            425.819588, 577.819588, 420.541237, 577.819588, 
            419.221649, 579.139175, 417.902062, 580.458763, 
            417.902062, 580.458763, 415.262887, 581.778351, 
            412.623711, 581.778351, 409.984536, 583.097938, 
            406.025773, 583.097938, 404.706186, 583.097938, 
            403.386598, 583.097938, 395.469072, 583.097938, 
            391.510309, 585.737113, 386.231959, 589.695876, 
            382.273196, 591.015464, 375.675258, 593.654639, 
            373.036082, 598.932990, 365.118557, 609.489691, 
            355.881443, 613.448454, 351.922680, 625.324742, 
            344.005155, 633.242268, 336.087629, 639.840206, 
            330.809278, 649.077320, 325.530928, 655.675258, 
            322.891753, 658.314433, 322.891753, 664.912371, 
            322.891753, 667.551546, 322.891753, 682.067010, 
            324.211340, 693.943299, 332.128866, 704.500000, 
            337.407216, 715.056701, 342.685567, 720.335052, 
            345.324742, 736.170103, 354.561856, 749.365979, 
            362.479381, 759.922680, 367.757732, 766.520619, 
            371.716495, 767.840206, 371.716495, 775.757732, 
            378.314433, 787.634021, 388.871134, 792.912371, 
            394.149485, 803.469072, 406.025773, 808.747423, 
            411.304124, 821.943299, 425.819588, 827.221649, 
            429.778351, 835.139175, 441.654639, 839.097938, 
            445.613402, 843.056701, 453.530928, 844.376289, 
            456.170103, 847.015464, 461.448454, 856.252577, 
            479.922680, 857.572165, 485.201031, 864.170103, 
            501.036082, 866.809278, 510.273196, 868.128866, 
            516.871134, 869.448454, 522.149485, 873.407216, 
            531.386598, 882.644330, 551.180412, 886.603093, 
            557.778351, 890.561856, 565.695876, 895.840206, 
            570.974227, 897.159794, 573.613402, -1.000000, 
            -1.000000, 1060.788660, 115.716495, 1055.510309, 
            115.716495, 1043.634021, 115.716495, 1031.757732, 
            117.036082, 1025.159794, 117.036082, 1005.365979, 
            120.994845, 990.850515, 126.273196, 981.613402, 
            131.551546, 976.335052, 134.190722, 968.417526, 
            140.788660, 964.458763, 146.067010, 944.664948, 
            165.860825, 939.386598, 171.139175, 928.829897, 
            181.695876, 923.551546, 186.974227, 918.273196, 
            192.252577, 906.396907, 204.128866, 901.118557, 
            209.407216, 897.159794, 213.365979, 895.840206, 
            213.365979, 893.201031, 213.365979, 891.881443, 
            214.685567, 886.603093, 218.644330, 885.283505, 
            219.963918, 883.963918, 222.603093, 877.365979, 
            233.159794, 874.726804, 237.118557, 873.407216, 
            239.757732, 869.448454, 247.675258, 869.448454, 
            252.953608, 866.809278, 263.510309, 866.809278, 
            267.469072, 866.809278, 272.747423, 866.809278, 
            279.345361, 866.809278, 280.664948, 868.128866, 
            289.902062, 869.448454, 291.221649, 870.768041, 
            292.541237, 872.087629, 293.860825, 872.087629, 
            295.180412, 873.407216, 295.180412, 877.365979, 
            295.180412, 878.685567, 295.180412, 882.644330, 
            296.500000, 885.283505, 296.500000, 886.603093, 
            296.500000, 887.922680, 296.500000, 890.561856, 
            297.819588, 894.520619, 297.819588, 901.118557, 
            300.458763, 912.994845, 303.097938, 915.634021, 
            303.097938, 919.592784, 303.097938, 920.912371, 
            303.097938, 922.231959, 303.097938, 931.469072, 
            297.819588, 935.427835, 295.180412, 943.345361, 
            288.582474, 945.984536, 285.943299, 948.623711, 
            281.984536, 955.221649, 275.386598, 961.819588, 
            270.108247, 973.695876, 258.231959, 977.654639, 
            255.592784, 992.170103, 246.355670, 997.448454, 
            246.355670, 1006.685567, 242.396907, 1008.005155, 
            242.396907, 1008.005155, 246.355670, 1001.407216, 
            270.108247, 986.891753, 284.623711, 982.932990, 
            288.582474, 978.974227, 291.221649, 975.015464, 
            293.860825, 969.737113, 296.500000, 969.737113, 
            297.819588, 968.417526, 300.458763, 967.097938, 
            300.458763, 969.737113, 300.458763, 972.376289, 
            299.139175, 977.654639, 296.500000, 986.891753, 
            292.541237, 992.170103, 289.902062, 998.768041, 
            284.623711, 1005.365979, 275.386598, 1010.644330, 
            268.788660, 1017.242268, 264.829897, 1023.840206, 
            262.190722, 1029.118557, 262.190722, 1031.757732, 
            260.871134, 1034.396907, 258.231959, 1035.716495, 
