%YAML:1.0
    mask: !!opencv-matrix
        rows: 441
        cols: 2
        dt: f
        data: [ 226.195364, 716.526490, 226.195364, 
            714.407285, 232.552980, 710.168874, 234.672185, 
            708.049669, 234.672185, 705.930464, 236.791391, 
            703.811258, 238.910596, 699.572848, 238.910596, 
            697.453642, 238.910596, 695.334437, 241.029801, 
            695.334437, 241.029801, 693.215232, 243.149007, 
            688.976821, 243.149007, 684.738411, 247.387417, 
            682.619205, 251.625828, 676.261589, 251.625828, 
            674.142384, 253.745033, 674.142384, 253.745033, 
            672.023179, 255.864238, 669.903974, 257.983444, 
            669.903974, 260.102649, 667.784768, 262.221854, 
            667.784768, 264.341060, 667.784768, 264.341060, 
            665.665563, 268.579470, 663.546358, 270.698675, 
            663.546358, 274.937086, 661.427152, 277.056291, 
            661.427152, 281.294702, 659.307947, 283.413907, 
            657.188742, 285.533113, 655.069536, 287.652318, 
            652.950331, 291.890728, 652.950331, 294.009934, 
            650.831126, 298.248344, 650.831126, 300.367550, 
            650.831126, 300.367550, 652.950331, 302.486755, 
            655.069536, 302.486755, 657.188742, 302.486755, 
            661.427152, 304.605960, 663.546358, 304.605960, 
            665.665563, 304.605960, 669.903974, 304.605960, 
            672.023179, 304.605960, 674.142384, 304.605960, 
            678.380795, 304.605960, 680.500000, 304.605960, 
            684.738411, 304.605960, 686.857616, 306.725166, 
            691.096026, 306.725166, 693.215232, 306.725166, 
            695.334437, 308.844371, 697.453642, 308.844371, 
            699.572848, 310.963576, 701.692053, 313.082781, 
            705.930464, 315.201987, 710.168874, 315.201987, 
            712.288079, 317.321192, 714.407285, 317.321192, 
            716.526490, 319.440397, 718.645695, 264.341060, 
            718.645695, 255.864238, 716.526490, 253.745033, 
            716.526490, 251.625828, 716.526490, 249.506623, 
            716.526490, 247.387417, 714.407285, 245.268212, 
            714.407285, 243.149007, 712.288079, 241.029801, 
            712.288079, 238.910596, 712.288079, -1.000000, 
            -1.000000, 616.129139, 635.996689, 620.367550, 
            635.996689, 647.917219, 635.996689, 664.870861, 
            633.877483, 671.228477, 631.758278, 673.347682, 
            631.758278, 675.466887, 631.758278, 677.586093, 
            631.758278, 679.705298, 631.758278, 683.943709, 
            629.639073, 690.301325, 627.519868, 700.897351, 
            625.400662, 709.374172, 625.400662, 713.612583, 
            625.400662, 717.850993, 625.400662, 719.970199, 
            625.400662, 722.089404, 625.400662, 724.208609, 
            625.400662, 726.327815, 625.400662, 726.327815, 
            627.519868, 728.447020, 627.519868, 732.685430, 
            629.639073, 734.804636, 631.758278, 736.923841, 
            633.877483, 741.162252, 633.877483, 743.281457, 
            633.877483, 743.281457, 635.996689, 745.400662, 
            635.996689, 747.519868, 638.115894, 749.639073, 
            638.115894, 753.877483, 642.354305, 755.996689, 
            642.354305, 766.592715, 646.592715, 770.831126, 
            648.711921, 777.188742, 650.831126, 781.427152, 
            652.950331, 783.546358, 655.069536, 785.665563, 
            655.069536, 787.784768, 657.188742, 789.903974, 
            659.307947, 794.142384, 661.427152, 796.261589, 
            661.427152, 798.380795, 663.546358, 800.500000, 
            663.546358, 800.500000, 665.665563, 802.619205, 
            665.665563, 804.738411, 665.665563, 806.857616, 
            667.784768, 806.857616, 669.903974, 808.976821, 
            669.903974, 811.096026, 669.903974, 813.215232, 
            672.023179, 815.334437, 676.261589, 817.453642, 
            678.380795, 817.453642, 680.500000, 819.572848, 
            682.619205, 821.692053, 684.738411, 825.930464, 
            688.976821, 828.049669, 691.096026, 830.168874, 
            693.215232, 832.288079, 697.453642, 832.288079, 
            699.572848, 834.407285, 699.572848, 834.407285, 
            703.811258, 834.407285, 705.930464, 834.407285, 
            708.049669, 836.526490, 710.168874, 836.526490, 
            712.288079, 838.645695, 714.407285, 838.645695, 
            716.526490, 838.645695, 718.645695, 639.440397, 
            718.645695, 639.440397, 716.526490, 639.440397, 
            714.407285, 637.321192, 714.407285, 637.321192, 
            712.288079, 635.201987, 712.288079, 633.082781, 
            710.168874, 630.963576, 708.049669, 630.963576, 
            705.930464, 628.844371, 703.811258, 628.844371, 
            699.572848, 628.844371, 697.453642, 626.725166, 
            697.453642, 626.725166, 693.215232, 626.725166, 
            688.976821, 626.725166, 686.857616, 626.725166, 
            682.619205, 626.725166, 680.500000, 626.725166, 
            678.380795, 626.725166, 676.261589, 626.725166, 
            674.142384, 628.844371, 674.142384, 628.844371, 
            672.023179, 628.844371, 667.784768, 628.844371, 
            665.665563, 628.844371, 663.546358, 628.844371, 
            661.427152, 628.844371, 659.307947, 626.725166, 
            659.307947, 624.605960, 657.188742, 624.605960, 
            655.069536, 622.486755, 652.950331, 620.367550, 
            650.831126, 618.248344, 648.711921, 616.129139, 
            646.592715, 614.009934, 646.592715, 614.009934, 
            644.473510, 614.009934, 642.354305, 611.890728, 
            642.354305, -1.000000, -1.000000, 690.301325, 
            165.533113, 688.182119, 165.533113, 686.062914, 
            165.533113, 683.943709, 165.533113, 681.824503, 
            165.533113, 679.705298, 165.533113, 677.586093, 
            167.652318, 675.466887, 167.652318, 673.347682, 
            167.652318, 671.228477, 167.652318, 669.109272, 
            167.652318, 666.990066, 167.652318, 664.870861, 
            167.652318, 662.751656, 167.652318, 660.632450, 
            167.652318, 658.513245, 167.652318, 656.394040, 
            167.652318, 639.440397, 167.652318, 633.082781, 
            167.652318, 628.844371, 167.652318, 622.486755, 
            167.652318, 620.367550, 167.652318, 618.248344, 
            167.652318, 614.009934, 167.652318, 609.771523, 
            167.652318, 605.533113, 167.652318, 603.413907, 
            167.652318, 599.175497, 167.652318, 597.056291, 
            167.652318, 592.817881, 167.652318, 592.817881, 
            169.771523, 592.817881, 171.890728, 592.817881, 
            174.009934, 592.817881, 176.129139, 590.698675, 
            176.129139, 588.579470, 176.129139, 586.460265, 
            176.129139, 584.341060, 178.248344, 582.221854, 
            180.367550, 580.102649, 180.367550, 577.983444, 
            180.367550, 575.864238, 182.486755, 573.745033, 
            182.486755, 573.745033, 184.605960, 573.745033, 
            186.725166, 575.864238, 188.844371, 575.864238, 
            190.963576, 575.864238, 193.082781, 577.983444, 
            195.201987, 577.983444, 197.321192, 577.983444, 
            199.440397, 577.983444, 201.559603, 575.864238, 
            203.678808, 575.864238, 205.798013, 575.864238, 
            207.917219, 575.864238, 210.036424, 575.864238, 
            212.155629, 577.983444, 212.155629, 580.102649, 
            212.155629, 582.221854, 212.155629, 584.341060, 
            212.155629, 586.460265, 212.155629, 588.579470, 
            212.155629, 590.698675, 212.155629, 592.817881, 
            212.155629, 594.937086, 212.155629, 597.056291, 
            212.155629, 597.056291, 214.274834, 603.413907, 
            214.274834, 607.652318, 216.394040, 609.771523, 
            218.513245, 611.890728, 218.513245, 614.009934, 
            218.513245, 616.129139, 218.513245, 620.367550, 
