%YAML:1.0
    mask: !!opencv-matrix
        rows: 1419
        cols: 2
        dt: f
        data: [ 3.678808, 405.003311, 3.678808, 
            402.884106, 5.798013, 402.884106, 10.036424, 
            400.764901, 10.036424, 398.645695, 12.155629, 
            398.645695, 16.394040, 396.526490, 18.513245, 
            396.526490, 20.632450, 394.407285, 22.751656, 
            392.288079, 22.751656, 390.168874, 24.870861, 
            390.168874, 26.990066, 388.049669, 26.990066, 
            385.930464, 29.109272, 385.930464, 29.109272, 
            383.811258, 31.228477, 383.811258, 31.228477, 
            381.692053, 33.347682, 381.692053, 35.466887, 
            379.572848, 35.466887, 377.453642, 37.586093, 
            377.453642, 37.586093, 375.334437, 37.586093, 
            373.215232, 41.824503, 371.096026, 41.824503, 
            368.976821, 43.943709, 368.976821, 43.943709, 
            364.738411, 46.062914, 364.738411, 46.062914, 
            362.619205, 48.182119, 360.500000, 50.301325, 
            358.380795, 50.301325, 356.261589, 52.420530, 
            356.261589, 52.420530, 354.142384, 52.420530, 
            352.023179, 54.539735, 352.023179, 56.658940, 
            349.903974, 56.658940, 347.784768, 58.778146, 
            345.665563, 60.897351, 343.546358, 63.016556, 
            341.427152, 65.135762, 339.307947, 65.135762, 
            337.188742, 67.254967, 337.188742, 67.254967, 
            335.069536, 69.374172, 335.069536, 71.493377, 
            332.950331, 73.612583, 328.711921, 75.731788, 
            326.592715, 77.850993, 324.473510, 79.970199, 
            322.354305, 82.089404, 320.235099, 84.208609, 
            320.235099, 86.327815, 318.115894, 88.447020, 
            315.996689, 90.566225, 315.996689, 92.685430, 
            315.996689, 96.923841, 313.877483, 99.043046, 
            311.758278, 101.162252, 309.639073, 103.281457, 
            309.639073, 105.400662, 307.519868, 107.519868, 
            307.519868, 109.639073, 307.519868, 109.639073, 
            305.400662, 111.758278, 305.400662, 113.877483, 
            305.400662, 115.996689, 305.400662, 118.115894, 
            305.400662, 120.235099, 305.400662, 122.354305, 
            303.281457, 124.473510, 303.281457, 128.711921, 
            303.281457, 130.831126, 301.162252, 132.950331, 
            301.162252, 135.069536, 301.162252, 137.188742, 
            301.162252, 139.307947, 301.162252, 141.427152, 
            299.043046, 145.665563, 296.923841, 147.784768, 
            296.923841, 149.903974, 294.804636, 152.023179, 
            294.804636, 156.261589, 292.685430, 160.500000, 
            292.685430, 160.500000, 290.566225, 162.619205, 
            290.566225, 166.857616, 290.566225, 168.976821, 
            288.447020, 171.096026, 288.447020, 175.334437, 
            286.327815, 177.453642, 286.327815, 181.692053, 
            284.208609, 183.811258, 284.208609, 183.811258, 
            282.089404, 185.930464, 282.089404, 188.049669, 
            282.089404, 190.168874, 282.089404, 192.288079, 
            279.970199, 194.407285, 279.970199, 196.526490, 
            279.970199, 198.645695, 279.970199, 200.764901, 
            277.850993, 202.884106, 275.731788, 205.003311, 
            275.731788, 207.122517, 275.731788, 209.241722, 
            275.731788, 211.360927, 275.731788, 213.480132, 
            273.612583, 215.599338, 273.612583, 217.718543, 
            273.612583, 219.837748, 273.612583, 221.956954, 
            273.612583, 224.076159, 273.612583, 226.195364, 
            273.612583, 228.314570, 273.612583, 230.433775, 
            273.612583, 232.552980, 273.612583, 232.552980, 
            275.731788, 234.672185, 275.731788, 236.791391, 
            275.731788, 236.791391, 277.850993, 238.910596, 
            277.850993, 238.910596, 279.970199, 241.029801, 
            282.089404, 245.268212, 284.208609, 247.387417, 
            286.327815, 247.387417, 288.447020, 247.387417, 
            290.566225, 249.506623, 292.685430, 251.625828, 
            294.804636, 257.983444, 301.162252, 262.221854, 
            303.281457, 264.341060, 305.400662, 268.579470, 
            307.519868, 270.698675, 309.639073, 272.817881, 
            309.639073, 274.937086, 309.639073, 279.175497, 
            309.639073, 281.294702, 309.639073, 285.533113, 
            311.758278, 287.652318, 311.758278, 289.771523, 
            311.758278, 294.009934, 311.758278, 296.129139, 
            311.758278, 298.248344, 311.758278, 300.367550, 
            311.758278, 302.486755, 311.758278, 304.605960, 
            311.758278, 310.963576, 311.758278, 313.082781, 
            311.758278, 319.440397, 311.758278, 325.798013, 
            311.758278, 332.155629, 311.758278, 336.394040, 
            311.758278, 338.513245, 313.877483, 342.751656, 
            313.877483, 344.870861, 313.877483, 349.109272, 
            313.877483, 353.347682, 313.877483, 355.466887, 
            315.996689, 357.586093, 315.996689, 361.824503, 
            315.996689, 363.943709, 315.996689, 366.062914, 
            318.115894, 368.182119, 318.115894, 368.182119, 
            320.235099, 370.301325, 322.354305, 372.420530, 
            324.473510, 372.420530, 326.592715, 372.420530, 
            328.711921, 372.420530, 330.831126, 372.420530, 
            332.950331, 372.420530, 335.069536, 374.539735, 
            337.188742, 374.539735, 339.307947, 374.539735, 
            341.427152, 376.658940, 341.427152, 376.658940, 
            343.546358, 378.778146, 343.546358, 380.897351, 
            345.665563, 380.897351, 347.784768, 383.016556, 
            347.784768, 383.016556, 349.903974, 385.135762, 
            349.903974, 385.135762, 352.023179, 387.254967, 
            352.023179, 389.374172, 352.023179, 391.493377, 
            354.142384, 397.850993, 356.261589, 399.970199, 
            356.261589, 402.089404, 358.380795, 406.327815, 
            360.500000, 408.447020, 360.500000, 410.566225, 
            362.619205, 412.685430, 362.619205, 414.804636, 
            364.738411, 416.923841, 364.738411, 419.043046, 
            366.857616, 421.162252, 366.857616, 421.162252, 
            368.976821, 423.281457, 368.976821, 425.400662, 
            371.096026, 427.519868, 375.334437, 429.639073, 
            377.453642, 429.639073, 379.572848, 429.639073, 
            381.692053, 429.639073, 383.811258, 429.639073, 
            385.930464, 429.639073, 388.049669, 429.639073, 
            390.168874, 429.639073, 392.288079, 429.639073, 
            394.407285, 429.639073, 396.526490, 427.519868, 
            396.526490, 425.400662, 398.645695, 423.281457, 
            398.645695, 421.162252, 398.645695, 419.043046, 
            398.645695, 416.923841, 398.645695, 414.804636, 
            398.645695, 412.685430, 400.764901, 410.566225, 
            400.764901, 408.447020, 400.764901, 404.208609, 
            400.764901, 402.089404, 402.884106, 399.970199, 
            402.884106, 395.731788, 402.884106, 393.612583, 
            402.884106, 391.493377, 402.884106, 389.374172, 
            402.884106, 387.254967, 402.884106, 385.135762, 
            405.003311, 380.897351, 405.003311, 378.778146, 
            405.003311, 376.658940, 405.003311, 374.539735, 
            407.122517, 372.420530, 407.122517, 368.182119, 
            407.122517, 366.062914, 407.122517, 363.943709, 
            407.122517, 361.824503, 409.241722, 359.705298, 
            409.241722, 357.586093, 411.360927, 353.347682, 
            411.360927, 351.228477, 411.360927, 349.109272, 
            411.360927, 346.990066, 413.480132, 344.870861, 
            413.480132, 342.751656, 413.480132, 340.632450, 
            413.480132, 338.513245, 413.480132, 336.394040, 
            415.599338, 334.274834, 415.599338, 332.155629, 
            415.599338, 330.036424, 415.599338, 327.917219, 
            417.718543, 321.559603, 417.718543, 319.440397, 
