%YAML:1.0
    mask: !!opencv-matrix
        rows: 873
        cols: 2
        dt: f
        data: [ 3.057954, 717.590328, 3.057954, 
            716.567146, 4.081135, 713.497602, 5.104317, 
            712.474420, 5.104317, 710.428058, 6.127498, 
            709.404876, 6.127498, 708.381695, 8.173861, 
            707.358513, 8.173861, 706.335332, 10.220224, 
            705.312150, 11.243405, 704.288969, 12.266587, 
            703.265787, 14.312950, 703.265787, 15.336131, 
            703.265787, 15.336131, 702.242606, 17.382494, 
            702.242606, 18.405675, 702.242606, 22.498401, 
            700.196243, 24.544764, 699.173062, 25.567946, 
            699.173062, 31.707034, 697.126699, 34.776579, 
            696.103517, 35.799760, 695.080336, 38.869305, 
            695.080336, 40.915667, 695.080336, 41.938849, 
            695.080336, 43.985212, 695.080336, 45.008393, 
            695.080336, 46.031575, 695.080336, 48.077938, 
            695.080336, 51.147482, 695.080336, 54.217026, 
            696.103517, 58.309752, 696.103517, 62.402478, 
            697.126699, 66.495204, 698.149880, 68.541567, 
            699.173062, 70.587930, 699.173062, 72.634293, 
            699.173062, 75.703837, 699.173062, 76.727018, 
            700.196243, 78.773381, 700.196243, 80.819744, 
            701.219424, 83.889289, 701.219424, 86.958833, 
            701.219424, 91.051559, 702.242606, 96.167466, 
            702.242606, 99.237010, 702.242606, 100.260192, 
            702.242606, 104.352918, 702.242606, 108.445643, 
            702.242606, 111.515188, 702.242606, 114.584732, 
            702.242606, 117.654277, 702.242606, 120.723821, 
            702.242606, 122.770184, 702.242606, 124.816547, 
            702.242606, 125.839728, 702.242606, 126.862910, 
            702.242606, 127.886091, 702.242606, 131.978817, 
            702.242606, 136.071543, 702.242606, 140.164269, 
            702.242606, 142.210631, 702.242606, 144.256994, 
            702.242606, 149.372902, 702.242606, 151.419265, 
            702.242606, 152.442446, 702.242606, 154.488809, 
            703.265787, 156.535172, 703.265787, 159.604716, 
            703.265787, 161.651079, 704.288969, 162.674261, 
            704.288969, 166.766986, 706.335332, 167.790168, 
            706.335332, 169.836531, 707.358513, 172.906075, 
            708.381695, 173.929257, 708.381695, 176.998801, 
            708.381695, 179.045164, 708.381695, 181.091527, 
            709.404876, 183.137890, 709.404876, 186.207434, 
            709.404876, 190.300160, 711.451239, 191.323341, 
            712.474420, 192.346523, 712.474420, 193.369704, 
            712.474420, 194.392886, 713.497602, 195.416067, 
            714.520783, 196.439249, 714.520783, 197.462430, 
            714.520783, 197.462430, 715.543965, -1.000000, 
            -1.000000, 694.728617, 719.636691, 693.705436, 
            719.636691, 693.705436, 717.590328, 692.682254, 
            714.520783, 688.589528, 708.381695, 686.543165, 
            706.335332, 685.519984, 703.265787, 684.496803, 
            700.196243, 683.473621, 698.149880, 683.473621, 
            697.126699, 680.404077, 692.010791, 678.357714, 
            687.918066, 677.334532, 682.802158, 677.334532, 
            680.755795, 676.311351, 676.663070, 675.288169, 
            669.500799, 675.288169, 666.431255, 675.288169, 
            664.384892, 675.288169, 662.338529, 675.288169, 
            659.268985, 675.288169, 656.199440, 677.334532, 
            655.176259, 677.334532, 654.153078, 678.357714, 
            653.129896, 679.380895, 652.106715, 682.450440, 
            649.037170, 682.450440, 648.013989, 684.496803, 
            644.944444, 685.519984, 643.921263, 688.589528, 
            641.874900, 688.589528, 640.851719, 690.635891, 
            638.805356, 691.659073, 637.782174, 692.682254, 
            636.758993, 694.728617, 634.712630, 696.774980, 
            632.666267, 701.890887, 625.503997, 702.914069, 
            621.411271, 704.960432, 618.341727, 704.960432, 
            617.318545, 709.053157, 610.156275, 711.099520, 
            606.063549, 711.099520, 605.040368, 715.192246, 
            597.878098, 717.238609, 594.808553, 718.261791, 
            592.762190, 720.308153, 590.715827, 721.331335, 
            588.669464, 723.377698, 588.669464, 724.400879, 
            587.646283, 725.424061, 587.646283, 728.493605, 
            585.599920, 730.539968, 584.576739, 731.563149, 
            584.576739, 735.655875, 583.553557, 736.679057, 
            583.553557, 744.864508, 583.553557, 747.934053, 
            584.576739, 752.026779, 585.599920, 755.096323, 
            586.623102, 759.189049, 587.646283, 763.281775, 
            590.715827, 769.420863, 592.762190, 774.536771, 
            594.808553, 775.559952, 594.808553, 778.629496, 
            596.854916, 779.652678, 596.854916, 783.745404, 
            599.924460, 787.838129, 600.947642, 789.884492, 
            601.970823, 795.000400, 605.040368, 798.069944, 
            606.063549, 806.255396, 608.109912, 807.278577, 
            608.109912, 809.324940, 608.109912, 811.371303, 
            608.109912, 815.464029, 609.133094, 817.510392, 
            610.156275, 819.556755, 610.156275, 820.579936, 
            611.179456, 823.649480, 612.202638, 826.719025, 
            612.202638, 827.742206, 612.202638, 829.788569, 
            613.225819, 830.811751, 613.225819, 833.881295, 
            614.249001, 834.904476, 615.272182, 838.997202, 
            616.295364, 841.043565, 617.318545, 842.066747, 
            617.318545, 843.089928, 618.341727, 844.113110, 
            618.341727, 846.159472, 620.388090, 849.229017, 
            622.434452, 850.252198, 623.457634, 853.321743, 
            625.503997, 854.344924, 626.527178, 858.437650, 
            629.596723, 861.507194, 632.666267, 863.553557, 
            636.758993, 867.646283, 640.851719, 870.715827, 
            644.944444, 872.762190, 646.990807, 876.854916, 
            653.129896, 879.924460, 655.176259, 879.924460, 
            656.199440, 881.970823, 658.245803, 882.994005, 
            660.292166, 886.063549, 665.408074, 888.109912, 
            667.454436, 889.133094, 669.500799, 892.202638, 
            674.616707, 894.249001, 676.663070, 895.272182, 
            678.709432, 897.318545, 682.802158, 900.388090, 
            688.941247, 904.480815, 695.080336, 905.503997, 
            697.126699, 905.503997, 698.149880, 907.550360, 
            700.196243, 907.550360, 701.219424, 908.573541, 
            703.265787, 908.573541, 704.288969, 909.596723, 
            705.312150, 910.619904, 707.358513, 911.643086, 
            708.381695, 912.666267, 710.428058, 913.689448, 
            711.451239, 913.689448, 712.474420, 914.712630, 
            714.520783, 914.712630, 715.543965, 914.712630, 
            716.567146, -1.000000, -1.000000, 672.218625, 
            549.788569, 672.218625, 550.811751, 672.218625, 
            555.927658, 671.195444, 561.043565, 671.195444, 
            566.159472, 670.172262, 571.275380, 670.172262, 
            575.368106, 669.149081, 579.460831, 669.149081, 
            581.507194, 668.125899, 587.646283, 668.125899, 
            590.715827, 667.102718, 595.831735, 666.079536, 
            598.901279, 666.079536, 604.017186, 666.079536, 
            605.040368, 665.056355, 607.086731, 664.033173, 
            611.179456, 663.009992, 617.318545, 661.986811, 
            622.434452, 661.986811, 627.550360, 660.963629, 
            630.619904, 660.963629, 632.666267, 659.940448, 
            634.712630, 657.894085, 637.782174, 655.847722, 
            641.874900, 654.824540, 644.944444, 653.801359, 
            650.060352, 652.778177, 655.176259, 652.778177, 
            657.222622, 652.778177, 659.268985, 652.778177, 
            662.338529, 652.778177, 664.384892, 654.824540, 
            667.454436, 654.824540, 668.477618, 654.824540, 
