%YAML:1.0
    mask: !!opencv-matrix
        rows: 821
        cols: 2
        dt: f
        data: [ 9.077320, 713.489691, 9.077320, 
            706.891753, 9.077320, 702.932990, 11.716495, 
            698.974227, 14.355670, 696.335052, 18.314433, 
            693.695876, 19.634021, 692.376289, 22.273196, 
            691.056701, 24.912371, 689.737113, 26.231959, 
            688.417526, 28.871134, 687.097938, 30.190722, 
            687.097938, 32.829897, 685.778351, 36.788660, 
            681.819588, 39.427835, 680.500000, 44.706186, 
            680.500000, 49.984536, 680.500000, 55.262887, 
            680.500000, 60.541237, 680.500000, 67.139175, 
            680.500000, 73.737113, 684.458763, 77.695876, 
            685.778351, 82.974227, 688.417526, 90.891753, 
            692.376289, 93.530928, 693.695876, 101.448454, 
            701.613402, 110.685567, 708.211340, 117.283505, 
            712.170103, 121.242268, 714.809278, 125.201031, 
            716.128866, 127.840206, 718.768041, 137.077320, 
            718.768041, 139.716495, 716.128866, 142.355670, 
            713.489691, 146.314433, 706.891753, 150.273196, 
            704.252577, 152.912371, 701.613402, 155.551546, 
            697.654639, 159.510309, 692.376289, 160.829897, 
            689.737113, 162.149485, 688.417526, 163.469072, 
            685.778351, 168.747423, 681.819588, 172.706186, 
            680.500000, 180.623711, 673.902062, 189.860825, 
            671.262887, 195.139175, 667.304124, 200.417526, 
            664.664948, 204.376289, 663.345361, 208.335052, 
            662.025773, 212.293814, 662.025773, 217.572165, 
            662.025773, 221.530928, 662.025773, 225.489691, 
            662.025773, 230.768041, 662.025773, 236.046392, 
            662.025773, 240.005155, 663.345361, 245.283505, 
            664.664948, 247.922680, 664.664948, 250.561856, 
            667.304124, 254.520619, 668.623711, 261.118557, 
            673.902062, 265.077320, 679.180412, 267.716495, 
            681.819588, 270.355670, 685.778351, 272.994845, 
            691.056701, 275.634021, 695.015464, 276.953608, 
            696.335052, 279.592784, 702.932990, 282.231959, 
            708.211340, 283.551546, 712.170103, 284.871134, 
            714.809278, 286.190722, 717.448454, 286.190722, 
            718.768041, -1.000000, -1.000000, 797.021739, 
            712.500000, 795.630435, 711.108696, 794.239130, 
            708.326087, 792.847826, 708.326087, 791.456522, 
            706.934783, 790.065217, 705.543478, 788.673913, 
            705.543478, 788.673913, 704.152174, 787.282609, 
            702.760870, 785.891304, 701.369565, 784.500000, 
            699.978261, 784.500000, 698.586957, 783.108696, 
            698.586957, 783.108696, 697.195652, 781.717391, 
            695.804348, 780.326087, 694.413043, 778.934783, 
            691.630435, 777.543478, 690.239130, 777.543478, 
            688.847826, 776.152174, 687.456522, 776.152174, 
            686.065217, 774.760870, 684.673913, 773.369565, 
            684.673913, 773.369565, 683.282609, 771.978261, 
            683.282609, 770.586957, 680.500000, 769.195652, 
            680.500000, 767.804348, 679.108696, 766.413043, 
            679.108696, 766.413043, 676.326087, 760.847826, 
            672.152174, 759.456522, 670.760870, 755.282609, 
            665.195652, 755.282609, 663.804348, 753.891304, 
            663.804348, 752.500000, 661.021739, 752.500000, 
            659.630435, 752.500000, 656.847826, 752.500000, 
            655.456522, 752.500000, 651.282609, 752.500000, 
            648.500000, 752.500000, 647.108696, 753.891304, 
            644.326087, 756.673913, 640.152174, 758.065217, 
            638.760870, 758.065217, 637.369565, 759.456522, 
            637.369565, 760.847826, 637.369565, 763.630435, 
            635.978261, 766.413043, 634.586957, 769.195652, 
            634.586957, 770.586957, 634.586957, 771.978261, 
            634.586957, 773.369565, 634.586957, 774.760870, 
            634.586957, 777.543478, 634.586957, 778.934783, 
            635.978261, 780.326087, 635.978261, 781.717391, 
            637.369565, 783.108696, 640.152174, 784.500000, 
            642.934783, 785.891304, 644.326087, 785.891304, 
            645.717391, 785.891304, 648.500000, 788.673913, 
            648.500000, 788.673913, 649.891304, 790.065217, 
            649.891304, 791.456522, 649.891304, 792.847826, 
            649.891304, 794.239130, 649.891304, 795.630435, 
            649.891304, 798.413043, 649.891304, 799.804348, 
            649.891304, 801.195652, 649.891304, 802.586957, 
            649.891304, 803.978261, 649.891304, 805.369565, 
            649.891304, 805.369565, 648.500000, 806.760870, 
            648.500000, 808.152174, 647.108696, 809.543478, 
            647.108696, 810.934783, 647.108696, 812.326087, 
            645.717391, 813.717391, 645.717391, 816.500000, 
            642.934783, 817.891304, 641.543478, 819.282609, 
            640.152174, 819.282609, 638.760870, 819.282609, 
            637.369565, 819.282609, 635.978261, 819.282609, 
            633.195652, 817.891304, 631.804348, 816.500000, 
            630.413043, 816.500000, 627.630435, 816.500000, 
            624.847826, 815.108696, 622.065217, 815.108696, 
            617.891304, 815.108696, 616.500000, 815.108696, 
            615.108696, 815.108696, 613.717391, 816.500000, 
            613.717391, 817.891304, 613.717391, 829.021739, 
            613.717391, 845.717391, 616.500000, 847.108696, 
            617.891304, 851.282609, 619.282609, 852.673913, 
            619.282609, 854.065217, 620.673913, 855.456522, 
            622.065217, 856.847826, 623.456522, 858.239130, 
            623.456522, 858.239130, 624.847826, 861.021739, 
            624.847826, 863.804348, 626.239130, 863.804348, 
            627.630435, 865.195652, 627.630435, 867.978261, 
            629.021739, 869.369565, 629.021739, 872.152174, 
            629.021739, 874.934783, 629.021739, 874.934783, 
            630.413043, 876.326087, 631.804348, 877.717391, 
            631.804348, 879.108696, 631.804348, 880.500000, 
            631.804348, 883.282609, 631.804348, 887.456522, 
            631.804348, 888.847826, 631.804348, 891.630435, 
            631.804348, 890.239130, 631.804348, 888.847826, 
            631.804348, 886.065217, 631.804348, 881.891304, 
            630.413043, 879.108696, 629.021739, 876.326087, 
            624.847826, 874.934783, 622.065217, 873.543478, 
            622.065217, 872.152174, 622.065217, 872.152174, 
            620.673913, 870.760870, 619.282609, 869.369565, 
            617.891304, 867.978261, 617.891304, 866.586957, 
            615.108696, 865.195652, 613.717391, 863.804348, 
            613.717391, 862.413043, 612.326087, 861.021739, 
            612.326087, 859.630435, 610.934783, 856.847826, 
            609.543478, 854.065217, 609.543478, 852.673913, 
            609.543478, 851.282609, 609.543478, 847.108696, 
            606.760870, 842.934783, 606.760870, 841.543478, 
            605.369565, 837.369565, 603.978261, 835.978261, 
            602.586957, 834.586957, 601.195652, 833.195652, 
            601.195652, 833.195652, 599.804348, 831.804348, 
            598.413043, 831.804348, 597.021739, 830.413043, 
            597.021739, 830.413043, 595.630435, 830.413043, 
            594.239130, 830.413043, 592.847826, 830.413043, 
            591.456522, 830.413043, 590.065217, 830.413043, 
            588.673913, 830.413043, 587.282609, 830.413043, 
            585.891304, 831.804348, 585.891304, 833.195652, 
            584.500000, 834.586957, 583.108696, 838.760870, 
            581.717391, 841.543478, 581.717391, 841.543478, 
            580.326087, 847.108696, 580.326087, 848.500000, 
            580.326087, 852.673913, 580.326087, 854.065217, 
            580.326087, 856.847826, 580.326087, 859.630435, 
            580.326087, 862.413043, 580.326087, 866.586957, 
