%YAML:1.0
    mask: !!opencv-matrix
        rows: 60
        cols: 2
        dt: f
        data: [ -1.000000, -1.000000, 788.953608, 
            532.706186, 787.634021, 532.706186, 766.520619, 
            531.386598, 763.881443, 531.386598, 749.365979, 
            524.788660, 748.046392, 524.788660, 707.139175, 
            498.396907, 663.592784, 466.726804, 662.273196, 
            466.726804, 658.314433, 464.087629, 638.520619, 
            448.252577, 626.644330, 444.293814, 606.850515, 
            437.695876, 604.211340, 437.695876, 575.180412, 
            419.221649, 571.221649, 416.582474, 556.706186, 
            407.345361, 547.469072, 400.747423, 546.149485, 
            396.788660, 546.149485, 386.231959, 546.149485, 
            384.912371, 555.386598, 373.036082, 556.706186, 
            373.036082, 564.623711, 370.396907, 576.500000, 
            367.757732, 581.778351, 365.118557, 587.056701, 
            363.798969, 592.335052, 350.603093, 593.654639, 
            344.005155, 592.335052, 342.685567, 585.737113, 
            338.726804, 576.500000, 332.128866, 575.180412, 
            330.809278, 588.376289, 326.850515, 597.613402, 
            317.613402, 606.850515, 309.695876, 614.768041, 
            307.056701, 617.407216, 307.056701, 672.829897, 
            305.737113, 680.747423, 307.056701, 701.860825, 
            309.695876, 732.211340, 317.613402, 732.211340, 
            320.252577, 736.170103, 325.530928, 762.561856, 
            369.077320, 802.149485, 413.943299, 821.943299, 
            432.417526, 824.582474, 435.056701, 828.541237, 
            440.335052, 829.860825, 441.654639, 835.139175, 
            452.211340, 852.293814, 479.922680, 853.613402, 
            487.840206, 854.932990, 489.159794, 856.252577, 
            499.716495, 856.252577, 501.036082, 856.252577, 
            502.355670, -1.000000, -1.000000, -1.000000, 
            -1.000000]
