%YAML:1.0
    mask: !!opencv-matrix
        rows: 552
        cols: 2
        dt: f
        data: [ 491.096026, 663.546358, 488.976821, 
            663.546358, 486.857616, 663.546358, 482.619205, 
            663.546358, 480.500000, 663.546358, 478.380795, 
            665.665563, 476.261589, 665.665563, 474.142384, 
            665.665563, 472.023179, 665.665563, 469.903974, 
            665.665563, 467.784768, 665.665563, 463.546358, 
            667.784768, 461.427152, 667.784768, 457.188742, 
            669.903974, 455.069536, 669.903974, 452.950331, 
            672.023179, 450.831126, 672.023179, 448.711921, 
            672.023179, 446.592715, 674.142384, 444.473510, 
            674.142384, 442.354305, 676.261589, 440.235099, 
            676.261589, 438.115894, 678.380795, 435.996689, 
            680.500000, 433.877483, 680.500000, 431.758278, 
            680.500000, 431.758278, 682.619205, 429.639073, 
            682.619205, 427.519868, 682.619205, 425.400662, 
            684.738411, 423.281457, 684.738411, 419.043046, 
            686.857616, 419.043046, 688.976821, 416.923841, 
            688.976821, 412.685430, 691.096026, 410.566225, 
            693.215232, 408.447020, 693.215232, 406.327815, 
            695.334437, 404.208609, 697.453642, 402.089404, 
            699.572848, 399.970199, 699.572848, 397.850993, 
            699.572848, 397.850993, 701.692053, 395.731788, 
            701.692053, 395.731788, 703.811258, 393.612583, 
            705.930464, 391.493377, 708.049669, 389.374172, 
            708.049669, 389.374172, 710.168874, 387.254967, 
            710.168874, 387.254967, 712.288079, 387.254967, 
            714.407285, 385.135762, 714.407285, 383.016556, 
            716.526490, 383.016556, 718.645695, 552.552980, 
            718.645695, 552.552980, 716.526490, 554.672185, 
            714.407285, 554.672185, 712.288079, 554.672185, 
            710.168874, 554.672185, 708.049669, 554.672185, 
            705.930464, 554.672185, 703.811258, 554.672185, 
            701.692053, 552.552980, 701.692053, 552.552980, 
            699.572848, 550.433775, 697.453642, 550.433775, 
            695.334437, 550.433775, 693.215232, 548.314570, 
            693.215232, 548.314570, 691.096026, 546.195364, 
            691.096026, 544.076159, 688.976821, 544.076159, 
            686.857616, 541.956954, 686.857616, 539.837748, 
            686.857616, 537.718543, 686.857616, 535.599338, 
            686.857616, 533.480132, 686.857616, 531.360927, 
            686.857616, 529.241722, 686.857616, 529.241722, 
            688.976821, 527.122517, 688.976821, 527.122517, 
            691.096026, 525.003311, 691.096026, 522.884106, 
            693.215232, 520.764901, 695.334437, 520.764901, 
            697.453642, 518.645695, 697.453642, 518.645695, 
            699.572848, 518.645695, 701.692053, 516.526490, 
            701.692053, 514.407285, 705.930464, 512.288079, 
            708.049669, 510.168874, 710.168874, 508.049669, 
            712.288079, 505.930464, 712.288079, 503.811258, 
            712.288079, 501.692053, 712.288079, 499.572848, 
            710.168874, 497.453642, 708.049669, 497.453642, 
            703.811258, 497.453642, 701.692053, 497.453642, 
            699.572848, 495.334437, 699.572848, 495.334437, 
            697.453642, 495.334437, 695.334437, 495.334437, 
            691.096026, 495.334437, 688.976821, 495.334437, 
            686.857616, 495.334437, 684.738411, 493.215232, 
            682.619205, 493.215232, 680.500000, 491.096026, 
            676.261589, 491.096026, 672.023179, 491.096026, 
            669.903974, 491.096026, 667.784768, 488.976821, 
            667.784768, 486.857616, 665.665563, 486.857616, 
            663.546358, 486.857616, 661.427152, 486.857616, 
            659.307947, -1.000000, -1.000000, -1.000000, 
            -1.000000, 734.804636, 182.486755, 732.685430, 
            182.486755, 730.566225, 182.486755, 730.566225, 
            184.605960, 728.447020, 184.605960, 726.327815, 
            184.605960, 724.208609, 186.725166, 722.089404, 
            186.725166, 719.970199, 186.725166, 719.970199, 
            188.844371, 717.850993, 188.844371, 717.850993, 
            190.963576, 715.731788, 190.963576, 713.612583, 
            190.963576, 711.493377, 190.963576, 709.374172, 
            190.963576, 707.254967, 190.963576, 705.135762, 
            193.082781, 703.016556, 193.082781, 700.897351, 
            193.082781, 698.778146, 193.082781, 696.658940, 
            193.082781, 694.539735, 193.082781, 692.420530, 
            193.082781, 690.301325, 193.082781, 688.182119, 
            195.201987, 686.062914, 195.201987, 683.943709, 
            195.201987, 681.824503, 195.201987, 681.824503, 
            197.321192, 679.705298, 197.321192, 677.586093, 
            197.321192, 675.466887, 197.321192, 673.347682, 
            197.321192, 671.228477, 199.440397, 669.109272, 
            199.440397, 666.990066, 199.440397, 664.870861, 
            199.440397, 660.632450, 201.559603, 658.513245, 
            201.559603, 654.274834, 203.678808, 652.155629, 
            203.678808, 650.036424, 203.678808, 650.036424, 
            205.798013, 650.036424, 207.917219, 654.274834, 
            210.036424, 656.394040, 210.036424, 660.632450, 
            212.155629, 662.751656, 214.274834, 664.870861, 
            214.274834, 666.990066, 214.274834, 669.109272, 
            216.394040, 671.228477, 216.394040, 671.228477, 
            218.513245, 673.347682, 218.513245, 673.347682, 
            220.632450, 673.347682, 222.751656, 673.347682, 
            224.870861, 673.347682, 226.990066, 673.347682, 
            229.109272, 671.228477, 229.109272, 669.109272, 
            231.228477, 666.990066, 231.228477, 664.870861, 
            233.347682, 662.751656, 233.347682, 660.632450, 
            235.466887, 658.513245, 235.466887, 656.394040, 
            237.586093, 654.274834, 237.586093, 650.036424, 
            237.586093, 647.917219, 237.586093, 645.798013, 
            237.586093, 643.678808, 239.705298, 641.559603, 
            239.705298, 639.440397, 239.705298, 637.321192, 
            239.705298, 635.201987, 239.705298, 633.082781, 
            239.705298, 630.963576, 239.705298, 628.844371, 
            241.824503, 626.725166, 241.824503, 624.605960, 
            241.824503, 624.605960, 243.943709, 622.486755, 
            243.943709, 620.367550, 243.943709, 618.248344, 
            243.943709, 616.129139, 243.943709, 614.009934, 
            243.943709, 611.890728, 243.943709, 611.890728, 
            246.062914, 609.771523, 246.062914, 607.652318, 
            246.062914, 607.652318, 248.182119, 605.533113, 
            248.182119, 603.413907, 250.301325, 601.294702, 
            250.301325, 601.294702, 252.420530, 599.175497, 
            252.420530, 597.056291, 254.539735, 594.937086, 
            254.539735, 592.817881, 254.539735, 590.698675, 
            254.539735, 588.579470, 254.539735, 586.460265, 
            254.539735, 582.221854, 254.539735, 580.102649, 
            254.539735, 577.983444, 254.539735, 575.864238, 
            254.539735, 573.745033, 254.539735, 571.625828, 
            256.658940, 571.625828, 258.778146, 571.625828, 
            260.897351, 571.625828, 265.135762, 571.625828, 
            267.254967, 571.625828, 269.374172, 573.745033, 
            271.493377, 573.745033, 273.612583, 575.864238, 
            273.612583, 575.864238, 275.731788, 577.983444, 
            277.850993, 577.983444, 279.970199, 580.102649, 
            279.970199, 582.221854, 282.089404, 584.341060, 
            284.208609, 586.460265, 286.327815, 588.579470, 
            288.447020, 590.698675, 288.447020, 592.817881, 
            288.447020, 594.937086, 290.566225, 597.056291, 
            290.566225, 599.175497, 290.566225, 599.175497, 
            292.685430, 603.413907, 294.804636, 607.652318, 
