%YAML:1.0
    mask: !!opencv-matrix
        rows: 1126
        cols: 2
        dt: f
        data: [ 226.195364, 710.168874, 228.314570, 
            710.168874, 230.433775, 710.168874, 234.672185, 
            710.168874, 238.910596, 710.168874, 241.029801, 
            710.168874, 243.149007, 710.168874, 245.268212, 
            708.049669, 249.506623, 705.930464, 251.625828, 
            705.930464, 253.745033, 703.811258, 255.864238, 
            701.692053, 257.983444, 701.692053, 260.102649, 
            699.572848, 262.221854, 697.453642, 264.341060, 
            697.453642, 266.460265, 693.215232, 268.579470, 
            691.096026, 270.698675, 691.096026, 270.698675, 
            688.976821, 272.817881, 688.976821, 274.937086, 
            684.738411, 277.056291, 682.619205, 277.056291, 
            680.500000, 279.175497, 678.380795, 281.294702, 
            676.261589, 283.413907, 674.142384, 285.533113, 
            674.142384, 285.533113, 672.023179, 287.652318, 
            672.023179, 287.652318, 669.903974, 289.771523, 
            669.903974, 291.890728, 667.784768, 294.009934, 
            667.784768, 294.009934, 665.665563, 296.129139, 
            665.665563, 298.248344, 663.546358, 300.367550, 
            663.546358, 300.367550, 661.427152, 302.486755, 
            661.427152, 304.605960, 659.307947, 306.725166, 
            659.307947, 308.844371, 657.188742, 308.844371, 
            655.069536, 310.963576, 655.069536, 313.082781, 
            652.950331, 315.201987, 652.950331, 317.321192, 
            652.950331, 317.321192, 650.831126, 319.440397, 
            650.831126, 321.559603, 648.711921, 323.678808, 
            648.711921, 325.798013, 648.711921, 327.917219, 
            646.592715, 330.036424, 646.592715, 332.155629, 
            646.592715, 334.274834, 644.473510, 336.394040, 
            644.473510, 338.513245, 644.473510, 338.513245, 
            642.354305, 340.632450, 640.235099, 342.751656, 
            640.235099, 344.870861, 638.115894, 346.990066, 
            638.115894, 349.109272, 638.115894, 349.109272, 
            635.996689, 351.228477, 635.996689, 353.347682, 
            635.996689, 355.466887, 633.877483, 355.466887, 
            631.758278, 357.586093, 631.758278, 359.705298, 
            629.639073, 361.824503, 629.639073, 368.182119, 
            629.639073, 370.301325, 627.519868, 372.420530, 
            627.519868, 374.539735, 627.519868, 376.658940, 
            627.519868, 376.658940, 625.400662, 378.778146, 
            625.400662, 380.897351, 623.281457, 383.016556, 
            623.281457, 385.135762, 623.281457, 387.254967, 
            623.281457, 389.374172, 623.281457, 391.493377, 
            621.162252, 395.731788, 621.162252, 397.850993, 
            619.043046, 399.970199, 619.043046, 402.089404, 
            619.043046, 404.208609, 619.043046, 406.327815, 
            619.043046, 416.923841, 619.043046, 419.043046, 
            619.043046, 423.281457, 619.043046, 425.400662, 
            619.043046, 429.639073, 619.043046, 431.758278, 
            619.043046, 431.758278, 616.923841, 433.877483, 
            616.923841, 433.877483, 614.804636, 435.996689, 
            614.804636, 438.115894, 614.804636, 440.235099, 
            614.804636, 442.354305, 614.804636, 442.354305, 
            612.685430, 444.473510, 612.685430, 446.592715, 
            612.685430, 448.711921, 610.566225, 450.831126, 
            610.566225, 452.950331, 610.566225, 455.069536, 
            608.447020, 455.069536, 606.327815, 457.188742, 
            606.327815, 459.307947, 606.327815, 459.307947, 
            604.208609, 461.427152, 604.208609, 463.546358, 
            604.208609, 465.665563, 602.089404, 467.784768, 
            602.089404, 469.903974, 599.970199, 474.142384, 
            597.850993, 476.261589, 597.850993, 478.380795, 
            597.850993, 480.500000, 595.731788, 482.619205, 
            595.731788, 484.738411, 595.731788, 486.857616, 
            595.731788, 488.976821, 595.731788, 491.096026, 
            595.731788, 493.215232, 595.731788, 495.334437, 
            595.731788, 497.453642, 595.731788, 501.692053, 
            597.850993, 503.811258, 597.850993, 503.811258, 
            599.970199, 503.811258, 602.089404, 503.811258, 
            604.208609, 503.811258, 606.327815, 503.811258, 
            608.447020, 503.811258, 610.566225, 503.811258, 
            612.685430, 501.692053, 612.685430, 499.572848, 
            614.804636, 497.453642, 616.923841, 497.453642, 
            619.043046, 495.334437, 619.043046, 495.334437, 
            621.162252, 493.215232, 621.162252, 491.096026, 
            621.162252, 488.976821, 623.281457, 486.857616, 
            625.400662, 486.857616, 627.519868, 484.738411, 
            627.519868, 482.619205, 629.639073, 480.500000, 
            631.758278, 480.500000, 633.877483, 480.500000, 
            635.996689, 480.500000, 638.115894, 480.500000, 
            640.235099, 480.500000, 642.354305, 482.619205, 
            644.473510, 484.738411, 644.473510, 486.857616, 
            644.473510, 488.976821, 644.473510, 491.096026, 
            644.473510, 493.215232, 644.473510, 495.334437, 
            644.473510, 497.453642, 644.473510, 499.572848, 
            642.354305, 503.811258, 642.354305, 505.930464, 
            642.354305, 508.049669, 642.354305, 508.049669, 
            640.235099, 510.168874, 640.235099, 512.288079, 
            640.235099, 514.407285, 640.235099, 516.526490, 
            638.115894, 518.645695, 638.115894, 520.764901, 
            638.115894, 520.764901, 635.996689, 522.884106, 
            635.996689, 527.122517, 633.877483, 531.360927, 
            633.877483, 531.360927, 631.758278, 533.480132, 
            631.758278, 533.480132, 629.639073, 535.599338, 
            629.639073, 539.837748, 627.519868, 541.956954, 
            627.519868, 541.956954, 625.400662, 546.195364, 
            623.281457, 548.314570, 623.281457, 550.433775, 
            623.281457, 552.552980, 623.281457, 554.672185, 
            623.281457, 556.791391, 627.519868, 558.910596, 
            631.758278, 558.910596, 633.877483, 558.910596, 
            635.996689, 561.029801, 638.115894, 561.029801, 
            640.235099, 561.029801, 642.354305, 561.029801, 
            644.473510, 561.029801, 646.592715, 561.029801, 
            648.711921, 561.029801, 650.831126, 561.029801, 
            652.950331, 561.029801, 655.069536, 558.910596, 
            657.188742, 558.910596, 659.307947, 556.791391, 
            663.546358, 556.791391, 665.665563, 556.791391, 
            667.784768, 558.910596, 667.784768, 561.029801, 
            669.903974, 563.149007, 672.023179, 565.268212, 
            672.023179, 567.387417, 674.142384, 569.506623, 
            674.142384, 571.625828, 676.261589, 573.745033, 
            676.261589, 575.864238, 678.380795, 575.864238, 
            680.500000, 577.983444, 682.619205, 580.102649, 
            684.738411, 580.102649, 686.857616, 580.102649, 
            688.976821, 582.221854, 691.096026, 582.221854, 
            693.215232, 582.221854, 695.334437, 582.221854, 
            697.453642, 582.221854, 699.572848, 582.221854, 
            701.692053, 582.221854, 703.811258, 582.221854, 
            705.930464, 582.221854, 708.049669, 582.221854, 
            710.168874, 580.102649, 712.288079, 577.983444, 
            716.526490, 575.864238, 718.645695, 226.195364, 
            718.645695, 228.314570, 716.526490, 228.314570, 
            714.407285, 230.433775, 710.168874, 232.552980, 
            708.049669, -1.000000, -1.000000, 779.307947, 
            718.645695, 779.307947, 716.526490, 779.307947, 
            714.407285, 777.188742, 710.168874, 775.069536, 
            708.049669, 772.950331, 708.049669, 772.950331, 
            703.811258, 770.831126, 701.692053, 768.711921, 
            701.692053, 768.711921, 699.572848, 768.711921, 
