%YAML:1.0
    mask: !!opencv-matrix
        rows: 598
        cols: 2
        dt: f
        data: [ 321.559603, 680.500000, 319.440397, 
            680.500000, 317.321192, 680.500000, 315.201987, 
            680.500000, 313.082781, 680.500000, 310.963576, 
            680.500000, 308.844371, 680.500000, 306.725166, 
            680.500000, 304.605960, 680.500000, 302.486755, 
            680.500000, 300.367550, 682.619205, 298.248344, 
            682.619205, 296.129139, 684.738411, 294.009934, 
            684.738411, 291.890728, 684.738411, 289.771523, 
            684.738411, 287.652318, 686.857616, 285.533113, 
            686.857616, 281.294702, 691.096026, 279.175497, 
            691.096026, 277.056291, 691.096026, 277.056291, 
            693.215232, 274.937086, 693.215232, 272.817881, 
            693.215232, 270.698675, 695.334437, 266.460265, 
            697.453642, 266.460265, 699.572848, 264.341060, 
            699.572848, 264.341060, 701.692053, 262.221854, 
            701.692053, 260.102649, 703.811258, 257.983444, 
            705.930464, 255.864238, 708.049669, 255.864238, 
            710.168874, 253.745033, 710.168874, 253.745033, 
            712.288079, 253.745033, 714.407285, 251.625828, 
            714.407285, 251.625828, 716.526490, 251.625828, 
            718.645695, 518.645695, 718.645695, 518.645695, 
            716.526490, 518.645695, 714.407285, 518.645695, 
            712.288079, 518.645695, 710.168874, 518.645695, 
            705.930464, 516.526490, 703.811258, 514.407285, 
            701.692053, 512.288079, 699.572848, 510.168874, 
            699.572848, 508.049669, 697.453642, 505.930464, 
            695.334437, 503.811258, 693.215232, 501.692053, 
            693.215232, 499.572848, 693.215232, 497.453642, 
            693.215232, 493.215232, 693.215232, 491.096026, 
            693.215232, 486.857616, 693.215232, 484.738411, 
            695.334437, 484.738411, 697.453642, 482.619205, 
            697.453642, 480.500000, 699.572848, 478.380795, 
            699.572848, 476.261589, 701.692053, 474.142384, 
            701.692053, 472.023179, 703.811258, 469.903974, 
            703.811258, 467.784768, 703.811258, 465.665563, 
            703.811258, 465.665563, 705.930464, 463.546358, 
            705.930464, 461.427152, 708.049669, 459.307947, 
            708.049669, 455.069536, 708.049669, 452.950331, 
            708.049669, 450.831126, 708.049669, 444.473510, 
            708.049669, 442.354305, 708.049669, 438.115894, 
            708.049669, 435.996689, 708.049669, 433.877483, 
            708.049669, 431.758278, 708.049669, 429.639073, 
            708.049669, 427.519868, 708.049669, 425.400662, 
            708.049669, 423.281457, 708.049669, 421.162252, 
            708.049669, 419.043046, 708.049669, 416.923841, 
            708.049669, 414.804636, 708.049669, 410.566225, 
            708.049669, 408.447020, 708.049669, 404.208609, 
            710.168874, 402.089404, 710.168874, 399.970199, 
            712.288079, 397.850993, 712.288079, 395.731788, 
            712.288079, 393.612583, 712.288079, 391.493377, 
            712.288079, 389.374172, 712.288079, 387.254967, 
            712.288079, 385.135762, 712.288079, 383.016556, 
            714.407285, 380.897351, 714.407285, 378.778146, 
            714.407285, 376.658940, 714.407285, 372.420530, 
            714.407285, 370.301325, 714.407285, 366.062914, 
            714.407285, 363.943709, 714.407285, 361.824503, 
            714.407285, 357.586093, 714.407285, 353.347682, 
            714.407285, 351.228477, 714.407285, 349.109272, 
            714.407285, 344.870861, 714.407285, 342.751656, 
            714.407285, 340.632450, 714.407285, 338.513245, 
            714.407285, 336.394040, 714.407285, 334.274834, 
            714.407285, 332.155629, 714.407285, 330.036424, 
            714.407285, 327.917219, 712.288079, 325.798013, 
            710.168874, 323.678808, 710.168874, 323.678808, 
            708.049669, 323.678808, 703.811258, 323.678808, 
            701.692053, 323.678808, 699.572848, 323.678808, 
            697.453642, 323.678808, 695.334437, 323.678808, 
            693.215232, 323.678808, 691.096026, 323.678808, 
            688.976821, 323.678808, 686.857616, 323.678808, 
            684.738411, 321.559603, 682.619205, 321.559603, 
            680.500000, -1.000000, -1.000000, 537.718543, 
            716.526490, 539.837748, 716.526490, 541.956954, 
            714.407285, 544.076159, 712.288079, 546.195364, 
            710.168874, 548.314570, 708.049669, 550.433775, 
            705.930464, 552.552980, 703.811258, 554.672185, 
            701.692053, 556.791391, 701.692053, 561.029801, 
            699.572848, 565.268212, 699.572848, 567.387417, 
            699.572848, 567.387417, 697.453642, 569.506623, 
            697.453642, 571.625828, 697.453642, 573.745033, 
            699.572848, 575.864238, 699.572848, 575.864238, 
            701.692053, 577.983444, 703.811258, 580.102649, 
            703.811258, 580.102649, 705.930464, 582.221854, 
            708.049669, 584.341060, 710.168874, 584.341060, 
            712.288079, 586.460265, 712.288079, 586.460265, 
            714.407285, 586.460265, 716.526490, 586.460265, 
            718.645695, -1.000000, -1.000000, 730.566225, 
            61.692053, 728.447020, 61.692053, 726.327815, 
            61.692053, 724.208609, 61.692053, 722.089404, 
            61.692053, 719.970199, 61.692053, 717.850993, 
            61.692053, 715.731788, 61.692053, 713.612583, 
            61.692053, 711.493377, 61.692053, 709.374172, 
            61.692053, 707.254967, 61.692053, 705.135762, 
            61.692053, 703.016556, 61.692053, 700.897351, 
            61.692053, 698.778146, 61.692053, 696.658940, 
            61.692053, 694.539735, 61.692053, 692.420530, 
            61.692053, 690.301325, 61.692053, 688.182119, 
            61.692053, 686.062914, 61.692053, 683.943709, 
            61.692053, 681.824503, 61.692053, 679.705298, 
            61.692053, 677.586093, 61.692053, 675.466887, 
            61.692053, 673.347682, 61.692053, 671.228477, 
            61.692053, 671.228477, 63.811258, 671.228477, 
            65.930464, 669.109272, 68.049669, 669.109272, 
            70.168874, 666.990066, 70.168874, 666.990066, 
            72.288079, 666.990066, 74.407285, 664.870861, 
            74.407285, 664.870861, 76.526490, 662.751656, 
            76.526490, 662.751656, 78.645695, 660.632450, 
            78.645695, 660.632450, 80.764901, 656.394040, 
            82.884106, 654.274834, 82.884106, 652.155629, 
            85.003311, 650.036424, 85.003311, 647.917219, 
            85.003311, 645.798013, 85.003311, 641.559603, 
            85.003311, 639.440397, 85.003311, 637.321192, 
            85.003311, 635.201987, 85.003311, 633.082781, 
            85.003311, 630.963576, 85.003311, 628.844371, 
            87.122517, 626.725166, 87.122517, 624.605960, 
            87.122517, 622.486755, 87.122517, 620.367550, 
            87.122517, 618.248344, 87.122517, 616.129139, 
            89.241722, 614.009934, 89.241722, 611.890728, 
            89.241722, 609.771523, 89.241722, 607.652318, 
            89.241722, 605.533113, 91.360927, 603.413907, 
            91.360927, 601.294702, 91.360927, 597.056291, 
            91.360927, 594.937086, 91.360927, 592.817881, 
            91.360927, 590.698675, 91.360927, 584.341060, 
            91.360927, 580.102649, 93.480132, 577.983444, 
            93.480132, 575.864238, 95.599338, 573.745033, 
            95.599338, 573.745033, 97.718543, 573.745033, 
            99.837748, 573.745033, 101.956954, 573.745033, 
            104.076159, 573.745033, 106.195364, 573.745033, 
            108.314570, 571.625828, 108.314570, 571.625828, 
            110.433775, 569.506623, 110.433775, 567.387417, 
            112.552980, 567.387417, 114.672185, 565.268212, 
            114.672185, 565.268212, 116.791391, 565.268212, 
