%YAML:1.0
    mask: !!opencv-matrix
        rows: 985
        cols: 2
        dt: f
        data: [ 1.559603, 557.586093, 3.678808, 
            557.586093, 5.798013, 555.466887, 7.917219, 
            555.466887, 10.036424, 555.466887, 12.155629, 
            555.466887, 14.274834, 555.466887, 14.274834, 
            553.347682, 16.394040, 553.347682, 18.513245, 
            551.228477, 20.632450, 549.109272, 22.751656, 
            546.990066, 24.870861, 544.870861, 26.990066, 
            542.751656, 29.109272, 540.632450, 31.228477, 
            538.513245, 33.347682, 536.394040, 35.466887, 
            534.274834, 37.586093, 532.155629, 39.705298, 
            530.036424, 41.824503, 530.036424, 41.824503, 
            527.917219, 43.943709, 527.917219, 46.062914, 
            525.798013, 48.182119, 525.798013, 48.182119, 
            523.678808, 50.301325, 521.559603, 54.539735, 
            521.559603, 54.539735, 519.440397, 58.778146, 
            519.440397, 58.778146, 517.321192, 63.016556, 
            515.201987, 63.016556, 513.082781, 67.254967, 
            513.082781, 67.254967, 510.963576, 69.374172, 
            508.844371, 71.493377, 508.844371, 73.612583, 
            506.725166, 75.731788, 504.605960, 77.850993, 
            504.605960, 77.850993, 502.486755, 79.970199, 
            500.367550, 82.089404, 500.367550, 84.208609, 
            498.248344, 86.327815, 496.129139, 88.447020, 
            494.009934, 90.566225, 494.009934, 90.566225, 
            491.890728, 90.566225, 489.771523, 92.685430, 
            487.652318, 94.804636, 485.533113, 94.804636, 
            483.413907, 99.043046, 481.294702, 101.162252, 
            479.175497, 103.281457, 479.175497, 103.281457, 
            477.056291, 107.519868, 474.937086, 109.639073, 
            474.937086, 111.758278, 474.937086, 113.877483, 
            474.937086, 115.996689, 474.937086, 120.235099, 
            472.817881, 122.354305, 470.698675, 124.473510, 
            470.698675, 128.711921, 468.579470, 132.950331, 
            468.579470, 137.188742, 466.460265, 139.307947, 
            466.460265, 141.427152, 466.460265, 143.546358, 
            464.341060, 145.665563, 464.341060, 147.784768, 
            464.341060, 152.023179, 464.341060, 156.261589, 
            462.221854, 160.500000, 462.221854, 162.619205, 
            462.221854, 164.738411, 462.221854, 168.976821, 
            462.221854, 171.096026, 462.221854, 175.334437, 
            462.221854, 177.453642, 464.341060, 179.572848, 
            464.341060, 183.811258, 468.579470, 185.930464, 
            470.698675, 190.168874, 472.817881, 192.288079, 
            472.817881, 194.407285, 474.937086, 196.526490, 
            477.056291, 198.645695, 479.175497, 200.764901, 
            481.294702, 205.003311, 483.413907, 207.122517, 
            483.413907, 209.241722, 485.533113, 213.480132, 
            487.652318, 215.599338, 487.652318, 217.718543, 
            489.771523, 219.837748, 489.771523, 221.956954, 
            489.771523, 224.076159, 491.890728, 226.195364, 
            491.890728, 226.195364, 494.009934, 228.314570, 
            494.009934, 230.433775, 494.009934, 232.552980, 
            496.129139, 234.672185, 496.129139, 236.791391, 
            496.129139, 241.029801, 498.248344, 243.149007, 
            498.248344, 245.268212, 498.248344, 247.387417, 
            500.367550, 249.506623, 500.367550, 251.625828, 
            500.367550, 255.864238, 502.486755, 257.983444, 
            502.486755, 264.341060, 506.725166, 268.579470, 
            508.844371, 272.817881, 510.963576, 272.817881, 
            513.082781, 274.937086, 513.082781, 277.056291, 
            515.201987, 279.175497, 515.201987, 281.294702, 
            517.321192, 281.294702, 519.440397, 283.413907, 
            519.440397, 285.533113, 521.559603, 287.652318, 
            521.559603, 289.771523, 525.798013, 291.890728, 
            527.917219, 294.009934, 527.917219, 294.009934, 
            530.036424, 296.129139, 534.274834, 298.248344, 
            536.394040, 298.248344, 538.513245, 300.367550, 
            540.632450, 300.367550, 542.751656, 300.367550, 
            544.870861, 300.367550, 546.990066, 300.367550, 
            549.109272, 300.367550, 551.228477, 300.367550, 
            553.347682, 300.367550, 555.466887, 300.367550, 
            557.586093, 300.367550, 559.705298, 300.367550, 
            561.824503, 302.486755, 561.824503, 302.486755, 
            563.943709, 302.486755, 566.062914, 304.605960, 
            566.062914, 304.605960, 570.301325, 306.725166, 
            572.420530, 308.844371, 576.658940, 308.844371, 
            578.778146, 310.963576, 583.016556, 310.963576, 
            585.135762, 310.963576, 587.254967, 313.082781, 
            587.254967, 315.201987, 591.493377, 315.201987, 
            593.612583, 317.321192, 595.731788, 317.321192, 
            597.850993, 317.321192, 599.970199, 317.321192, 
            602.089404, 317.321192, 604.208609, 317.321192, 
            606.327815, 317.321192, 608.447020, 317.321192, 
            610.566225, 317.321192, 612.685430, 317.321192, 
            614.804636, 317.321192, 616.923841, 319.440397, 
            619.043046, 321.559603, 621.162252, 321.559603, 
            623.281457, 323.678808, 625.400662, 323.678808, 
            627.519868, 325.798013, 629.639073, 327.917219, 
            631.758278, 330.036424, 631.758278, 330.036424, 
            633.877483, 332.155629, 635.996689, 334.274834, 
            638.115894, 336.394040, 640.235099, 338.513245, 
            640.235099, 338.513245, 642.354305, 340.632450, 
            644.473510, 342.751656, 646.592715, 344.870861, 
            648.711921, 346.990066, 648.711921, 346.990066, 
            650.831126, 349.109272, 650.831126, 351.228477, 
            655.069536, 351.228477, 657.188742, 351.228477, 
            659.307947, 351.228477, 661.427152, 349.109272, 
            661.427152, 346.990066, 661.427152, 346.990066, 
            663.546358, 344.870861, 663.546358, 342.751656, 
            665.665563, 340.632450, 667.784768, 338.513245, 
            667.784768, 338.513245, 669.903974, 336.394040, 
            669.903974, 334.274834, 672.023179, 332.155629, 
            674.142384, 330.036424, 674.142384, 330.036424, 
            676.261589, 327.917219, 678.380795, 325.798013, 
            678.380795, 323.678808, 678.380795, 319.440397, 
            680.500000, 317.321192, 680.500000, 315.201987, 
            680.500000, 313.082781, 680.500000, 310.963576, 
            680.500000, 308.844371, 680.500000, 308.844371, 
            682.619205, 306.725166, 682.619205, 304.605960, 
            682.619205, 302.486755, 682.619205, 300.367550, 
            682.619205, 298.248344, 682.619205, 296.129139, 
            682.619205, 294.009934, 682.619205, 289.771523, 
            682.619205, 287.652318, 680.500000, 285.533113, 
            680.500000, 283.413907, 680.500000, 281.294702, 
            678.380795, 277.056291, 676.261589, 274.937086, 
            674.142384, 270.698675, 674.142384, 268.579470, 
            672.023179, 266.460265, 669.903974, 264.341060, 
            669.903974, 264.341060, 667.784768, 262.221854, 
            667.784768, 260.102649, 667.784768, 257.983444, 
            667.784768, 255.864238, 667.784768, 253.745033, 
            667.784768, 251.625828, 667.784768, 249.506623, 
            665.665563, 247.387417, 665.665563, 245.268212, 
            665.665563, 243.149007, 663.546358, 241.029801, 
            663.546358, 238.910596, 663.546358, 234.672185, 
            663.546358, 232.552980, 663.546358, 230.433775, 
            663.546358, 228.314570, 663.546358, 226.195364, 
            663.546358, 224.076159, 663.546358, 221.956954, 
            663.546358, 219.837748, 663.546358, 217.718543, 
            663.546358, 215.599338, 663.546358, 213.480132, 
            663.546358, 211.360927, 663.546358, 209.241722, 
