%YAML:1.0
    mask: !!opencv-matrix
        rows: 933
        cols: 2
        dt: f
        data: [ -1.000000, -1.000000, 785.665563, 
            716.526490, 785.665563, 714.407285, 783.546358, 
            712.288079, 779.307947, 708.049669, 775.069536, 
            703.811258, 768.711921, 697.453642, 764.473510, 
            693.215232, 762.354305, 691.096026, 758.115894, 
            686.857616, 755.996689, 684.738411, 751.758278, 
            682.619205, 743.281457, 678.380795, 743.281457, 
            676.261589, 739.043046, 674.142384, 736.923841, 
            672.023179, 734.804636, 669.903974, 730.566225, 
            669.903974, 730.566225, 667.784768, 728.447020, 
            667.784768, 724.208609, 665.665563, 724.208609, 
            663.546358, 717.850993, 661.427152, 715.731788, 
            661.427152, 711.493377, 657.188742, 709.374172, 
            657.188742, 705.135762, 655.069536, 705.135762, 
            652.950331, 703.016556, 652.950331, 698.778146, 
            650.831126, 696.658940, 648.711921, 694.539735, 
            646.592715, 690.301325, 644.473510, 686.062914, 
            642.354305, 683.943709, 640.235099, 681.824503, 
            638.115894, 679.705298, 638.115894, 675.466887, 
            633.877483, 673.347682, 631.758278, 671.228477, 
            631.758278, 669.109272, 631.758278, 666.990066, 
            627.519868, 662.751656, 627.519868, 660.632450, 
            625.400662, 658.513245, 625.400662, 656.394040, 
            623.281457, 654.274834, 621.162252, 652.155629, 
            619.043046, 650.036424, 616.923841, 647.917219, 
            614.804636, 645.798013, 612.685430, 643.678808, 
            612.685430, 641.559603, 608.447020, 639.440397, 
            606.327815, 635.201987, 604.208609, 635.201987, 
            602.089404, 633.082781, 602.089404, 628.844371, 
            599.970199, 626.725166, 597.850993, 624.605960, 
            593.612583, 622.486755, 593.612583, 622.486755, 
            591.493377, 620.367550, 591.493377, 620.367550, 
            589.374172, 618.248344, 589.374172, 618.248344, 
            587.254967, 614.009934, 585.135762, 614.009934, 
            583.016556, 611.890728, 580.897351, 611.890728, 
            578.778146, 609.771523, 576.658940, 607.652318, 
            572.420530, 605.533113, 570.301325, 605.533113, 
            568.182119, 603.413907, 566.062914, 603.413907, 
            563.943709, 601.294702, 561.824503, 597.056291, 
            555.466887, 594.937086, 551.228477, 592.817881, 
            549.109272, 590.698675, 546.990066, 590.698675, 
            544.870861, 588.579470, 542.751656, 588.579470, 
            540.632450, 586.460265, 536.394040, 584.341060, 
            536.394040, 582.221854, 530.036424, 580.102649, 
            530.036424, 580.102649, 527.917219, 577.983444, 
            525.798013, 575.864238, 523.678808, 575.864238, 
            521.559603, 573.745033, 519.440397, 573.745033, 
            517.321192, 571.625828, 517.321192, 569.506623, 
            513.082781, 569.506623, 510.963576, 567.387417, 
            510.963576, 567.387417, 508.844371, 567.387417, 
            506.725166, 567.387417, 504.605960, 565.268212, 
            502.486755, 565.268212, 500.367550, 563.149007, 
            498.248344, 563.149007, 496.129139, 563.149007, 
            494.009934, 561.029801, 491.890728, 561.029801, 
            489.771523, 561.029801, 485.533113, 558.910596, 
            485.533113, 558.910596, 483.413907, 558.910596, 
            481.294702, 558.910596, 477.056291, 556.791391, 
            477.056291, 556.791391, 474.937086, 554.672185, 
            470.698675, 554.672185, 468.579470, 554.672185, 
            466.460265, 552.552980, 464.341060, 552.552980, 
            462.221854, 552.552980, 460.102649, 552.552980, 
            457.983444, 552.552980, 455.864238, 552.552980, 
            453.745033, 552.552980, 451.625828, 552.552980, 
            449.506623, 552.552980, 447.387417, 554.672185, 
            447.387417, 554.672185, 445.268212, 556.791391, 
            445.268212, 558.910596, 443.149007, 561.029801, 
            441.029801, 565.268212, 438.910596, 567.387417, 
            438.910596, 569.506623, 438.910596, 571.625828, 
            436.791391, 573.745033, 436.791391, 575.864238, 
            436.791391, 577.983444, 436.791391, 582.221854, 
            436.791391, 584.341060, 438.910596, 586.460265, 
            438.910596, 586.460265, 441.029801, 588.579470, 
            441.029801, 590.698675, 443.149007, 592.817881, 
            443.149007, 594.937086, 445.268212, 597.056291, 
            445.268212, 601.294702, 447.387417, 603.413907, 
            449.506623, 603.413907, 451.625828, 605.533113, 
            451.625828, 607.652318, 453.745033, 609.771523, 
            455.864238, 611.890728, 457.983444, 614.009934, 
            460.102649, 616.129139, 460.102649, 618.248344, 
            462.221854, 620.367550, 464.341060, 620.367550, 
            466.460265, 622.486755, 466.460265, 622.486755, 
            468.579470, 622.486755, 470.698675, 626.725166, 
            472.817881, 626.725166, 474.937086, 628.844371, 
            477.056291, 628.844371, 479.175497, 630.963576, 
            481.294702, 633.082781, 481.294702, 633.082781, 
            483.413907, 635.201987, 485.533113, 637.321192, 
            487.652318, 637.321192, 489.771523, 639.440397, 
            489.771523, 641.559603, 491.890728, 641.559603, 
            494.009934, 643.678808, 496.129139, 643.678808, 
            498.248344, 645.798013, 500.367550, 647.917219, 
            500.367550, 647.917219, 502.486755, 647.917219, 
            504.605960, 650.036424, 506.725166, 652.155629, 
            508.844371, 654.274834, 510.963576, 656.394040, 
            510.963576, 658.513245, 510.963576, 658.513245, 
            513.082781, 660.632450, 515.201987, 662.751656, 
            515.201987, 664.870861, 517.321192, 666.990066, 
            517.321192, 669.109272, 519.440397, 671.228477, 
            519.440397, 673.347682, 519.440397, 673.347682, 
            517.321192, 673.347682, 515.201987, 673.347682, 
            513.082781, 673.347682, 510.963576, 675.466887, 
            508.844371, 675.466887, 506.725166, 675.466887, 
            504.605960, 675.466887, 502.486755, 675.466887, 
            500.367550, 675.466887, 498.248344, 675.466887, 
            496.129139, 675.466887, 494.009934, 675.466887, 
            491.890728, 675.466887, 489.771523, 675.466887, 
            487.652318, 675.466887, 483.413907, 675.466887, 
            481.294702, 675.466887, 479.175497, 675.466887, 
            477.056291, 675.466887, 472.817881, 675.466887, 
            470.698675, 673.347682, 468.579470, 673.347682, 
            466.460265, 673.347682, 464.341060, 673.347682, 
            462.221854, 671.228477, 460.102649, 671.228477, 
            457.983444, 671.228477, 453.745033, 669.109272, 
            451.625828, 669.109272, 449.506623, 666.990066, 
            447.387417, 664.870861, 443.149007, 664.870861, 
            441.029801, 664.870861, 438.910596, 664.870861, 
            436.791391, 662.751656, 436.791391, 662.751656, 
            434.672185, 662.751656, 432.552980, 662.751656, 
            430.433775, 660.632450, 428.314570, 660.632450, 
            426.195364, 660.632450, 424.076159, 660.632450, 
            421.956954, 660.632450, 419.837748, 658.513245, 
            419.837748, 658.513245, 415.599338, 658.513245, 
            413.480132, 656.394040, 409.241722, 656.394040, 
            407.122517, 654.274834, 405.003311, 654.274834, 
            402.884106, 654.274834, 400.764901, 654.274834, 
            398.645695, 654.274834, 396.526490, 652.155629, 
            394.407285, 652.155629, 392.288079, 652.155629, 
            390.168874, 652.155629, 388.049669, 650.036424, 
            388.049669, 650.036424, 385.930464, 647.917219, 
            383.811258, 647.917219, 381.692053, 647.917219, 
