%YAML:1.0
    mask: !!opencv-matrix
        rows: 353
        cols: 2
        dt: f
        data: [ -1.000000, -1.000000, 712.122702, 
            717.590328, 713.145883, 716.567146, 716.215428, 
            713.497602, 718.261791, 712.474420, 724.400879, 
            708.381695, 728.493605, 706.335332, 731.563149, 
            704.288969, 733.609512, 704.288969, 734.632694, 
            704.288969, 737.702238, 702.242606, 739.748601, 
            702.242606, 740.771783, 702.242606, 742.818145, 
            702.242606, 742.818145, 701.219424, 746.910871, 
            700.196243, 751.003597, 699.173062, 753.049960, 
            698.149880, 755.096323, 698.149880, 757.142686, 
            698.149880, 761.235412, 698.149880, 764.304956, 
            698.149880, 765.328137, 698.149880, 768.397682, 
            699.173062, 771.467226, 699.173062, 773.513589, 
            699.173062, 774.536771, 699.173062, 774.536771, 
            700.196243, 776.583133, 700.196243, 777.606315, 
            700.196243, 779.652678, 700.196243, 782.722222, 
            700.196243, 785.791767, 701.219424, 786.814948, 
            701.219424, 788.861311, 702.242606, 789.884492, 
            702.242606, 793.977218, 704.288969, 797.046763, 
            706.335332, 799.093125, 706.335332, 800.116307, 
            707.358513, 802.162670, 707.358513, 805.232214, 
            709.404876, 807.278577, 710.428058, 809.324940, 
            711.451239, 810.348122, 712.474420, 813.417666, 
            713.497602, 814.440847, 714.520783, 817.510392, 
            715.543965, 818.533573, 715.543965, 819.556755, 
            716.567146, 821.603118, 716.567146, 823.649480, 
            716.567146, 824.672662, 716.567146, -1.000000, 
            -1.000000, 648.685452, 346.175460, 648.685452, 
            347.198641, 648.685452, 348.221823, 647.662270, 
            350.268185, 646.639089, 353.337730, 645.615907, 
            355.384093, 645.615907, 356.407274, 645.615907, 
            357.430456, 645.615907, 359.476819, 645.615907, 
            361.523181, 645.615907, 362.546363, 647.662270, 
            366.639089, 648.685452, 369.708633, 650.731815, 
            372.778177, 651.754996, 374.824540, 652.778177, 
            377.894085, 653.801359, 378.917266, 654.824540, 
            380.963629, 655.847722, 381.986811, 657.894085, 
            385.056355, 659.940448, 387.102718, 659.940448, 
            388.125899, 660.963629, 389.149081, 661.986811, 
            391.195444, 664.033173, 393.241807, 666.079536, 
            395.288169, 668.125899, 396.311351, 668.125899, 
            397.334532, 670.172262, 400.404077, 671.195444, 
            401.427258, 673.241807, 403.473621, 676.311351, 
            405.519984, 677.334532, 405.519984, 678.357714, 
            405.519984, 679.380895, 406.543165, 681.427258, 
            406.543165, 686.543165, 407.566347, 690.635891, 
            407.566347, 695.751799, 407.566347, 698.821343, 
            407.566347, 700.867706, 407.566347, 702.914069, 
            406.543165, 707.006795, 405.519984, 709.053157, 
            405.519984, 711.099520, 405.519984, 714.169065, 
            404.496803, 717.238609, 403.473621, 719.284972, 
            402.450440, 720.308153, 402.450440, 722.354516, 
            402.450440, 723.377698, 401.427258, 724.400879, 
            400.404077, 726.447242, 399.380895, 728.493605, 
            396.311351, 730.539968, 393.241807, 732.586331, 
            389.149081, 733.609512, 386.079536, 734.632694, 
            383.009992, 734.632694, 380.963629, 734.632694, 
            378.917266, 734.632694, 376.870903, 734.632694, 
            374.824540, 733.609512, 372.778177, 732.586331, 
            370.731815, 731.563149, 368.685452, 730.539968, 
            365.615907, 729.516787, 362.546363, 727.470424, 
            357.430456, 725.424061, 353.337730, 724.400879, 
            351.291367, 723.377698, 348.221823, 722.354516, 
            344.129097, 720.308153, 343.105915, 720.308153, 
            341.059552, 719.284972, 340.036371, 719.284972, 
            339.013189, 717.238609, 333.897282, 717.238609, 
            331.850919, 715.192246, 331.850919, 715.192246, 
            328.781375, 714.169065, 327.758193, 713.145883, 
            327.758193, 713.145883, 326.735012, 712.122702, 
            325.711831, 711.099520, 325.711831, 710.076339, 
            324.688649, 709.053157, 324.688649, 708.029976, 
            324.688649, 707.006795, 324.688649, 704.960432, 
            324.688649, 703.937250, 324.688649, 702.914069, 
            324.688649, 701.890887, 323.665468, 700.867706, 
            323.665468, 699.844524, 323.665468, 698.821343, 
            323.665468, 697.798161, 323.665468, 696.774980, 
            323.665468, 695.751799, 322.642286, 693.705436, 
            322.642286, -1.000000, -1.000000, 383.681455, 
            101.635092, 384.704636, 103.681455, 384.704636, 
            105.727818, 386.750999, 112.890088, 390.843725, 
            119.029177, 392.890088, 122.098721, 393.913269, 
            122.098721, 395.959632, 124.145084, 398.005995, 
            125.168265, 399.029177, 125.168265, 400.052358, 
            125.168265, 403.121902, 125.168265, 405.168265, 
            125.168265, 406.191447, 125.168265, 408.237810, 
            125.168265, 409.260991, 125.168265, 413.353717, 
            125.168265, 416.423261, 125.168265, 421.539169, 
            125.168265, 426.655076, 126.191447, 427.678257, 
            126.191447, 430.747802, 127.214628, 434.840528, 
            128.237810, 437.910072, 129.260991, 440.979616, 
            130.284173, 442.002798, 131.307354, 446.095524, 
            132.330536, 450.188249, 133.353717, 454.280975, 
            135.400080, 458.373701, 137.446443, 459.396882, 
            137.446443, 463.489608, 138.469624, 464.512790, 
            138.469624, 464.512790, 139.492806, 465.535971, 
            139.492806, 467.582334, 139.492806, 467.582334, 
            138.469624, 467.582334, 137.446443, 467.582334, 
            135.400080, 465.535971, 131.307354, 464.512790, 
            129.260991, 463.489608, 128.237810, 460.420064, 
            123.121902, 457.350520, 120.052358, 456.327338, 
            119.029177, 455.304157, 119.029177, 455.304157, 
            118.005995, 455.304157, 116.982814, 455.304157, 
            113.913269, 455.304157, 112.890088, 456.327338, 
            110.843725, 457.350520, 110.843725, 459.396882, 
            110.843725, 461.443245, 110.843725, 463.489608, 
            110.843725, 465.535971, 110.843725, 467.582334, 
            110.843725, 468.605516, 110.843725, 470.651878, 
            110.843725, 471.675060, 110.843725, 473.721423, 
            111.866906, 476.790967, 112.890088, 477.814149, 
            112.890088, 478.837330, 112.890088, 480.883693, 
            114.936451, 482.930056, 115.959632, 484.976419, 
            118.005995, 485.999600, 119.029177, 488.045963, 
            121.075540, 489.069145, 121.075540, 492.138689, 
            123.121902, 495.208233, 124.145084, 498.277778, 
            124.145084, 499.300959, 124.145084, 503.393685, 
            124.145084, 506.463229, 124.145084, 510.555955, 
            124.145084, 511.579137, 123.121902, 512.602318, 
            122.098721, 514.648681, 122.098721, 517.718225, 
            122.098721, 518.741407, 122.098721, 519.764588, 
            122.098721, 521.810951, 122.098721, 526.926859, 
            122.098721, 531.019584, 123.121902, 532.042766, 
            123.121902, 533.065947, 123.121902, 534.089129, 
            123.121902, 534.089129, 121.075540, 534.089129, 
            120.052358, 534.089129, 116.982814, 532.042766, 
            112.890088, 532.042766, 109.820544, 531.019584, 
            107.774181, 531.019584, 106.750999, 531.019584, 
            105.727818, 531.019584, 104.704636, 529.996403, 
            103.681455, 529.996403, 102.658273, 529.996403, 
            100.611910, 529.996403, 96.519185, 531.019584, 
            95.496003, 532.042766, 92.426459, 532.042766, 
