%YAML:1.0
    mask: !!opencv-matrix
        rows: 381
        cols: 2
        dt: f
        data: [ -1.000000, -1.000000, 659.940448, 
            719.636691, 660.963629, 719.636691, 660.963629, 
            718.613509, 663.009992, 715.543965, 667.102718, 
            711.451239, 669.149081, 710.428058, 670.172262, 
            708.381695, 671.195444, 708.381695, 672.218625, 
            708.381695, 673.241807, 707.358513, 674.264988, 
            707.358513, 674.264988, 705.312150, 674.264988, 
            701.219424, 674.264988, 697.126699, 675.288169, 
            693.033973, 677.334532, 688.941247, 678.357714, 
            686.894884, 679.380895, 686.894884, 681.427258, 
            684.848521, 685.519984, 681.778977, 687.566347, 
            680.755795, 688.589528, 680.755795, 692.682254, 
            678.709432, 693.705436, 678.709432, 695.751799, 
            676.663070, 696.774980, 676.663070, 698.821343, 
            676.663070, 701.890887, 676.663070, 704.960432, 
            676.663070, 705.983613, 676.663070, 708.029976, 
            676.663070, 712.122702, 676.663070, 716.215428, 
            677.686251, 719.284972, 677.686251, 722.354516, 
            677.686251, 725.424061, 677.686251, 729.516787, 
            678.709432, 737.702238, 680.755795, 739.748601, 
            680.755795, 751.003597, 683.825340, 755.096323, 
            684.848521, 757.142686, 684.848521, 758.165867, 
            685.871703, 762.258593, 687.918066, 763.281775, 
            688.941247, 769.420863, 690.987610, 770.444045, 
            690.987610, 772.490408, 692.010791, 773.513589, 
            693.033973, 775.559952, 694.057154, 778.629496, 
            695.080336, 781.699041, 696.103517, 782.722222, 
            696.103517, 784.768585, 698.149880, 785.791767, 
            698.149880, 786.814948, 699.173062, 793.977218, 
            702.242606, 797.046763, 704.288969, 798.069944, 
            704.288969, 801.139488, 706.335332, 803.185851, 
            707.358513, 806.255396, 709.404876, 809.324940, 
            710.428058, 815.464029, 712.474420, 817.510392, 
            713.497602, 818.533573, 714.520783, -1.000000, 
            -1.000000, 843.089928, 469.980416, 843.089928, 
            472.026779, 846.159472, 481.235412, 849.229017, 
            490.444045, 850.252198, 491.467226, 853.321743, 
            500.675859, 856.391287, 503.745404, 859.460831, 
            510.907674, 859.460831, 511.930855, 862.530376, 
            516.023581, 863.553557, 518.069944, 867.646283, 
            526.255396, 868.669464, 529.324940, 869.692646, 
            535.464029, 869.692646, 542.626299, 869.692646, 
            546.719025, 869.692646, 548.765388, 869.692646, 
            553.881295, 869.692646, 560.020384, 868.669464, 
            565.136291, 867.646283, 569.229017, 865.599920, 
            573.321743, 865.599920, 575.368106, 864.576739, 
            578.437650, 863.553557, 578.437650, 861.507194, 
            581.507194, 860.484013, 584.576739, 857.414468, 
            587.646283, 854.344924, 589.692646, 851.275380, 
            591.739009, 848.205835, 592.762190, 844.113110, 
            594.808553, 835.927658, 596.854916, 827.742206, 
            599.924460, 822.626299, 600.947642, 819.556755, 
            600.947642, 815.464029, 601.970823, 811.371303, 
            604.017186, 805.232214, 604.017186, 805.232214, 
            605.040368, 801.139488, 606.063549, 800.116307, 
            606.063549, 793.977218, 606.063549, 792.954037, 
            606.063549, 784.768585, 606.063549, 780.675859, 
            605.040368, 778.629496, 605.040368, 774.536771, 
            604.017186, 771.467226, 601.970823, 769.420863, 
            601.970823, 768.397682, 601.970823, 766.351319, 
            599.924460, 765.328137, 599.924460, 762.258593, 
            597.878098, 761.235412, 596.854916, 759.189049, 
            595.831735, 758.165867, 594.808553, 756.119504, 
            593.785372, 753.049960, 591.739009, 749.980416, 
            589.692646, 749.980416, 588.669464, 748.957234, 
            586.623102, 747.934053, 586.623102, 746.910871, 
            584.576739, 746.910871, 583.553557, 744.864508, 
            581.507194, 743.841327, 579.460831, 741.794964, 
            577.414468, 740.771783, 576.391287, 736.679057, 
            571.275380, 735.655875, 568.205835, 734.632694, 
            566.159472, 733.609512, 564.113110, 733.609512, 
            563.089928, 730.539968, 557.974021, 729.516787, 
            555.927658, 727.470424, 553.881295, 727.470424, 
            551.834932, 725.424061, 548.765388, 723.377698, 
            546.719025, 722.354516, 544.672662, 719.284972, 
            541.603118, 718.261791, 537.510392, 715.192246, 
            533.417666, 713.145883, 531.371303, 711.099520, 
            529.324940, 710.076339, 528.301759, 709.053157, 
            528.301759, 708.029976, 527.278577, 704.960432, 
            527.278577, 698.821343, 527.278577, 694.728617, 
            527.278577, 693.705436, 527.278577, 686.543165, 
            527.278577, 684.496803, 526.255396, 680.404077, 
            525.232214, 676.311351, 525.232214, 673.241807, 
            524.209033, 669.149081, 524.209033, 668.125899, 
            523.185851, 667.102718, 523.185851, 666.079536, 
            521.139488, 666.079536, 517.046763, 666.079536, 
            513.977218, 666.079536, 510.907674, 668.125899, 
            508.861311, 669.149081, 507.838129, 671.195444, 
            504.768585, 672.218625, 504.768585, 677.334532, 
            500.675859, 679.380895, 498.629496, 681.427258, 
            496.583133, 684.496803, 494.536771, 685.519984, 
            492.490408, 686.543165, 492.490408, 688.589528, 
            491.467226, 689.612710, 490.444045, 690.635891, 
            488.397682, 692.682254, 485.328137, 694.728617, 
            482.258593, 694.728617, 481.235412, 697.798161, 
            476.119504, 700.867706, 468.957234, 701.890887, 
            466.910871, 702.914069, 465.887690, 702.914069, 
            463.841327, 703.937250, 461.794964, 703.937250, 
            460.771783, 705.983613, 459.748601, 707.006795, 
            457.702238, 709.053157, 456.679057, 712.122702, 
            454.632694, 715.192246, 453.609512, 720.308153, 
            452.586331, 721.331335, 452.586331, 726.447242, 
            451.563149, 726.447242, 450.539968, 732.586331, 
            450.539968, 735.655875, 448.493605, 736.679057, 
            448.493605, 739.748601, 448.493605, 740.771783, 
            448.493605, 742.818145, 447.470424, 743.841327, 
            447.470424, 749.980416, 446.447242, 753.049960, 
            446.447242, 754.073141, 446.447242, 758.165867, 
            446.447242, 759.189049, 446.447242, 763.281775, 
            446.447242, 764.304956, 446.447242, 766.351319, 
            446.447242, 769.420863, 445.424061, 771.467226, 
            444.400879, 774.536771, 444.400879, 777.606315, 
            443.377698, 780.675859, 442.354516, 781.699041, 
            442.354516, 784.768585, 441.331335, 787.838129, 
            441.331335, 789.884492, 440.308153, 790.907674, 
            440.308153, 791.930855, 440.308153, 792.954037, 
            440.308153, 795.000400, 440.308153, 799.093125, 
            441.331335, 800.116307, 441.331335, 800.116307, 
            442.354516, 804.209033, 442.354516, 806.255396, 
            444.400879, 808.301759, 445.424061, 811.371303, 
            446.447242, 814.440847, 447.470424, 815.464029, 
            448.493605, -1.000000, -1.000000, 6.127498, 
            451.563149, 7.150679, 451.563149, 12.266587, 
            448.493605, 14.312950, 446.447242, 22.498401, 
            442.354516, 28.637490, 439.284972, 31.707034, 
            438.261791, 37.846123, 436.215428, 39.892486, 
            436.215428, 41.938849, 435.192246, 42.962030, 
            434.169065, 45.008393, 434.169065, 47.054756, 
            433.145883, 48.077938, 433.145883, 52.170663, 
            433.145883, 58.309752, 432.122702, 63.425659, 
