%YAML:1.0
    mask: !!opencv-matrix
        rows: 1973
        cols: 2
        dt: f
        data: [ 372.426459, 712.474420, 372.426459, 
            711.451239, 373.449640, 707.358513, 374.472822, 
            706.335332, 377.542366, 700.196243, 381.635092, 
            696.103517, 381.635092, 695.080336, 383.681455, 
            693.033973, 386.750999, 689.964428, 387.774181, 
            687.918066, 388.797362, 686.894884, 389.820544, 
            685.871703, 391.866906, 683.825340, 393.913269, 
            681.778977, 394.936451, 680.755795, 396.982814, 
            679.732614, 396.982814, 678.709432, 400.052358, 
            675.639888, 401.075540, 674.616707, 403.121902, 
            673.593525, 405.168265, 671.547162, 406.191447, 
            670.523981, 410.284173, 667.454436, 413.353717, 
            665.408074, 414.376898, 663.361711, 415.400080, 
            663.361711, 418.469624, 662.338529, 420.515987, 
            660.292166, 422.562350, 658.245803, 423.585532, 
            658.245803, 427.678257, 656.199440, 427.678257, 
            655.176259, 430.747802, 653.129896, 434.840528, 
            648.013989, 436.886890, 644.944444, 437.910072, 
            643.921263, 438.933253, 641.874900, 439.956435, 
            637.782174, 442.002798, 635.735811, 442.002798, 
            632.666267, 444.049161, 630.619904, 444.049161, 
            629.596723, 446.095524, 626.527178, 447.118705, 
            623.457634, 448.141886, 622.434452, 449.165068, 
            619.364908, 450.188249, 617.318545, 451.211431, 
            616.295364, 451.211431, 613.225819, 453.257794, 
            611.179456, 453.257794, 608.109912, 454.280975, 
            608.109912, 454.280975, 607.086731, 454.280975, 
            606.063549, 454.280975, 605.040368, 454.280975, 
            604.017186, 454.280975, 602.994005, 454.280975, 
            601.970823, 454.280975, 600.947642, 454.280975, 
            599.924460, 454.280975, 598.901279, 454.280975, 
            597.878098, 454.280975, 596.854916, 453.257794, 
            595.831735, 452.234612, 594.808553, 452.234612, 
            593.785372, 450.188249, 592.762190, 449.165068, 
            592.762190, 447.118705, 592.762190, 446.095524, 
            592.762190, 442.002798, 593.785372, 440.979616, 
            593.785372, 438.933253, 593.785372, 437.910072, 
            594.808553, 435.863709, 595.831735, 434.840528, 
            596.854916, 432.794165, 597.878098, 430.747802, 
            597.878098, 429.724620, 598.901279, 428.701439, 
            599.924460, 428.701439, 600.947642, 426.655076, 
            601.970823, 424.608713, 602.994005, 423.585532, 
            602.994005, 422.562350, 605.040368, 420.515987, 
            606.063549, 418.469624, 608.109912, 417.446443, 
            610.156275, 415.400080, 612.202638, 414.376898, 
            614.249001, 412.330536, 615.272182, 411.307354, 
            616.295364, 410.284173, 617.318545, 409.260991, 
            618.341727, 409.260991, 619.364908, 407.214628, 
            620.388090, 406.191447, 622.434452, 404.145084, 
            623.457634, 403.121902, 624.480815, 402.098721, 
            625.503997, 399.029177, 627.550360, 396.982814, 
            629.596723, 395.959632, 629.596723, 392.890088, 
            631.643086, 390.843725, 632.666267, 388.797362, 
            634.712630, 384.704636, 637.782174, 383.681455, 
            637.782174, 380.611910, 639.828537, 379.588729, 
            639.828537, 376.519185, 640.851719, 374.472822, 
            642.898082, 372.426459, 643.921263, 369.356914, 
            645.967626, 365.264189, 648.013989, 363.217826, 
            649.037170, 361.171463, 649.037170, 359.125100, 
            649.037170, 358.101918, 650.060352, 357.078737, 
            650.060352, 355.032374, 650.060352, 352.986011, 
            650.060352, 351.962830, 650.060352, 349.916467, 
            650.060352, 347.870104, 650.060352, 345.823741, 
            650.060352, 343.777378, 650.060352, 342.754197, 
            650.060352, 340.707834, 650.060352, 340.707834, 
            649.037170, 339.684652, 649.037170, 339.684652, 
            646.990807, 338.661471, 644.944444, 338.661471, 
            643.921263, 337.638289, 639.828537, 337.638289, 
            638.805356, 337.638289, 634.712630, 337.638289, 
            631.643086, 337.638289, 629.596723, 337.638289, 
            626.527178, 337.638289, 622.434452, 337.638289, 
            618.341727, 338.661471, 615.272182, 338.661471, 
            614.249001, 338.661471, 611.179456, 339.684652, 
            608.109912, 340.707834, 607.086731, 340.707834, 
            605.040368, 340.707834, 602.994005, 341.731015, 
            600.947642, 342.754197, 597.878098, 342.754197, 
            595.831735, 342.754197, 594.808553, 343.777378, 
            592.762190, 344.800560, 590.715827, 344.800560, 
            588.669464, 345.823741, 586.623102, 347.870104, 
            583.553557, 348.893285, 579.460831, 350.939648, 
            577.414468, 351.962830, 575.368106, 354.009193, 
            573.321743, 356.055556, 571.275380, 357.078737, 
            570.252198, 358.101918, 568.205835, 358.101918, 
            567.182654, 360.148281, 566.159472, 361.171463, 
            564.113110, 362.194644, 562.066747, 364.241007, 
            560.020384, 364.241007, 558.997202, 365.264189, 
            558.997202, 365.264189, 556.950839, 366.287370, 
            556.950839, 367.310552, 555.927658, 368.333733, 
            554.904476, 369.356914, 552.858114, 371.403277, 
            549.788569, 372.426459, 548.765388, 374.472822, 
            547.742206, 375.496003, 545.695843, 375.496003, 
            544.672662, 377.542366, 542.626299, 378.565548, 
            541.603118, 379.588729, 540.579936, 380.611910, 
            540.579936, 381.635092, 539.556755, 382.658273, 
            539.556755, 383.681455, 539.556755, 386.750999, 
            538.533573, 387.774181, 538.533573, 390.843725, 
            538.533573, 392.890088, 538.533573, 393.913269, 
            538.533573, 394.936451, 538.533573, 395.959632, 
            538.533573, 398.005995, 538.533573, 400.052358, 
            538.533573, 401.075540, 537.510392, 402.098721, 
            537.510392, 404.145084, 537.510392, 405.168265, 
            537.510392, 407.214628, 536.487210, 408.237810, 
            536.487210, 411.307354, 534.440847, 412.330536, 
            533.417666, 412.330536, 532.394484, 413.353717, 
            531.371303, 414.376898, 529.324940, 414.376898, 
            528.301759, 414.376898, 527.278577, 414.376898, 
            525.232214, 414.376898, 522.162670, 414.376898, 
            521.139488, 414.376898, 519.093125, 414.376898, 
            518.069944, 414.376898, 517.046763, 413.353717, 
            517.046763, 412.330536, 517.046763, 410.284173, 
            516.023581, 409.260991, 515.000400, 407.214628, 
            513.977218, 405.168265, 513.977218, 402.098721, 
            511.930855, 399.029177, 510.907674, 396.982814, 
            510.907674, 393.913269, 509.884492, 392.890088, 
            509.884492, 390.843725, 509.884492, 389.820544, 
            509.884492, 387.774181, 509.884492, 385.727818, 
            508.861311, 384.704636, 508.861311, 383.681455, 
            508.861311, 382.658273, 508.861311, 381.635092, 
            508.861311, 380.611910, 507.838129, 377.542366, 
            507.838129, 374.472822, 507.838129, 373.449640, 
            507.838129, 372.426459, 507.838129, 371.403277, 
            507.838129, 369.356914, 507.838129, 368.333733, 
            507.838129, 367.310552, 507.838129, 366.287370, 
            507.838129, 365.264189, 506.814948, 363.217826, 
            506.814948, 362.194644, 505.791767, 362.194644, 
            504.768585, 361.171463, 504.768585, 358.101918, 
            503.745404, 356.055556, 502.722222, 354.009193, 
            501.699041, 350.939648, 500.675859, 346.846922, 
            498.629496, 344.800560, 497.606315, 342.754197, 
