%YAML:1.0
    mask: !!opencv-matrix
        rows: 798
        cols: 2
        dt: f
        data: [ 191.180412, 697.654639, 196.458763, 
            698.974227, 204.376289, 700.293814, 221.530928, 
            701.613402, 225.489691, 702.932990, 229.448454, 
            704.252577, 234.726804, 705.572165, 246.603093, 
            705.572165, 251.881443, 705.572165, 254.520619, 
            705.572165, 258.479381, 705.572165, 266.396907, 
            704.252577, 270.355670, 704.252577, 283.551546, 
            701.613402, 292.788660, 700.293814, 308.623711, 
            698.974227, 315.221649, 698.974227, 316.541237, 
            698.974227, 319.180412, 698.974227, 325.778351, 
            698.974227, 333.695876, 698.974227, 340.293814, 
            700.293814, 342.932990, 700.293814, 345.572165, 
            701.613402, 348.211340, 702.932990, 352.170103, 
            704.252577, 358.768041, 706.891753, 366.685567, 
            709.530928, 375.922680, 713.489691, 381.201031, 
            714.809278, 385.159794, 716.128866, 393.077320, 
            718.768041, 412.871134, 718.768041, 414.190722, 
            718.768041, 414.190722, 717.448454, 414.190722, 
            716.128866, 414.190722, 713.489691, 414.190722, 
            712.170103, 414.190722, 710.850515, 414.190722, 
            708.211340, 412.871134, 702.932990, 407.592784, 
            695.015464, 402.314433, 692.376289, 398.355670, 
            689.737113, 391.757732, 685.778351, 385.159794, 
            680.500000, 381.201031, 677.860825, 371.963918, 
            673.902062, 365.365979, 669.943299, 360.087629, 
            667.304124, 358.768041, 665.984536, 357.448454, 
            664.664948, 354.809278, 663.345361, 353.489691, 
            662.025773, 350.850515, 660.706186, 349.530928, 
            658.067010, 348.211340, 655.427835, 346.891753, 
            652.788660, 345.572165, 650.149485, 345.572165, 
            646.190722, 344.252577, 644.871134, 344.252577, 
            642.231959, 344.252577, 638.273196, 345.572165, 
            632.994845, 346.891753, 626.396907, 346.891753, 
            622.438144, 350.850515, 614.520619, 350.850515, 
            613.201031, 352.170103, 610.561856, 353.489691, 
            609.242268, 354.809278, 606.603093, 357.448454, 
            600.005155, 360.087629, 593.407216, 361.407216, 
            592.087629, 364.046392, 586.809278, 365.365979, 
            584.170103, 369.324742, 580.211340, 369.324742, 
            578.891753, 370.644330, 578.891753, 371.963918, 
            586.809278, 374.603093, 590.768041, 375.922680, 
            592.087629, 377.242268, 593.407216, 381.201031, 
            596.046392, 385.159794, 597.365979, 389.118557, 
            598.685567, 390.438144, 598.685567, 394.396907, 
            598.685567, 397.036082, 597.365979, 400.994845, 
            596.046392, 403.634021, 596.046392, 404.953608, 
            594.726804, 404.953608, 593.407216, 404.953608, 
            589.448454, 403.634021, 584.170103, 402.314433, 
            580.211340, 402.314433, 578.891753, 402.314433, 
            577.572165, 402.314433, 574.932990, 402.314433, 
            569.654639, 403.634021, 568.335052, 404.953608, 
            568.335052, 404.953608, 570.974227, 404.953608, 
            578.891753, 404.953608, 585.489691, 407.592784, 
            592.087629, 408.912371, 594.726804, 411.551546, 
            596.046392, 414.190722, 598.685567, 416.829897, 
            601.324742, 422.108247, 602.644330, 426.067010, 
            602.644330, 427.386598, 601.324742, 431.345361, 
            582.850515, 431.345361, 580.211340, 431.345361, 
            578.891753, 432.664948, 578.891753, 435.304124, 
            581.530928, 440.582474, 585.489691, 443.221649, 
            586.809278, 445.860825, 588.128866, 448.500000, 
            589.448454, 452.458763, 592.087629, 453.778351, 
            592.087629, 455.097938, 592.087629, 460.376289, 
            594.726804, 463.015464, 594.726804, 464.335052, 
            594.726804, 469.613402, 594.726804, 472.252577, 
            593.407216, 474.891753, 593.407216, 474.891753, 
            592.087629, 474.891753, 590.768041, 474.891753, 
            588.128866, 474.891753, 586.809278, 472.252577, 
            578.891753, 470.932990, 576.252577, 469.613402, 
            574.932990, 463.015464, 568.335052, 460.376289, 
            564.376289, 457.737113, 560.417526, 453.778351, 
            556.458763, 451.139175, 551.180412, 447.180412, 
            548.541237, 444.541237, 547.221649, 444.541237, 
            545.902062, 441.902062, 544.582474, 437.943299, 
            541.943299, 433.984536, 536.664948, 431.345361, 
            534.025773, 428.706186, 531.386598, 427.386598, 
            530.067010, 426.067010, 528.747423, 426.067010, 
            526.108247, 424.747423, 524.788660, 423.427835, 
            522.149485, 422.108247, 519.510309, 420.788660, 
            516.871134, 419.469072, 515.551546, 419.469072, 
            514.231959, 418.149485, 512.912371, 418.149485, 
            511.592784, 415.510309, 508.953608, 414.190722, 
            507.634021, 412.871134, 506.314433, 411.551546, 
            506.314433, 408.912371, 504.994845, 407.592784, 
            504.994845, 406.273196, 504.994845, 404.953608, 
            503.675258, 402.314433, 503.675258, 398.355670, 
            503.675258, 395.716495, 503.675258, 390.438144, 
            503.675258, 386.479381, 503.675258, 371.963918, 
            507.634021, 368.005155, 508.953608, 360.087629, 
            511.592784, 354.809278, 512.912371, 352.170103, 
            514.231959, 348.211340, 515.551546, 341.613402, 
            516.871134, 340.293814, 518.190722, 337.654639, 
            519.510309, 333.695876, 520.829897, 328.417526, 
            523.469072, 324.458763, 524.788660, 323.139175, 
            526.108247, 320.500000, 527.427835, 308.623711, 
            532.706186, 303.345361, 534.025773, 298.067010, 
            536.664948, 292.788660, 539.304124, 284.871134, 
            541.943299, 278.273196, 544.582474, 271.675258, 
            547.221649, 265.077320, 549.860825, 262.438144, 
            549.860825, 255.840206, 552.500000, 249.242268, 
            556.458763, 243.963918, 557.778351, 233.407216, 
            563.056701, 225.489691, 565.695876, 216.252577, 
            569.654639, 207.015464, 573.613402, 199.097938, 
            577.572165, 193.819588, 578.891753, 191.180412, 
            580.211340, 181.943299, 584.170103, 179.304124, 
            585.489691, 176.664948, 586.809278, 172.706186, 
            588.128866, 162.149485, 592.087629, 159.510309, 
            593.407216, 158.190722, 593.407216, 151.592784, 
            596.046392, 151.592784, 597.365979, 154.231959, 
            598.685567, 156.871134, 600.005155, 160.829897, 
            602.644330, 164.788660, 605.283505, 167.427835, 
            607.922680, 170.067010, 610.561856, 171.386598, 
            614.520619, 175.345361, 619.798969, 176.664948, 
            623.757732, 177.984536, 631.675258, 177.984536, 
            634.314433, 179.304124, 638.273196, 180.623711, 
            652.788660, 180.623711, 658.067010, 180.623711, 
            660.706186, 180.623711, 665.984536, 180.623711, 
            669.943299, 180.623711, 672.582474, 180.623711, 
            675.221649, 180.623711, 676.541237, -1.000000, 
            -1.000000, 697.902062, 717.448454, 689.984536, 
            717.448454, 675.469072, 713.489691, 667.551546, 
            710.850515, 663.592784, 709.530928, 662.273196, 
            708.211340, 658.314433, 708.211340, 655.675258, 
            706.891753, 653.036082, 706.891753, 650.396907, 
            704.252577, 649.077320, 700.293814, 647.757732, 
            697.654639, 647.757732, 695.015464, 647.757732, 
            692.376289, 647.757732, 691.056701, 647.757732, 
            689.737113, 647.757732, 688.417526, 647.757732, 
            687.097938, 647.757732, 685.778351, 651.716495, 
