%YAML:1.0
    mask: !!opencv-matrix
        rows: 258
        cols: 2
        dt: f
        data: [ -1.000000, -1.000000, 844.376289, 
            713.489691, 837.778351, 705.572165, 829.860825, 
            688.417526, 828.541237, 683.139175, 827.221649, 
            672.582474, 827.221649, 667.304124, 827.221649, 
            662.025773, 827.221649, 652.788660, 827.221649, 
            648.829897, 827.221649, 642.231959, 827.221649, 
            639.592784, 827.221649, 634.314433, 827.221649, 
            632.994845, 827.221649, 631.675258, 827.221649, 
            629.036082, 825.902062, 622.438144, 825.902062, 
            621.118557, 825.902062, 619.798969, 825.902062, 
            618.479381, 825.902062, 614.520619, 827.221649, 
            614.520619, 835.139175, 614.520619, 841.737113, 
            615.840206, 868.128866, 640.912371, 868.128866, 
            642.231959, 870.768041, 643.551546, 872.087629, 
            647.510309, 873.407216, 647.510309, 874.726804, 
            647.510309, 876.046392, 647.510309, 876.046392, 
            646.190722, 877.365979, 646.190722, 877.365979, 
            635.634021, 877.365979, 631.675258, 877.365979, 
            621.118557, 877.365979, 617.159794, 872.087629, 
            607.922680, 870.768041, 603.963918, 865.489691, 
            594.726804, 856.252577, 585.489691, 853.613402, 
            582.850515, 850.974227, 577.572165, 848.335052, 
            574.932990, 845.695876, 572.293814, 844.376289, 
            570.974227, 841.737113, 568.335052, 839.097938, 
            564.376289, 837.778351, 563.056701, 837.778351, 
            561.737113, 839.097938, 561.737113, 849.654639, 
            555.139175, 857.572165, 552.500000, 860.211340, 
            551.180412, 862.850515, 551.180412, 866.809278, 
            551.180412, 870.768041, 551.180412, 872.087629, 
            551.180412, 876.046392, 551.180412, 882.644330, 
            551.180412, 895.840206, 557.778351, 906.396907, 
            563.056701, 911.675258, 567.015464, 914.314433, 
            568.335052, 915.634021, 569.654639, 920.912371, 
            572.293814, 932.788660, 584.170103, 942.025773, 
            596.046392, 949.943299, 606.603093, 952.582474, 
            610.561856, 955.221649, 614.520619, 959.180412, 
            623.757732, 965.778351, 630.355670, 975.015464, 
            640.912371, 978.974227, 647.510309, 980.293814, 
            652.788660, 982.932990, 659.386598, 984.252577, 
            667.304124, 984.252577, 671.262887, 985.572165, 
            673.902062, 985.572165, 676.541237, 986.891753, 
            679.180412, 986.891753, 685.778351, 989.530928, 
            692.376289, 990.850515, 693.695876, 990.850515, 
            695.015464, 992.170103, 696.335052, 993.489691, 
            697.654639, 994.809278, 702.932990, 994.809278, 
            705.572165, 996.128866, 710.850515, 996.128866, 
            713.489691, -1.000000, -1.000000, 686.025773, 
            353.242268, 686.025773, 362.479381, 686.025773, 
            367.757732, 686.025773, 370.396907, 683.386598, 
            373.036082, 679.427835, 374.355670, 674.149485, 
            375.675258, 666.231959, 375.675258, 663.592784, 
            375.675258, 656.994845, 375.675258, 650.396907, 
            375.675258, 647.757732, 375.675258, 646.438144, 
            376.994845, 643.798969, 378.314433, 642.479381, 
            379.634021, 637.201031, 386.231959, 637.201031, 
            387.551546, 635.881443, 387.551546, 635.881443, 
            388.871134, 635.881443, 391.510309, 635.881443, 
            394.149485, 638.520619, 403.386598, 639.840206, 
            404.706186, 646.438144, 409.984536, 647.757732, 
            413.943299, 651.716495, 416.582474, 656.994845, 
            419.221649, 659.634021, 420.541237, 663.592784, 
            423.180412, 664.912371, 423.180412, 668.871134, 
            427.139175, 671.510309, 429.778351, 672.829897, 
            431.097938, 676.788660, 435.056701, 683.386598, 
            437.695876, 689.984536, 439.015464, 695.262887, 
            439.015464, 701.860825, 442.974227, 705.819588, 
            445.613402, 707.139175, 445.613402, 711.097938, 
            445.613402, 715.056701, 445.613402, 717.695876, 
            445.613402, 720.335052, 445.613402, 724.293814, 
            445.613402, 729.572165, 442.974227, 733.530928, 
            441.654639, 738.809278, 440.335052, 738.809278, 
            439.015464, 740.128866, 437.695876, 741.448454, 
            437.695876, 742.768041, 436.376289, 745.407216, 
            433.737113, 748.046392, 429.778351, 750.685567, 
            427.139175, 752.005155, 425.819588, 753.324742, 
            424.500000, 753.324742, 421.860825, 755.963918, 
            420.541237, 755.963918, 417.902062, 757.283505, 
            415.262887, 757.283505, 408.664948, 757.283505, 
            403.386598, 757.283505, 402.067010, 757.283505, 
            399.427835, 757.283505, 392.829897, 750.685567, 
            382.273196, 745.407216, 374.355670, 737.489691, 
            369.077320, 736.170103, 366.438144, 734.850515, 
            363.798969, 733.530928, 363.798969, 730.891753, 
            361.159794, 729.572165, 359.840206, 726.932990, 
            359.840206, 717.695876, 353.242268, 716.376289, 
            351.922680, 715.056701, 351.922680, 713.737113, 
            351.922680, -1.000000, -1.000000, 511.840206, 
            359.840206, 511.840206, 365.118557, 511.840206, 
            376.994845, 513.159794, 387.551546, 514.479381, 
            390.190722, 514.479381, 392.829897, 514.479381, 
            395.469072, 518.438144, 399.427835, 519.757732, 
            400.747423, 521.077320, 402.067010, 523.716495, 
            404.706186, 528.994845, 409.984536, 535.592784, 
            413.943299, 544.829897, 416.582474, 546.149485, 
            416.582474, 551.427835, 417.902062, 556.706186, 
            417.902062, 563.304124, 419.221649, 568.582474, 
            420.541237, 571.221649, 421.860825, 573.860825, 
            421.860825, 575.180412, 421.860825, 576.500000, 
            421.860825, 579.139175, 421.860825, 580.458763, 
            421.860825, 585.737113, 421.860825, 589.695876, 
            421.860825, 600.252577, 420.541237, 602.891753, 
            420.541237, 604.211340, 419.221649, 606.850515, 
            417.902062, 613.448454, 413.943299, 613.448454, 
            412.623711, 617.407216, 411.304124, 621.365979, 
            408.664948, 626.644330, 404.706186, 635.881443, 
            395.469072, 638.520619, 392.829897, 638.520619, 
            391.510309, 638.520619, 390.190722, 638.520619, 
            388.871134, 637.201031, 387.551546, 635.881443, 
            386.231959, 633.242268, 383.592784, 631.922680, 
            382.273196, 631.922680, 380.953608, 630.603093, 
            380.953608, 622.685567, 378.314433, 617.407216, 
            375.675258, 613.448454, 375.675258, 606.850515, 
            374.355670, 602.891753, 374.355670, 598.932990, 
            374.355670, 593.654639, 374.355670, 579.139175, 
            371.716495, 571.221649, 366.438144, 565.943299, 
            363.798969, 563.304124, 361.159794, 560.664948, 
            358.520619, 555.386598, 354.561856, 551.427835, 
            350.603093, 550.108247, 346.644330, 551.427835, 
            344.005155, 554.067010, 344.005155, 564.623711, 
            344.005155, 572.541237, 344.005155, 575.180412, 
            346.644330, 579.139175, 346.644330, 584.417526, 
            346.644330, 587.056701, 346.644330, 600.252577, 
            347.963918, 602.891753, 347.963918, 604.211340, 
            344.005155, 604.211340, 341.365979, 604.211340, 
            338.726804, 605.530928, 337.407216, 591.015464, 
            332.128866, 584.417526, 330.809278, 572.541237, 
            328.170103, 567.262887, 325.530928, 554.067010, 
            324.211340, 550.108247, 324.211340, 547.469072, 
            325.530928, 547.469072, 326.850515, 546.149485, 
            326.850515]
