%YAML:1.0
    mask: !!opencv-matrix
        rows: 1175
        cols: 2
        dt: f
        data: [ 207.694245, 656.199440, 207.694245, 
            655.176259, 207.694245, 654.153078, 208.717426, 
            652.106715, 210.763789, 651.083533, 211.786970, 
            649.037170, 214.856515, 648.013989, 215.879696, 
            644.944444, 217.926059, 641.874900, 218.949241, 
            640.851719, 218.949241, 639.828537, 219.972422, 
            638.805356, 220.995604, 637.782174, 220.995604, 
            635.735811, 223.041966, 633.689448, 223.041966, 
            632.666267, 223.041966, 631.643086, 224.065148, 
            629.596723, 225.088329, 628.573541, 226.111511, 
            627.550360, 227.134692, 624.480815, 227.134692, 
            622.434452, 228.157874, 620.388090, 229.181055, 
            617.318545, 230.204237, 615.272182, 231.227418, 
            614.249001, 232.250600, 612.202638, 233.273781, 
            611.179456, 233.273781, 609.133094, 234.296962, 
            608.109912, 235.320144, 608.109912, 236.343325, 
            605.040368, 237.366507, 602.994005, 238.389688, 
            601.970823, 239.412870, 600.947642, 240.436051, 
            598.901279, 241.459233, 596.854916, 242.482414, 
            594.808553, 243.505596, 592.762190, 243.505596, 
            591.739009, 245.551958, 589.692646, 246.575140, 
            588.669464, 246.575140, 587.646283, 247.598321, 
            585.599920, 248.621503, 584.576739, 249.644684, 
            583.553557, 250.667866, 581.507194, 251.691047, 
            580.484013, 253.737410, 580.484013, 253.737410, 
            578.437650, 253.737410, 577.414468, 254.760592, 
            575.368106, 256.806954, 573.321743, 257.830136, 
            572.298561, 257.830136, 570.252198, 259.876499, 
            569.229017, 259.876499, 568.205835, 259.876499, 
            567.182654, 260.899680, 566.159472, 260.899680, 
            565.136291, 261.922862, 564.113110, 261.922862, 
            563.089928, 262.946043, 562.066747, 263.969225, 
            560.020384, 264.992406, 560.020384, 266.015588, 
            556.950839, 267.038769, 555.927658, 268.061950, 
            553.881295, 269.085132, 552.858114, 270.108313, 
            549.788569, 271.131495, 548.765388, 272.154676, 
            546.719025, 273.177858, 545.695843, 274.201039, 
            545.695843, 275.224221, 543.649480, 276.247402, 
            541.603118, 278.293765, 539.556755, 279.316946, 
            538.533573, 279.316946, 537.510392, 281.363309, 
            535.464029, 282.386491, 534.440847, 284.432854, 
            532.394484, 285.456035, 531.371303, 287.502398, 
            529.324940, 288.525580, 528.301759, 290.571942, 
            527.278577, 291.595124, 526.255396, 293.641487, 
            524.209033, 295.687850, 522.162670, 296.711031, 
            521.139488, 297.734213, 520.116307, 298.757394, 
            518.069944, 300.803757, 516.023581, 301.826938, 
            515.000400, 303.873301, 512.954037, 304.896483, 
            511.930855, 305.919664, 510.907674, 306.942846, 
            510.907674, 307.966027, 509.884492, 308.989209, 
            508.861311, 311.035572, 507.838129, 312.058753, 
            506.814948, 313.081934, 506.814948, 313.081934, 
            505.791767, 314.105116, 505.791767, 316.151479, 
            503.745404, 318.197842, 502.722222, 320.244205, 
            500.675859, 323.313749, 498.629496, 324.336930, 
            498.629496, 326.383293, 496.583133, 328.429656, 
            496.583133, 329.452838, 496.583133, 330.476019, 
            495.559952, 332.522382, 494.536771, 333.545564, 
            494.536771, 334.568745, 493.513589, 335.591926, 
            492.490408, 336.615108, 492.490408, 338.661471, 
            491.467226, 339.684652, 491.467226, 342.754197, 
            489.420863, 344.800560, 489.420863, 347.870104, 
            488.397682, 348.893285, 487.374500, 350.939648, 
            487.374500, 354.009193, 486.351319, 358.101918, 
            486.351319, 360.148281, 486.351319, 361.171463, 
            485.328137, 365.264189, 483.281775, 366.287370, 
            483.281775, 367.310552, 483.281775, 372.426459, 
            480.212230, 378.565548, 477.142686, 380.611910, 
            475.096323, 383.681455, 474.073141, 385.727818, 
            473.049960, 386.750999, 472.026779, 388.797362, 
            472.026779, 389.820544, 469.980416, 391.866906, 
            469.980416, 392.890088, 469.980416, 393.913269, 
            468.957234, 395.959632, 468.957234, 399.029177, 
            467.934053, 401.075540, 467.934053, 403.121902, 
            467.934053, 405.168265, 465.887690, 406.191447, 
            465.887690, 409.260991, 465.887690, 410.284173, 
            465.887690, 411.307354, 465.887690, 412.330536, 
            464.864508, 413.353717, 464.864508, 414.376898, 
            464.864508, 415.400080, 464.864508, 416.423261, 
            464.864508, 417.446443, 464.864508, 419.492806, 
            464.864508, 420.515987, 464.864508, 421.539169, 
            464.864508, 422.562350, 465.887690, 423.585532, 
            465.887690, 425.631894, 466.910871, 427.678257, 
            467.934053, 428.701439, 467.934053, 429.724620, 
            469.980416, 432.794165, 472.026779, 434.840528, 
            473.049960, 435.863709, 474.073141, 438.933253, 
            475.096323, 440.979616, 477.142686, 442.002798, 
            478.165867, 444.049161, 479.189049, 446.095524, 
            481.235412, 447.118705, 482.258593, 449.165068, 
            483.281775, 451.211431, 484.304956, 452.234612, 
            485.328137, 454.280975, 486.351319, 455.304157, 
            487.374500, 457.350520, 488.397682, 458.373701, 
            489.420863, 459.396882, 490.444045, 462.466427, 
            492.490408, 464.512790, 493.513589, 466.559153, 
            494.536771, 468.605516, 496.583133, 469.628697, 
            497.606315, 471.675060, 499.652678, 472.698241, 
            500.675859, 473.721423, 501.699041, 474.744604, 
            502.722222, 475.767786, 503.745404, 476.790967, 
            505.791767, 477.814149, 506.814948, 477.814149, 
            507.838129, 477.814149, 508.861311, 477.814149, 
            509.884492, 477.814149, 510.907674, 477.814149, 
            511.930855, 477.814149, 512.954037, 476.790967, 
            512.954037, 475.767786, 513.977218, 474.744604, 
            513.977218, 473.721423, 515.000400, 472.698241, 
            516.023581, 471.675060, 516.023581, 470.651878, 
            516.023581, 469.628697, 517.046763, 468.605516, 
            517.046763, 466.559153, 518.069944, 465.535971, 
            518.069944, 464.512790, 518.069944, 463.489608, 
            519.093125, 463.489608, 520.116307, 462.466427, 
            520.116307, 462.466427, 521.139488, 462.466427, 
            523.185851, 462.466427, 524.209033, 462.466427, 
            525.232214, 462.466427, 526.255396, 462.466427, 
            527.278577, 462.466427, 528.301759, 462.466427, 
            529.324940, 462.466427, 530.348122, 462.466427, 
            531.371303, 461.443245, 531.371303, 460.420064, 
            532.394484, 459.396882, 532.394484, 459.396882, 
            533.417666, 457.350520, 534.440847, 456.327338, 
            534.440847, 455.304157, 534.440847, 453.257794, 
            535.464029, 450.188249, 535.464029, 448.141886, 
            535.464029, 445.072342, 535.464029, 443.025979, 
            535.464029, 440.979616, 533.417666, 438.933253, 
            533.417666, 436.886890, 532.394484, 435.863709, 
            531.371303, 433.817346, 531.371303, 432.794165, 
            530.348122, 431.770983, 530.348122, 431.770983, 
            529.324940, 430.747802, 529.324940, 429.724620, 
            529.324940, 428.701439, 529.324940, 428.701439, 
            528.301759, 426.655076, 528.301759, 425.631894, 
            528.301759, 424.608713, 528.301759, 424.608713, 
            529.324940, 424.608713, 530.348122, 424.608713, 
