%YAML:1.0
    mask: !!opencv-matrix
        rows: 347
        cols: 2
        dt: f
        data: [ -1.000000, -1.000000, -1.000000, 
            -1.000000, 753.324742, 334.768041, 748.046392, 
            338.726804, 746.726804, 340.046392, 742.768041, 
            341.365979, 737.489691, 345.324742, 734.850515, 
            346.644330, 725.613402, 350.603093, 724.293814, 
            351.922680, 719.015464, 353.242268, 717.695876, 
            353.242268, 716.376289, 353.242268, 715.056701, 
            353.242268, 711.097938, 354.561856, 705.819588, 
            357.201031, 703.180412, 358.520619, 700.541237, 
            359.840206, 699.221649, 361.159794, 695.262887, 
            363.798969, 693.943299, 365.118557, 688.664948, 
            370.396907, 687.345361, 371.716495, 686.025773, 
            374.355670, 684.706186, 376.994845, 680.747423, 
            382.273196, 678.108247, 386.231959, 676.788660, 
            387.551546, 676.788660, 388.871134, 676.788660, 
            387.551546, 680.747423, 387.551546, 684.706186, 
            386.231959, 691.304124, 384.912371, 697.902062, 
            383.592784, 699.221649, 383.592784, 701.860825, 
            383.592784, 703.180412, 383.592784, 704.500000, 
            383.592784, 711.097938, 382.273196, 712.417526, 
            382.273196, 715.056701, 382.273196, 716.376289, 
            382.273196, 717.695876, 382.273196, 720.335052, 
            382.273196, 721.654639, 382.273196, 721.654639, 
            383.592784, 722.974227, 384.912371, 722.974227, 
            386.231959, 722.974227, 387.551546, 722.974227, 
            388.871134, 719.015464, 390.190722, 716.376289, 
            390.190722, 712.417526, 392.829897, 712.417526, 
            394.149485, 711.097938, 395.469072, 709.778351, 
            395.469072, 708.458763, 396.788660, 707.139175, 
            399.427835, 703.180412, 400.747423, 696.582474, 
            406.025773, 695.262887, 407.345361, 693.943299, 
            408.664948, 689.984536, 409.984536, 688.664948, 
            409.984536, 686.025773, 411.304124, 682.067010, 
            413.943299, 676.788660, 415.262887, 675.469072, 
            415.262887, 674.149485, 416.582474, 672.829897, 
            416.582474, 667.551546, 416.582474, 666.231959, 
            416.582474, 658.314433, 419.221649, 656.994845, 
            419.221649, 654.355670, 419.221649, 651.716495, 
            420.541237, 650.396907, 420.541237, 649.077320, 
            420.541237, 645.118557, 420.541237, 643.798969, 
            420.541237, 641.159794, 421.860825, 639.840206, 
            421.860825, 638.520619, 421.860825, 637.201031, 
            421.860825, 635.881443, 423.180412, 630.603093, 
            424.500000, 624.005155, 427.139175, 620.046392, 
            429.778351, 620.046392, 431.097938, 620.046392, 
            432.417526, 621.365979, 432.417526, 622.685567, 
            432.417526, 624.005155, 432.417526, 627.963918, 
            436.376289, 629.283505, 436.376289, 630.603093, 
            437.695876, 631.922680, 437.695876, 633.242268, 
            439.015464, 635.881443, 440.335052, 637.201031, 
            440.335052, 638.520619, 441.654639, 639.840206, 
            442.974227, 643.798969, 444.293814, 646.438144, 
            445.613402, 649.077320, 446.932990, 651.716495, 
            446.932990, 656.994845, 448.252577, 662.273196, 
            449.572165, 674.149485, 450.891753, 676.788660, 
            452.211340, 678.108247, 452.211340, 679.427835, 
            452.211340, 680.747423, 452.211340, 682.067010, 
            452.211340, 687.345361, 452.211340, 689.984536, 
            452.211340, 695.262887, 452.211340, 700.541237, 
            452.211340, 711.097938, 452.211340, 713.737113, 
            450.891753, 721.654639, 450.891753, 722.974227, 
            449.572165, 726.932990, 449.572165, 728.252577, 
            449.572165, 730.891753, 448.252577, 733.530928, 
            446.932990, 734.850515, 445.613402, 742.768041, 
            441.654639, 744.087629, 440.335052, 745.407216, 
            440.335052, 750.685567, 436.376289, 752.005155, 
            435.056701, 753.324742, 435.056701, 753.324742, 
            433.737113, 754.644330, 432.417526, 757.283505, 
            429.778351, 757.283505, 428.458763, 761.242268, 
            423.180412, 762.561856, 421.860825, 763.881443, 
            417.902062, 766.520619, 412.623711, 769.159794, 
            408.664948, 771.798969, 404.706186, 774.438144, 
            399.427835, 778.396907, 395.469072, 782.355670, 
            390.190722, 783.675258, 388.871134, 784.994845, 
            387.551546, 787.634021, 378.314433, 788.953608, 
            375.675258, 790.273196, 374.355670, 791.592784, 
            369.077320, 791.592784, 367.757732, 792.912371, 
            367.757732, 792.912371, 366.438144, 792.912371, 
            365.118557, 792.912371, 363.798969, 794.231959, 
            363.798969, 794.231959, 361.159794, -1.000000, 
            -1.000000, 484.128866, 320.252577, 484.128866, 
            325.530928, 482.809278, 330.809278, 480.170103, 
            337.407216, 478.850515, 340.046392, 476.211340, 
            345.324742, 473.572165, 347.963918, 470.932990, 
            350.603093, 470.932990, 351.922680, 469.613402, 
            355.881443, 469.613402, 357.201031, 468.293814, 
            358.520619, 465.654639, 362.479381, 465.654639, 
            365.118557, 465.654639, 367.757732, 465.654639, 
            370.396907, 465.654639, 378.314433, 465.654639, 
            387.551546, 465.654639, 390.190722, 465.654639, 
            391.510309, 465.654639, 392.829897, 465.654639, 
            394.149485, 468.293814, 406.025773, 469.613402, 
            408.664948, 470.932990, 411.304124, 472.252577, 
            413.943299, 473.572165, 416.582474, 476.211340, 
            420.541237, 476.211340, 421.860825, 478.850515, 
            424.500000, 480.170103, 427.139175, 482.809278, 
            431.097938, 485.448454, 435.056701, 486.768041, 
            437.695876, 489.407216, 439.015464, 489.407216, 
            440.335052, 490.726804, 440.335052, 490.726804, 
            441.654639, 492.046392, 444.293814, 493.365979, 
            444.293814, 494.685567, 445.613402, 496.005155, 
            445.613402, 498.644330, 448.252577, 507.881443, 
            450.891753, 511.840206, 450.891753, 513.159794, 
            452.211340, 515.798969, 452.211340, 517.118557, 
            452.211340, 521.077320, 452.211340, 522.396907, 
            453.530928, 523.716495, 453.530928, 527.675258, 
            453.530928, 532.953608, 453.530928, 536.912371, 
            453.530928, 539.551546, 453.530928, 540.871134, 
            452.211340, 543.510309, 452.211340, 544.829897, 
            452.211340, 544.829897, 450.891753, 547.469072, 
            449.572165, 551.427835, 449.572165, 554.067010, 
            448.252577, 555.386598, 448.252577, 558.025773, 
            445.613402, 559.345361, 444.293814, 560.664948, 
            442.974227, 560.664948, 441.654639, 561.984536, 
            440.335052, 561.984536, 439.015464, 561.984536, 
            437.695876, 563.304124, 437.695876, 563.304124, 
            436.376289, 563.304124, 435.056701, 564.623711, 
            435.056701, 564.623711, 433.737113, 564.623711, 
            432.417526, 564.623711, 431.097938, 564.623711, 
            429.778351, 564.623711, 427.139175, 564.623711, 
            424.500000, 564.623711, 423.180412, 564.623711, 
            419.221649, 564.623711, 417.902062, 564.623711, 
            415.262887, 564.623711, 412.623711, 564.623711, 
            408.664948, 564.623711, 407.345361, 564.623711, 
            406.025773, 563.304124, 404.706186, 561.984536, 
            404.706186, 559.345361, 402.067010, 558.025773, 
            400.747423, 556.706186, 399.427835, 554.067010, 
            399.427835, 547.469072, 396.788660, 546.149485, 
            396.788660, 542.190722, 396.788660, 538.231959, 
            396.788660, 535.592784, 396.788660, 528.994845, 
