%YAML:1.0
    mask: !!opencv-matrix
        rows: 654
        cols: 2
        dt: f
        data: [ 526.355670, 718.768041, 523.716495, 
            713.489691, 522.396907, 710.850515, 521.077320, 
            708.211340, 519.757732, 706.891753, 517.118557, 
            705.572165, 513.159794, 701.613402, 510.520619, 
            700.293814, 509.201031, 698.974227, 506.561856, 
            697.654639, 502.603093, 696.335052, 497.324742, 
            693.695876, 492.046392, 692.376289, 482.809278, 
            689.737113, 470.932990, 688.417526, 465.654639, 
            688.417526, 464.335052, 688.417526, 463.015464, 
            688.417526, 459.056701, 688.417526, 453.778351, 
            688.417526, 448.500000, 688.417526, 444.541237, 
            688.417526, 437.943299, 688.417526, 436.623711, 
            688.417526, 435.304124, 688.417526, 433.984536, 
            688.417526, 432.664948, 688.417526, 426.067010, 
            687.097938, 422.108247, 685.778351, 420.788660, 
            685.778351, 418.149485, 684.458763, 416.829897, 
            683.139175, 412.871134, 679.180412, 406.273196, 
            675.221649, 404.953608, 675.221649, 402.314433, 
            673.902062, 398.355670, 673.902062, 398.355670, 
            672.582474, 397.036082, 669.943299, 397.036082, 
            668.623711, 399.675258, 664.664948, 403.634021, 
            656.747423, 407.592784, 650.149485, 408.912371, 
            647.510309, 411.551546, 644.871134, 414.190722, 
            639.592784, 418.149485, 634.314433, 419.469072, 
            630.355670, 422.108247, 622.438144, 423.427835, 
            621.118557, 423.427835, 618.479381, 428.706186, 
            609.242268, 433.984536, 602.644330, 437.943299, 
            596.046392, 440.582474, 593.407216, 443.221649, 
            590.768041, 447.180412, 586.809278, 449.819588, 
            585.489691, 452.458763, 584.170103, 456.417526, 
            582.850515, 457.737113, 581.530928, 466.974227, 
            578.891753, 468.293814, 577.572165, 470.932990, 
            577.572165, 480.170103, 574.932990, 484.128866, 
            573.613402, 486.768041, 573.613402, 489.407216, 
            573.613402, 490.726804, 573.613402, 492.046392, 
            574.932990, 493.365979, 577.572165, 496.005155, 
            581.530928, 497.324742, 581.530928, 502.603093, 
            576.252577, 505.242268, 572.293814, 506.561856, 
            568.335052, 507.881443, 567.015464, 507.881443, 
            565.695876, 509.201031, 561.737113, 509.201031, 
            556.458763, 509.201031, 555.139175, 507.881443, 
            552.500000, 503.922680, 544.582474, 499.963918, 
            537.984536, 493.365979, 531.386598, 489.407216, 
            526.108247, 485.448454, 522.149485, 481.489691, 
            518.190722, 481.489691, 516.871134, 480.170103, 
            516.871134, 478.850515, 512.912371, 476.211340, 
            510.273196, 474.891753, 508.953608, 470.932990, 
            504.994845, 469.613402, 503.675258, 466.974227, 
            501.036082, 464.335052, 498.396907, 463.015464, 
            498.396907, 461.695876, 495.757732, 456.417526, 
            491.798969, 453.778351, 490.479381, 452.458763, 
            490.479381, 447.180412, 490.479381, 435.304124, 
            491.798969, 430.025773, 494.438144, 428.706186, 
            494.438144, 427.386598, 494.438144, 426.067010, 
            494.438144, 424.747423, 494.438144, 420.788660, 
            493.118557, 419.469072, 493.118557, 418.149485, 
            493.118557, 415.510309, 493.118557, 414.190722, 
            493.118557, 412.871134, 493.118557, 408.912371, 
            495.757732, 407.592784, 497.077320, 404.953608, 
            498.396907, 402.314433, 501.036082, 399.675258, 
            502.355670, 389.118557, 508.953608, 387.798969, 
            510.273196, 386.479381, 510.273196, 378.561856, 
            515.551546, 373.283505, 518.190722, 368.005155, 
            520.829897, 361.407216, 524.788660, 354.809278, 
            527.427835, 353.489691, 527.427835, 348.211340, 
            531.386598, 344.252577, 532.706186, 342.932990, 
            534.025773, 338.974227, 536.664948, 336.335052, 
            537.984536, 335.015464, 539.304124, 331.056701, 
            541.943299, 321.819588, 545.902062, 317.860825, 
            548.541237, 305.984536, 553.819588, 294.108247, 
            560.417526, 290.149485, 563.056701, 287.510309, 
            564.376289, 284.871134, 565.695876, 280.912371, 
            568.335052, 278.273196, 569.654639, 270.355670, 
            573.613402, 266.396907, 576.252577, 265.077320, 
            577.572165, 259.798969, 580.211340, 250.561856, 
            586.809278, 247.922680, 588.128866, 243.963918, 
            590.768041, 237.365979, 594.726804, 236.046392, 
            596.046392, 228.128866, 600.005155, 221.530928, 
            603.963918, 218.891753, 606.603093, 220.211340, 
            606.603093, 222.850515, 607.922680, 226.809278, 
            610.561856, 230.768041, 613.201031, 237.365979, 
            617.159794, 240.005155, 619.798969, 246.603093, 
            623.757732, 254.520619, 630.355670, 255.840206, 
            631.675258, 261.118557, 635.634021, 263.757732, 
            639.592784, 266.396907, 642.231959, 267.716495, 
            647.510309, 269.036082, 651.469072, 269.036082, 
            654.108247, 271.675258, 662.025773, 272.994845, 
            667.304124, 274.314433, 673.902062, 274.314433, 
            675.221649, 274.314433, 677.860825, 276.953608, 
            683.139175, 276.953608, 685.778351, 278.273196, 
            689.737113, 278.273196, 691.056701, 279.592784, 
            695.015464, 279.592784, 696.335052, 283.551546, 
            702.932990, 284.871134, 705.572165, 286.190722, 
            708.211340, 287.510309, 709.530928, 288.829897, 
            710.850515, 288.829897, 712.170103, 290.149485, 
            712.170103, 291.469072, 713.489691, 292.788660, 
            713.489691, 292.788660, 714.809278, -1.000000, 
            -1.000000, 534.273196, 713.489691, 531.634021, 
            708.211340, 530.314433, 705.572165, 527.675258, 
            696.335052, 527.675258, 695.015464, 527.675258, 
            692.376289, 526.355670, 687.097938, 525.036082, 
            684.458763, 525.036082, 681.819588, 525.036082, 
            676.541237, 525.036082, 673.902062, 526.355670, 
            671.262887, 527.675258, 667.304124, 528.994845, 
            664.664948, 530.314433, 663.345361, 531.634021, 
            662.025773, 532.953608, 662.025773, 534.273196, 
            662.025773, 538.231959, 662.025773, 547.469072, 
            664.664948, 550.108247, 665.984536, 550.108247, 
            667.304124, 552.747423, 667.304124, 554.067010, 
            668.623711, 555.386598, 668.623711, 556.706186, 
            668.623711, 558.025773, 668.623711, 559.345361, 
            668.623711, 560.664948, 668.623711, 561.984536, 
            667.304124, 563.304124, 664.664948, 564.623711, 
            658.067010, 565.943299, 655.427835, 567.262887, 
            646.190722, 567.262887, 642.231959, 568.582474, 
            636.953608, 568.582474, 634.314433, 569.902062, 
            631.675258, 568.582474, 627.716495, 568.582474, 
            626.396907, 568.582474, 621.118557, 568.582474, 
            619.798969, 568.582474, 618.479381, 568.582474, 
            613.201031, 567.262887, 609.242268, 567.262887, 
            606.603093, 565.943299, 601.324742, 565.943299, 
            597.365979, 563.304124, 592.087629, 561.984536, 
            590.768041, 556.706186, 585.489691, 547.469072, 
            580.211340, 538.231959, 577.572165, 535.592784, 
            577.572165, 534.273196, 577.572165, 532.953608, 
            574.932990, 532.953608, 572.293814, 532.953608, 
            568.335052, 535.592784, 564.376289, 534.273196, 
            564.376289, 530.314433, 564.376289, 526.355670, 
            564.376289, 522.396907, 564.376289, 521.077320, 
