%YAML:1.0
    mask: !!opencv-matrix
        rows: 260
        cols: 2
        dt: f
        data: [ -1.000000, -1.000000, 737.489691, 
            458.809278, 729.572165, 458.809278, 725.613402, 
            458.809278, 724.293814, 458.809278, 720.335052, 
            458.809278, 719.015464, 458.809278, 716.376289, 
            457.489691, 715.056701, 456.170103, 713.737113, 
            456.170103, 713.737113, 454.850515, 711.097938, 
            452.211340, 708.458763, 449.572165, 704.500000, 
            446.932990, 703.180412, 445.613402, 697.902062, 
            442.974227, 695.262887, 442.974227, 693.943299, 
            441.654639, 687.345361, 441.654639, 686.025773, 
            441.654639, 683.386598, 437.695876, 682.067010, 
            435.056701, 680.747423, 433.737113, 679.427835, 
            432.417526, 678.108247, 428.458763, 678.108247, 
            427.139175, 676.788660, 423.180412, 676.788660, 
            419.221649, 676.788660, 412.623711, 676.788660, 
            398.108247, 676.788660, 371.716495, 676.788660, 
            370.396907, 676.788660, 359.840206, 676.788660, 
            347.963918, 676.788660, 345.324742, 678.108247, 
            341.365979, 679.427835, 338.726804, 679.427835, 
            337.407216, 680.747423, 334.768041, 682.067010, 
            332.128866, 684.706186, 326.850515, 686.025773, 
            322.891753, 691.304124, 317.613402, 693.943299, 
            316.293814, 695.262887, 314.974227, 700.541237, 
            314.974227, 705.819588, 314.974227, 709.778351, 
            313.654639, 711.097938, 313.654639, 719.015464, 
            313.654639, 721.654639, 313.654639, 725.613402, 
            313.654639, 726.932990, 313.654639, 728.252577, 
            313.654639, 732.211340, 313.654639, 734.850515, 
            313.654639, 736.170103, 313.654639, 741.448454, 
            313.654639, 744.087629, 313.654639, 746.726804, 
            313.654639, 750.685567, 313.654639, 753.324742, 
            313.654639, 754.644330, 313.654639, 759.922680, 
            313.654639, 761.242268, 313.654639, 763.881443, 
            314.974227, 774.438144, 318.932990, 775.757732, 
            321.572165, 782.355670, 325.530928, 784.994845, 
            328.170103, 792.912371, 333.448454, 798.190722, 
            337.407216, 803.469072, 340.046392, 808.747423, 
            342.685567, 811.386598, 344.005155, 812.706186, 
            345.324742, 814.025773, 345.324742, 819.304124, 
            347.963918, 823.262887, 349.283505, 824.582474, 
            350.603093, 823.262887, 350.603093, 814.025773, 
            350.603093, 803.469072, 350.603093, 799.510309, 
            350.603093, 794.231959, 351.922680, 791.592784, 
            354.561856, 788.953608, 355.881443, 787.634021, 
            355.881443, 783.675258, 357.201031, 781.036082, 
            358.520619, 779.716495, 359.840206, 774.438144, 
            362.479381, 767.840206, 365.118557, 763.881443, 
            367.757732, 761.242268, 370.396907, 757.283505, 
            373.036082, 752.005155, 382.273196, 749.365979, 
            387.551546, 746.726804, 392.829897, 745.407216, 
            395.469072, 744.087629, 398.108247, 744.087629, 
            402.067010, 741.448454, 409.984536, 741.448454, 
            411.304124, -1.000000, -1.000000, 799.510309, 
            333.448454, 804.788660, 333.448454, 811.386598, 
            336.087629, 817.984536, 341.365979, 823.262887, 
            344.005155, 831.180412, 349.283505, 839.097938, 
            350.603093, 844.376289, 351.922680, 850.974227, 
            354.561856, 853.613402, 355.881443, 857.572165, 
            358.520619, 862.850515, 359.840206, 868.128866, 
            361.159794, 868.128866, 362.479381, 869.448454, 
            362.479381, 872.087629, 363.798969, 880.005155, 
            369.077320, 881.324742, 370.396907, 885.283505, 
            373.036082, 885.283505, 374.355670, 885.283505, 
            373.036082, 887.922680, 366.438144, 890.561856, 
            361.159794, 891.881443, 358.520619, 895.840206, 
            353.242268, 897.159794, 350.603093, 901.118557, 
            347.963918, 902.438144, 345.324742, 902.438144, 
            344.005155, 902.438144, 342.685567, 902.438144, 
            341.365979, 901.118557, 341.365979, 899.798969, 
            340.046392, 897.159794, 338.726804, 891.881443, 
            334.768041, 882.644330, 330.809278, 878.685567, 
            328.170103, 874.726804, 326.850515, 866.809278, 
            321.572165, 865.489691, 321.572165, 862.850515, 
            320.252577, 860.211340, 318.932990, 854.932990, 
            316.293814, 853.613402, 314.974227, 850.974227, 
            314.974227, 844.376289, 314.974227, 836.458763, 
            314.974227, 832.500000, 314.974227, 828.541237, 
            317.613402, 825.902062, 318.932990, 821.943299, 
            320.252577, 810.067010, 325.530928, -1.000000, 
            -1.000000, 572.541237, 206.768041, 567.262887, 
            210.726804, 564.623711, 216.005155, 558.025773, 
            221.283505, 555.386598, 227.881443, 552.747423, 
            230.520619, 550.108247, 233.159794, 548.788660, 
            234.479381, 547.469072, 238.438144, 546.149485, 
            239.757732, 546.149485, 242.396907, 544.829897, 
            243.716495, 544.829897, 247.675258, 544.829897, 
            248.994845, 543.510309, 252.953608, 543.510309, 
            254.273196, 543.510309, 259.551546, 543.510309, 
            260.871134, 543.510309, 264.829897, 544.829897, 
            270.108247, 546.149485, 274.067010, 547.469072, 
            278.025773, 547.469072, 279.345361, 550.108247, 
            285.943299, 551.427835, 287.262887, 552.747423, 
            288.582474, 555.386598, 292.541237, 555.386598, 
            293.860825, 555.386598, 295.180412, 559.345361, 
            295.180412, 560.664948, 296.500000, 563.304124, 
            296.500000, 564.623711, 296.500000, 567.262887, 
            296.500000, 568.582474, 296.500000, 572.541237, 
            296.500000, 579.139175, 296.500000, 580.458763, 
            296.500000, 585.737113, 296.500000, 592.335052, 
            296.500000, 597.613402, 295.180412, 604.211340, 
            293.860825, 614.768041, 293.860825, 617.407216, 
            292.541237, 620.046392, 292.541237, 622.685567, 
            292.541237, 637.201031, 291.221649, 639.840206, 
            291.221649, 649.077320, 289.902062, 656.994845, 
            288.582474, 666.231959, 284.623711, 667.551546, 
            284.623711, 670.190722, 281.984536, 672.829897, 
            280.664948, 672.829897, 279.345361, 676.788660, 
            278.025773, 679.427835, 276.706186, 680.747423, 
            275.386598, 682.067010, 272.747423, 684.706186, 
            268.788660, 687.345361, 266.149485, 689.984536, 
            264.829897, 691.304124, 263.510309, 693.943299, 
            260.871134, 696.582474, 259.551546, 701.860825, 
            256.912371, 701.860825, 255.592784, 701.860825, 
            254.273196, 701.860825, 252.953608, 701.860825, 
            251.634021, 700.541237, 246.355670, 697.902062, 
            242.396907, 691.304124, 233.159794, 689.984536, 
            230.520619, 689.984536, 229.201031, 686.025773, 
            225.242268, 682.067010, 221.283505, 678.108247, 
            216.005155, 672.829897, 210.726804, 668.871134, 
            205.448454, 666.231959, 202.809278, 663.592784, 
            200.170103, 660.953608, 198.850515, 655.675258, 
            194.891753, 653.036082, 193.572165, 650.396907, 
            193.572165, 649.077320, 192.252577, 645.118557, 
            190.932990, 642.479381, 189.613402, 639.840206, 
            189.613402, 635.881443, 188.293814, 627.963918, 
            188.293814, 624.005155, 186.974227, 622.685567, 
            186.974227, 617.407216, 185.654639, 614.768041, 
            184.335052, 613.448454, 184.335052, 610.809278, 
            184.335052, 609.489691, 184.335052, 608.170103, 
            184.335052, 606.850515, 184.335052, 604.211340, 
