%YAML:1.0
    mask: !!opencv-matrix
        rows: 1505
        cols: 2
        dt: f
        data: [ -1.000000, -1.000000, 903.627962, 
            681.258294, 903.627962, 679.741706, 903.627962, 
            678.225118, 902.111374, 676.708531, 900.594787, 
            676.708531, 900.594787, 675.191943, 900.594787, 
            673.675355, 900.594787, 672.158768, 899.078199, 
            670.642180, 897.561611, 669.125592, 896.045024, 
            667.609005, 896.045024, 666.092417, 896.045024, 
            664.575829, 893.011848, 664.575829, 893.011848, 
            663.059242, 891.495261, 663.059242, 889.978673, 
            661.542654, 888.462085, 661.542654, 888.462085, 
            660.026066, 886.945498, 658.509479, 883.912322, 
            656.992891, 882.395735, 656.992891, 880.879147, 
            656.992891, 879.362559, 655.476303, 879.362559, 
            653.959716, 879.362559, 652.443128, 876.329384, 
            652.443128, 874.812796, 652.443128, 874.812796, 
            650.926540, 873.296209, 650.926540, 873.296209, 
            649.409953, 873.296209, 647.893365, 871.779621, 
            647.893365, 871.779621, 646.376777, 868.746445, 
            646.376777, 867.229858, 644.860190, 867.229858, 
            643.343602, 865.713270, 643.343602, 864.196682, 
            643.343602, 864.196682, 641.827014, 862.680095, 
            640.310427, 861.163507, 638.793839, 859.646919, 
            638.793839, 859.646919, 637.277251, 858.130332, 
            635.760664, 856.613744, 635.760664, 856.613744, 
            634.244076, 855.097156, 634.244076, 853.580569, 
            634.244076, 852.063981, 634.244076, 850.547393, 
            634.244076, 850.547393, 632.727488, 849.030806, 
            632.727488, 849.030806, 631.210900, 847.514218, 
            629.694313, 845.997630, 629.694313, 844.481043, 
            629.694313, 842.964455, 628.177725, 841.447867, 
            628.177725, 841.447867, 626.661137, 839.931280, 
            626.661137, 839.931280, 625.144550, 838.414692, 
            625.144550, 836.898104, 625.144550, 836.898104, 
            623.627962, 835.381517, 623.627962, 833.864929, 
            623.627962, 832.348341, 623.627962, 830.831754, 
            623.627962, 829.315166, 623.627962, 827.798578, 
            623.627962, 826.281991, 623.627962, 824.765403, 
            623.627962, 821.732227, 623.627962, 820.215640, 
            623.627962, 818.699052, 623.627962, 817.182464, 
            623.627962, 817.182464, 622.111374, 815.665877, 
            622.111374, 814.149289, 622.111374, 812.632701, 
            622.111374, 812.632701, 620.594787, 811.116114, 
            620.594787, 811.116114, 619.078199, 809.599526, 
            619.078199, 808.082938, 617.561611, 808.082938, 
            616.045024, 806.566351, 616.045024, 806.566351, 
            614.528436, 806.566351, 613.011848, 805.049763, 
            613.011848, 805.049763, 611.495261, 805.049763, 
            608.462085, 803.533175, 608.462085, 802.016588, 
            605.428910, 800.500000, 605.428910, 798.983412, 
            603.912322, 797.466825, 602.395735, 795.950237, 
            602.395735, 795.950237, 600.879147, 795.950237, 
            599.362559, 794.433649, 599.362559, 792.917062, 
            599.362559, 791.400474, 599.362559, 791.400474, 
            597.845972, 789.883886, 596.329384, 788.367299, 
            594.812796, 788.367299, 593.296209, 786.850711, 
            593.296209, 785.334123, 593.296209, 785.334123, 
            591.779621, 783.817536, 591.779621, 783.817536, 
            590.263033, 782.300948, 588.746445, 782.300948, 
            587.229858, 780.784360, 587.229858, 780.784360, 
            585.713270, 780.784360, 584.196682, 779.267773, 
            584.196682, 777.751185, 582.680095, 776.234597, 
            581.163507, 776.234597, 579.646919, 776.234597, 
            578.130332, 774.718009, 576.613744, 773.201422, 
            576.613744, 771.684834, 576.613744, 770.168246, 
            576.613744, 768.651659, 575.097156, 767.135071, 
            573.580569, 767.135071, 572.063981, 765.618483, 
            572.063981, 764.101896, 572.063981, 762.585308, 
            572.063981, 762.585308, 570.547393, 761.068720, 
            570.547393, 759.552133, 569.030806, 758.035545, 
            569.030806, 758.035545, 567.514218, 756.518957, 
            565.997630, 756.518957, 564.481043, 753.485782, 
            562.964455, 751.969194, 561.447867, 750.452607, 
            561.447867, 748.936019, 559.931280, 747.419431, 
            559.931280, 745.902844, 559.931280, 745.902844, 
            556.898104, 744.386256, 556.898104, 744.386256, 
            555.381517, 742.869668, 553.864929, 741.353081, 
            553.864929, 741.353081, 552.348341, 741.353081, 
            550.831754, 739.836493, 549.315166, 738.319905, 
            549.315166, 738.319905, 547.798578, 738.319905, 
            546.281991, 736.803318, 546.281991, 735.286730, 
            544.765403, 733.770142, 544.765403, 733.770142, 
            543.248815, 732.253555, 543.248815, 732.253555, 
            541.732227, 732.253555, 540.215640, 730.736967, 
            540.215640, 730.736967, 538.699052, 729.220379, 
            538.699052, 727.703791, 538.699052, 727.703791, 
            537.182464, 726.187204, 535.665877, 724.670616, 
            535.665877, 723.154028, 535.665877, 723.154028, 
            534.149289, 723.154028, 532.632701, 723.154028, 
            531.116114, 721.637441, 531.116114, 721.637441, 
            529.599526, 720.120853, 529.599526, 720.120853, 
            528.082938, 720.120853, 526.566351, 720.120853, 
            525.049763, 720.120853, 523.533175, 718.604265, 
            523.533175, 718.604265, 522.016588, 717.087678, 
            520.500000, 717.087678, 518.983412, 715.571090, 
            518.983412, 715.571090, 515.950237, 715.571090, 
            514.433649, 715.571090, 511.400474, 714.054502, 
            511.400474, 714.054502, 508.367299, 714.054502, 
            506.850711, 712.537915, 506.850711, 712.537915, 
            505.334123, 712.537915, 503.817536, 712.537915, 
            502.300948, 712.537915, 500.784360, 712.537915, 
            499.267773, 712.537915, 497.751185, 712.537915, 
            496.234597, 712.537915, 494.718009, 712.537915, 
            493.201422, 712.537915, 491.684834, 712.537915, 
            490.168246, 712.537915, 488.651659, 712.537915, 
            487.135071, 712.537915, 485.618483, 711.021327, 
            484.101896, 711.021327, 482.585308, 711.021327, 
            481.068720, 711.021327, 479.552133, 709.504739, 
            479.552133, 709.504739, 478.035545, 709.504739, 
            476.518957, 709.504739, 475.002370, 709.504739, 
            473.485782, 709.504739, 471.969194, 709.504739, 
            470.452607, 707.988152, 470.452607, 707.988152, 
            468.936019, 707.988152, 465.902844, 707.988152, 
            462.869668, 706.471564, 461.353081, 704.954976, 
            459.836493, 704.954976, 458.319905, 703.438389, 
            456.803318, 703.438389, 455.286730, 703.438389, 
            453.770142, 703.438389, 452.253555, 703.438389, 
            450.736967, 703.438389, 449.220379, 703.438389, 
            446.187204, 703.438389, 444.670616, 703.438389, 
            443.154028, 703.438389, 441.637441, 703.438389, 
            440.120853, 703.438389, 438.604265, 703.438389, 
            437.087678, 703.438389, 435.571090, 703.438389, 
            434.054502, 703.438389, 432.537915, 701.921801, 
            431.021327, 701.921801, 429.504739, 701.921801, 
            426.471564, 701.921801, 424.954976, 701.921801, 
            421.921801, 701.921801, 420.405213, 701.921801, 
            418.888626, 701.921801, 417.372038, 701.921801, 
            415.855450, 701.921801, 412.822275, 700.405213, 
            409.789100, 700.405213, 408.272512, 700.405213, 
            406.755924, 700.405213, 405.239336, 700.405213, 
