%YAML:1.0
    mask: !!opencv-matrix
        rows: 900
        cols: 2
        dt: f
        data: [ 42.962030, 717.590328, 42.962030, 
            716.567146, 43.985212, 716.567146, 48.077938, 
            713.497602, 52.170663, 712.474420, 56.263389, 
            709.404876, 59.332934, 707.358513, 61.379297, 
            705.312150, 62.402478, 705.312150, 63.425659, 
            705.312150, 65.472022, 703.265787, 67.518385, 
            702.242606, 67.518385, 701.219424, 70.587930, 
            699.173062, 71.611111, 698.149880, 71.611111, 
            697.126699, 74.680655, 695.080336, 75.703837, 
            693.033973, 76.727018, 692.010791, 78.773381, 
            689.964428, 80.819744, 687.918066, 82.866107, 
            686.894884, 83.889289, 684.848521, 85.935651, 
            683.825340, 87.982014, 680.755795, 89.005196, 
            680.755795, 92.074740, 676.663070, 94.121103, 
            675.639888, 95.144285, 674.616707, 98.213829, 
            671.547162, 99.237010, 669.500799, 101.283373, 
            667.454436, 102.306555, 666.431255, 104.352918, 
            665.408074, 105.376099, 664.384892, 106.399281, 
            662.338529, 108.445643, 661.315348, 108.445643, 
            660.292166, 110.492006, 659.268985, 111.515188, 
            656.199440, 113.561551, 655.176259, 114.584732, 
            654.153078, 115.607914, 652.106715, 117.654277, 
            650.060352, 118.677458, 650.060352, 118.677458, 
            649.037170, 119.700639, 648.013989, 120.723821, 
            648.013989, 121.747002, 646.990807, 122.770184, 
            645.967626, 123.793365, 645.967626, 124.816547, 
            644.944444, 126.862910, 642.898082, 128.909273, 
            641.874900, 129.932454, 640.851719, 130.955635, 
            639.828537, 131.978817, 638.805356, 134.025180, 
            637.782174, 136.071543, 636.758993, 138.117906, 
            634.712630, 139.141087, 634.712630, 141.187450, 
            633.689448, 143.233813, 632.666267, 144.256994, 
            631.643086, 145.280176, 631.643086, 146.303357, 
            631.643086, 148.349720, 631.643086, 149.372902, 
            631.643086, 150.396083, 630.619904, 152.442446, 
            630.619904, 154.488809, 630.619904, 157.558353, 
            630.619904, 160.627898, 630.619904, 163.697442, 
            630.619904, 166.766986, 630.619904, 171.882894, 
            630.619904, 174.952438, 630.619904, 176.998801, 
            630.619904, 179.045164, 630.619904, 181.091527, 
            630.619904, 184.161071, 629.596723, 187.230616, 
            629.596723, 190.300160, 628.573541, 193.369704, 
            628.573541, 196.439249, 628.573541, 198.485612, 
            628.573541, 199.508793, 628.573541, 202.578337, 
            628.573541, 205.647882, 628.573541, 206.671063, 
            628.573541, 209.740608, 627.550360, 211.786970, 
            627.550360, 213.833333, 627.550360, 216.902878, 
            626.527178, 218.949241, 626.527178, 223.041966, 
            626.527178, 225.088329, 625.503997, 228.157874, 
            624.480815, 229.181055, 624.480815, 232.250600, 
            624.480815, 234.296962, 624.480815, 235.320144, 
            624.480815, 238.389688, 624.480815, 240.436051, 
            623.457634, 242.482414, 623.457634, 244.528777, 
            622.434452, 247.598321, 622.434452, 249.644684, 
            622.434452, 250.667866, 622.434452, 252.714229, 
            622.434452, 255.783773, 621.411271, 256.806954, 
            621.411271, 258.853317, 621.411271, 260.899680, 
            620.388090, 261.922862, 620.388090, 264.992406, 
            620.388090, 266.015588, 620.388090, 267.038769, 
            620.388090, 269.085132, 619.364908, 272.154676, 
            619.364908, 273.177858, 618.341727, 274.201039, 
            618.341727, 276.247402, 617.318545, 279.316946, 
            616.295364, 280.340128, 616.295364, 281.363309, 
            616.295364, 284.432854, 615.272182, 286.479217, 
            615.272182, 289.548761, 614.249001, 291.595124, 
            614.249001, 293.641487, 613.225819, 298.757394, 
            613.225819, 299.780576, 613.225819, 301.826938, 
            612.202638, 302.850120, 612.202638, 303.873301, 
            612.202638, 304.896483, 612.202638, 305.919664, 
            612.202638, 306.942846, 612.202638, 307.966027, 
            612.202638, 311.035572, 614.249001, 313.081934, 
            616.295364, 317.174660, 619.364908, 320.244205, 
            620.388090, 324.336930, 623.457634, 327.406475, 
            625.503997, 330.476019, 626.527178, 334.568745, 
            629.596723, 336.615108, 630.619904, 336.615108, 
            631.643086, 339.684652, 633.689448, 340.707834, 
            633.689448, 340.707834, 634.712630, 344.800560, 
            636.758993, 345.823741, 638.805356, 347.870104, 
            639.828537, 348.893285, 640.851719, 350.939648, 
            642.898082, 352.986011, 644.944444, 355.032374, 
            646.990807, 356.055556, 648.013989, 359.125100, 
            651.083533, 362.194644, 653.129896, 364.241007, 
            655.176259, 364.241007, 656.199440, 367.310552, 
            658.245803, 368.333733, 659.268985, 369.356914, 
            660.292166, 371.403277, 663.361711, 373.449640, 
            663.361711, 373.449640, 664.384892, 375.496003, 
            666.431255, 376.519185, 668.477618, 377.542366, 
            669.500799, 379.588729, 671.547162, 380.611910, 
            673.593525, 381.635092, 675.639888, 382.658273, 
            676.663070, 382.658273, 677.686251, 382.658273, 
            679.732614, 383.681455, 681.778977, 383.681455, 
            682.802158, 384.704636, 685.871703, 385.727818, 
            687.918066, 386.750999, 689.964428, 386.750999, 
            692.010791, 386.750999, 693.033973, 386.750999, 
            695.080336, 387.774181, 696.103517, 387.774181, 
            697.126699, 387.774181, 698.149880, 387.774181, 
            699.173062, 387.774181, 700.196243, 387.774181, 
            701.219424, 387.774181, 702.242606, 387.774181, 
            703.265787, 387.774181, 704.288969, 387.774181, 
            706.335332, 387.774181, 707.358513, 387.774181, 
            709.404876, 387.774181, 710.428058, 387.774181, 
            711.451239, 387.774181, 712.474420, 387.774181, 
            713.497602, 386.750999, 713.497602, 386.750999, 
            714.520783, 386.750999, 715.543965, 385.727818, 
            716.567146, -1.000000, -1.000000, 814.440847, 
            717.590328, 814.440847, 716.567146, 814.440847, 
            715.543965, 812.394484, 711.451239, 811.371303, 
            708.381695, 809.324940, 702.242606, 807.278577, 
            700.196243, 807.278577, 699.173062, 805.232214, 
            696.103517, 804.209033, 693.033973, 802.162670, 
            689.964428, 802.162670, 688.941247, 801.139488, 
            686.894884, 800.116307, 685.871703, 800.116307, 
            684.848521, 798.069944, 682.802158, 798.069944, 
            681.778977, 797.046763, 680.755795, 796.023581, 
            676.663070, 793.977218, 674.616707, 792.954037, 
            672.570344, 791.930855, 670.523981, 789.884492, 
            668.477618, 788.861311, 667.454436, 787.838129, 
            665.408074, 785.791767, 663.361711, 782.722222, 
            660.292166, 781.699041, 658.245803, 781.699041, 
            657.222622, 780.675859, 656.199440, 779.652678, 
            654.153078, 778.629496, 653.129896, 777.606315, 
            650.060352, 776.583133, 648.013989, 774.536771, 
            644.944444, 774.536771, 643.921263, 774.536771, 
            642.898082, 773.513589, 641.874900, 773.513589, 
            640.851719, 772.490408, 640.851719, 771.467226, 
            639.828537, 770.444045, 637.782174, 770.444045, 
            635.735811, 769.420863, 634.712630, 768.397682, 
            632.666267, 767.374500, 631.643086, 766.351319, 
            629.596723, 765.328137, 627.550360, 763.281775, 
            625.503997, 762.258593, 624.480815, 762.258593, 
