%YAML:1.0
    mask: !!opencv-matrix
        rows: 1531
        cols: 2
        dt: f
        data: [ 6.760870, 641.543478, 8.152174, 
            641.543478, 12.326087, 637.369565, 15.108696, 
            634.586957, 16.500000, 631.804348, 17.891304, 
            631.804348, 17.891304, 630.413043, 19.282609, 
            629.021739, 20.673913, 627.630435, 22.065217, 
            626.239130, 22.065217, 624.847826, 23.456522, 
            624.847826, 23.456522, 623.456522, 24.847826, 
            623.456522, 26.239130, 622.065217, 26.239130, 
            620.673913, 26.239130, 619.282609, 27.630435, 
            619.282609, 29.021739, 617.891304, 30.413043, 
            617.891304, 31.804348, 616.500000, 34.586957, 
            615.108696, 35.978261, 615.108696, 37.369565, 
            613.717391, 41.543478, 610.934783, 42.934783, 
            610.934783, 42.934783, 609.543478, 44.326087, 
            609.543478, 47.108696, 609.543478, 47.108696, 
            608.152174, 48.500000, 608.152174, 48.500000, 
            606.760870, 49.891304, 606.760870, 52.673913, 
            605.369565, 54.065217, 603.978261, 55.456522, 
            602.586957, 56.847826, 601.195652, 58.239130, 
            601.195652, 59.630435, 598.413043, 61.021739, 
            598.413043, 65.195652, 597.021739, 65.195652, 
            595.630435, 66.586957, 594.239130, 67.978261, 
            592.847826, 69.369565, 592.847826, 72.152174, 
            590.065217, 73.543478, 588.673913, 73.543478, 
            587.282609, 76.326087, 585.891304, 77.717391, 
            583.108696, 79.108696, 581.717391, 79.108696, 
            580.326087, 80.500000, 580.326087, 80.500000, 
            577.543478, 80.500000, 576.152174, 81.891304, 
            573.369565, 83.282609, 571.978261, 84.673913, 
            569.195652, 84.673913, 567.804348, 87.456522, 
            565.021739, 87.456522, 563.630435, 88.847826, 
            560.847826, 90.239130, 558.065217, 90.239130, 
            556.673913, 91.630435, 555.282609, 93.021739, 
            553.891304, 93.021739, 552.500000, 93.021739, 
            551.108696, 93.021739, 549.717391, 94.413043, 
            549.717391, 94.413043, 548.326087, 94.413043, 
            546.934783, 95.804348, 545.543478, 95.804348, 
            544.152174, 97.195652, 542.760870, 97.195652, 
            541.369565, 97.195652, 538.586957, 99.978261, 
            537.195652, 99.978261, 535.804348, 101.369565, 
            534.413043, 101.369565, 533.021739, 101.369565, 
            531.630435, 101.369565, 530.239130, 104.152174, 
            528.847826, 104.152174, 527.456522, 104.152174, 
            526.065217, 105.543478, 523.282609, 105.543478, 
            521.891304, 106.934783, 519.108696, 106.934783, 
            517.717391, 106.934783, 516.326087, 106.934783, 
            514.934783, 108.326087, 512.152174, 108.326087, 
            509.369565, 108.326087, 507.978261, 108.326087, 
            505.195652, 108.326087, 503.804348, 108.326087, 
            501.021739, 108.326087, 499.630435, 108.326087, 
            496.847826, 108.326087, 495.456522, 109.717391, 
            495.456522, 109.717391, 492.673913, 109.717391, 
            491.282609, 109.717391, 489.891304, 111.108696, 
            489.891304, 111.108696, 488.500000, 111.108696, 
            487.108696, 112.500000, 487.108696, 113.891304, 
            485.717391, 115.282609, 485.717391, 116.673913, 
            482.934783, 118.065217, 481.543478, 119.456522, 
            481.543478, 119.456522, 480.152174, 120.847826, 
            480.152174, 122.239130, 478.760870, 122.239130, 
            477.369565, 125.021739, 475.978261, 126.413043, 
            474.586957, 127.804348, 474.586957, 129.195652, 
            474.586957, 129.195652, 473.195652, 130.586957, 
            471.804348, 131.978261, 471.804348, 133.369565, 
            471.804348, 134.760870, 473.195652, 137.543478, 
            474.586957, 138.934783, 475.978261, 138.934783, 
            477.369565, 141.717391, 478.760870, 141.717391, 
            480.152174, 143.108696, 481.543478, 143.108696, 
            484.326087, 143.108696, 485.717391, 143.108696, 
            487.108696, 143.108696, 488.500000, 143.108696, 
            489.891304, 143.108696, 491.282609, 143.108696, 
            494.065217, 141.717391, 494.065217, 140.326087, 
            496.847826, 140.326087, 498.239130, 138.934783, 
            498.239130, 138.934783, 499.630435, 137.543478, 
            501.021739, 136.152174, 502.413043, 136.152174, 
            503.804348, 134.760870, 505.195652, 134.760870, 
            506.586957, 134.760870, 507.978261, 133.369565, 
            507.978261, 133.369565, 509.369565, 133.369565, 
            512.152174, 133.369565, 513.543478, 133.369565, 
            514.934783, 133.369565, 516.326087, 134.760870, 
            516.326087, 136.152174, 517.717391, 137.543478, 
            517.717391, 137.543478, 519.108696, 138.934783, 
            519.108696, 140.326087, 519.108696, 141.717391, 
            519.108696, 143.108696, 520.500000, 144.500000, 
            520.500000, 145.891304, 520.500000, 147.282609, 
            520.500000, 148.673913, 520.500000, 150.065217, 
            520.500000, 151.456522, 520.500000, 154.239130, 
            520.500000, 155.630435, 520.500000, 155.630435, 
            519.108696, 157.021739, 519.108696, 158.413043, 
            517.717391, 159.804348, 517.717391, 162.586957, 
            514.934783, 163.978261, 513.543478, 165.369565, 
            510.760870, 166.760870, 510.760870, 168.152174, 
            507.978261, 169.543478, 506.586957, 170.934783, 
            506.586957, 172.326087, 503.804348, 172.326087, 
            501.021739, 176.500000, 498.239130, 176.500000, 
            496.847826, 177.891304, 495.456522, 179.282609, 
            494.065217, 180.673913, 492.673913, 182.065217, 
            492.673913, 183.456522, 489.891304, 184.847826, 
            489.891304, 184.847826, 488.500000, 186.239130, 
            487.108696, 187.630435, 485.717391, 189.021739, 
            484.326087, 190.413043, 484.326087, 191.804348, 
            481.543478, 191.804348, 480.152174, 193.195652, 
            478.760870, 194.586957, 474.586957, 195.978261, 
            474.586957, 197.369565, 471.804348, 198.760870, 
            470.413043, 200.152174, 469.021739, 200.152174, 
            467.630435, 201.543478, 467.630435, 201.543478, 
            466.239130, 202.934783, 464.847826, 202.934783, 
            463.456522, 204.326087, 460.673913, 205.717391, 
            459.282609, 205.717391, 457.891304, 205.717391, 
            456.500000, 205.717391, 453.717391, 205.717391, 
            450.934783, 205.717391, 449.543478, 205.717391, 
            446.760870, 205.717391, 445.369565, 205.717391, 
            442.586957, 205.717391, 441.195652, 205.717391, 
            439.804348, 205.717391, 437.021739, 207.108696, 
            434.239130, 207.108696, 432.847826, 207.108696, 
            431.456522, 207.108696, 430.065217, 207.108696, 
            428.673913, 207.108696, 427.282609, 207.108696, 
            425.891304, 208.500000, 423.108696, 209.891304, 
            421.717391, 209.891304, 420.326087, 211.282609, 
            418.934783, 212.673913, 416.152174, 214.065217, 
            416.152174, 214.065217, 414.760870, 215.456522, 
            413.369565, 216.847826, 411.978261, 218.239130, 
            411.978261, 218.239130, 410.586957, 219.630435, 
            410.586957, 221.021739, 409.195652, 222.413043, 
            409.195652, 223.804348, 407.804348, 225.195652, 
            407.804348, 226.586957, 407.804348, 229.369565, 
            407.804348, 234.934783, 407.804348, 237.717391, 
            407.804348, 239.108696, 407.804348, 241.891304, 
            407.804348, 243.282609, 407.804348, 246.065217, 
            407.804348, 247.456522, 406.413043, 247.456522, 
            405.021739, 250.239130, 405.021739, 251.630435, 
            405.021739, 251.630435, 403.630435, 253.021739, 
