%YAML:1.0
    mask: !!opencv-matrix
        rows: 1004
        cols: 2
        dt: f
        data: [ 3.978261, 366.065217, 5.369565, 
            366.065217, 10.934783, 366.065217, 13.717391, 
            366.065217, 15.108696, 366.065217, 19.282609, 
            364.673913, 22.065217, 363.282609, 22.065217, 
            361.891304, 23.456522, 361.891304, 23.456522, 
            360.500000, 24.847826, 359.108696, 24.847826, 
            356.326087, 26.239130, 354.934783, 27.630435, 
            354.934783, 30.413043, 353.543478, 31.804348, 
            353.543478, 33.195652, 353.543478, 37.369565, 
            353.543478, 42.934783, 356.326087, 44.326087, 
            357.717391, 44.326087, 359.108696, 44.326087, 
            360.500000, 44.326087, 361.891304, 44.326087, 
            363.282609, 44.326087, 364.673913, 44.326087, 
            366.065217, 44.326087, 367.456522, 44.326087, 
            368.847826, 44.326087, 371.630435, 44.326087, 
            373.021739, 44.326087, 374.413043, 44.326087, 
            375.804348, 44.326087, 377.195652, 44.326087, 
            379.978261, 42.934783, 381.369565, 42.934783, 
            384.152174, 42.934783, 385.543478, 40.152174, 
            386.934783, 40.152174, 388.326087, 40.152174, 
            389.717391, 40.152174, 391.108696, 38.760870, 
            392.500000, 38.760870, 393.891304, 38.760870, 
            396.673913, 38.760870, 398.065217, 38.760870, 
            400.847826, 38.760870, 402.239130, 38.760870, 
            405.021739, 38.760870, 406.413043, 38.760870, 
            409.195652, 38.760870, 410.586957, 38.760870, 
            411.978261, 38.760870, 413.369565, 38.760870, 
            414.760870, 38.760870, 416.152174, 38.760870, 
            417.543478, 38.760870, 418.934783, 38.760870, 
            420.326087, 38.760870, 423.108696, 38.760870, 
            425.891304, 38.760870, 427.282609, 38.760870, 
            428.673913, 38.760870, 430.065217, 38.760870, 
            432.847826, 38.760870, 434.239130, 40.152174, 
            435.630435, 40.152174, 437.021739, 40.152174, 
            438.413043, 40.152174, 439.804348, 40.152174, 
            441.195652, 40.152174, 442.586957, 40.152174, 
            443.978261, 40.152174, 445.369565, 40.152174, 
            446.760870, 40.152174, 449.543478, 40.152174, 
            450.934783, 40.152174, 453.717391, 40.152174, 
            455.108696, 40.152174, 456.500000, 40.152174, 
            457.891304, 40.152174, 459.282609, 40.152174, 
            460.673913, 40.152174, 462.065217, 40.152174, 
            463.456522, 40.152174, 464.847826, 38.760870, 
            467.630435, 38.760870, 469.021739, 38.760870, 
            470.413043, 37.369565, 473.195652, 37.369565, 
            475.978261, 37.369565, 477.369565, 37.369565, 
            481.543478, 37.369565, 484.326087, 37.369565, 
            485.717391, 37.369565, 487.108696, 37.369565, 
            488.500000, 37.369565, 489.891304, 37.369565, 
            492.673913, 35.978261, 494.065217, 35.978261, 
            496.847826, 35.978261, 498.239130, 35.978261, 
            501.021739, 34.586957, 501.021739, 34.586957, 
            502.413043, 34.586957, 505.195652, 33.195652, 
            506.586957, 33.195652, 507.978261, 31.804348, 
            509.369565, 31.804348, 512.152174, 30.413043, 
            512.152174, 30.413043, 514.934783, 29.021739, 
            514.934783, 29.021739, 516.326087, 29.021739, 
            517.717391, 29.021739, 519.108696, 29.021739, 
            520.500000, 27.630435, 521.891304, 27.630435, 
            523.282609, 27.630435, 524.673913, 27.630435, 
            526.065217, 26.239130, 528.847826, 24.847826, 
            530.239130, 24.847826, 531.630435, 24.847826, 
            533.021739, 23.456522, 534.413043, 23.456522, 
            535.804348, 23.456522, 538.586957, 22.065217, 
            539.978261, 22.065217, 542.760870, 20.673913, 
            542.760870, 20.673913, 544.152174, 20.673913, 
            545.543478, 19.282609, 545.543478, 19.282609, 
            546.934783, 19.282609, 548.326087, 19.282609, 
            549.717391, 19.282609, 551.108696, -1.000000, 
            -1.000000, 874.934783, 311.804348, 869.369565, 
            311.804348, 867.978261, 311.804348, 863.804348, 
            311.804348, 858.239130, 311.804348, 852.673913, 
            311.804348, 842.934783, 311.804348, 841.543478, 
            311.804348, 837.369565, 311.804348, 834.586957, 
            311.804348, 833.195652, 311.804348, 830.413043, 
            311.804348, 829.021739, 311.804348, 826.239130, 
            311.804348, 824.847826, 311.804348, 822.065217, 
            311.804348, 820.673913, 311.804348, 819.282609, 
            311.804348, 816.500000, 311.804348, 810.934783, 
            311.804348, 805.369565, 311.804348, 801.195652, 
            311.804348, 797.021739, 311.804348, 794.239130, 
            311.804348, 791.456522, 311.804348, 787.282609, 
            311.804348, 781.717391, 311.804348, 776.152174, 
            311.804348, 773.369565, 311.804348, 770.586957, 
            310.413043, 767.804348, 310.413043, 766.413043, 
            310.413043, 763.630435, 310.413043, 758.065217, 
            310.413043, 752.500000, 310.413043, 751.108696, 
            310.413043, 746.934783, 310.413043, 742.760870, 
            310.413043, 738.586957, 310.413043, 734.413043, 
            310.413043, 731.630435, 310.413043, 727.456522, 
            310.413043, 723.282609, 310.413043, 716.326087, 
            310.413043, 713.543478, 310.413043, 709.369565, 
            310.413043, 705.195652, 310.413043, 703.804348, 
            310.413043, 702.413043, 310.413043, 696.847826, 
            310.413043, 695.456522, 310.413043, 694.065217, 
            310.413043, 691.282609, 310.413043, 689.891304, 
            310.413043, 688.500000, 310.413043, 687.108696, 
            310.413043, 685.717391, 310.413043, 684.326087, 
            310.413043, 682.934783, 310.413043, 681.543478, 
            310.413043, 680.152174, 313.195652, 680.152174, 
            314.586957, 678.760870, 318.760870, 678.760870, 
            320.152174, 677.369565, 321.543478, 675.978261, 
            328.500000, 675.978261, 332.673913, 675.978261, 
            334.065217, 674.586957, 338.239130, 674.586957, 
            341.021739, 674.586957, 342.413043, 674.586957, 
            345.195652, 674.586957, 346.586957, 674.586957, 
            349.369565, 671.804348, 352.152174, 671.804348, 
            353.543478, 671.804348, 356.326087, 671.804348, 
            359.108696, 671.804348, 360.500000, 671.804348, 
            364.673913, 671.804348, 366.065217, 670.413043, 
            368.847826, 669.021739, 370.239130, 669.021739, 
            373.021739, 669.021739, 374.413043, 667.630435, 
            375.804348, 667.630435, 378.586957, 667.630435, 
            381.369565, 667.630435, 382.760870, 666.239130, 
            386.934783, 666.239130, 391.108696, 666.239130, 
            392.500000, 666.239130, 395.282609, 663.456522, 
            398.065217, 662.065217, 400.847826, 662.065217, 
            403.630435, 660.673913, 406.413043, 660.673913, 
            407.804348, 660.673913, 409.195652, 660.673913, 
            411.978261, 659.282609, 414.760870, 657.891304, 
            417.543478, 657.891304, 418.934783, 657.891304, 
            421.717391, 657.891304, 423.108696, 657.891304, 
            425.891304, 657.891304, 427.282609, 659.282609, 
            427.282609, 659.282609, 430.065217, 660.673913, 
            430.065217, 662.065217, 430.065217, 664.847826, 
            430.065217, 666.239130, 430.065217, 669.021739, 
            430.065217, 670.413043, 430.065217, 673.195652, 
            430.065217, 674.586957, 430.065217, 677.369565, 
            431.456522, 677.369565, 432.847826, 680.152174, 
            435.630435, 682.934783, 435.630435, 684.326087, 
            435.630435, 685.717391, 435.630435, 687.108696, 
            437.021739, 688.500000, 437.021739, 689.891304, 
