%YAML:1.0
    mask: !!opencv-matrix
        rows: 597
        cols: 2
        dt: f
        data: [ -1.000000, -1.000000, 740.771783, 
            712.474420, 739.748601, 713.497602, 738.725420, 
            713.497602, 737.702238, 714.520783, 737.702238, 
            713.497602, 737.702238, 712.474420, 736.679057, 
            709.404876, 736.679057, 706.335332, 737.702238, 
            703.265787, 737.702238, 701.219424, 738.725420, 
            699.173062, 739.748601, 697.126699, 740.771783, 
            695.080336, 740.771783, 694.057154, 741.794964, 
            692.010791, 742.818145, 692.010791, 743.841327, 
            689.964428, 743.841327, 688.941247, 744.864508, 
            687.918066, 745.887690, 686.894884, 746.910871, 
            685.871703, 748.957234, 684.848521, 749.980416, 
            684.848521, 751.003597, 686.894884, 752.026779, 
            689.964428, 754.073141, 696.103517, 756.119504, 
            700.196243, 757.142686, 700.196243, 758.165867, 
            703.265787, 759.189049, 704.288969, 759.189049, 
            705.312150, 760.212230, 705.312150, 760.212230, 
            706.335332, 760.212230, 707.358513, 761.235412, 
            707.358513, 763.281775, 708.381695, 763.281775, 
            709.404876, 765.328137, 710.428058, 767.374500, 
            711.451239, 768.397682, 711.451239, 770.444045, 
            711.451239, 772.490408, 711.451239, 773.513589, 
            711.451239, 775.559952, 710.428058, 776.583133, 
            708.381695, 778.629496, 704.288969, 780.675859, 
            701.219424, 782.722222, 699.173062, 782.722222, 
            694.057154, 782.722222, 690.987610, 784.768585, 
            687.918066, 784.768585, 681.778977, 786.814948, 
            675.639888, 786.814948, 672.570344, 788.861311, 
            670.523981, 788.861311, 669.500799, 789.884492, 
            667.454436, 789.884492, 666.431255, 790.907674, 
            664.384892, 791.930855, 664.384892, 792.954037, 
            663.361711, 795.000400, 663.361711, 796.023581, 
            663.361711, 797.046763, 663.361711, 801.139488, 
            664.384892, 803.185851, 665.408074, 804.209033, 
            665.408074, 807.278577, 670.523981, 807.278577, 
            671.547162, 809.324940, 673.593525, 810.348122, 
            676.663070, 811.371303, 678.709432, 814.440847, 
            683.825340, 815.464029, 685.871703, 817.510392, 
            686.894884, 818.533573, 686.894884, 820.579936, 
            683.825340, 821.603118, 682.802158, 824.672662, 
            680.755795, 824.672662, 679.732614, 825.695843, 
            678.709432, 826.719025, 678.709432, 827.742206, 
            678.709432, 828.765388, 678.709432, 830.811751, 
            678.709432, 833.881295, 678.709432, 837.974021, 
            679.732614, 841.043565, 680.755795, 842.066747, 
            680.755795, 844.113110, 681.778977, 844.113110, 
            682.802158, 845.136291, 684.848521, 846.159472, 
            686.894884, 847.182654, 687.918066, 848.205835, 
            689.964428, 850.252198, 692.010791, 850.252198, 
            693.033973, 851.275380, 694.057154, 852.298561, 
            695.080336, 853.321743, 696.103517, 855.368106, 
            698.149880, 857.414468, 700.196243, 859.460831, 
            702.242606, 861.507194, 704.288969, 863.553557, 
            706.335332, 865.599920, 707.358513, 866.623102, 
            708.381695, 867.646283, 709.404876, 867.646283, 
            710.428058, 868.669464, 710.428058, 869.692646, 
            711.451239, 870.715827, 711.451239, 871.739009, 
            711.451239, 873.785372, 712.474420, 877.878098, 
            713.497602, 880.947642, 713.497602, 882.994005, 
            714.520783, 884.017186, 714.520783, 886.063549, 
            714.520783, 888.109912, 714.520783, 890.156275, 
            714.520783, 892.202638, 714.520783, 894.249001, 
            714.520783, 896.295364, 713.497602, 898.341727, 
            712.474420, 899.364908, 711.451239, 901.411271, 
            710.428058, 902.434452, 710.428058, 905.503997, 
            709.404876, 908.573541, 707.358513, 912.666267, 
            706.335332, 914.712630, 705.312150, 915.735811, 
            704.288969, 917.782174, 704.288969, 918.805356, 
            704.288969, 919.828537, 704.288969, 921.874900, 
            705.312150, 921.874900, 706.335332, 922.898082, 
            708.381695, 923.921263, 709.404876, 924.944444, 
            710.428058, 924.944444, 711.451239, 924.944444, 
            712.474420, 924.944444, 713.497602, 925.967626, 
            714.520783, 926.990807, 715.543965, 926.990807, 
            716.567146, 928.013989, 717.590328, 929.037170, 
            717.590328, 929.037170, 718.613509, 929.037170, 
            719.636691, -1.000000, -1.000000, 736.679057, 
            295.016387, 734.632694, 296.039568, 732.586331, 
            300.132294, 728.493605, 303.201839, 726.447242, 
            306.271383, 723.377698, 311.387290, 719.284972, 
            316.503197, 718.261791, 320.595923, 716.215428, 
            323.665468, 715.192246, 325.711831, 714.169065, 
            328.781375, 713.145883, 330.827738, 712.122702, 
            331.850919, 711.099520, 332.874101, 710.076339, 
            333.897282, 708.029976, 335.943645, 704.960432, 
            337.990008, 702.914069, 341.059552, 701.890887, 
            341.059552, 699.844524, 344.129097, 695.751799, 
            347.198641, 691.659073, 350.268185, 688.589528, 
            352.314548, 684.496803, 354.360911, 682.450440, 
            357.430456, 680.404077, 358.453637, 678.357714, 
            360.500000, 676.311351, 362.546363, 675.288169, 
            363.569544, 674.264988, 364.592726, 672.218625, 
            367.662270, 669.149081, 369.708633, 669.149081, 
            370.731815, 667.102718, 372.778177, 666.079536, 
            374.824540, 664.033173, 377.894085, 663.009992, 
            379.940448, 663.009992, 380.963629, 659.940448, 
            385.056355, 656.870903, 389.149081, 655.847722, 
            391.195444, 652.778177, 397.334532, 648.685452, 
            400.404077, 646.639089, 405.519984, 644.592726, 
            407.566347, 642.546363, 410.635891, 642.546363, 
            411.659073, 642.546363, 412.682254, 642.546363, 
            414.728617, 643.569544, 414.728617, 645.615907, 
            413.705436, 649.708633, 411.659073, 650.731815, 
            410.635891, 653.801359, 408.589528, 656.870903, 
            406.543165, 657.894085, 405.519984, 659.940448, 
            404.496803, 663.009992, 402.450440, 665.056355, 
            400.404077, 666.079536, 399.380895, 668.125899, 
            399.380895, 668.125899, 398.357714, 669.149081, 
            398.357714, 670.172262, 398.357714, 671.195444, 
            397.334532, 672.218625, 397.334532, 673.241807, 
            396.311351, 674.264988, 396.311351, 675.288169, 
            396.311351, 677.334532, 395.288169, 679.380895, 
            395.288169, 680.404077, 395.288169, 682.450440, 
            395.288169, 683.473621, 395.288169, 685.519984, 
            395.288169, 686.543165, 395.288169, 687.566347, 
            396.311351, 688.589528, 399.380895, 691.659073, 
            405.519984, 693.705436, 409.612710, 693.705436, 
            411.659073, 694.728617, 412.682254, 697.798161, 
            419.844524, 699.844524, 424.960432, 700.867706, 
            428.029976, 701.890887, 434.169065, 702.914069, 
            437.238609, 703.937250, 441.331335, 703.937250, 
            444.400879, 704.960432, 447.470424, 704.960432, 
            448.493605, 704.960432, 452.586331, 705.983613, 
            455.655875, 705.983613, 458.725420, 708.029976, 
            460.771783, 709.053157, 462.818145, 710.076339, 
            463.841327, 710.076339, 464.864508, 712.122702, 
            465.887690, 714.169065, 466.910871, 717.238609, 
            467.934053, 720.308153, 467.934053, 722.354516, 
            467.934053, 723.377698, 468.957234, 724.400879, 
