%YAML:1.0
    mask: !!opencv-matrix
        rows: 411
        cols: 2
        dt: f
        data: [ 229.448454, 713.489691, 237.365979, 
            709.530928, 240.005155, 706.891753, 250.561856, 
            697.654639, 254.520619, 693.695876, 259.798969, 
            685.778351, 261.118557, 683.139175, 269.036082, 
            675.221649, 270.355670, 672.582474, 272.994845, 
            668.623711, 274.314433, 667.304124, 280.912371, 
            660.706186, 282.231959, 658.067010, 286.190722, 
            652.788660, 288.829897, 650.149485, 291.469072, 
            647.510309, 292.788660, 646.190722, 295.427835, 
            644.871134, 296.747423, 643.551546, 298.067010, 
            643.551546, 308.623711, 642.231959, 316.541237, 
            640.912371, 323.139175, 640.912371, 324.458763, 
            640.912371, 325.778351, 640.912371, 327.097938, 
            640.912371, 338.974227, 639.592784, 352.170103, 
            639.592784, 360.087629, 639.592784, 365.365979, 
            639.592784, 369.324742, 639.592784, 373.283505, 
            639.592784, 377.242268, 639.592784, 381.201031, 
            639.592784, 387.798969, 639.592784, 397.036082, 
            639.592784, 399.675258, 640.912371, 406.273196, 
            642.231959, 408.912371, 643.551546, 411.551546, 
            643.551546, 418.149485, 646.190722, 423.427835, 
            647.510309, 427.386598, 647.510309, 430.025773, 
            647.510309, 431.345361, 647.510309, 432.664948, 
            647.510309, 433.984536, 647.510309, 433.984536, 
            648.829897, 435.304124, 648.829897, 436.623711, 
            651.469072, 437.943299, 652.788660, 439.262887, 
            656.747423, 439.262887, 658.067010, 440.582474, 
            660.706186, 441.902062, 663.345361, 444.541237, 
            668.623711, 448.500000, 679.180412, 448.500000, 
            680.500000, 451.139175, 685.778351, 452.458763, 
            687.097938, 452.458763, 688.417526, 459.056701, 
            692.376289, 460.376289, 693.695876, 463.015464, 
            696.335052, 465.654639, 697.654639, 468.293814, 
            698.974227, 472.252577, 700.293814, 473.572165, 
            700.293814, 473.572165, 701.613402, 474.891753, 
            701.613402, 476.211340, 704.252577, 478.850515, 
            705.572165, 478.850515, 706.891753, 478.850515, 
            708.211340, 478.850515, 709.530928, 478.850515, 
            710.850515, 478.850515, 712.170103, 478.850515, 
            713.489691, 478.850515, 714.809278, 480.170103, 
            717.448454, -1.000000, -1.000000, 802.149485, 
            584.170103, 792.912371, 582.850515, 774.438144, 
            573.613402, 754.644330, 561.737113, 740.128866, 
            552.500000, 736.170103, 549.860825, 732.211340, 
            548.541237, 730.891753, 548.541237, 728.252577, 
            547.221649, 721.654639, 544.582474, 717.695876, 
            543.262887, 711.097938, 541.943299, 705.819588, 
            540.623711, 703.180412, 539.304124, 699.221649, 
            537.984536, 695.262887, 536.664948, 693.943299, 
            536.664948, 691.304124, 535.345361, 682.067010, 
            531.386598, 676.788660, 527.427835, 674.149485, 
            527.427835, 671.510309, 526.108247, 667.551546, 
            526.108247, 667.551546, 524.788660, 666.231959, 
            524.788660, 658.314433, 524.788660, 646.438144, 
            523.469072, 641.159794, 522.149485, 637.201031, 
            519.510309, 631.922680, 516.871134, 630.603093, 
            515.551546, 627.963918, 512.912371, 626.644330, 
            510.273196, 626.644330, 508.953608, 630.603093, 
            507.634021, 635.881443, 507.634021, 645.118557, 
            504.994845, 647.757732, 503.675258, 647.757732, 
            502.355670, 650.396907, 502.355670, 655.675258, 
            501.036082, 658.314433, 499.716495, 660.953608, 
            499.716495, 663.592784, 499.716495, 666.231959, 
            498.396907, 670.190722, 495.757732, 674.149485, 
            493.118557, 676.788660, 493.118557, 678.108247, 
            493.118557, 678.108247, 491.798969, 678.108247, 
            490.479381, 676.788660, 490.479381, 672.829897, 
            490.479381, 667.551546, 490.479381, 659.634021, 
            490.479381, 650.396907, 486.520619, 650.396907, 
            485.201031, 647.757732, 482.561856, 647.757732, 
            481.242268, 641.159794, 474.644330, 641.159794, 
            472.005155, 641.159794, 470.685567, 641.159794, 
            469.365979, 641.159794, 465.407216, 641.159794, 
            464.087629, 641.159794, 461.448454, 641.159794, 
            457.489691, 642.479381, 449.572165, 647.757732, 
            442.974227, 656.994845, 428.458763, 656.994845, 
            427.139175, 656.994845, 424.500000, 659.634021, 
            412.623711, 660.953608, 411.304124, 660.953608, 
            409.984536, 663.592784, 404.706186, 670.190722, 
            402.067010, 674.149485, 400.747423, 676.788660, 
            399.427835, 682.067010, 398.108247, 689.984536, 
            394.149485, 692.623711, 394.149485, 699.221649, 
            392.829897, 707.139175, 390.190722, 711.097938, 
            390.190722, 720.335052, 387.551546, 724.293814, 
            386.231959, 734.850515, 382.273196, 737.489691, 
            382.273196, 741.448454, 380.953608, 750.685567, 
            380.953608, 754.644330, 380.953608, 759.922680, 
            380.953608, 762.561856, 383.592784, 763.881443, 
            383.592784, 763.881443, 384.912371, 765.201031, 
            386.231959, 778.396907, 400.747423, 788.953608, 
            412.623711, 792.912371, 415.262887, 802.149485, 
            423.180412, 807.427835, 428.458763, 819.304124, 
            437.695876, 828.541237, 448.252577, 836.458763, 
            456.170103, 845.695876, 466.726804, 857.572165, 
            478.603093, 865.489691, 486.520619, 870.768041, 
            491.798969, 872.087629, 493.118557, 876.046392, 
            499.716495, 878.685567, 502.355670, 880.005155, 
            506.314433, 881.324742, 508.953608, 882.644330, 
            510.273196, 882.644330, 511.592784, 889.242268, 
            520.829897, 899.798969, 535.345361, 906.396907, 
            539.304124, 909.036082, 541.943299, 911.675258, 
            544.582474, -1.000000, -1.000000, 792.912371, 
            247.675258, 786.314433, 247.675258, 781.036082, 
            247.675258, 777.077320, 247.675258, 770.479381, 
            247.675258, 769.159794, 247.675258, 766.520619, 
            247.675258, 762.561856, 247.675258, 761.242268, 
            247.675258, 759.922680, 247.675258, 758.603093, 
            247.675258, 755.963918, 247.675258, 754.644330, 
            247.675258, 750.685567, 247.675258, 746.726804, 
            247.675258, 744.087629, 247.675258, 742.768041, 
            247.675258, 740.128866, 247.675258, 737.489691, 
            247.675258, 734.850515, 247.675258, 732.211340, 
            247.675258, 730.891753, 247.675258, 729.572165, 
            247.675258, 728.252577, 250.314433, 726.932990, 
            251.634021, 725.613402, 252.953608, 724.293814, 
            255.592784, 722.974227, 258.231959, 722.974227, 
            260.871134, 720.335052, 264.829897, 720.335052, 
            266.149485, 717.695876, 268.788660, 717.695876, 
            270.108247, 715.056701, 272.747423, 712.417526, 
            274.067010, 711.097938, 275.386598, 709.778351, 
            275.386598, 708.458763, 275.386598, 707.139175, 
            276.706186, 705.819588, 278.025773, 705.819588, 
            279.345361, 704.500000, 280.664948, 704.500000, 
            281.984536, 704.500000, 283.304124, 704.500000, 
            284.623711, 705.819588, 284.623711, 705.819588, 
            285.943299, 707.139175, 285.943299, 707.139175, 
            288.582474, 709.778351, 289.902062, 711.097938, 
            289.902062, 712.417526, 289.902062, 713.737113, 
            289.902062, 715.056701, 289.902062, 716.376289, 
