%YAML:1.0
    mask: !!opencv-matrix
        rows: 817
        cols: 2
        dt: f
        data: [ -1.000000, -1.000000, -1.000000, 
            -1.000000, 755.002370, 305.144550, 753.485782, 
            306.661137, 751.969194, 306.661137, 750.452607, 
            306.661137, 747.419431, 308.177725, 744.386256, 
            309.694313, 742.869668, 309.694313, 741.353081, 
            311.210900, 738.319905, 312.727488, 733.770142, 
            312.727488, 730.736967, 312.727488, 729.220379, 
            312.727488, 726.187204, 312.727488, 717.087678, 
            314.244076, 711.021327, 314.244076, 707.988152, 
            314.244076, 701.921801, 314.244076, 700.405213, 
            314.244076, 695.855450, 314.244076, 689.789100, 
            314.244076, 688.272512, 314.244076, 683.722749, 
            315.760664, 680.689573, 315.760664, 679.172986, 
            317.277251, 676.139810, 318.793839, 674.623223, 
            318.793839, 673.106635, 318.793839, 670.073460, 
            320.310427, 668.556872, 321.827014, 662.490521, 
            323.343602, 660.973934, 323.343602, 659.457346, 
            324.860190, 657.940758, 326.376777, 657.940758, 
            327.893365, 656.424171, 327.893365, 654.907583, 
            329.409953, 653.390995, 330.926540, 651.874408, 
            333.959716, 650.357820, 335.476303, 648.841232, 
            336.992891, 648.841232, 338.509479, 648.841232, 
            340.026066, 647.324645, 343.059242, 647.324645, 
            344.575829, 647.324645, 346.092417, 647.324645, 
            347.609005, 647.324645, 349.125592, 647.324645, 
            350.642180, 647.324645, 352.158768, 647.324645, 
            355.191943, 647.324645, 356.708531, 647.324645, 
            359.741706, 647.324645, 361.258294, 647.324645, 
            362.774882, 648.841232, 364.291469, 648.841232, 
            365.808057, 650.357820, 367.324645, 651.874408, 
            368.841232, 653.390995, 368.841232, 653.390995, 
            370.357820, 654.907583, 371.874408, 656.424171, 
            371.874408, 657.940758, 371.874408, 659.457346, 
            373.390995, 660.973934, 373.390995, 660.973934, 
            374.907583, 662.490521, 374.907583, 664.007109, 
            374.907583, 665.523697, 374.907583, 667.040284, 
            376.424171, 668.556872, 376.424171, 670.073460, 
            379.457346, 673.106635, 379.457346, 674.623223, 
            379.457346, 676.139810, 379.457346, 677.656398, 
            380.973934, 680.689573, 382.490521, 680.689573, 
            384.007109, 682.206161, 385.523697, 683.722749, 
            385.523697, 685.239336, 385.523697, 685.239336, 
            387.040284, 686.755924, 388.556872, 688.272512, 
            388.556872, 689.789100, 388.556872, 692.822275, 
            388.556872, 692.822275, 390.073460, 694.338863, 
            391.590047, 695.855450, 391.590047, 698.888626, 
            393.106635, 700.405213, 394.623223, 704.954976, 
            396.139810, 707.988152, 396.139810, 712.537915, 
            397.656398, 717.087678, 397.656398, 720.120853, 
            397.656398, 721.637441, 397.656398, 729.220379, 
            399.172986, 733.770142, 399.172986, 738.319905, 
            399.172986, 741.353081, 400.689573, 750.452607, 
            400.689573, 756.518957, 400.689573, 759.552133, 
            400.689573, 761.068720, 400.689573, 762.585308, 
            400.689573, 767.135071, 400.689573, 768.651659, 
            400.689573, 771.684834, 400.689573, 773.201422, 
            400.689573, 774.718009, 400.689573, 776.234597, 
            400.689573, 779.267773, 400.689573, 782.300948, 
            400.689573, 783.817536, 400.689573, 785.334123, 
            400.689573, 788.367299, 402.206161, 789.883886, 
            402.206161, 791.400474, 402.206161, 794.433649, 
            402.206161, 795.950237, 402.206161, 798.983412, 
            402.206161, 800.500000, 402.206161, 802.016588, 
            403.722749, 803.533175, 403.722749, 805.049763, 
            403.722749, 806.566351, 403.722749, 809.599526, 
            403.722749, 811.116114, 403.722749, 814.149289, 
            403.722749, 815.665877, 403.722749, 817.182464, 
            403.722749, 820.215640, 405.239336, 821.732227, 
            405.239336, 823.248815, 405.239336, 824.765403, 
            405.239336, 826.281991, 405.239336, 827.798578, 
            406.755924, 829.315166, 406.755924, 830.831754, 
            406.755924, 832.348341, 406.755924, 836.898104, 
            406.755924, 839.931280, 406.755924, 842.964455, 
            406.755924, 845.997630, 406.755924, 847.514218, 
            406.755924, 849.030806, 406.755924, 850.547393, 
            406.755924, 853.580569, 406.755924, 855.097156, 
            406.755924, 856.613744, 406.755924, 858.130332, 
            406.755924, 859.646919, 406.755924, 861.163507, 
            406.755924, 862.680095, 406.755924, 864.196682, 
            406.755924, 865.713270, 406.755924, 867.229858, 
            406.755924, 868.746445, 406.755924, 870.263033, 
            405.239336, 871.779621, 405.239336, 873.296209, 
            405.239336, 873.296209, 403.722749, 874.812796, 
            403.722749, 876.329384, 403.722749, 877.845972, 
            403.722749, 879.362559, 403.722749, 880.879147, 
            402.206161, 883.912322, 402.206161, 883.912322, 
            400.689573, 885.428910, 400.689573, 886.945498, 
            400.689573, 888.462085, 400.689573, 889.978673, 
            399.172986, 889.978673, 397.656398, 891.495261, 
            397.656398, 893.011848, 396.139810, 894.528436, 
            394.623223, 896.045024, 394.623223, 897.561611, 
            393.106635, 899.078199, 391.590047, 900.594787, 
            391.590047, 900.594787, 390.073460, 902.111374, 
            388.556872, 905.144550, 388.556872, 906.661137, 
            385.523697, 906.661137, 384.007109, 908.177725, 
            384.007109, 908.177725, 382.490521, 909.694313, 
            382.490521, 909.694313, 380.973934, 911.210900, 
            379.457346, 912.727488, 379.457346, 914.244076, 
            376.424171, 914.244076, 374.907583, 915.760664, 
            374.907583, 917.277251, 374.907583, 917.277251, 
            373.390995, 917.277251, 371.874408, 918.793839, 
            370.357820, 920.310427, 370.357820, 920.310427, 
            367.324645, 921.827014, 367.324645, 921.827014, 
            364.291469, 921.827014, 362.774882, 924.860190, 
            359.741706, 924.860190, 358.225118, 924.860190, 
            356.708531, 926.376777, 353.675355, 926.376777, 
            352.158768, 926.376777, 350.642180, 926.376777, 
            349.125592, 926.376777, 344.575829, 926.376777, 
            340.026066, 926.376777, 336.992891, 926.376777, 
            335.476303, 926.376777, 332.443128, 924.860190, 
            329.409953, 924.860190, 327.893365, 924.860190, 
            323.343602, 924.860190, 321.827014, 924.860190, 
            320.310427, 924.860190, 318.793839, 924.860190, 
            317.277251, 924.860190, 314.244076, 924.860190, 
            312.727488, 924.860190, 309.694313, 924.860190, 
            306.661137, 924.860190, 305.144550, 924.860190, 
            303.627962, 924.860190, 302.111374, 924.860190, 
            300.594787, 923.343602, 299.078199, 923.343602, 
            297.561611, 921.827014, 297.561611, 920.310427, 
            296.045024, 918.793839, 296.045024, 918.793839, 
            291.495261, 917.277251, 289.978673, 915.760664, 
            286.945498, 912.727488, 286.945498, 912.727488, 
            283.912322, 906.661137, 282.395735, 903.627962, 
            280.879147, 900.594787, 279.362559, 896.045024, 
            277.845972, 888.462085, 274.812796, 879.362559, 
            273.296209, 876.329384, 273.296209, 868.746445, 
            273.296209, 864.196682, 271.779621, 861.163507, 
            270.263033, 858.130332, 270.263033, 855.097156, 
            270.263033, 850.547393, 270.263033, 847.514218, 
