%YAML:1.0
    mask: !!opencv-matrix
        rows: 877
        cols: 2
        dt: f
        data: [ -1.000000, -1.000000, -1.000000, 
            -1.000000, 864.766985, 325.410608, 864.766985, 
            328.461859, 864.766985, 329.987485, 861.715733, 
            333.038737, 858.664482, 334.564362, 858.664482, 
            337.615614, 854.087604, 342.192491, 852.561979, 
            343.718117, 849.510727, 343.718117, 847.985101, 
            343.718117, 843.408224, 346.769368, 838.831347, 
            348.294994, 837.305721, 351.346246, 834.254470, 
            354.397497, 829.677592, 355.923123, 823.575089, 
            360.500000, 820.523838, 360.500000, 818.998212, 
            362.025626, 815.946961, 363.551251, 812.895709, 
            363.551251, 809.844458, 365.076877, 808.318832, 
            365.076877, 806.793206, 366.602503, 805.267580, 
            366.602503, 800.690703, 368.128129, 797.639452, 
            368.128129, 788.485697, 369.653754, 785.434446, 
            369.653754, 779.331943, 369.653754, 776.280691, 
            369.653754, 774.755066, 371.179380, 771.703814, 
            372.705006, 767.126937, 372.705006, 764.075685, 
            372.705006, 756.447557, 375.756257, 751.870679, 
            375.756257, 748.819428, 375.756257, 745.768176, 
            375.756257, 744.242551, 375.756257, 741.191299, 
            375.756257, 739.665673, 375.756257, 738.140048, 
            375.756257, 735.088796, 375.756257, 732.037545, 
            375.756257, 728.986293, 375.756257, 727.460667, 
            375.756257, 725.935042, 375.756257, 722.883790, 
            375.756257, 721.358164, 375.756257, 718.306913, 
            377.281883, 716.781287, 377.281883, 715.255662, 
            377.281883, 713.730036, 377.281883, 710.678784, 
            377.281883, 709.153159, 377.281883, 709.153159, 
            378.807509, 709.153159, 380.333135, 707.627533, 
            380.333135, 706.101907, 380.333135, 706.101907, 
            381.858760, 706.101907, 383.384386, 706.101907, 
            384.910012, 704.576281, 384.910012, 701.525030, 
            387.961263, 701.525030, 389.486889, 701.525030, 
            391.012515, 699.999404, 391.012515, 699.999404, 
            392.538141, 699.999404, 394.063766, 698.473778, 
            395.589392, 696.948153, 397.115018, 693.896901, 
            400.166269, 692.371275, 401.691895, 692.371275, 
            403.217521, 689.320024, 403.217521, 689.320024, 
            404.743147, 687.794398, 404.743147, 687.794398, 
            406.268772, 686.268772, 406.268772, 684.743147, 
            406.268772, 684.743147, 407.794398, 684.743147, 
            409.320024, 683.217521, 410.845650, 683.217521, 
            412.371275, 683.217521, 413.896901, 683.217521, 
            415.422527, 683.217521, 416.948153, 683.217521, 
            418.473778, 683.217521, 421.525030, 683.217521, 
            423.050656, 681.691895, 424.576281, 681.691895, 
            427.627533, 683.217521, 429.153159, 683.217521, 
            430.678784, 687.794398, 432.204410, 689.320024, 
            433.730036, 690.845650, 435.255662, 692.371275, 
            435.255662, 693.896901, 436.781287, 698.473778, 
            436.781287, 699.999404, 438.306913, 703.050656, 
            439.832539, 704.576281, 442.883790, 706.101907, 
            442.883790, 707.627533, 442.883790, 709.153159, 
            442.883790, 709.153159, 444.409416, 710.678784, 
            444.409416, 712.204410, 444.409416, 712.204410, 
            445.935042, 713.730036, 445.935042, 715.255662, 
            445.935042, 718.306913, 445.935042, 719.832539, 
            445.935042, 721.358164, 445.935042, 722.883790, 
            445.935042, 725.935042, 445.935042, 727.460667, 
            445.935042, 732.037545, 445.935042, 733.563170, 
            445.935042, 736.614422, 445.935042, 741.191299, 
            447.460667, 742.716925, 447.460667, 745.768176, 
            447.460667, 751.870679, 447.460667, 757.973182, 
            447.460667, 762.550060, 447.460667, 765.601311, 
            448.986293, 773.229440, 448.986293, 776.280691, 
            448.986293, 777.806317, 448.986293, 783.908820, 
            448.986293, 785.434446, 448.986293, 786.960072, 
            448.986293, 788.485697, 448.986293, 790.011323, 
            448.986293, 791.536949, 448.986293, 793.062574, 
            448.986293, 794.588200, 448.986293, 796.113826, 
            448.986293, 797.639452, 448.986293, 799.165077, 
            448.986293, 802.216329, 448.986293, 803.741955, 
            448.986293, 805.267580, 448.986293, 806.793206, 
            448.986293, 809.844458, 448.986293, 812.895709, 
            448.986293, 812.895709, 450.511919, 815.946961, 
            450.511919, 818.998212, 450.511919, 820.523838, 
            450.511919, 826.626341, 450.511919, 829.677592, 
            450.511919, 832.728844, 450.511919, 837.305721, 
            450.511919, 838.831347, 450.511919, 840.356973, 
            450.511919, 843.408224, 450.511919, 844.933850, 
            450.511919, 846.459476, 450.511919, 849.510727, 
            450.511919, 851.036353, 450.511919, 854.087604, 
            450.511919, 855.613230, 450.511919, 857.138856, 
            450.511919, 860.190107, 448.986293, 861.715733, 
            448.986293, 863.241359, 447.460667, 867.818236, 
            445.935042, 869.343862, 445.935042, 870.869487, 
            445.935042, 872.395113, 444.409416, 873.920739, 
            444.409416, 878.497616, 444.409416, 889.176996, 
            439.832539, 890.702622, 438.306913, 893.753874, 
            438.306913, 895.279499, 436.781287, 896.805125, 
            436.781287, 898.330751, 435.255662, 899.856377, 
            433.730036, 901.382002, 433.730036, 902.907628, 
            432.204410, 904.433254, 430.678784, 907.484505, 
            430.678784, 909.010131, 430.678784, 912.061383, 
            430.678784, 913.587008, 430.678784, 915.112634, 
            430.678784, 915.112634, 429.153159, 916.638260, 
            429.153159, 919.689511, 426.101907, 921.215137, 
            426.101907, 922.740763, 424.576281, 922.740763, 
            423.050656, 924.266389, 423.050656, 924.266389, 
            421.525030, 925.792014, 419.999404, 927.317640, 
            419.999404, 927.317640, 418.473778, 928.843266, 
            418.473778, 930.368892, 418.473778, 931.894517, 
            416.948153, 931.894517, 415.422527, 933.420143, 
            415.422527, 933.420143, 413.896901, 934.945769, 
            413.896901, 936.471395, 412.371275, 937.997020, 
            410.845650, 937.997020, 409.320024, 939.522646, 
            407.794398, 941.048272, 407.794398, 941.048272, 
            406.268772, 942.573897, 406.268772, 945.625149, 
            403.217521, 947.150775, 401.691895, 948.676400, 
            400.166269, 950.202026, 398.640644, 950.202026, 
            397.115018, 951.727652, 395.589392, 951.727652, 
            394.063766, 953.253278, 394.063766, 954.778903, 
            392.538141, 954.778903, 389.486889, 956.304529, 
            386.435638, 957.830155, 386.435638, 959.355781, 
            384.910012, 959.355781, 383.384386, 960.881406, 
            381.858760, 960.881406, 380.333135, 962.407032, 
            377.281883, 963.932658, 375.756257, 963.932658, 
            374.230632, 963.932658, 372.705006, 965.458284, 
            368.128129, 966.983909, 365.076877, 966.983909, 
            363.551251, 968.509535, 363.551251, 970.035161, 
            358.974374, 970.035161, 357.448749, 970.035161, 
            354.397497, 970.035161, 352.871871, 970.035161, 
            351.346246, 971.560787, 351.346246, 971.560787, 
            348.294994, 971.560787, 346.769368, 971.560787, 
            345.243743, 971.560787, 342.192491, 971.560787, 
            340.666865, 971.560787, 339.141240, 971.560787, 
            336.089988, 971.560787, 331.513111, 971.560787, 
            329.987485, 971.560787, 326.936234, 970.035161, 
