%YAML:1.0
    mask: !!opencv-matrix
        rows: 491
        cols: 2
        dt: f
        data: [ 555.386598, 716.128866, 560.664948, 
            712.170103, 561.984536, 708.211340, 564.623711, 
            702.932990, 567.262887, 698.974227, 569.902062, 
            695.015464, 572.541237, 691.056701, 573.860825, 
            689.737113, 575.180412, 688.417526, 575.180412, 
            687.097938, 576.500000, 683.139175, 581.778351, 
            673.902062, 581.778351, 669.943299, 581.778351, 
            668.623711, 581.778351, 667.304124, 581.778351, 
            664.664948, 583.097938, 662.025773, 583.097938, 
            659.386598, 583.097938, 656.747423, 583.097938, 
            655.427835, 583.097938, 654.108247, 583.097938, 
            652.788660, 580.458763, 647.510309, 577.819588, 
            644.871134, 576.500000, 644.871134, 575.180412, 
            644.871134, 573.860825, 644.871134, 572.541237, 
            644.871134, 571.221649, 644.871134, 569.902062, 
            644.871134, 568.582474, 646.190722, 561.984536, 
            651.469072, 552.747423, 656.747423, 548.788660, 
            658.067010, 536.912371, 667.304124, 531.634021, 
            669.943299, 530.314433, 673.902062, 527.675258, 
            676.541237, 523.716495, 681.819588, 517.118557, 
            689.737113, 515.798969, 691.056701, 511.840206, 
            693.695876, 511.840206, 695.015464, 510.520619, 
            697.654639, 510.520619, 698.974227, 509.201031, 
            698.974227, 507.881443, 698.974227, 506.561856, 
            700.293814, 498.644330, 705.572165, 497.324742, 
            705.572165, 496.005155, 705.572165, 496.005155, 
            704.252577, 496.005155, 702.932990, 493.365979, 
            701.613402, 489.407216, 700.293814, 486.768041, 
            700.293814, 477.530928, 696.335052, 476.211340, 
            695.015464, 474.891753, 695.015464, 473.572165, 
            695.015464, 470.932990, 695.015464, 464.335052, 
            695.015464, 461.695876, 695.015464, 459.056701, 
            695.015464, 459.056701, 693.695876, 459.056701, 
            692.376289, 459.056701, 685.778351, 460.376289, 
            681.819588, 463.015464, 680.500000, 468.293814, 
            677.860825, 473.572165, 673.902062, 480.170103, 
            672.582474, 485.448454, 672.582474, 486.768041, 
            672.582474, 488.087629, 672.582474, 489.407216, 
            672.582474, 494.685567, 672.582474, 497.324742, 
            672.582474, 499.963918, 673.902062, 503.922680, 
            676.541237, 505.242268, 676.541237, 506.561856, 
            676.541237, 506.561856, 675.221649, 506.561856, 
            673.902062, 506.561856, 669.943299, 506.561856, 
            658.067010, 506.561856, 654.108247, 506.561856, 
            642.231959, 506.561856, 635.634021, 506.561856, 
            630.355670, 506.561856, 629.036082, 506.561856, 
            623.757732, 506.561856, 613.201031, 506.561856, 
            610.561856, 506.561856, 609.242268, 505.242268, 
            606.603093, 505.242268, 605.283505, 503.922680, 
            605.283505, 501.283505, 602.644330, 499.963918, 
            601.324742, 498.644330, 601.324742, 496.005155, 
            601.324742, 494.685567, 601.324742, 493.365979, 
            601.324742, 489.407216, 602.644330, 485.448454, 
            602.644330, 481.489691, 603.963918, 478.850515, 
            603.963918, 473.572165, 605.283505, 469.613402, 
            606.603093, 464.335052, 607.922680, 464.335052, 
            609.242268, 463.015464, 610.561856, 460.376289, 
            611.881443, 453.778351, 614.520619, 451.139175, 
            617.159794, 449.819588, 617.159794, 448.500000, 
            618.479381, 443.221649, 622.438144, 440.582474, 
            623.757732, 431.345361, 630.355670, 428.706186, 
            631.675258, 427.386598, 632.994845, 427.386598, 
            634.314433, 424.747423, 635.634021, 423.427835, 
            636.953608, 418.149485, 640.912371, 414.190722, 
            642.231959, 407.592784, 646.190722, 400.994845, 
            651.469072, 395.716495, 654.108247, 390.438144, 
            656.747423, 387.798969, 658.067010, 386.479381, 
            658.067010, 385.159794, 658.067010, 383.840206, 
            659.386598, 382.520619, 660.706186, 379.881443, 
            662.025773, 377.242268, 663.345361, 373.283505, 
            665.984536, 371.963918, 667.304124, 370.644330, 
            669.943299, 364.046392, 677.860825, 362.726804, 
            683.139175, 360.087629, 687.097938, 358.768041, 
            688.417526, 357.448454, 691.056701, 357.448454, 
            692.376289, 357.448454, 693.695876, 356.128866, 
            695.015464, 356.128866, 696.335052, 356.128866, 
            698.974227, 354.809278, 704.252577, 353.489691, 
            705.572165, 353.489691, 706.891753, 353.489691, 
            708.211340, 352.170103, 712.170103, 350.850515, 
            716.128866, 350.850515, 717.448454, -1.000000, 
            -1.000000, 609.489691, 712.170103, 608.170103, 
            706.891753, 606.850515, 700.293814, 606.850515, 
            696.335052, 606.850515, 692.376289, 606.850515, 
            691.056701, 606.850515, 689.737113, 606.850515, 
            688.417526, 606.850515, 687.097938, 606.850515, 
            685.778351, 606.850515, 684.458763, 606.850515, 
            683.139175, 608.170103, 681.819588, 610.809278, 
            676.541237, 612.128866, 675.221649, 614.768041, 
            673.902062, 617.407216, 672.582474, 624.005155, 
            672.582474, 627.963918, 672.582474, 631.922680, 
            673.902062, 639.840206, 683.139175, 639.840206, 
            685.778351, 641.159794, 685.778351, 641.159794, 
            688.417526, 645.118557, 696.335052, 646.438144, 
            698.974227, 649.077320, 702.932990, 651.716495, 
            708.211340, 651.716495, 709.530928, 653.036082, 
            710.850515, 654.355670, 712.170103, 659.634021, 
            716.128866, 660.953608, 716.128866, 662.273196, 
            716.128866, 663.592784, 716.128866, 668.871134, 
            716.128866, 670.190722, 716.128866, 671.510309, 
            716.128866, 672.829897, 716.128866, 674.149485, 
            716.128866, 675.469072, 716.128866, 676.788660, 
            716.128866, 678.108247, 716.128866, 679.427835, 
            716.128866, 680.747423, 716.128866, 680.747423, 
            714.809278, 682.067010, 710.850515, 683.386598, 
            706.891753, 683.386598, 702.932990, 683.386598, 
            695.015464, 683.386598, 692.376289, 683.386598, 
            684.458763, 683.386598, 681.819588, 683.386598, 
            679.180412, 683.386598, 669.943299, 683.386598, 
            667.304124, 683.386598, 658.067010, 684.706186, 
            656.747423, 684.706186, 655.427835, 684.706186, 
            648.829897, 686.025773, 643.551546, 686.025773, 
            642.231959, 686.025773, 640.912371, 686.025773, 
            639.592784, 687.345361, 638.273196, 688.664948, 
            638.273196, 692.623711, 638.273196, 693.943299, 
            638.273196, 699.221649, 639.592784, 701.860825, 
            639.592784, 705.819588, 642.231959, 709.778351, 
            643.551546, 715.056701, 646.190722, 719.015464, 
            647.510309, 721.654639, 648.829897, 721.654639, 
            650.149485, 722.974227, 650.149485, 725.613402, 
            650.149485, 726.932990, 651.469072, 728.252577, 
            651.469072, 730.891753, 652.788660, 737.489691, 
            654.108247, 742.768041, 656.747423, 749.365979, 
            663.345361, 752.005155, 665.984536, 755.963918, 
            671.262887, 761.242268, 677.860825, 762.561856, 
            680.500000, 765.201031, 683.139175, 766.520619, 
            684.458763, 771.798969, 691.056701, 771.798969, 
            692.376289, 774.438144, 697.654639, 775.757732, 
            698.974227, 779.716495, 701.613402, 782.355670, 
            704.252577, 791.592784, 712.170103, 792.912371, 
