%YAML:1.0
    mask: !!opencv-matrix
        rows: 737
        cols: 2
        dt: f
        data: [ 6.127498, 718.613509, 6.127498, 
            717.590328, 6.127498, 715.543965, 6.127498, 
            712.474420, 6.127498, 707.358513, 6.127498, 
            706.335332, 7.150679, 701.219424, 7.150679, 
            696.103517, 7.150679, 688.941247, 7.150679, 
            685.871703, 7.150679, 679.732614, 7.150679, 
            675.639888, 7.150679, 667.454436, 8.173861, 
            662.338529, 8.173861, 661.315348, 10.220224, 
            654.153078, 11.243405, 648.013989, 12.266587, 
            641.874900, 12.266587, 639.828537, 14.312950, 
            635.735811, 15.336131, 631.643086, 17.382494, 
            628.573541, 19.428857, 623.457634, 20.452038, 
            622.434452, 20.452038, 621.411271, 23.521583, 
            617.318545, 24.544764, 615.272182, 24.544764, 
            614.249001, 28.637490, 610.156275, 31.707034, 
            607.086731, 35.799760, 601.970823, 38.869305, 
            599.924460, 41.938849, 595.831735, 46.031575, 
            591.739009, 48.077938, 589.692646, 51.147482, 
            586.623102, 54.217026, 582.530376, 56.263389, 
            580.484013, 60.356115, 577.414468, 63.425659, 
            574.344924, 67.518385, 570.252198, 69.564748, 
            568.205835, 72.634293, 565.136291, 75.703837, 
            563.089928, 79.796563, 557.974021, 82.866107, 
            554.904476, 83.889289, 553.881295, 87.982014, 
            549.788569, 92.074740, 546.719025, 94.121103, 
            543.649480, 96.167466, 542.626299, 100.260192, 
            538.533573, 103.329736, 536.487210, 104.352918, 
            536.487210, 107.422462, 533.417666, 109.468825, 
            530.348122, 110.492006, 530.348122, 114.584732, 
            526.255396, 118.677458, 522.162670, 121.747002, 
            520.116307, 122.770184, 519.093125, 126.862910, 
            516.023581, 130.955635, 509.884492, 133.001998, 
            507.838129, 136.071543, 504.768585, 138.117906, 
            502.722222, 140.164269, 499.652678, 143.233813, 
            496.583133, 146.303357, 493.513589, 149.372902, 
            490.444045, 151.419265, 488.397682, 153.465627, 
            486.351319, 153.465627, 485.328137, 157.558353, 
            482.258593, 157.558353, 481.235412, 162.674261, 
            477.142686, 167.790168, 473.049960, 168.813349, 
            471.003597, 173.929257, 466.910871, 176.998801, 
            464.864508, 180.068345, 461.794964, 185.184253, 
            456.679057, 188.253797, 453.609512, 188.253797, 
            452.586331, 194.392886, 447.470424, 196.439249, 
            444.400879, 197.462430, 444.400879, 200.531974, 
            440.308153, 204.624700, 436.215428, 206.671063, 
            435.192246, 210.763789, 431.099520, 213.833333, 
            428.029976, 217.926059, 424.960432, 218.949241, 
            423.937250, 220.995604, 421.890887, 224.065148, 
            419.844524, 228.157874, 416.774980, 229.181055, 
            415.751799, 233.273781, 413.705436, 235.320144, 
            412.682254, 236.343325, 411.659073, 241.459233, 
            408.589528, 243.505596, 406.543165, 245.551958, 
            404.496803, 248.621503, 402.450440, 249.644684, 
            401.427258, 253.737410, 399.380895, 253.737410, 
            398.357714, 258.853317, 395.288169, 259.876499, 
            394.264988, 262.946043, 392.218625, 267.038769, 
            390.172262, 268.061950, 389.149081, 270.108313, 
            387.102718, 273.177858, 385.056355, 275.224221, 
            384.033173, 276.247402, 384.033173, 277.270584, 
            381.986811, 280.340128, 380.963629, 282.386491, 
            379.940448, 283.409672, 378.917266, 285.456035, 
            377.894085, 286.479217, 376.870903, 287.502398, 
            374.824540, 290.571942, 373.801359, 291.595124, 
            373.801359, 293.641487, 371.754996, 295.687850, 
            370.731815, 297.734213, 369.708633, 299.780576, 
            368.685452, 300.803757, 368.685452, 301.826938, 
            367.662270, 306.942846, 366.639089, 307.966027, 
            365.615907, 312.058753, 365.615907, 315.128297, 
            364.592726, 317.174660, 364.592726, 320.244205, 
            363.569544, 323.313749, 363.569544, 326.383293, 
            363.569544, 331.499201, 362.546363, 335.591926, 
            362.546363, 339.684652, 362.546363, 344.800560, 
            362.546363, 346.846922, 362.546363, 350.939648, 
            362.546363, 355.032374, 362.546363, 359.125100, 
            363.569544, 360.148281, 363.569544, 364.241007, 
            364.592726, 367.310552, 364.592726, 372.426459, 
            365.615907, 377.542366, 365.615907, 381.635092, 
            365.615907, 384.704636, 365.615907, 385.727818, 
            366.639089, 386.750999, 366.639089, 387.774181, 
            367.662270, 388.797362, 367.662270, 389.820544, 
            368.685452, 389.820544, 369.708633, 393.913269, 
            372.778177, 395.959632, 375.847722, 396.982814, 
            376.870903, 396.982814, 377.894085, 398.005995, 
            379.940448, 399.029177, 381.986811, 400.052358, 
            384.033173, 400.052358, 385.056355, 400.052358, 
            386.079536, 400.052358, 387.102718, 399.029177, 
            389.149081, 399.029177, 390.172262, 396.982814, 
            391.195444, 395.959632, 392.218625, 392.890088, 
            393.241807, 391.866906, 395.288169, 389.820544, 
            395.288169, 388.797362, 396.311351, 387.774181, 
            397.334532, 385.727818, 397.334532, 382.658273, 
            397.334532, 379.588729, 398.357714, 377.542366, 
            398.357714, 375.496003, 398.357714, 373.449640, 
            398.357714, 372.426459, 399.380895, 369.356914, 
            399.380895, 368.333733, 399.380895, 367.310552, 
            399.380895, 365.264189, 399.380895, 365.264189, 
            400.404077, 361.171463, 400.404077, 359.125100, 
            402.450440, 358.101918, 402.450440, 357.078737, 
            402.450440, 356.055556, 403.473621, 352.986011, 
            403.473621, 351.962830, 403.473621, 350.939648, 
            403.473621, 350.939648, 404.496803, 350.939648, 
            405.519984, 349.916467, 406.543165, 349.916467, 
            407.566347, 349.916467, 408.589528, 350.939648, 
            410.635891, 351.962830, 412.682254, 352.986011, 
            413.705436, 354.009193, 414.728617, 356.055556, 
            414.728617, 358.101918, 414.728617, 359.125100, 
            414.728617, 363.217826, 414.728617, 366.287370, 
            415.751799, 367.310552, 415.751799, 368.333733, 
            415.751799, 369.356914, 415.751799, 371.403277, 
            415.751799, 372.426459, 416.774980, 374.472822, 
            416.774980, 375.496003, 417.798161, 377.542366, 
            419.844524, 380.611910, 420.867706, 382.658273, 
            422.914069, 384.704636, 424.960432, 387.774181, 
            425.983613, 389.820544, 425.983613, 390.843725, 
            427.006795, 391.866906, 428.029976, 391.866906, 
            429.053157, 393.913269, 430.076339, 393.913269, 
            431.099520, 394.936451, 436.215428, 395.959632, 
            438.261791, 395.959632, 440.308153, 395.959632, 
            443.377698, 395.959632, 446.447242, 395.959632, 
            447.470424, 395.959632, 450.539968, 396.982814, 
            451.563149, 396.982814, 453.609512, 396.982814, 
            454.632694, 396.982814, 458.725420, 396.982814, 
            460.771783, 396.982814, 462.818145, 396.982814, 
            464.864508, 396.982814, 465.887690, 398.005995, 
            468.957234, 399.029177, 472.026779, 399.029177, 
            474.073141, 399.029177, 475.096323, 400.052358, 
            477.142686, 400.052358, 478.165867, 401.075540, 
            480.212230, 402.098721, 481.235412, 402.098721, 
            482.258593, 404.145084, 484.304956, 405.168265, 
            486.351319, 407.214628, 487.374500, 408.237810, 
