%YAML:1.0
    mask: !!opencv-matrix
        rows: 873
        cols: 2
        dt: f
        data: [ 335.596674, 718.365429, 337.576566, 
            716.385538, 340.546404, 713.415700, 340.546404, 
            712.425754, 341.536350, 711.435808, 343.516241, 
            708.465971, 343.516241, 706.486079, 345.496133, 
            705.496133, 346.486079, 704.506187, 346.486079, 
            703.516241, 347.476025, 703.516241, 348.465971, 
            702.526295, 348.465971, 700.546404, 350.445862, 
            699.556458, 351.435808, 698.566512, 351.435808, 
            697.576566, 352.425754, 696.586620, 353.415700, 
            695.596674, 354.405646, 694.606729, 355.395592, 
            694.606729, 355.395592, 693.616783, 356.385538, 
            693.616783, 357.375483, 692.626837, 358.365429, 
            692.626837, 360.345321, 690.646945, 361.335267, 
            690.646945, 363.315159, 689.656999, 364.305104, 
            688.667053, 366.284996, 687.677108, 367.274942, 
            687.677108, 367.274942, 686.687162, 367.274942, 
            685.697216, 369.254834, 685.697216, 370.244780, 
            685.697216, 371.234725, 684.707270, 372.224671, 
            684.707270, 374.204563, 684.707270, 375.194509, 
            684.707270, 376.184455, 684.707270, 378.164346, 
            684.707270, 380.144238, 684.707270, 382.124130, 
            684.707270, 383.114076, 684.707270, 384.104022, 
            684.707270, 386.083913, 684.707270, 388.063805, 
            685.697216, 389.053751, 686.687162, 390.043697, 
            686.687162, 391.033643, 687.677108, 392.023589, 
            687.677108, 393.013534, 688.667053, 394.003480, 
            688.667053, 394.003480, 690.646945, 395.983372, 
            690.646945, 396.973318, 690.646945, 396.973318, 
            691.636891, 397.963264, 692.626837, 398.953210, 
            692.626837, 399.943155, 692.626837, 400.933101, 
            693.616783, 401.923047, 694.606729, 403.902939, 
            695.596674, 404.892885, 695.596674, 405.882831, 
            695.596674, 406.872776, 696.586620, 408.852668, 
            697.576566, 411.822506, 697.576566, 414.792343, 
            698.566512, 416.772235, 698.566512, 418.752127, 
            698.566512, 419.742073, 699.556458, 420.732019, 
            700.546404, 421.721964, 701.536350, 422.711910, 
            701.536350, 424.691802, 703.516241, 426.671694, 
            704.506187, 428.651585, 705.496133, 430.631477, 
            705.496133, 431.621423, 706.486079, 433.601315, 
            706.486079, 433.601315, 707.476025, 434.591261, 
            708.465971, 435.581206, 708.465971, 436.571152, 
            709.455916, 437.561098, 709.455916, 438.551044, 
            709.455916, 438.551044, 710.445862, 441.520882, 
            711.435808, 442.510828, 712.425754, 444.490719, 
            712.425754, 445.480665, 713.415700, 446.470611, 
            714.405646, 447.460557, 714.405646, 447.460557, 
            715.395592, 448.450503, 715.395592, 449.440449, 
            715.395592, 449.440449, 716.385538, 450.430394, 
            716.385538, 451.420340, 716.385538, 451.420340, 
            717.375483, 452.410286, 717.375483, 452.410286, 
            718.365429, -1.000000, -1.000000, 793.941609, 
            718.365429, 793.941609, 717.375483, 793.941609, 
            716.385538, 793.941609, 715.395592, 794.931555, 
            715.395592, 795.921500, 714.405646, 796.911446, 
            712.425754, 796.911446, 711.435808, 797.901392, 
            710.445862, 798.891338, 709.455916, 798.891338, 
            708.465971, 799.881284, 706.486079, 800.871230, 
            705.496133, 801.861176, 705.496133, 802.851121, 
            704.506187, 803.841067, 704.506187, 805.820959, 
            703.516241, 808.790797, 702.526295, 811.760634, 
            701.536350, 813.740526, 701.536350, 816.710363, 
            700.546404, 820.670147, 698.566512, 821.660093, 
            698.566512, 823.639985, 698.566512, 824.629930, 
            698.566512, 825.619876, 698.566512, 827.599768, 
            698.566512, 828.589714, 697.576566, 830.569606, 
            696.586620, 830.569606, 695.596674, 831.559551, 
            695.596674, 832.549497, 695.596674, 834.529389, 
            695.596674, 835.519335, 695.596674, 836.509281, 
            695.596674, 837.499227, 695.596674, 840.469064, 
            695.596674, 841.459010, 695.596674, 842.448956, 
            695.596674, 843.438902, 695.596674, 845.418794, 
            695.596674, 847.398685, 694.606729, 849.378577, 
            694.606729, 850.368523, 694.606729, 851.358469, 
            694.606729, 853.338360, 694.606729, 856.308198, 
            694.606729, 858.288090, 694.606729, 859.278036, 
            694.606729, 860.267981, 694.606729, 862.247873, 
            694.606729, 864.227765, 695.596674, 865.217711, 
            695.596674, 866.207657, 696.586620, 868.187548, 
            696.586620, 869.177494, 697.576566, 870.167440, 
            697.576566, 871.157386, 697.576566, 871.157386, 
            698.566512, 872.147332, 699.556458, 873.137278, 
            699.556458, 874.127224, 699.556458, 875.117169, 
            699.556458, 876.107115, 700.546404, 877.097061, 
            701.536350, 877.097061, 702.526295, 878.087007, 
            702.526295, 878.087007, 703.516241, 880.066899, 
            704.506187, 881.056845, 704.506187, 882.046790, 
            705.496133, 883.036736, 707.476025, 884.026682, 
            707.476025, 885.016628, 709.455916, 886.006574, 
            709.455916, 886.006574, 710.445862, 886.996520, 
            711.435808, 887.986466, 712.425754, 888.976411, 
            712.425754, 889.966357, 713.415700, 889.966357, 
            714.405646, 890.956303, 714.405646, 891.946249, 
            714.405646, 892.936195, 714.405646, -1.000000, 
            -1.000000, 700.886698, 437.220804, 701.876643, 
            436.230858, 701.876643, 435.240913, 702.866589, 
            435.240913, 703.856535, 435.240913, 705.836427, 
            432.271075, 709.796210, 429.301237, 712.766048, 
            425.341454, 714.745940, 423.361562, 717.715777, 
            420.391725, 719.695669, 418.411833, 720.685615, 
            418.411833, 720.685615, 417.421887, 721.675561, 
            416.431941, 722.665507, 416.431941, 723.655452, 
            415.441995, 724.645398, 414.452049, 725.635344, 
            413.462104, 727.615236, 411.482212, 728.605182, 
            410.492266, 729.595128, 409.502320, 730.585073, 
            408.512374, 731.575019, 408.512374, 732.564965, 
            408.512374, 733.554911, 408.512374, 734.544857, 
            408.512374, 735.534803, 408.512374, 736.524749, 
            408.512374, 737.514695, 408.512374, 738.504640, 
            408.512374, 739.494586, 408.512374, 740.484532, 
            408.512374, 741.474478, 408.512374, 742.464424, 
            408.512374, 743.454370, 408.512374, 745.434261, 
            408.512374, 747.414153, 408.512374, 749.394045, 
            408.512374, 751.373937, 408.512374, 754.343774, 
            408.512374, 755.333720, 408.512374, 756.323666, 
            408.512374, 757.313612, 409.502320, 758.303558, 
            409.502320, 759.293503, 410.492266, 760.283449, 
            410.492266, 761.273395, 411.482212, 762.263341, 
            412.472158, 763.253287, 412.472158, 764.243233, 
            412.472158, 764.243233, 413.462104, 766.223125, 
            414.452049, 768.203016, 415.441995, 770.182908, 
            415.441995, 771.172854, 415.441995, 775.132637, 
            416.431941, 776.122583, 416.431941, 777.112529, 
            417.421887, 778.102475, 417.421887, 779.092421, 
            418.411833, 780.082367, 418.411833, 781.072312, 
            418.411833, 782.062258, 419.401779, 784.042150, 
            420.391725, 785.032096, 420.391725, 786.022042, 
            420.391725, 787.011988, 421.381671, 788.001933, 
            422.371616, 788.991879, 422.371616, 789.981825, 
