%YAML:1.0
    mask: !!opencv-matrix
        rows: 722
        cols: 2
        dt: f
        data: [ 22.751656, 714.407285, 24.870861, 
            714.407285, 24.870861, 712.288079, 26.990066, 
            712.288079, 29.109272, 710.168874, 33.347682, 
            705.930464, 35.466887, 705.930464, 35.466887, 
            703.811258, 37.586093, 703.811258, 39.705298, 
            701.692053, 41.824503, 699.572848, 43.943709, 
            697.453642, 46.062914, 695.334437, 46.062914, 
            693.215232, 48.182119, 693.215232, 50.301325, 
            693.215232, 52.420530, 691.096026, 54.539735, 
            688.976821, 56.658940, 686.857616, 58.778146, 
            684.738411, 60.897351, 684.738411, 60.897351, 
            682.619205, 63.016556, 682.619205, 65.135762, 
            682.619205, 65.135762, 680.500000, 67.254967, 
            680.500000, 69.374172, 678.380795, 71.493377, 
            676.261589, 73.612583, 676.261589, 75.731788, 
            676.261589, 77.850993, 674.142384, 79.970199, 
            674.142384, 82.089404, 672.023179, 84.208609, 
            669.903974, 86.327815, 669.903974, 88.447020, 
            667.784768, 90.566225, 665.665563, 94.804636, 
            665.665563, 96.923841, 663.546358, 99.043046, 
            663.546358, 101.162252, 661.427152, 103.281457, 
            659.307947, 105.400662, 659.307947, 107.519868, 
            657.188742, 109.639073, 657.188742, 111.758278, 
            655.069536, 115.996689, 655.069536, 118.115894, 
            655.069536, 118.115894, 652.950331, 122.354305, 
            652.950331, 124.473510, 652.950331, 124.473510, 
            650.831126, 126.592715, 650.831126, 128.711921, 
            648.711921, 130.831126, 648.711921, 132.950331, 
            646.592715, 137.188742, 644.473510, 139.307947, 
            644.473510, 141.427152, 642.354305, 143.546358, 
            642.354305, 145.665563, 640.235099, 149.903974, 
            638.115894, 152.023179, 635.996689, 154.142384, 
            635.996689, 156.261589, 635.996689, 156.261589, 
            633.877483, 158.380795, 633.877483, 160.500000, 
            633.877483, 162.619205, 633.877483, 164.738411, 
            631.758278, 171.096026, 629.639073, 173.215232, 
            629.639073, 175.334437, 627.519868, 177.453642, 
            627.519868, 179.572848, 625.400662, 181.692053, 
            625.400662, 183.811258, 625.400662, 188.049669, 
            625.400662, 190.168874, 625.400662, 194.407285, 
            625.400662, 196.526490, 625.400662, 198.645695, 
            625.400662, 198.645695, 627.519868, 202.884106, 
            627.519868, 207.122517, 627.519868, 211.360927, 
            627.519868, 215.599338, 627.519868, 221.956954, 
            627.519868, 226.195364, 629.639073, 228.314570, 
            629.639073, 230.433775, 629.639073, 232.552980, 
            629.639073, 234.672185, 629.639073, 236.791391, 
            629.639073, 238.910596, 629.639073, 241.029801, 
            631.758278, 243.149007, 631.758278, 245.268212, 
            631.758278, 247.387417, 631.758278, 249.506623, 
            633.877483, 253.745033, 635.996689, 255.864238, 
            635.996689, 260.102649, 638.115894, 262.221854, 
            638.115894, 262.221854, 640.235099, 266.460265, 
            640.235099, 266.460265, 642.354305, 268.579470, 
            642.354305, 272.817881, 644.473510, 272.817881, 
            646.592715, 274.937086, 646.592715, 279.175497, 
            648.711921, 281.294702, 650.831126, 283.413907, 
            650.831126, 285.533113, 650.831126, 287.652318, 
            652.950331, 289.771523, 652.950331, 291.890728, 
            652.950331, 291.890728, 655.069536, 294.009934, 
            655.069536, 296.129139, 655.069536, 298.248344, 
            655.069536, 300.367550, 657.188742, 302.486755, 
            659.307947, 304.605960, 659.307947, 310.963576, 
            663.546358, 313.082781, 667.784768, 317.321192, 
            669.903974, 319.440397, 672.023179, 321.559603, 
            674.142384, 323.678808, 676.261589, 325.798013, 
            676.261589, 327.917219, 678.380795, 330.036424, 
            680.500000, 332.155629, 680.500000, 332.155629, 
            682.619205, 334.274834, 682.619205, 334.274834, 
            684.738411, 336.394040, 684.738411, 338.513245, 
            686.857616, 340.632450, 688.976821, 342.751656, 
            691.096026, 344.870861, 693.215232, 346.990066, 
            693.215232, 349.109272, 695.334437, 349.109272, 
            697.453642, 351.228477, 697.453642, 351.228477, 
            699.572848, 353.347682, 699.572848, 355.466887, 
            701.692053, 357.586093, 703.811258, 357.586093, 
            705.930464, 359.705298, 705.930464, 359.705298, 
            708.049669, 361.824503, 708.049669, 363.943709, 
            710.168874, 366.062914, 712.288079, 366.062914, 
            714.407285, 368.182119, 716.526490, 368.182119, 
            718.645695, -1.000000, -1.000000, 505.930464, 
            576.658940, 508.049669, 572.420530, 508.049669, 
            570.301325, 510.168874, 568.182119, 510.168874, 
            566.062914, 510.168874, 563.943709, 512.288079, 
            561.824503, 514.407285, 559.705298, 514.407285, 
            557.586093, 516.526490, 557.586093, 516.526490, 
            555.466887, 518.645695, 553.347682, 518.645695, 
            551.228477, 520.764901, 549.109272, 522.884106, 
            546.990066, 525.003311, 546.990066, 525.003311, 
            544.870861, 525.003311, 542.751656, 527.122517, 
            542.751656, 527.122517, 540.632450, 529.241722, 
            540.632450, 531.360927, 540.632450, 533.480132, 
            540.632450, 535.599338, 540.632450, 539.837748, 
            540.632450, 541.956954, 540.632450, 544.076159, 
            540.632450, 548.314570, 540.632450, 552.552980, 
            540.632450, 554.672185, 540.632450, 558.910596, 
            540.632450, 561.029801, 540.632450, 563.149007, 
            542.751656, 565.268212, 542.751656, 567.387417, 
            542.751656, 569.506623, 542.751656, 577.983444, 
            538.513245, 577.983444, 536.394040, 580.102649, 
            534.274834, 582.221854, 532.155629, 584.341060, 
            530.036424, 586.460265, 530.036424, 586.460265, 
            527.917219, 588.579470, 527.917219, 588.579470, 
            525.798013, 588.579470, 523.678808, 590.698675, 
            521.559603, 592.817881, 519.440397, 594.937086, 
            517.321192, 597.056291, 515.201987, 599.175497, 
            513.082781, 601.294702, 513.082781, 601.294702, 
            510.963576, 603.413907, 510.963576, 605.533113, 
            508.844371, 609.771523, 508.844371, 609.771523, 
            506.725166, 611.890728, 506.725166, 614.009934, 
            504.605960, 616.129139, 504.605960, 618.248344, 
            504.605960, 620.367550, 504.605960, 622.486755, 
            504.605960, 626.725166, 504.605960, 628.844371, 
            504.605960, 630.963576, 504.605960, 633.082781, 
            504.605960, 637.321192, 504.605960, 639.440397, 
            504.605960, 641.559603, 504.605960, 643.678808, 
            504.605960, 645.798013, 504.605960, 650.036424, 
            504.605960, 652.155629, 504.605960, 654.274834, 
            504.605960, 656.394040, 504.605960, 658.513245, 
            504.605960, 660.632450, 504.605960, 662.751656, 
            504.605960, 664.870861, 504.605960, 666.990066, 
            506.725166, 669.109272, 506.725166, 673.347682, 
            506.725166, 675.466887, 506.725166, 677.586093, 
            506.725166, 681.824503, 506.725166, 683.943709, 
            506.725166, 694.539735, 510.963576, 700.897351, 
            510.963576, 703.016556, 510.963576, 705.135762, 
            510.963576, 707.254967, 510.963576, 709.374172, 
            510.963576, 713.612583, 513.082781, 717.850993, 
            513.082781, 719.970199, 513.082781, 722.089404, 
            513.082781, 722.089404, 515.201987, 724.208609, 
