%YAML:1.0
    mask: !!opencv-matrix
        rows: 225
        cols: 2
        dt: f
        data: [ 497.324742, 716.128866, 488.087629, 
            716.128866, 477.530928, 714.809278, 473.572165, 
            713.489691, 470.932990, 712.170103, 470.932990, 
            710.850515, 470.932990, 709.530928, 473.572165, 
            709.530928, 477.530928, 708.211340, 484.128866, 
            708.211340, 496.005155, 708.211340, 505.242268, 
            706.891753, 507.881443, 705.572165, 509.201031, 
            705.572165, 513.159794, 702.932990, 514.479381, 
            702.932990, 515.798969, 698.974227, 515.798969, 
            696.335052, 515.798969, 688.417526, 514.479381, 
            685.778351, 513.159794, 681.819588, 513.159794, 
            680.500000, 511.840206, 677.860825, 511.840206, 
            676.541237, 510.520619, 676.541237, 509.201031, 
            676.541237, 506.561856, 675.221649, 503.922680, 
            673.902062, 502.603093, 673.902062, 499.963918, 
            673.902062, 498.644330, 673.902062, 494.685567, 
            673.902062, 492.046392, 673.902062, 486.768041, 
            672.582474, 484.128866, 671.262887, 480.170103, 
            669.943299, 478.850515, 668.623711, 477.530928, 
            668.623711, 474.891753, 668.623711, 468.293814, 
            668.623711, 465.654639, 668.623711, 453.778351, 
            672.582474, 440.582474, 680.500000, 426.067010, 
            689.737113, 416.829897, 697.654639, 406.273196, 
            709.530928, 403.634021, 712.170103, -1.000000, 
            -1.000000, 688.664948, 691.056701, 688.664948, 
            696.335052, 688.664948, 697.654639, 688.664948, 
            701.613402, 688.664948, 702.932990, 688.664948, 
            705.572165, 689.984536, 708.211340, 691.304124, 
            710.850515, 692.623711, 714.809278, 692.623711, 
            716.128866, 693.943299, 717.448454, 695.262887, 
            718.768041, 736.170103, 718.768041, 736.170103, 
            717.448454, 736.170103, 709.530928, 729.572165, 
            695.015464, 725.613402, 691.056701, 715.056701, 
            685.778351, 713.737113, 684.458763, 709.778351, 
            684.458763, 703.180412, 683.139175, 701.860825, 
            683.139175, -1.000000, -1.000000, 787.634021, 
            326.850515, 779.716495, 328.170103, 774.438144, 
            330.809278, 769.159794, 334.768041, 766.520619, 
            337.407216, 762.561856, 340.046392, 759.922680, 
            345.324742, 757.283505, 350.603093, 755.963918, 
            354.561856, 753.324742, 359.840206, 750.685567, 
            371.716495, 744.087629, 386.231959, 740.128866, 
            399.427835, 734.850515, 409.984536, 732.211340, 
            416.582474, 729.572165, 428.458763, 728.252577, 
            432.417526, 728.252577, 441.654639, 728.252577, 
            450.891753, 728.252577, 453.530928, 729.572165, 
            454.850515, 734.850515, 456.170103, 737.489691, 
            456.170103, 742.768041, 457.489691, 748.046392, 
            457.489691, 761.242268, 450.891753, 770.479381, 
            445.613402, 781.036082, 444.293814, 791.592784, 
            444.293814, 794.231959, 444.293814, 795.551546, 
            444.293814, 804.788660, 444.293814, 807.427835, 
            444.293814, 816.664948, 441.654639, 823.262887, 
            441.654639, 829.860825, 441.654639, 833.819588, 
            441.654639, 844.376289, 441.654639, 854.932990, 
            439.015464, 858.891753, 437.695876, 860.211340, 
            436.376289, 862.850515, 433.737113, 865.489691, 
            429.778351, 866.809278, 423.180412, 869.448454, 
            419.221649, 872.087629, 413.943299, 873.407216, 
            411.304124, 873.407216, 407.345361, 873.407216, 
            400.747423, 873.407216, 395.469072, 872.087629, 
            388.871134, 869.448454, 386.231959, 866.809278, 
            375.675258, 864.170103, 367.757732, 854.932990, 
            353.242268, 840.417526, 341.365979, 824.582474, 
            333.448454, 810.067010, 329.489691, 804.788660, 
            329.489691, 803.469072, 329.489691, -1.000000, 
            -1.000000, 569.902062, 268.788660, 569.902062, 
            275.386598, 569.902062, 284.623711, 571.221649, 
            295.180412, 571.221649, 299.139175, 571.221649, 
            301.778351, 572.541237, 304.417526, 576.500000, 
            311.015464, 579.139175, 313.654639, 580.458763, 
            316.293814, 584.417526, 320.252577, 585.737113, 
            321.572165, 589.695876, 324.211340, 589.695876, 
            325.530928, 591.015464, 325.530928, 596.293814, 
            328.170103, 601.572165, 332.128866, 602.891753, 
            333.448454, 608.170103, 333.448454, 612.128866, 
            333.448454, 614.768041, 333.448454, 624.005155, 
            333.448454, 627.963918, 333.448454, 633.242268, 
            333.448454, 638.520619, 333.448454, 643.798969, 
            333.448454, 646.438144, 333.448454, 649.077320, 
            333.448454, 654.355670, 330.809278, 655.675258, 
            329.489691, 658.314433, 328.170103, 659.634021, 
            324.211340, 662.273196, 318.932990, 664.912371, 
            317.613402, 668.871134, 314.974227, 668.871134, 
            313.654639, 671.510309, 313.654639, 672.829897, 
            312.335052, 672.829897, 309.695876, 672.829897, 
            308.376289, 674.149485, 308.376289, 674.149485, 
            307.056701, 674.149485, 305.737113, 675.469072, 
            304.417526, 675.469072, 303.097938, 671.510309, 
            300.458763, 660.953608, 296.500000, 656.994845, 
            296.500000, 654.355670, 296.500000, 653.036082, 
            296.500000, 646.438144, 296.500000, 639.840206, 
            295.180412, 635.881443, 295.180412, 633.242268, 
            295.180412, 629.283505, 295.180412, 626.644330, 
            295.180412, 622.685567, 295.180412, 612.128866, 
            295.180412, 608.170103, 292.541237, 601.572165, 
            289.902062, 594.974227, 285.943299, 592.335052, 
            283.304124, 591.015464, 280.664948, 592.335052, 
            279.345361, 602.891753, 278.025773, 610.809278, 
            278.025773, 621.365979, 278.025773, 626.644330, 
            279.345361, 638.520619, 287.262887, 643.798969, 
            291.221649, 646.438144, 292.541237, 647.757732, 
            292.541237, 649.077320, 292.541237, 651.716495, 
            291.221649, 653.036082, 288.582474, 654.355670, 
            283.304124, 655.675258, 280.664948, 655.675258, 
            276.706186, 654.355670, 270.108247, 649.077320, 
            267.469072, 646.438144, 266.149485, 642.479381, 
            263.510309, 635.881443, 259.551546, 631.922680, 
            259.551546, 625.324742, 259.551546, 617.407216, 
            258.231959, 613.448454, 256.912371, 601.572165, 
            255.592784, 592.335052, 255.592784, 591.015464, 
            255.592784, 589.695876, 255.592784, 587.056701, 
            260.871134, 587.056701, 262.190722]
