%YAML:1.0
    mask: !!opencv-matrix
        rows: 325
        cols: 2
        dt: f
        data: [ 171.386598, 716.128866, 174.025773, 
            710.850515, 175.345361, 708.211340, 177.984536, 
            705.572165, 179.304124, 704.252577, 180.623711, 
            702.932990, 181.943299, 702.932990, 184.582474, 
            701.613402, 185.902062, 701.613402, 187.221649, 
            701.613402, 188.541237, 701.613402, 196.458763, 
            701.613402, 199.097938, 701.613402, 203.056701, 
            701.613402, 204.376289, 701.613402, 212.293814, 
            701.613402, 217.572165, 701.613402, 225.489691, 
            701.613402, 229.448454, 701.613402, 237.365979, 
            701.613402, 247.922680, 701.613402, 254.520619, 
            701.613402, 257.159794, 701.613402, 263.757732, 
            701.613402, 265.077320, 701.613402, 270.355670, 
            701.613402, 274.314433, 701.613402, 279.592784, 
            701.613402, 286.190722, 701.613402, 291.469072, 
            701.613402, 295.427835, 701.613402, 302.025773, 
            701.613402, 305.984536, 701.613402, 315.221649, 
            701.613402, 320.500000, 701.613402, 328.417526, 
            701.613402, 333.695876, 701.613402, 336.335052, 
            701.613402, 338.974227, 702.932990, 341.613402, 
            704.252577, 348.211340, 706.891753, 353.489691, 
            709.530928, 364.046392, 716.128866, 364.046392, 
            717.448454, 365.365979, 717.448454, 365.365979, 
            718.768041, -1.000000, -1.000000, 656.994845, 
            717.448454, 662.273196, 713.489691, 670.190722, 
            706.891753, 675.469072, 702.932990, 676.788660, 
            700.293814, 679.427835, 698.974227, 683.386598, 
            696.335052, 687.345361, 693.695876, 689.984536, 
            692.376289, 692.623711, 691.056701, 695.262887, 
            689.737113, 697.902062, 688.417526, 701.860825, 
            688.417526, 701.860825, 687.097938, 703.180412, 
            687.097938, 705.819588, 687.097938, 707.139175, 
            687.097938, 709.778351, 687.097938, 712.417526, 
            687.097938, 717.695876, 687.097938, 720.335052, 
            688.417526, 725.613402, 688.417526, 728.252577, 
            689.737113, 740.128866, 691.056701, 748.046392, 
            692.376289, 753.324742, 693.695876, 759.922680, 
            695.015464, 763.881443, 696.335052, 775.757732, 
            700.293814, 779.716495, 701.613402, 788.953608, 
            704.252577, 792.912371, 705.572165, 800.829897, 
            706.891753, 811.386598, 713.489691, 814.025773, 
            714.809278, 817.984536, 716.128866, 821.943299, 
            717.448454, -1.000000, -1.000000, 717.695876, 
            219.963918, 711.097938, 221.283505, 707.139175, 
            222.603093, 696.582474, 226.561856, 693.943299, 
            227.881443, 691.304124, 229.201031, 683.386598, 
            235.798969, 680.747423, 237.118557, 678.108247, 
            239.757732, 671.510309, 242.396907, 668.871134, 
            245.036082, 663.592784, 247.675258, 660.953608, 
            251.634021, 656.994845, 256.912371, 654.355670, 
            258.231959, 651.716495, 263.510309, 649.077320, 
            270.108247, 646.438144, 276.706186, 642.479381, 
            283.304124, 642.479381, 284.623711, 641.159794, 
            289.902062, 638.520619, 295.180412, 635.881443, 
            304.417526, 629.283505, 326.850515, 626.644330, 
            334.768041, 625.324742, 338.726804, 624.005155, 
            345.324742, 622.685567, 350.603093, 621.365979, 
            353.242268, 618.726804, 366.438144, 617.407216, 
            369.077320, 617.407216, 371.716495, 614.768041, 
            375.675258, 613.448454, 379.634021, 612.128866, 
            382.273196, 612.128866, 388.871134, 612.128866, 
            391.510309, 612.128866, 392.829897, 612.128866, 
            395.469072, 612.128866, 399.427835, 613.448454, 
            399.427835, 614.768041, 399.427835, 616.087629, 
            399.427835, 621.365979, 396.788660, 626.644330, 
            394.149485, 629.283505, 392.829897, 634.561856, 
            390.190722, 638.520619, 388.871134, 639.840206, 
            388.871134, 642.479381, 387.551546, 643.798969, 
            386.231959, 645.118557, 386.231959, 646.438144, 
            384.912371, 650.396907, 382.273196, 653.036082, 
            380.953608, 660.953608, 374.355670, 668.871134, 
            366.438144, 671.510309, 362.479381, 675.469072, 
            357.201031, 679.427835, 351.922680, 684.706186, 
            346.644330, 688.664948, 341.365979, 692.623711, 
            336.087629, 697.902062, 329.489691, 701.860825, 
            326.850515, 704.500000, 324.211340, 709.778351, 
            317.613402, 711.097938, 316.293814, 712.417526, 
            316.293814, 713.737113, 314.974227, 713.737113, 
            316.293814, 713.737113, 320.252577, 713.737113, 
            325.530928, 712.417526, 330.809278, 711.097938, 
            333.448454, 709.778351, 334.768041, 708.458763, 
            340.046392, 707.139175, 345.324742, 707.139175, 
            349.283505, 707.139175, 350.603093, 707.139175, 
            351.922680, 707.139175, 353.242268, 708.458763, 
            353.242268, 709.778351, 353.242268, 712.417526, 
            354.561856, 716.376289, 354.561856, 725.613402, 
            354.561856, 737.489691, 354.561856, 745.407216, 
            354.561856, 748.046392, 354.561856, 752.005155, 
            354.561856, 753.324742, 354.561856, 754.644330, 
            354.561856, 759.922680, 355.881443, 761.242268, 
            357.201031, 767.840206, 357.201031, 770.479381, 
            357.201031, 771.798969, 357.201031, 774.438144, 
            357.201031, 775.757732, 357.201031, 777.077320, 
            355.881443, 777.077320, 353.242268, 778.396907, 
            350.603093, 778.396907, 346.644330, 778.396907, 
            345.324742, 778.396907, 342.685567, 778.396907, 
            341.365979, 778.396907, 338.726804, 778.396907, 
            337.407216, 778.396907, 334.768041, 778.396907, 
            332.128866, 778.396907, 328.170103, 778.396907, 
            325.530928, 778.396907, 317.613402, 778.396907, 
            308.376289, 778.396907, 303.097938, 778.396907, 
            300.458763, 778.396907, 299.139175, 778.396907, 
            297.819588, 778.396907, 295.180412, 778.396907, 
            292.541237, 779.716495, 288.582474, 779.716495, 
            285.943299, 781.036082, 280.664948, 781.036082, 
            278.025773, 782.355670, 272.747423, 782.355670, 
            266.149485, 782.355670, 263.510309, 782.355670, 
            262.190722, 782.355670, 258.231959, 782.355670, 
            252.953608, 782.355670, 247.675258, 781.036082, 
            245.036082, 779.716495, 243.716495, 779.716495, 
            242.396907, 778.396907, 241.077320, 775.757732, 
            239.757732, 775.757732, 238.438144, 773.118557, 
            237.118557, -1.000000, -1.000000, 432.664948, 
            258.231959, 433.984536, 263.510309, 439.262887, 
            270.108247, 443.221649, 275.386598, 444.541237, 
            279.345361, 447.180412, 284.623711, 451.139175, 
            292.541237, 453.778351, 297.819588, 456.417526, 
            301.778351, 460.376289, 304.417526, 463.015464, 
            308.376289, 468.293814, 313.654639, 476.211340, 
            317.613402, 481.489691, 318.932990, 486.768041, 
            322.891753, 489.407216, 322.891753, 502.603093, 
            325.530928, 506.561856, 325.530928, 510.520619, 
            326.850515, 511.840206, 326.850515, 514.479381, 
            326.850515, 515.798969, 328.170103, 517.118557, 
            328.170103, 518.438144, 328.170103, 519.757732, 
            328.170103, 522.396907, 328.170103, 523.716495, 
            326.850515, 527.675258, 322.891753, 531.634021, 
            321.572165, 534.273196, 320.252577, 538.231959, 
            318.932990, 543.510309, 318.932990, 544.829897, 
            317.613402, 547.469072, 317.613402, 550.108247, 
