%YAML:1.0
    mask: !!opencv-matrix
        rows: 519
        cols: 2
        dt: f
        data: [ -1.000000, -1.000000, 752.026779, 
            714.520783, 751.003597, 713.497602, 751.003597, 
            712.474420, 749.980416, 709.404876, 747.934053, 
            705.312150, 744.864508, 701.219424, 742.818145, 
            699.173062, 742.818145, 698.149880, 741.794964, 
            696.103517, 741.794964, 695.080336, 741.794964, 
            693.033973, 741.794964, 692.010791, 742.818145, 
            689.964428, 743.841327, 688.941247, 746.910871, 
            686.894884, 748.957234, 686.894884, 753.049960, 
            684.848521, 755.096323, 683.825340, 757.142686, 
            683.825340, 758.165867, 683.825340, 759.189049, 
            683.825340, 760.212230, 683.825340, 763.281775, 
            686.894884, 765.328137, 688.941247, 767.374500, 
            689.964428, 769.420863, 693.033973, 770.444045, 
            694.057154, 773.513589, 698.149880, 774.536771, 
            700.196243, 775.559952, 701.219424, 776.583133, 
            702.242606, 777.606315, 703.265787, 779.652678, 
            704.288969, 781.699041, 706.335332, 782.722222, 
            707.358513, 783.745404, 707.358513, 785.791767, 
            708.381695, 788.861311, 708.381695, 789.884492, 
            708.381695, 793.977218, 704.288969, 793.977218, 
            703.265787, 797.046763, 699.173062, 798.069944, 
            696.103517, 798.069944, 694.057154, 798.069944, 
            689.964428, 798.069944, 686.894884, 798.069944, 
            684.848521, 798.069944, 680.755795, 798.069944, 
            677.686251, 798.069944, 675.639888, 798.069944, 
            671.547162, 798.069944, 667.454436, 799.093125, 
            663.361711, 801.139488, 660.292166, 803.185851, 
            657.222622, 803.185851, 656.199440, 804.209033, 
            655.176259, 806.255396, 655.176259, 808.301759, 
            653.129896, 810.348122, 652.106715, 812.394484, 
            652.106715, 813.417666, 652.106715, 815.464029, 
            654.153078, 816.487210, 655.176259, 819.556755, 
            660.292166, 820.579936, 663.361711, 823.649480, 
            670.523981, 825.695843, 673.593525, 825.695843, 
            674.616707, 828.765388, 678.709432, 829.788569, 
            678.709432, 830.811751, 680.755795, 832.858114, 
            681.778977, 834.904476, 681.778977, 837.974021, 
            681.778977, 841.043565, 679.732614, 844.113110, 
            676.663070, 844.113110, 674.616707, 846.159472, 
            672.570344, 848.205835, 671.547162, 848.205835, 
            670.523981, 849.229017, 669.500799, 850.252198, 
            669.500799, 851.275380, 669.500799, 852.298561, 
            669.500799, 854.344924, 671.547162, 858.437650, 
            676.663070, 862.530376, 681.778977, 864.576739, 
            683.825340, 866.623102, 686.894884, 868.669464, 
            687.918066, 870.715827, 690.987610, 872.762190, 
            693.033973, 873.785372, 695.080336, 874.808553, 
            696.103517, 875.831735, 697.126699, 876.854916, 
            699.173062, 877.878098, 699.173062, 877.878098, 
            700.196243, 879.924460, 702.242606, 880.947642, 
            703.265787, 881.970823, 704.288969, 882.994005, 
            704.288969, 887.086731, 705.312150, 889.133094, 
            705.312150, 891.179456, 705.312150, 896.295364, 
            705.312150, 900.388090, 703.265787, 901.411271, 
            703.265787, 901.411271, 702.242606, 904.480815, 
            700.196243, 906.527178, 699.173062, 906.527178, 
            698.149880, 909.596723, 697.126699, 910.619904, 
            697.126699, 912.666267, 697.126699, 914.712630, 
            697.126699, 915.735811, 696.103517, 916.758993, 
            696.103517, 918.805356, 696.103517, 920.851719, 
            696.103517, 924.944444, 699.173062, 928.013989, 
            702.242606, 929.037170, 703.265787, 931.083533, 
            705.312150, 931.083533, 707.358513, 932.106715, 
            708.381695, 932.106715, 709.404876, 933.129896, 
            709.404876, 934.153078, 711.451239, 934.153078, 
            712.474420, 935.176259, 713.497602, 935.176259, 
            714.520783, 935.176259, 715.543965, 936.199440, 
            715.543965, -1.000000, -1.000000, 732.586331, 
            285.807754, 731.563149, 288.877298, 729.516787, 
            290.923661, 724.400879, 298.085931, 722.354516, 
            302.178657, 719.284972, 304.225020, 719.284972, 
            305.248201, 717.238609, 308.317746, 714.169065, 
            310.364109, 713.145883, 312.410472, 713.145883, 
            313.433653, 710.076339, 317.526379, 708.029976, 
            320.595923, 707.006795, 321.619105, 704.960432, 
            323.665468, 704.960432, 324.688649, 701.890887, 
            327.758193, 697.798161, 330.827738, 695.751799, 
            331.850919, 692.682254, 335.943645, 691.659073, 
            335.943645, 684.496803, 339.013189, 681.427258, 
            342.082734, 676.311351, 344.129097, 673.241807, 
            346.175460, 670.172262, 349.245004, 665.056355, 
            353.337730, 663.009992, 355.384093, 663.009992, 
            356.407274, 658.917266, 361.523181, 652.778177, 
            367.662270, 649.708633, 370.731815, 649.708633, 
            373.801359, 648.685452, 377.894085, 646.639089, 
            380.963629, 644.592726, 384.033173, 643.569544, 
            385.056355, 643.569544, 386.079536, 643.569544, 
            387.102718, 642.546363, 389.149081, 642.546363, 
            390.172262, 643.569544, 390.172262, 644.592726, 
            390.172262, 646.639089, 391.195444, 647.662270, 
            391.195444, 649.708633, 391.195444, 655.847722, 
            390.172262, 661.986811, 389.149081, 673.241807, 
            385.056355, 674.264988, 385.056355, 678.357714, 
            383.009992, 681.427258, 380.963629, 683.473621, 
            378.917266, 684.496803, 377.894085, 687.566347, 
            375.847722, 689.612710, 374.824540, 691.659073, 
            374.824540, 692.682254, 374.824540, 692.682254, 
            375.847722, 693.705436, 376.870903, 693.705436, 
            377.894085, 694.728617, 379.940448, 694.728617, 
            380.963629, 694.728617, 390.172262, 694.728617, 
            394.264988, 695.751799, 397.334532, 695.751799, 
            399.380895, 695.751799, 404.496803, 696.774980, 
            405.519984, 698.821343, 413.705436, 700.867706, 
            416.774980, 700.867706, 418.821343, 701.890887, 
            423.937250, 702.914069, 431.099520, 703.937250, 
            435.192246, 703.937250, 436.215428, 705.983613, 
            441.331335, 707.006795, 443.377698, 709.053157, 
            445.424061, 712.122702, 448.493605, 714.169065, 
            451.563149, 723.377698, 454.632694, 727.470424, 
            455.655875, 730.539968, 456.679057, 735.655875, 
            457.702238, 737.702238, 458.725420, 738.725420, 
            458.725420, 739.748601, 458.725420, 740.771783, 
            458.725420, 741.794964, 458.725420, 742.818145, 
            458.725420, 743.841327, 458.725420, 744.864508, 
            458.725420, 747.934053, 457.702238, 751.003597, 
            456.679057, 756.119504, 456.679057, 760.212230, 
            456.679057, 761.235412, 456.679057, 764.304956, 
            456.679057, 768.397682, 455.655875, 769.420863, 
            455.655875, 770.444045, 454.632694, 773.513589, 
            454.632694, 775.559952, 453.609512, 777.606315, 
            452.586331, 779.652678, 451.563149, 783.745404, 
            449.516787, 784.768585, 449.516787, 785.791767, 
            448.493605, 786.814948, 447.470424, 788.861311, 
            446.447242, 788.861311, 445.424061, 790.907674, 
            444.400879, 790.907674, 442.354516, 792.954037, 
            439.284972, 792.954037, 436.215428, 793.977218, 
            434.169065, 793.977218, 432.122702, 793.977218, 
            425.983613, 793.977218, 422.914069, 793.977218, 
