%YAML:1.0
    mask: !!opencv-matrix
        rows: 127
        cols: 2
        dt: f
        data: [ -1.000000, -1.000000, -1.000000, 
            -1.000000, 660.953608, 528.747423, 655.675258, 
            530.067010, 647.757732, 534.025773, 641.159794, 
            537.984536, 638.520619, 539.304124, 637.201031, 
            540.623711, 625.324742, 547.221649, 620.046392, 
            551.180412, 616.087629, 553.819588, 613.448454, 
            555.139175, 610.809278, 556.458763, 606.850515, 
            559.097938, 602.891753, 560.417526, 597.613402, 
            563.056701, 593.654639, 565.695876, 587.056701, 
            569.654639, 583.097938, 570.974227, 576.500000, 
            576.252577, 573.860825, 577.572165, 567.262887, 
            581.530928, 561.984536, 586.809278, 561.984536, 
            588.128866, 559.345361, 593.407216, 559.345361, 
            594.726804, 558.025773, 598.685567, 558.025773, 
            603.963918, 558.025773, 607.922680, 558.025773, 
            609.242268, 559.345361, 611.881443, 561.984536, 
            614.520619, 563.304124, 614.520619, 563.304124, 
            615.840206, 564.623711, 615.840206, 565.943299, 
            617.159794, 576.500000, 615.840206, 580.458763, 
            613.201031, 584.417526, 610.561856, 591.015464, 
            606.603093, 597.613402, 601.324742, 601.572165, 
            600.005155, 604.211340, 598.685567, 614.768041, 
            596.046392, 621.365979, 596.046392, 626.644330, 
            596.046392, 629.283505, 596.046392, 633.242268, 
            596.046392, 639.840206, 596.046392, 642.479381, 
            596.046392, 643.798969, 597.365979, 645.118557, 
            598.685567, 647.757732, 601.324742, 649.077320, 
            603.963918, 654.355670, 611.881443, 655.675258, 
            613.201031, 656.994845, 615.840206, 658.314433, 
            621.118557, 658.314433, 626.396907, 658.314433, 
            629.036082, 658.314433, 630.355670, 658.314433, 
            639.592784, 658.314433, 640.912371, 658.314433, 
            644.871134, 656.994845, 648.829897, 654.355670, 
            658.067010, 651.716495, 664.664948, 650.396907, 
            668.623711, 647.757732, 673.902062, 642.479381, 
            679.180412, 634.561856, 691.056701, 630.603093, 
            693.695876, 622.685567, 698.974227, 618.726804, 
            700.293814, 612.128866, 705.572165, 609.489691, 
            706.891753, 602.891753, 710.850515, 598.932990, 
            712.170103, 593.654639, 716.128866, 589.695876, 
            718.768041, 683.386598, 717.448454, 696.582474, 
            709.530928, 703.180412, 704.252577, 705.819588, 
            701.613402, 708.458763, 697.654639, 711.097938, 
            695.015464, 713.737113, 692.376289, 717.695876, 
            687.097938, 721.654639, 679.180412, 722.974227, 
            676.541237, 726.932990, 672.582474, 729.572165, 
            663.345361, 733.530928, 658.067010, 736.170103, 
            651.469072, 737.489691, 643.551546, 737.489691, 
            640.912371, 740.128866, 634.314433, 741.448454, 
            622.438144, 741.448454, 614.520619, 741.448454, 
            602.644330, 741.448454, 597.365979, 741.448454, 
            590.768041, 741.448454, 584.170103, 741.448454, 
            581.530928, 741.448454, 577.572165, 744.087629, 
            572.293814, 745.407216, 568.335052, 748.046392, 
            563.056701, 749.365979, 561.737113, 750.685567, 
            559.097938, 752.005155, 557.778351, 753.324742, 
            553.819588, 754.644330, 549.860825, 754.644330, 
            544.582474, 750.685567, 523.469072, 745.407216, 
            514.231959, 737.489691, 508.953608, 732.211340, 
            506.314433, 726.932990, 504.994845, 720.335052, 
            503.675258, 715.056701, 503.675258, 707.139175, 
            503.675258, 699.221649, 503.675258, 695.262887, 
            503.675258, 692.623711, 504.994845, 691.304124, 
            504.994845, -1.000000, -1.000000]
