%YAML:1.0
    mask: !!opencv-matrix
        rows: 570
        cols: 2
        dt: f
        data: [ -1.000000, -1.000000, 878.901279, 
            716.567146, 878.901279, 715.543965, 878.901279, 
            711.451239, 878.901279, 705.312150, 878.901279, 
            701.219424, 878.901279, 700.196243, 879.924460, 
            694.057154, 881.970823, 688.941247, 882.994005, 
            683.825340, 884.017186, 680.755795, 884.017186, 
            679.732614, 885.040368, 676.663070, 887.086731, 
            672.570344, 888.109912, 668.477618, 890.156275, 
            665.408074, 891.179456, 662.338529, 893.225819, 
            660.292166, 895.272182, 659.268985, 898.341727, 
            657.222622, 902.434452, 657.222622, 907.550360, 
            654.153078, 908.573541, 654.153078, 912.666267, 
            654.153078, 913.689448, 654.153078, 918.805356, 
            654.153078, 926.990807, 654.153078, 928.013989, 
            654.153078, 934.153078, 654.153078, 937.222622, 
            654.153078, 940.292166, 654.153078, 944.384892, 
            654.153078, 945.408074, 654.153078, 948.477618, 
            655.176259, 949.500799, 655.176259, 956.663070, 
            655.176259, 959.732614, 655.176259, 961.778977, 
            655.176259, 965.871703, 656.199440, 968.941247, 
            656.199440, 969.964428, 656.199440, 975.080336, 
            656.199440, 979.173062, 657.222622, 983.265787, 
            657.222622, 985.312150, 657.222622, 989.404876, 
            657.222622, 991.451239, 657.222622, 995.543965, 
            657.222622, 997.590328, 657.222622, 1001.683054, 
            657.222622, 1003.729416, 656.199440, 1005.775779, 
            656.199440, 1009.868505, 655.176259, 1010.891687, 
            655.176259, 1016.007594, 654.153078, 1019.077138, 
            654.153078, 1021.123501, 654.153078, 1028.285771, 
            653.129896, 1030.332134, 653.129896, 1032.378497, 
            653.129896, 1035.448042, 653.129896, 1036.471223, 
            653.129896, 1041.587130, 653.129896, 1044.656675, 
            653.129896, 1045.679856, 653.129896, 1048.749400, 
            653.129896, 1049.772582, 653.129896, 1053.865308, 
            655.176259, 1058.981215, 655.176259, 1062.050759, 
            656.199440, 1069.213030, 658.245803, 1075.352118, 
            660.292166, 1080.468026, 661.315348, 1084.560751, 
            662.338529, 1089.676659, 665.408074, 1093.769384, 
            667.454436, 1097.862110, 669.500799, 1104.001199, 
            672.570344, 1105.024380, 672.570344, 1110.140288, 
            675.639888, 1111.163469, 675.639888, 1113.209832, 
            676.663070, 1114.233014, 676.663070, 1118.325739, 
            678.709432, 1122.418465, 680.755795, 1125.488010, 
            682.802158, 1128.557554, 684.848521, 1132.650280, 
            685.871703, 1137.766187, 688.941247, 1140.835731, 
            690.987610, 1140.835731, 692.010791, 1144.928457, 
            694.057154, 1146.974820, 694.057154, 1150.044365, 
            697.126699, 1152.090727, 699.173062, 1154.137090, 
            700.196243, 1156.183453, 702.242606, 1159.252998, 
            704.288969, 1162.322542, 707.358513, 1164.368905, 
            709.404876, 1165.392086, 709.404876, 1167.438449, 
            711.451239, 1169.484812, 712.474420, 1169.484812, 
            713.497602, 1171.531175, 713.497602, 1171.531175, 
            714.520783, 1172.554357, 714.520783, 1173.577538, 
            714.520783, 1174.600719, 715.543965, 1175.623901, 
            716.567146, 1176.647082, 716.567146, -1.000000, 
            -1.000000, 620.036371, 279.668665, 620.036371, 
            278.645484, 620.036371, 277.622302, 619.013189, 
            277.622302, 615.943645, 277.622302, 610.827738, 
            277.622302, 608.781375, 277.622302, 607.758193, 
            277.622302, 606.735012, 277.622302, 604.688649, 
            277.622302, 601.619105, 276.599121, 600.595923, 
            276.599121, 598.549560, 276.599121, 597.526379, 
            276.599121, 595.480016, 276.599121, 594.456835, 
            276.599121, 592.410472, 275.575939, 591.387290, 
            275.575939, 590.364109, 275.575939, 587.294564, 
            274.552758, 583.201839, 274.552758, 581.155476, 
            274.552758, 579.109113, 273.529576, 578.085931, 
            273.529576, 575.016387, 273.529576, 572.970024, 
            272.506395, 569.900480, 272.506395, 567.854117, 
            272.506395, 565.807754, 271.483213, 562.738209, 
            270.460032, 560.691847, 270.460032, 557.622302, 
            270.460032, 556.599121, 270.460032, 552.506395, 
            269.436851, 550.460032, 268.413669, 547.390488, 
            268.413669, 545.344125, 268.413669, 543.297762, 
            267.390488, 542.274580, 267.390488, 541.251399, 
            266.367306, 540.228217, 266.367306, 538.181855, 
            266.367306, 537.158673, 266.367306, 536.135492, 
            266.367306, 535.112310, 266.367306, 534.089129, 
            266.367306, 533.065947, 266.367306, 531.019584, 
            266.367306, 529.996403, 266.367306, 527.950040, 
            266.367306, 526.926859, 266.367306, 525.903677, 
            266.367306, 524.880496, 266.367306, 521.810951, 
            267.390488, 520.787770, 268.413669, 518.741407, 
            269.436851, 516.695044, 271.483213, 515.671863, 
            271.483213, 514.648681, 272.506395, 511.579137, 
            275.575939, 509.532774, 277.622302, 508.509592, 
            278.645484, 506.463229, 281.715028, 505.440048, 
            282.738209, 505.440048, 284.784572, 503.393685, 
            286.830935, 501.347322, 287.854117, 499.300959, 
            290.923661, 497.254596, 293.993205, 495.208233, 
            296.039568, 493.161871, 298.085931, 491.115508, 
            300.132294, 490.092326, 302.178657, 489.069145, 
            303.201839, 488.045963, 303.201839, 488.045963, 
            304.225020, 485.999600, 305.248201, 483.953237, 
            306.271383, 481.906875, 307.294564, 480.883693, 
            307.294564, 479.860512, 308.317746, 478.837330, 
            309.340927, 475.767786, 311.387290, 473.721423, 
            312.410472, 471.675060, 315.480016, 470.651878, 
            316.503197, 469.628697, 316.503197, 469.628697, 
            317.526379, 468.605516, 317.526379, 467.582334, 
            317.526379, 465.535971, 318.549560, 463.489608, 
            320.595923, 460.420064, 321.619105, 459.396882, 
            323.665468, 456.327338, 324.688649, 454.280975, 
            326.735012, 450.188249, 329.804556, 449.165068, 
            330.827738, 448.141886, 330.827738, 446.095524, 
            332.874101, 444.049161, 333.897282, 443.025979, 
            333.897282, 443.025979, 335.943645, 442.002798, 
            335.943645, 440.979616, 335.943645, 440.979616, 
            336.966827, 440.979616, 337.990008, 439.956435, 
            337.990008, 439.956435, 339.013189, 439.956435, 
            340.036371, 438.933253, 342.082734, 438.933253, 
            343.105915, 438.933253, 344.129097, 438.933253, 
            345.152278, 438.933253, 346.175460, 439.956435, 
            347.198641, 440.979616, 348.221823, 442.002798, 
            349.245004, 443.025979, 349.245004, 444.049161, 
            350.268185, 446.095524, 350.268185, 446.095524, 
            351.291367, 447.118705, 351.291367, 449.165068, 
            351.291367, 450.188249, 351.291367, 451.211431, 
            351.291367, 452.234612, 351.291367, 453.257794, 
            351.291367, 454.280975, 351.291367, 456.327338, 
            352.314548, 457.350520, 353.337730, 458.373701, 
            354.360911, 459.396882, 355.384093, 459.396882, 
            357.430456, 459.396882, 358.453637, 460.420064, 
            360.500000, 460.420064, 363.569544, 460.420064, 
            366.639089, 460.420064, 370.731815, 460.420064, 
            372.778177, 460.420064, 374.824540, 460.420064, 
            376.870903, 460.420064, 378.917266, 460.420064, 
