%YAML:1.0
    mask: !!opencv-matrix
        rows: 216
        cols: 2
        dt: f
        data: [ -1.000000, -1.000000, 762.561856, 
            718.768041, 762.561856, 712.170103, 762.561856, 
            706.891753, 762.561856, 704.252577, 762.561856, 
            702.932990, 762.561856, 700.293814, 762.561856, 
            697.654639, 762.561856, 696.335052, 762.561856, 
            695.015464, 762.561856, 693.695876, 762.561856, 
            692.376289, 761.242268, 691.056701, 759.922680, 
            691.056701, 758.603093, 691.056701, 757.283505, 
            689.737113, 755.963918, 688.417526, 755.963918, 
            687.097938, 754.644330, 687.097938, 753.324742, 
            687.097938, 753.324742, 685.778351, 753.324742, 
            684.458763, 753.324742, 683.139175, 753.324742, 
            681.819588, 754.644330, 680.500000, 757.283505, 
            680.500000, 758.603093, 679.180412, 759.922680, 
            679.180412, 761.242268, 679.180412, 763.881443, 
            679.180412, 766.520619, 679.180412, 774.438144, 
            679.180412, 777.077320, 679.180412, 786.314433, 
            683.139175, 788.953608, 684.458763, 794.231959, 
            688.417526, 796.871134, 689.737113, 798.190722, 
            691.056701, 799.510309, 692.376289, 802.149485, 
            695.015464, 803.469072, 696.335052, 806.108247, 
            702.932990, 806.108247, 704.252577, 806.108247, 
            706.891753, 806.108247, 709.530928, 806.108247, 
            710.850515, 806.108247, 712.170103, 806.108247, 
            713.489691, 803.469072, 716.128866, 802.149485, 
            716.128866, 800.829897, 717.448454, 798.190722, 
            718.768041, 795.551546, 718.768041, 791.592784, 
            718.768041, 788.953608, 718.768041, 783.675258, 
            718.768041, 781.036082, 718.768041, 779.716495, 
            718.768041, 777.077320, 718.768041, 775.757732, 
            718.768041, 774.438144, 718.768041, -1.000000, 
            -1.000000, 734.850515, 230.520619, 736.170103, 
            237.118557, 741.448454, 239.757732, 748.046392, 
            243.716495, 750.685567, 246.355670, 750.685567, 
            252.953608, 750.685567, 258.231959, 750.685567, 
            259.551546, 749.365979, 262.190722, 746.726804, 
            264.829897, 745.407216, 264.829897, 720.335052, 
            266.149485, 697.902062, 262.190722, 696.582474, 
            262.190722, 695.262887, 263.510309, 693.943299, 
            263.510309, 693.943299, 264.829897, 693.943299, 
            268.788660, 693.943299, 274.067010, 693.943299, 
            279.345361, 693.943299, 281.984536, 693.943299, 
            285.943299, 693.943299, 291.221649, 692.623711, 
            292.541237, 691.304124, 300.458763, 691.304124, 
            301.778351, 691.304124, 304.417526, 691.304124, 
            309.695876, 691.304124, 312.335052, 692.623711, 
            312.335052, 693.943299, 313.654639, 697.902062, 
            314.974227, 705.819588, 317.613402, 712.417526, 
            320.252577, 719.015464, 321.572165, 724.293814, 
            322.891753, 732.211340, 324.211340, 738.809278, 
            326.850515, 742.768041, 328.170103, 744.087629, 
            328.170103, 746.726804, 328.170103, 749.365979, 
            328.170103, 754.644330, 328.170103, 755.963918, 
            328.170103, 761.242268, 328.170103, 766.520619, 
            326.850515, 769.159794, 322.891753, 773.118557, 
            320.252577, 774.438144, 317.613402, 777.077320, 
            316.293814, 777.077320, 314.974227, 782.355670, 
            308.376289, 783.675258, 307.056701, 786.314433, 
            304.417526, 792.912371, 295.180412, 794.231959, 
            292.541237, 798.190722, 285.943299, 799.510309, 
            285.943299, 799.510309, 283.304124, 802.149485, 
            276.706186, 804.788660, 271.427835, 807.427835, 
            270.108247, 807.427835, 268.788660, 807.427835, 
            267.469072, 802.149485, 263.510309, 799.510309, 
            260.871134, 798.190722, 256.912371, 796.871134, 
            254.273196, 794.231959, 248.994845, 787.634021, 
            241.077320, 781.036082, 237.118557, 781.036082, 
            235.798969, 779.716495, 235.798969, 778.396907, 
            234.479381, 774.438144, 233.159794, 771.798969, 
            231.840206, 765.201031, 229.201031, 762.561856, 
            229.201031, 759.922680, 229.201031, 757.283505, 
            229.201031, -1.000000, -1.000000, 614.768041, 
            229.201031, 608.170103, 231.840206, 605.530928, 
            234.479381, 600.252577, 237.118557, 592.335052, 
            243.716495, 591.015464, 247.675258, 589.695876, 
            250.314433, 589.695876, 252.953608, 588.376289, 
            255.592784, 587.056701, 263.510309, 585.737113, 
            267.469072, 585.737113, 274.067010, 588.376289, 
            284.623711, 592.335052, 292.541237, 594.974227, 
            299.139175, 598.932990, 304.417526, 604.211340, 
            309.695876, 606.850515, 312.335052, 609.489691, 
            313.654639, 613.448454, 317.613402, 616.087629, 
            318.932990, 618.726804, 318.932990, 634.561856, 
            321.572165, 637.201031, 322.891753, 638.520619, 
            322.891753, 641.159794, 324.211340, 647.757732, 
            325.530928, 651.716495, 325.530928, 658.314433, 
            325.530928, 662.273196, 325.530928, 663.592784, 
            325.530928, 664.912371, 325.530928, 664.912371, 
            324.211340, 664.912371, 320.252577, 666.231959, 
            313.654639, 667.551546, 309.695876, 667.551546, 
            305.737113, 667.551546, 301.778351, 668.871134, 
            297.819588, 668.871134, 295.180412, 668.871134, 
            293.860825, 670.190722, 291.221649, 671.510309, 
            291.221649, 687.345361, 272.747423, 637.201031, 
            262.190722, 633.242268, 259.551546, 631.922680, 
            258.231959, 631.922680, 256.912371, 631.922680, 
            252.953608, 631.922680, 251.634021, 633.242268, 
            251.634021, 635.881443, 251.634021, 646.438144, 
            251.634021, 656.994845, 251.634021, 660.953608, 
            251.634021, 666.231959, 251.634021, 667.551546, 
            251.634021, 667.551546, 250.314433, 667.551546, 
            247.675258, 667.551546, 243.716495, 667.551546, 
            242.396907, 667.551546, 241.077320, 667.551546, 
            239.757732, 667.551546, 235.798969, 666.231959, 
            233.159794, 650.396907, 229.201031, 647.757732, 
            229.201031, 641.159794, 229.201031, 638.520619, 
            229.201031, 635.881443, 229.201031, 630.603093, 
            229.201031, 626.644330, 229.201031, 620.046392, 
            229.201031]
