%YAML:1.0
    mask: !!opencv-matrix
        rows: 699
        cols: 2
        dt: f
        data: [ 13.036082, 685.778351, 18.314433, 
            685.778351, 27.551546, 685.778351, 40.747423, 
            684.458763, 49.984536, 684.458763, 53.943299, 
            684.458763, 67.139175, 684.458763, 73.737113, 
            684.458763, 82.974227, 684.458763, 92.211340, 
            684.458763, 97.489691, 684.458763, 112.005155, 
            685.778351, 123.881443, 687.097938, 127.840206, 
            688.417526, 137.077320, 689.737113, 144.994845, 
            691.056701, 152.912371, 692.376289, 158.190722, 
            692.376289, 168.747423, 695.015464, 177.984536, 
            697.654639, 192.500000, 700.293814, 228.128866, 
            708.211340, 238.685567, 709.530928, 241.324742, 
            709.530928, 253.201031, 709.530928, 255.840206, 
            709.530928, 257.159794, 709.530928, 259.798969, 
            704.252577, 259.798969, 702.932990, 259.798969, 
            697.654639, 255.840206, 687.097938, 254.520619, 
            684.458763, 250.561856, 680.500000, 246.603093, 
            676.541237, 240.005155, 671.262887, 236.046392, 
            667.304124, 228.128866, 660.706186, 220.211340, 
            655.427835, 218.891753, 652.788660, 213.613402, 
            650.149485, 205.695876, 646.190722, 192.500000, 
            639.592784, 185.902062, 635.634021, 177.984536, 
            630.355670, 176.664948, 629.036082, 174.025773, 
            627.716495, 168.747423, 622.438144, 166.108247, 
            619.798969, 163.469072, 617.159794, 160.829897, 
            617.159794, 160.829897, 615.840206, 159.510309, 
            614.520619, 158.190722, 613.201031, 158.190722, 
            611.881443, 156.871134, 607.922680, 154.231959, 
            605.283505, 152.912371, 600.005155, 151.592784, 
            598.685567, 151.592784, 597.365979, 150.273196, 
            596.046392, 148.953608, 593.407216, 148.953608, 
            590.768041, 147.634021, 589.448454, 144.994845, 
            581.530928, 144.994845, 578.891753, 143.675258, 
            576.252577, 143.675258, 572.293814, 142.355670, 
            568.335052, 142.355670, 564.376289, 142.355670, 
            560.417526, 142.355670, 557.778351, 142.355670, 
            552.500000, 143.675258, 548.541237, 146.314433, 
            545.902062, 150.273196, 541.943299, 152.912371, 
            539.304124, 155.551546, 537.984536, 156.871134, 
            536.664948, 158.190722, 536.664948, 163.469072, 
            536.664948, 164.788660, 536.664948, 167.427835, 
            536.664948, 170.067010, 539.304124, 175.345361, 
            543.262887, 180.623711, 548.541237, 188.541237, 
            559.097938, 191.180412, 563.056701, 193.819588, 
            567.015464, 195.139175, 568.335052, 196.458763, 
            570.974227, 201.737113, 581.530928, 201.737113, 
            582.850515, 203.056701, 585.489691, 205.695876, 
            589.448454, 207.015464, 590.768041, 208.335052, 
            592.087629, 209.654639, 593.407216, 210.974227, 
            596.046392, 213.613402, 598.685567, 216.252577, 
            598.685567, 217.572165, 600.005155, 221.530928, 
            600.005155, 222.850515, 600.005155, 225.489691, 
            600.005155, 228.128866, 601.324742, 232.087629, 
            601.324742, 236.046392, 602.644330, 238.685567, 
            603.963918, 241.324742, 605.283505, 245.283505, 
            607.922680, 251.881443, 613.201031, 259.798969, 
            618.479381, 262.438144, 619.798969, 266.396907, 
            621.118557, 270.355670, 622.438144, 279.592784, 
            623.757732, 284.871134, 623.757732, 286.190722, 
            623.757732, 290.149485, 622.438144, 292.788660, 
            621.118557, 294.108247, 619.798969, 296.747423, 
            617.159794, 298.067010, 615.840206, 299.386598, 
            615.840206, 299.386598, 613.201031, 299.386598, 
            610.561856, 299.386598, 607.922680, 298.067010, 
            605.283505, 296.747423, 601.324742, 292.788660, 
            593.407216, 292.788660, 592.087629, 288.829897, 
            584.170103, 286.190722, 581.530928, 283.551546, 
            574.932990, 282.231959, 572.293814, 279.592784, 
            568.335052, 275.634021, 563.056701, 274.314433, 
            561.737113, 269.036082, 556.458763, 262.438144, 
            549.860825, 259.798969, 545.902062, 250.561856, 
            535.345361, 247.922680, 531.386598, 246.603093, 
            530.067010, 243.963918, 526.108247, 243.963918, 
            524.788660, 242.644330, 523.469072, 240.005155, 
            520.829897, 237.365979, 516.871134, 234.726804, 
            515.551546, 232.087629, 512.912371, 229.448454, 
            508.953608, 226.809278, 503.675258, 224.170103, 
            499.716495, 224.170103, 498.396907, 221.530928, 
            494.438144, 220.211340, 491.798969, 218.891753, 
            490.479381, 217.572165, 487.840206, 216.252577, 
            486.520619, 213.613402, 483.881443, 210.974227, 
            479.922680, 204.376289, 475.963918, 201.737113, 
            473.324742, 196.458763, 472.005155, 195.139175, 
            472.005155, 193.819588, 470.685567, 191.180412, 
            470.685567, 184.582474, 469.365979, 179.304124, 
            469.365979, 175.345361, 469.365979, 174.025773, 
            469.365979, 171.386598, 469.365979, 166.108247, 
            469.365979, 160.829897, 472.005155, 158.190722, 
            473.324742, 152.912371, 474.644330, 147.634021, 
            475.963918, 137.077320, 478.603093, 134.438144, 
            479.922680, 125.201031, 481.242268, 118.603093, 
            482.561856, 112.005155, 482.561856, 109.365979, 
            483.881443, 98.809278, 485.201031, 90.891753, 
            486.520619, 81.654639, 487.840206, 67.139175, 
            490.479381, 60.541237, 491.798969, 47.345361, 
            495.757732, 39.427835, 498.396907, 36.788660, 
            499.716495, 27.551546, 502.355670, 23.592784, 
            503.675258, 22.273196, 503.675258, 18.314433, 
            506.314433, 16.994845, 506.314433, 15.675258, 
            506.314433, 13.036082, 507.634021, 11.716495, 
            508.953608, -1.000000, -1.000000, 905.077320, 
            692.376289, 902.438144, 697.654639, 894.520619, 
            700.293814, 883.963918, 702.932990, 873.407216, 
            706.891753, 870.768041, 706.891753, 858.891753, 
            710.850515, 856.252577, 712.170103, 852.293814, 
            712.170103, 848.335052, 713.489691, 844.376289, 
            714.809278, 836.458763, 716.128866, 832.500000, 
            717.448454, 825.902062, 717.448454, 821.943299, 
            717.448454, 812.706186, 717.448454, 802.149485, 
            717.448454, 788.953608, 716.128866, 779.716495, 
            713.489691, 771.798969, 712.170103, 766.520619, 
            710.850515, 755.963918, 705.572165, 746.726804, 
            700.293814, 736.170103, 695.015464, 733.530928, 
            693.695876, 728.252577, 689.737113, 707.139175, 
            680.500000, 704.500000, 679.180412, 700.541237, 
            676.541237, 697.902062, 675.221649, 689.984536, 
            671.262887, 686.025773, 669.943299, 680.747423, 
            665.984536, 664.912371, 659.386598, 659.634021, 
            656.747423, 655.675258, 655.427835, 649.077320, 
            652.788660, 643.798969, 651.469072, 642.479381, 
            650.149485, 629.283505, 646.190722, 626.644330, 
            646.190722, 618.726804, 644.871134, 610.809278, 
            643.551546, 597.613402, 640.912371, 593.654639, 
            640.912371, 584.417526, 638.273196, 583.097938, 
            636.953608, 579.139175, 635.634021, 575.180412, 
            635.634021, 572.541237, 632.994845, 567.262887, 
            631.675258, 559.345361, 629.036082, 554.067010, 
            626.396907, 552.747423, 626.396907, 551.427835, 
            626.396907, 550.108247, 625.077320, 548.788660, 
            625.077320, 548.788660, 623.757732, 546.149485, 
