%YAML:1.0
    mask: !!opencv-matrix
        rows: 267
        cols: 2
        dt: f
        data: [ -1.000000, -1.000000, -1.000000, 
            -1.000000, 572.541237, 44.458763, 567.262887, 
            51.056701, 558.025773, 57.654639, 554.067010, 
            60.293814, 542.190722, 68.211340, 539.551546, 
            70.850515, 534.273196, 74.809278, 530.314433, 
            77.448454, 527.675258, 80.087629, 525.036082, 
            82.726804, 522.396907, 85.365979, 517.118557, 
            89.324742, 514.479381, 93.283505, 511.840206, 
            94.603093, 509.201031, 97.242268, 507.881443, 
            97.242268, 506.561856, 99.881443, 505.242268, 
            101.201031, 502.603093, 105.159794, 502.603093, 
            106.479381, 502.603093, 107.798969, 505.242268, 
            107.798969, 507.881443, 110.438144, 513.159794, 
            123.634021, 515.798969, 127.592784, 517.118557, 
            130.231959, 519.757732, 132.871134, 523.716495, 
            138.149485, 527.675258, 143.427835, 530.314433, 
            147.386598, 531.634021, 148.706186, 534.273196, 
            151.345361, 534.273196, 152.664948, 535.592784, 
            153.984536, 539.551546, 155.304124, 540.871134, 
            156.623711, 544.829897, 161.902062, 547.469072, 
            163.221649, 550.108247, 164.541237, 551.427835, 
            165.860825, 555.386598, 167.180412, 558.025773, 
            168.500000, 560.664948, 168.500000, 561.984536, 
            168.500000, 563.304124, 168.500000, 567.262887, 
            167.180412, 568.582474, 167.180412, 569.902062, 
            167.180412, 572.541237, 167.180412, 573.860825, 
            167.180412, 575.180412, 168.500000, 576.500000, 
            171.139175, 576.500000, 172.458763, 576.500000, 
            173.778351, 576.500000, 175.097938, 576.500000, 
            176.417526, 577.819588, 179.056701, 579.139175, 
            179.056701, 585.737113, 184.335052, 587.056701, 
            184.335052, 588.376289, 184.335052, 589.695876, 
            184.335052, 596.293814, 184.335052, 598.932990, 
            183.015464, 600.252577, 181.695876, 602.891753, 
            177.737113, 602.891753, 176.417526, 604.211340, 
            171.139175, 606.850515, 167.180412, 608.170103, 
            164.541237, 609.489691, 159.262887, 612.128866, 
            156.623711, 614.768041, 153.984536, 617.407216, 
            151.345361, 624.005155, 148.706186, 625.324742, 
            147.386598, 626.644330, 147.386598, 629.283505, 
            147.386598, 630.603093, 147.386598, 631.922680, 
            147.386598, 633.242268, 147.386598, 634.561856, 
            148.706186, 637.201031, 150.025773, 638.520619, 
            151.345361, 639.840206, 151.345361, 641.159794, 
            151.345361, 642.479381, 151.345361, 645.118557, 
            151.345361, 649.077320, 151.345361, 651.716495, 
            150.025773, 655.675258, 146.067010, 656.994845, 
            144.747423, 659.634021, 140.788660, 659.634021, 
            139.469072, 660.953608, 123.634021, 660.953608, 
            117.036082, 660.953608, 111.757732, 656.994845, 
            107.798969, 655.675258, 106.479381, 647.757732, 
            95.922680, 646.438144, 93.283505, 643.798969, 
            89.324742, 642.479381, 88.005155, 641.159794, 
            84.046392, 637.201031, 74.809278, 635.881443, 
            72.170103, 634.561856, 70.850515, 634.561856, 
            68.211340, 633.242268, 66.891753, 633.242268, 
            65.572165, 631.922680, 62.932990, 630.603093, 
            60.293814, 630.603093, 58.974227, 624.005155, 
            53.695876, 621.365979, 52.376289, 618.726804, 
            49.737113, 614.768041, 48.417526, 606.850515, 
            44.458763, 605.530928, 44.458763, 602.891753, 
            44.458763, 600.252577, 44.458763, 598.932990, 
            44.458763, 597.613402, 44.458763, -1.000000, 
            -1.000000, 286.190722, 99.881443, 286.190722, 
            105.159794, 290.149485, 109.118557, 291.469072, 
            113.077320, 295.427835, 123.634021, 298.067010, 
            128.912371, 303.345361, 135.510309, 311.262887, 
            142.108247, 312.582474, 143.427835, 319.180412, 
            150.025773, 323.139175, 156.623711, 325.778351, 
            160.582474, 329.737113, 164.541237, 333.695876, 
            171.139175, 337.654639, 176.417526, 338.974227, 
            177.737113, 340.293814, 177.737113, 341.613402, 
            177.737113, 344.252577, 180.376289, 346.891753, 
            181.695876, 348.211340, 181.695876, 349.530928, 
            181.695876, 350.850515, 181.695876, 352.170103, 
            181.695876, 353.489691, 181.695876, 353.489691, 
            183.015464, 354.809278, 183.015464, 356.128866, 
            183.015464, 357.448454, 183.015464, 357.448454, 
            181.695876, 360.087629, 179.056701, 361.407216, 
            179.056701, 365.365979, 177.737113, 366.685567, 
            176.417526, 370.644330, 176.417526, 371.963918, 
            176.417526, 374.603093, 176.417526, 375.922680, 
            176.417526, 382.520619, 176.417526, 386.479381, 
            177.737113, 387.798969, 179.056701, 389.118557, 
            179.056701, 391.757732, 179.056701, 393.077320, 
            179.056701, 395.716495, 179.056701, 397.036082, 
            179.056701, 398.355670, 180.376289, 399.675258, 
            181.695876, 402.314433, 184.335052, 403.634021, 
            184.335052, 407.592784, 185.654639, 408.912371, 
            185.654639, 410.231959, 185.654639, 412.871134, 
            185.654639, 415.510309, 184.335052, 423.427835, 
            177.737113, 427.386598, 175.097938, 430.025773, 
            172.458763, 435.304124, 168.500000, 437.943299, 
            167.180412, 441.902062, 163.221649, 444.541237, 
            160.582474, 445.860825, 160.582474, 449.819588, 
            156.623711, 455.097938, 152.664948, 459.056701, 
            151.345361, 460.376289, 151.345361, 460.376289, 
            150.025773, 463.015464, 144.747423, 464.335052, 
            142.108247, 466.974227, 130.231959, 466.974227, 
            128.912371, 468.293814, 126.273196, 469.613402, 
            126.273196, 476.211340, 126.273196, 478.850515, 
            126.273196, 481.489691, 126.273196, 485.448454, 
            126.273196, 489.407216, 126.273196, 493.365979, 
            126.273196, 498.644330, 126.273196, 501.283505, 
            126.273196, 502.603093, 126.273196, 503.922680, 
            126.273196, 509.201031, 126.273196, 511.840206, 
            126.273196, 513.159794, 126.273196, 513.159794, 
            124.953608, 513.159794, 123.634021, 513.159794, 
            120.994845, 513.159794, 119.675258, 511.840206, 
            115.716495, 506.561856, 109.118557, 501.283505, 
            105.159794, 499.963918, 103.840206, 497.324742, 
            102.520619, 494.685567, 101.201031, 492.046392, 
            99.881443, 488.087629, 97.242268, 477.530928, 
            90.644330, 472.252577, 86.685567, 464.335052, 
            81.407216, 463.015464, 80.087629, 461.695876, 
            78.768041, 457.737113, 76.128866, 453.778351, 
            73.489691, 447.180412, 69.530928, 443.221649, 
            66.891753, 436.623711, 61.613402, 435.304124, 
            60.293814, 433.984536, 60.293814, 431.345361, 
            58.974227, 426.067010, 55.015464, 422.108247, 
            52.376289, 418.149485, 49.737113, 415.510309, 
            48.417526, 411.551546, 45.778351, 408.912371, 
            45.778351, 406.273196, 45.778351, 404.953608, 
            44.458763, 402.314433, 44.458763, 399.675258, 
            44.458763, 394.396907, 43.139175, 390.438144, 
            43.139175, 385.159794, 41.819588, 381.201031, 
            41.819588, 377.242268, 41.819588, 369.324742, 
            40.500000, 366.685567, 40.500000, 362.726804, 
            39.180412, 352.170103, 37.860825, 346.891753, 
            37.860825, 344.252577, 37.860825, 337.654639, 
            37.860825, 328.417526, 37.860825, 323.139175, 
