%YAML:1.0
    mask: !!opencv-matrix
        rows: 1417
        cols: 2
        dt: f
        data: [ 139.307947, 716.526490, 139.307947, 
            714.407285, 141.427152, 714.407285, 141.427152, 
            712.288079, 143.546358, 710.168874, 145.665563, 
            708.049669, 147.784768, 708.049669, 149.903974, 
            708.049669, 149.903974, 705.930464, 152.023179, 
            703.811258, 154.142384, 703.811258, 156.261589, 
            703.811258, 158.380795, 701.692053, 162.619205, 
            701.692053, 164.738411, 701.692053, 166.857616, 
            701.692053, 168.976821, 701.692053, 171.096026, 
            701.692053, 175.334437, 699.572848, 185.930464, 
            697.453642, 190.168874, 697.453642, 196.526490, 
            697.453642, 200.764901, 695.334437, 202.884106, 
            695.334437, 205.003311, 695.334437, 207.122517, 
            695.334437, 209.241722, 693.215232, 211.360927, 
            693.215232, 213.480132, 693.215232, 215.599338, 
            693.215232, 217.718543, 691.096026, 219.837748, 
            691.096026, 221.956954, 691.096026, 224.076159, 
            691.096026, 226.195364, 691.096026, 228.314570, 
            688.976821, 230.433775, 688.976821, 230.433775, 
            686.857616, 232.552980, 686.857616, 234.672185, 
            686.857616, 236.791391, 686.857616, 238.910596, 
            684.738411, 241.029801, 684.738411, 243.149007, 
            684.738411, 245.268212, 684.738411, 247.387417, 
            684.738411, 249.506623, 684.738411, 251.625828, 
            684.738411, 253.745033, 684.738411, 255.864238, 
            684.738411, 260.102649, 684.738411, 262.221854, 
            684.738411, 264.341060, 684.738411, 266.460265, 
            684.738411, 268.579470, 684.738411, 270.698675, 
            684.738411, 272.817881, 684.738411, 274.937086, 
            684.738411, 277.056291, 684.738411, 281.294702, 
            686.857616, 283.413907, 686.857616, 283.413907, 
            688.976821, 287.652318, 688.976821, 289.771523, 
            688.976821, 291.890728, 688.976821, 294.009934, 
            688.976821, 296.129139, 688.976821, 296.129139, 
            691.096026, 300.367550, 691.096026, 302.486755, 
            693.215232, 304.605960, 693.215232, 306.725166, 
            693.215232, 308.844371, 693.215232, 308.844371, 
            695.334437, 313.082781, 695.334437, 315.201987, 
            695.334437, 317.321192, 695.334437, 319.440397, 
            695.334437, 321.559603, 695.334437, 325.798013, 
            695.334437, 327.917219, 695.334437, 330.036424, 
            695.334437, 332.155629, 695.334437, 334.274834, 
            695.334437, 336.394040, 697.453642, 338.513245, 
            697.453642, 340.632450, 699.572848, 342.751656, 
            701.692053, 344.870861, 701.692053, 346.990066, 
            703.811258, 346.990066, 705.930464, 346.990066, 
            708.049669, 346.990066, 710.168874, 346.990066, 
            712.288079, 346.990066, 714.407285, 344.870861, 
            716.526490, 344.870861, 718.645695, -1.000000, 
            -1.000000, 607.652318, 714.407285, 607.652318, 
            712.288079, 607.652318, 705.930464, 607.652318, 
            701.692053, 607.652318, 695.334437, 607.652318, 
            691.096026, 607.652318, 688.976821, 607.652318, 
            686.857616, 607.652318, 684.738411, 607.652318, 
            682.619205, 607.652318, 680.500000, 607.652318, 
            678.380795, 607.652318, 676.261589, 605.533113, 
            674.142384, 603.413907, 672.023179, 603.413907, 
            669.903974, 601.294702, 665.665563, 599.175497, 
            663.546358, 599.175497, 661.427152, 599.175497, 
            659.307947, 597.056291, 659.307947, 597.056291, 
            657.188742, 594.937086, 657.188742, 594.937086, 
            655.069536, 594.937086, 652.950331, 592.817881, 
            652.950331, 590.698675, 650.831126, 588.579470, 
            648.711921, 586.460265, 646.592715, 586.460265, 
            644.473510, 584.341060, 644.473510, 582.221854, 
            642.354305, 580.102649, 642.354305, 580.102649, 
            640.235099, 575.864238, 638.115894, 575.864238, 
            635.996689, 573.745033, 635.996689, 571.625828, 
            633.877483, 569.506623, 633.877483, 569.506623, 
            631.758278, 567.387417, 629.639073, 567.387417, 
            627.519868, 565.268212, 627.519868, 565.268212, 
            625.400662, 565.268212, 623.281457, 565.268212, 
            621.162252, 565.268212, 619.043046, 565.268212, 
            616.923841, 565.268212, 614.804636, 565.268212, 
            612.685430, 565.268212, 610.566225, 565.268212, 
            608.447020, 567.387417, 606.327815, 567.387417, 
            604.208609, 569.506623, 604.208609, 571.625828, 
            602.089404, 573.745033, 602.089404, 573.745033, 
            599.970199, 575.864238, 599.970199, 577.983444, 
            599.970199, 580.102649, 599.970199, 582.221854, 
            599.970199, 584.341060, 599.970199, 588.579470, 
            599.970199, 590.698675, 599.970199, 592.817881, 
            599.970199, 594.937086, 599.970199, 597.056291, 
            599.970199, 599.175497, 599.970199, 601.294702, 
            599.970199, 603.413907, 599.970199, 605.533113, 
            599.970199, 607.652318, 599.970199, 609.771523, 
            602.089404, 611.890728, 602.089404, 611.890728, 
            604.208609, 614.009934, 604.208609, 616.129139, 
            606.327815, 618.248344, 606.327815, 622.486755, 
            608.447020, 622.486755, 610.566225, 624.605960, 
            610.566225, 626.725166, 612.685430, 628.844371, 
            614.804636, 628.844371, 616.923841, 630.963576, 
            619.043046, 633.082781, 621.162252, 633.082781, 
            623.281457, 635.201987, 623.281457, 637.321192, 
            625.400662, 639.440397, 627.519868, 641.559603, 
            631.758278, 643.678808, 631.758278, 643.678808, 
            633.877483, 643.678808, 631.758278, 643.678808, 
            629.639073, 643.678808, 627.519868, 643.678808, 
            625.400662, 643.678808, 623.281457, 643.678808, 
            621.162252, 643.678808, 619.043046, 643.678808, 
            616.923841, 643.678808, 614.804636, 643.678808, 
            612.685430, 643.678808, 610.566225, 643.678808, 
            608.447020, 643.678808, 606.327815, 643.678808, 
            604.208609, 643.678808, 602.089404, 643.678808, 
            599.970199, 643.678808, 595.731788, 643.678808, 
            593.612583, 641.559603, 591.493377, 641.559603, 
            587.254967, 639.440397, 587.254967, 639.440397, 
            583.016556, 637.321192, 583.016556, 635.201987, 
            580.897351, 635.201987, 578.778146, 633.082781, 
            574.539735, 630.963576, 572.420530, 628.844371, 
            570.301325, 628.844371, 568.182119, 626.725166, 
            563.943709, 624.605960, 561.824503, 622.486755, 
            561.824503, 622.486755, 559.705298, 620.367550, 
            559.705298, 620.367550, 557.586093, 620.367550, 
            555.466887, 618.248344, 555.466887, 618.248344, 
            553.347682, 616.129139, 553.347682, 614.009934, 
            551.228477, 611.890728, 549.109272, 607.652318, 
            546.990066, 605.533113, 542.751656, 601.294702, 
            540.632450, 599.175497, 540.632450, 597.056291, 
            538.513245, 594.937086, 538.513245, 592.817881, 
            536.394040, 590.698675, 536.394040, 588.579470, 
            536.394040, 582.221854, 536.394040, 580.102649, 
            536.394040, 577.983444, 536.394040, 573.745033, 
            536.394040, 573.745033, 538.513245, 571.625828, 
            538.513245, 567.387417, 538.513245, 563.149007, 
            538.513245, 558.910596, 538.513245, 556.791391, 
            538.513245, 550.433775, 538.513245, 546.195364, 
            538.513245, 544.076159, 538.513245, 539.837748, 
            538.513245, 537.718543, 538.513245, 535.599338, 
