%YAML:1.0
    mask: !!opencv-matrix
        rows: 888
        cols: 2
        dt: f
        data: [ -1.000000, -1.000000, 815.334437, 
            705.930464, 813.215232, 705.930464, 811.096026, 
            705.930464, 808.976821, 705.930464, 808.976821, 
            703.811258, 808.976821, 701.692053, 808.976821, 
            699.572848, 806.857616, 699.572848, 806.857616, 
            697.453642, 806.857616, 695.334437, 804.738411, 
            693.215232, 802.619205, 691.096026, 802.619205, 
            688.976821, 800.500000, 688.976821, 800.500000, 
            686.857616, 800.500000, 684.738411, 800.500000, 
            682.619205, 798.380795, 682.619205, 798.380795, 
            680.500000, 798.380795, 678.380795, 798.380795, 
            676.261589, 798.380795, 674.142384, 796.261589, 
            674.142384, 796.261589, 672.023179, 796.261589, 
            667.784768, 794.142384, 665.665563, 794.142384, 
            663.546358, 792.023179, 661.427152, 792.023179, 
            659.307947, 792.023179, 657.188742, 792.023179, 
            652.950331, 789.903974, 648.711921, 789.903974, 
            646.592715, 789.903974, 644.473510, 787.784768, 
            642.354305, 787.784768, 640.235099, 787.784768, 
            638.115894, 787.784768, 635.996689, 787.784768, 
            633.877483, 787.784768, 631.758278, 787.784768, 
            629.639073, 785.665563, 627.519868, 785.665563, 
            623.281457, 785.665563, 621.162252, 783.546358, 
            619.043046, 783.546358, 616.923841, 783.546358, 
            614.804636, 781.427152, 612.685430, 781.427152, 
            608.447020, 781.427152, 604.208609, 781.427152, 
            602.089404, 781.427152, 599.970199, 781.427152, 
            597.850993, 781.427152, 595.731788, 781.427152, 
            593.612583, 781.427152, 591.493377, 781.427152, 
            589.374172, 781.427152, 587.254967, 781.427152, 
            585.135762, 781.427152, 583.016556, 781.427152, 
            580.897351, 781.427152, 578.778146, 781.427152, 
            576.658940, 781.427152, 574.539735, 781.427152, 
            572.420530, 781.427152, 568.182119, 781.427152, 
            566.062914, 783.546358, 563.943709, 783.546358, 
            561.824503, 783.546358, 559.705298, 783.546358, 
            557.586093, 783.546358, 555.466887, 785.665563, 
            553.347682, 785.665563, 551.228477, 785.665563, 
            549.109272, 785.665563, 546.990066, 787.784768, 
            544.870861, 787.784768, 542.751656, 787.784768, 
            540.632450, 787.784768, 538.513245, 787.784768, 
            536.394040, 787.784768, 534.274834, 787.784768, 
            532.155629, 787.784768, 530.036424, 787.784768, 
            527.917219, 787.784768, 525.798013, 787.784768, 
            523.678808, 787.784768, 521.559603, 787.784768, 
            519.440397, 787.784768, 517.321192, 787.784768, 
            515.201987, 787.784768, 510.963576, 787.784768, 
            508.844371, 787.784768, 506.725166, 785.665563, 
            502.486755, 783.546358, 500.367550, 783.546358, 
            498.248344, 783.546358, 496.129139, 781.427152, 
            494.009934, 781.427152, 491.890728, 775.069536, 
            483.413907, 772.950331, 481.294702, 770.831126, 
            479.175497, 770.831126, 477.056291, 768.711921, 
            477.056291, 768.711921, 474.937086, 766.592715, 
            470.698675, 764.473510, 466.460265, 764.473510, 
            464.341060, 762.354305, 462.221854, 762.354305, 
            460.102649, 762.354305, 457.983444, 760.235099, 
            455.864238, 760.235099, 453.745033, 758.115894, 
            451.625828, 758.115894, 449.506623, 755.996689, 
            445.268212, 755.996689, 443.149007, 753.877483, 
            441.029801, 751.758278, 438.910596, 751.758278, 
            436.791391, 749.639073, 434.672185, 749.639073, 
            432.552980, 747.519868, 430.433775, 747.519868, 
            428.314570, 747.519868, 426.195364, 747.519868, 
            421.956954, 747.519868, 419.837748, 747.519868, 
            417.718543, 747.519868, 415.599338, 747.519868, 
            413.480132, 747.519868, 411.360927, 747.519868, 
            409.241722, 747.519868, 407.122517, 747.519868, 
            402.884106, 747.519868, 400.764901, 747.519868, 
            398.645695, 747.519868, 396.526490, 749.639073, 
            396.526490, 751.758278, 392.288079, 753.877483, 
            390.168874, 755.996689, 390.168874, 758.115894, 
            390.168874, 762.354305, 392.288079, 762.354305, 
            394.407285, 764.473510, 394.407285, 766.592715, 
            396.526490, 768.711921, 396.526490, 770.831126, 
            398.645695, 770.831126, 400.764901, 772.950331, 
            400.764901, 775.069536, 402.884106, 777.188742, 
            402.884106, 777.188742, 405.003311, 779.307947, 
            405.003311, 779.307947, 407.122517, 781.427152, 
            409.241722, 783.546358, 409.241722, 783.546358, 
            411.360927, 785.665563, 411.360927, 785.665563, 
            413.480132, 787.784768, 415.599338, 789.903974, 
            417.718543, 792.023179, 417.718543, 792.023179, 
            419.837748, 794.142384, 419.837748, 794.142384, 
            421.956954, 796.261589, 424.076159, 796.261589, 
            426.195364, 798.380795, 428.314570, 800.500000, 
            430.433775, 800.500000, 432.552980, 802.619205, 
            432.552980, 802.619205, 434.672185, 804.738411, 
            436.791391, 804.738411, 438.910596, 806.857616, 
            438.910596, 806.857616, 441.029801, 808.976821, 
            443.149007, 808.976821, 445.268212, 811.096026, 
            447.387417, 811.096026, 449.506623, 813.215232, 
            451.625828, 815.334437, 453.745033, 815.334437, 
            455.864238, 817.453642, 457.983444, 817.453642, 
            460.102649, 819.572848, 462.221854, 821.692053, 
            464.341060, 823.811258, 466.460265, 825.930464, 
            468.579470, 828.049669, 470.698675, 830.168874, 
            472.817881, 830.168874, 474.937086, 832.288079, 
            474.937086, 836.526490, 477.056291, 842.884106, 
            479.175497, 845.003311, 481.294702, 847.122517, 
            481.294702, 849.241722, 481.294702, 851.360927, 
            483.413907, 853.480132, 483.413907, 855.599338, 
            483.413907, 861.956954, 487.652318, 864.076159, 
            487.652318, 866.195364, 487.652318, 868.314570, 
            489.771523, 872.552980, 491.890728, 874.672185, 
            494.009934, 881.029801, 496.129139, 883.149007, 
            498.248344, 887.387417, 498.248344, 889.506623, 
            500.367550, 891.625828, 500.367550, 893.745033, 
            500.367550, 893.745033, 498.248344, 893.745033, 
            496.129139, 893.745033, 494.009934, 893.745033, 
            491.890728, 893.745033, 489.771523, 893.745033, 
            487.652318, 891.625828, 485.533113, 891.625828, 
            481.294702, 889.506623, 481.294702, 887.387417, 
            477.056291, 885.268212, 474.937086, 883.149007, 
            472.817881, 878.910596, 470.698675, 878.910596, 
            468.579470, 876.791391, 468.579470, 876.791391, 
            466.460265, 874.672185, 466.460265, 872.552980, 
            464.341060, 870.433775, 462.221854, 870.433775, 
            460.102649, 868.314570, 460.102649, 868.314570, 
            457.983444, 866.195364, 457.983444, 864.076159, 
            455.864238, 864.076159, 453.745033, 861.956954, 
            451.625828, 861.956954, 449.506623, 859.837748, 
            449.506623, 859.837748, 447.387417, 857.718543, 
            445.268212, 855.599338, 445.268212, 855.599338, 
            443.149007, 853.480132, 443.149007, 853.480132, 
            441.029801, 851.360927, 441.029801, 851.360927, 
            438.910596, 849.241722, 436.791391, 847.122517, 
            436.791391, 847.122517, 434.672185, 845.003311, 
            434.672185, 845.003311, 432.552980, 842.884106, 
