%YAML:1.0
    mask: !!opencv-matrix
        rows: 521
        cols: 2
        dt: f
        data: [ -1.000000, -1.000000, 747.934053, 
            715.543965, 747.934053, 714.520783, 748.957234, 
            713.497602, 753.049960, 711.451239, 756.119504, 
            708.381695, 757.142686, 707.358513, 759.189049, 
            706.335332, 760.212230, 705.312150, 761.235412, 
            703.265787, 762.258593, 703.265787, 763.281775, 
            702.242606, 764.304956, 702.242606, 766.351319, 
            701.219424, 767.374500, 701.219424, 768.397682, 
            701.219424, 769.420863, 701.219424, 771.467226, 
            701.219424, 773.513589, 701.219424, 777.606315, 
            701.219424, 778.629496, 701.219424, 783.745404, 
            701.219424, 786.814948, 701.219424, 789.884492, 
            702.242606, 792.954037, 702.242606, 792.954037, 
            703.265787, 793.977218, 703.265787, 798.069944, 
            705.312150, 802.162670, 706.335332, 806.255396, 
            708.381695, 807.278577, 709.404876, 810.348122, 
            709.404876, 812.394484, 711.451239, 818.533573, 
            712.474420, 821.603118, 713.497602, 822.626299, 
            713.497602, 824.672662, 713.497602, 825.695843, 
            713.497602, 826.719025, 713.497602, 828.765388, 
            714.520783, 829.788569, 713.497602, -1.000000, 
            -1.000000, 742.818145, 378.917266, 741.794964, 
            380.963629, 740.771783, 384.033173, 738.725420, 
            387.102718, 734.632694, 392.218625, 733.609512, 
            394.264988, 731.563149, 397.334532, 729.516787, 
            398.357714, 728.493605, 399.380895, 725.424061, 
            400.404077, 721.331335, 403.473621, 717.238609, 
            405.519984, 714.169065, 407.566347, 710.076339, 
            410.635891, 709.053157, 411.659073, 705.983613, 
            412.682254, 703.937250, 413.705436, 701.890887, 
            415.751799, 697.798161, 416.774980, 694.728617, 
            418.821343, 691.659073, 420.867706, 691.659073, 
            421.890887, 686.543165, 424.960432, 685.519984, 
            425.983613, 684.496803, 428.029976, 681.427258, 
            431.099520, 679.380895, 433.145883, 678.357714, 
            435.192246, 676.311351, 438.261791, 673.241807, 
            441.331335, 671.195444, 445.424061, 669.149081, 
            448.493605, 669.149081, 449.516787, 667.102718, 
            450.539968, 664.033173, 455.655875, 661.986811, 
            459.748601, 660.963629, 462.818145, 658.917266, 
            463.841327, 657.894085, 466.910871, 656.870903, 
            467.934053, 655.847722, 469.980416, 655.847722, 
            471.003597, 653.801359, 473.049960, 651.754996, 
            476.119504, 649.708633, 479.189049, 647.662270, 
            481.235412, 647.662270, 482.258593, 647.662270, 
            484.304956, 647.662270, 485.328137, 647.662270, 
            486.351319, 648.685452, 486.351319, 649.708633, 
            486.351319, 650.731815, 485.328137, 653.801359, 
            483.281775, 656.870903, 482.258593, 660.963629, 
            481.235412, 664.033173, 480.212230, 668.125899, 
            478.165867, 672.218625, 475.096323, 676.311351, 
            473.049960, 677.334532, 471.003597, 678.357714, 
            471.003597, 679.380895, 469.980416, 681.427258, 
            467.934053, 682.450440, 466.910871, 683.473621, 
            464.864508, 685.519984, 464.864508, 687.566347, 
            463.841327, 688.589528, 463.841327, 692.682254, 
            462.818145, 696.774980, 461.794964, 697.798161, 
            461.794964, 699.844524, 460.771783, 700.867706, 
            460.771783, 701.890887, 460.771783, 705.983613, 
            460.771783, 707.006795, 460.771783, 709.053157, 
            461.794964, 710.076339, 462.818145, 711.099520, 
            462.818145, 712.122702, 463.841327, 713.145883, 
            463.841327, 715.192246, 465.887690, 718.261791, 
            467.934053, 718.261791, 468.957234, 718.261791, 
            469.980416, 720.308153, 473.049960, 720.308153, 
            477.142686, 721.331335, 478.165867, 721.331335, 
            484.304956, 722.354516, 491.467226, 722.354516, 
            493.513589, 722.354516, 498.629496, 722.354516, 
            503.745404, 722.354516, 508.861311, 722.354516, 
            512.954037, 722.354516, 516.023581, 722.354516, 
            521.139488, 722.354516, 525.232214, 722.354516, 
            531.371303, 724.400879, 537.510392, 725.424061, 
            541.603118, 725.424061, 544.672662, 726.447242, 
            545.695843, 727.470424, 547.742206, 728.493605, 
            548.765388, 729.516787, 549.788569, 730.539968, 
            551.834932, 731.563149, 551.834932, 733.609512, 
            552.858114, 734.632694, 552.858114, 735.655875, 
            552.858114, 737.702238, 551.834932, 737.702238, 
            550.811751, 739.748601, 547.742206, 740.771783, 
            544.672662, 740.771783, 543.649480, 741.794964, 
            540.579936, 741.794964, 536.487210, 742.818145, 
            533.417666, 743.841327, 532.394484, 743.841327, 
            527.278577, 744.864508, 522.162670, 744.864508, 
            519.093125, 745.887690, 519.093125, 745.887690, 
            512.954037, 746.910871, 509.884492, 746.910871, 
            506.814948, 746.910871, 503.745404, 747.934053, 
            503.745404, 749.980416, 503.745404, 749.980416, 
            504.768585, 751.003597, 505.791767, 752.026779, 
            507.838129, 753.049960, 510.907674, 754.073141, 
            511.930855, 754.073141, 517.046763, 756.119504, 
            522.162670, 757.142686, 527.278577, 758.165867, 
            532.394484, 758.165867, 536.487210, 761.235412, 
            541.603118, 762.258593, 544.672662, 762.258593, 
            545.695843, 764.304956, 548.765388, 765.328137, 
            550.811751, 765.328137, 551.834932, 767.374500, 
            555.927658, 769.420863, 561.043565, 770.444045, 
            562.066747, 771.467226, 562.066747, 772.490408, 
            562.066747, 773.513589, 562.066747, 775.559952, 
            561.043565, 776.583133, 558.997202, 777.606315, 
            558.997202, 778.629496, 555.927658, 779.652678, 
            554.904476, 779.652678, 551.834932, 779.652678, 
            549.788569, 780.675859, 546.719025, 780.675859, 
            543.649480, 780.675859, 541.603118, 780.675859, 
            538.533573, 780.675859, 536.487210, 779.652678, 
            533.417666, 779.652678, 531.371303, 779.652678, 
            529.324940, 779.652678, 527.278577, 780.675859, 
            524.209033, 781.699041, 522.162670, 782.722222, 
            521.139488, 782.722222, 520.116307, 783.745404, 
            519.093125, 784.768585, 518.069944, 785.791767, 
            516.023581, 786.814948, 513.977218, 787.838129, 
            513.977218, 788.861311, 513.977218, 789.884492, 
            513.977218, 790.907674, 516.023581, 791.930855, 
            516.023581, 793.977218, 520.116307, 795.000400, 
            522.162670, 800.116307, 530.348122, 803.185851, 
            534.440847, 804.209033, 535.464029, 805.232214, 
            537.510392, 808.301759, 541.603118, 809.324940, 
            543.649480, 810.348122, 544.672662, 811.371303, 
            545.695843, 813.417666, 545.695843, 814.440847, 
            546.719025, 816.487210, 546.719025, 817.510392, 
            546.719025, 818.533573, 545.695843, 819.556755, 
            544.672662, 821.603118, 540.579936, 821.603118, 
            536.487210, 821.603118, 533.417666, 821.603118, 
            532.394484, 821.603118, 530.348122, 821.603118, 
            524.209033, 821.603118, 520.116307, 820.579936, 
            517.046763, 820.579936, 516.023581, 820.579936, 
            510.907674, 820.579936, 507.838129, 820.579936, 
            505.791767, 820.579936, 504.768585, 820.579936, 
            503.745404, 820.579936, 501.699041, 820.579936, 
            500.675859, 820.579936, 498.629496, 820.579936, 
