%YAML:1.0
    mask: !!opencv-matrix
        rows: 446
        cols: 2
        dt: f
        data: [ 389.118557, 713.489691, 395.716495, 
            710.850515, 406.273196, 706.891753, 420.788660, 
            700.293814, 424.747423, 698.974227, 427.386598, 
            696.335052, 431.345361, 695.015464, 433.984536, 
            692.376289, 436.623711, 691.056701, 439.262887, 
            689.737113, 445.860825, 685.778351, 452.458763, 
            681.819588, 456.417526, 677.860825, 457.737113, 
            676.541237, 459.056701, 672.582474, 461.695876, 
            668.623711, 463.015464, 665.984536, 463.015464, 
            664.664948, 465.654639, 658.067010, 468.293814, 
            655.427835, 469.613402, 650.149485, 469.613402, 
            648.829897, 469.613402, 647.510309, 469.613402, 
            646.190722, 469.613402, 643.551546, 468.293814, 
            642.231959, 468.293814, 640.912371, 466.974227, 
            639.592784, 464.335052, 639.592784, 463.015464, 
            639.592784, 459.056701, 639.592784, 457.737113, 
            639.592784, 455.097938, 639.592784, 444.541237, 
            643.551546, 433.984536, 644.871134, 431.345361, 
            644.871134, 418.149485, 647.510309, 410.231959, 
            648.829897, 403.634021, 650.149485, 398.355670, 
            650.149485, 391.757732, 651.469072, 379.881443, 
            654.108247, 374.603093, 655.427835, 366.685567, 
            656.747423, 362.726804, 658.067010, 360.087629, 
            658.067010, 356.128866, 659.386598, 352.170103, 
            659.386598, 346.891753, 660.706186, 337.654639, 
            662.025773, 335.015464, 662.025773, 329.737113, 
            662.025773, 324.458763, 662.025773, 317.860825, 
            662.025773, 315.221649, 660.706186, 313.902062, 
            660.706186, 313.902062, 659.386598, 311.262887, 
            658.067010, 311.262887, 656.747423, 311.262887, 
            655.427835, 311.262887, 652.788660, 311.262887, 
            651.469072, 312.582474, 650.149485, 315.221649, 
            647.510309, 319.180412, 642.231959, 323.139175, 
            636.953608, 327.097938, 632.994845, 328.417526, 
            631.675258, 331.056701, 630.355670, 340.293814, 
            625.077320, 345.572165, 621.118557, 348.211340, 
            619.798969, 352.170103, 615.840206, 354.809278, 
            613.201031, 357.448454, 610.561856, 361.407216, 
            607.922680, 362.726804, 605.283505, 364.046392, 
            603.963918, 364.046392, 602.644330, 365.365979, 
            600.005155, 365.365979, 598.685567, 365.365979, 
            597.365979, 365.365979, 596.046392, 361.407216, 
            594.726804, 353.489691, 594.726804, 345.572165, 
            594.726804, 338.974227, 596.046392, 336.335052, 
            596.046392, 328.417526, 598.685567, 327.097938, 
            600.005155, 324.458763, 600.005155, 321.819588, 
            601.324742, 313.902062, 603.963918, 312.582474, 
            605.283505, 308.623711, 606.603093, 304.664948, 
            607.922680, 303.345361, 609.242268, 292.788660, 
            611.881443, 291.469072, 613.201031, 290.149485, 
            613.201031, 288.829897, 613.201031, 288.829897, 
            611.881443, 290.149485, 606.603093, 292.788660, 
            598.685567, 295.427835, 594.726804, 300.706186, 
            588.128866, 302.025773, 586.809278, 308.623711, 
            578.891753, 313.902062, 576.252577, 321.819588, 
            569.654639, 323.139175, 569.654639, 324.458763, 
            567.015464, 325.778351, 564.376289, 328.417526, 
            563.056701, 333.695876, 557.778351, 336.335052, 
            556.458763, 341.613402, 551.180412, 344.252577, 
            547.221649, 345.572165, 544.582474, 346.891753, 
            543.262887, 346.891753, 541.943299, 348.211340, 
            534.025773, 348.211340, 527.427835, 346.891753, 
            524.788660, 346.891753, 523.469072, 345.572165, 
            520.829897, 344.252577, 516.871134, 340.293814, 
            512.912371, 337.654639, 510.273196, 332.376289, 
            510.273196, 331.056701, 510.273196, 328.417526, 
            510.273196, 324.458763, 510.273196, 317.860825, 
            510.273196, 315.221649, 511.592784, 312.582474, 
            511.592784, 313.902062, 510.273196, 320.500000, 
            504.994845, 333.695876, 494.438144, 336.335052, 
            490.479381, 338.974227, 485.201031, 340.293814, 
            485.201031, 340.293814, 481.242268, 340.293814, 
            478.603093, 338.974227, 475.963918, 336.335052, 
            470.685567, 335.015464, 466.726804, 333.695876, 
            464.087629, 332.376289, 461.448454, 329.737113, 
            458.809278, 327.097938, 458.809278, 325.778351, 
            458.809278, 324.458763, 458.809278, 321.819588, 
            461.448454, 313.902062, 468.046392, 305.984536, 
            473.324742, 298.067010, 478.603093, 294.108247, 
            479.922680, 290.149485, 482.561856, 282.231959, 
            486.520619, 275.634021, 490.479381, 270.355670, 
            494.438144, 267.716495, 495.757732, 263.757732, 
            498.396907, 254.520619, 504.994845, 251.881443, 
            507.634021, 250.561856, 507.634021, 249.242268, 
            510.273196, 247.922680, 511.592784, 243.963918, 
            518.190722, 241.324742, 523.469072, 237.365979, 
            532.706186, 234.726804, 536.664948, 233.407216, 
            539.304124, 225.489691, 552.500000, 218.891753, 
            561.737113, 213.613402, 569.654639, 210.974227, 
            574.932990, 204.376289, 585.489691, 200.417526, 
            594.726804, 193.819588, 619.798969, 189.860825, 
            627.716495, 188.541237, 630.355670, 185.902062, 
            640.912371, 185.902062, 643.551546, 183.262887, 
            648.829897, 181.943299, 655.427835, 180.623711, 
            656.747423, 179.304124, 660.706186, 174.025773, 
            669.943299, 171.386598, 675.221649, 170.067010, 
            679.180412, 166.108247, 685.778351, 162.149485, 
            693.695876, 159.510309, 697.654639, 158.190722, 
            701.613402, 156.871134, 704.252577, 156.871134, 
            705.572165, 155.551546, 709.530928, 155.551546, 
            710.850515, 155.551546, 713.489691, 154.231959, 
            714.809278, -1.000000, -1.000000, 762.561856, 
            693.695876, 754.644330, 689.737113, 744.087629, 
            683.139175, 732.211340, 673.902062, 728.252577, 
            669.943299, 724.293814, 667.304124, 721.654639, 
            665.984536, 719.015464, 663.345361, 713.737113, 
            659.386598, 712.417526, 658.067010, 709.778351, 
            656.747423, 703.180412, 652.788660, 699.221649, 
            651.469072, 696.582474, 650.149485, 695.262887, 
            648.829897, 693.943299, 648.829897, 692.623711, 
            647.510309, 686.025773, 643.551546, 678.108247, 
            638.273196, 672.829897, 632.994845, 670.190722, 
            630.355670, 667.551546, 629.036082, 659.634021, 
            625.077320, 654.355670, 623.757732, 649.077320, 
            622.438144, 647.757732, 622.438144, 645.118557, 
            622.438144, 635.881443, 622.438144, 634.561856, 
            622.438144, 630.603093, 622.438144, 621.365979, 
            625.077320, 609.489691, 627.716495, 604.211340, 
            630.355670, 597.613402, 631.675258, 596.293814, 
            631.675258, 591.015464, 631.675258, 585.737113, 
            631.675258, 573.860825, 634.314433, 571.221649, 
            634.314433, 565.943299, 634.314433, 559.345361, 
            634.314433, 554.067010, 634.314433, 551.427835, 
            634.314433, 547.469072, 634.314433, 546.149485, 
            634.314433, 542.190722, 632.994845, 540.871134, 
            632.994845, 539.551546, 630.355670, 538.231959, 
            630.355670, 535.592784, 625.077320, 535.592784, 
            622.438144, 534.273196, 619.798969, 534.273196, 
            618.479381, 534.273196, 617.159794, 535.592784, 
