%YAML:1.0
    mask: !!opencv-matrix
        rows: 1053
        cols: 2
        dt: f
        data: [ 138.117906, 589.692646, 138.117906, 
            588.669464, 139.141087, 588.669464, 140.164269, 
            588.669464, 143.233813, 587.646283, 144.256994, 
            587.646283, 149.372902, 586.623102, 153.465627, 
            586.623102, 155.511990, 586.623102, 157.558353, 
            585.599920, 158.581535, 584.576739, 160.627898, 
            583.553557, 162.674261, 582.530376, 166.766986, 
            580.484013, 169.836531, 578.437650, 172.906075, 
            575.368106, 175.975620, 573.321743, 179.045164, 
            571.275380, 182.114708, 568.205835, 185.184253, 
            567.182654, 187.230616, 566.159472, 188.253797, 
            565.136291, 191.323341, 563.089928, 195.416067, 
            561.043565, 201.555156, 556.950839, 206.671063, 
            552.858114, 209.740608, 549.788569, 211.786970, 
            547.742206, 213.833333, 546.719025, 214.856515, 
            544.672662, 216.902878, 543.649480, 219.972422, 
            542.626299, 224.065148, 538.533573, 228.157874, 
            535.464029, 231.227418, 532.394484, 236.343325, 
            528.301759, 239.412870, 527.278577, 241.459233, 
            525.232214, 246.575140, 519.093125, 251.691047, 
            516.023581, 253.737410, 513.977218, 255.783773, 
            511.930855, 258.853317, 509.884492, 261.922862, 
            507.838129, 264.992406, 504.768585, 268.061950, 
            502.722222, 271.131495, 499.652678, 274.201039, 
            498.629496, 276.247402, 496.583133, 279.316946, 
            494.536771, 281.363309, 493.513589, 284.432854, 
            490.444045, 289.548761, 487.374500, 292.618305, 
            486.351319, 294.664668, 484.304956, 298.757394, 
            481.235412, 300.803757, 479.189049, 303.873301, 
            478.165867, 306.942846, 475.096323, 310.012390, 
            472.026779, 313.081934, 469.980416, 317.174660, 
            467.934053, 318.197842, 466.910871, 323.313749, 
            463.841327, 325.360112, 461.794964, 330.476019, 
            459.748601, 332.522382, 457.702238, 335.591926, 
            456.679057, 337.638289, 455.655875, 339.684652, 
            453.609512, 341.731015, 452.586331, 343.777378, 
            451.563149, 347.870104, 449.516787, 351.962830, 
            449.516787, 356.055556, 448.493605, 360.148281, 
            447.470424, 364.241007, 445.424061, 367.310552, 
            445.424061, 369.356914, 444.400879, 371.403277, 
            444.400879, 372.426459, 443.377698, 374.472822, 
            442.354516, 376.519185, 442.354516, 378.565548, 
            441.331335, 381.635092, 441.331335, 384.704636, 
            441.331335, 387.774181, 439.284972, 390.843725, 
            439.284972, 393.913269, 439.284972, 396.982814, 
            439.284972, 399.029177, 439.284972, 402.098721, 
            438.261791, 405.168265, 438.261791, 407.214628, 
            438.261791, 412.330536, 438.261791, 417.446443, 
            438.261791, 420.515987, 438.261791, 423.585532, 
            438.261791, 425.631894, 437.238609, 426.655076, 
            437.238609, 428.701439, 437.238609, 429.724620, 
            437.238609, 433.817346, 436.215428, 435.863709, 
            436.215428, 438.933253, 436.215428, 439.956435, 
            436.215428, 442.002798, 436.215428, 445.072342, 
            437.238609, 446.095524, 438.261791, 448.141886, 
            439.284972, 452.234612, 441.331335, 454.280975, 
            442.354516, 456.327338, 443.377698, 456.327338, 
            444.400879, 458.373701, 446.447242, 460.420064, 
            448.493605, 462.466427, 450.539968, 463.489608, 
            451.563149, 464.512790, 453.609512, 465.535971, 
            454.632694, 466.559153, 457.702238, 468.605516, 
            461.794964, 471.675060, 464.864508, 472.698241, 
            465.887690, 474.744604, 469.980416, 475.767786, 
            472.026779, 479.860512, 476.119504, 480.883693, 
            480.212230, 483.953237, 484.304956, 485.999600, 
            487.374500, 488.045963, 490.444045, 491.115508, 
            494.536771, 494.185052, 499.652678, 495.208233, 
            501.699041, 496.231415, 502.722222, 499.300959, 
            506.814948, 502.370504, 508.861311, 503.393685, 
            510.907674, 504.416867, 512.954037, 507.486411, 
            517.046763, 508.509592, 519.093125, 509.532774, 
            522.162670, 510.555955, 525.232214, 511.579137, 
            527.278577, 512.602318, 529.324940, 513.625500, 
            531.371303, 513.625500, 532.394484, 513.625500, 
            533.417666, 512.602318, 534.440847, 511.579137, 
            535.464029, 510.555955, 535.464029, 508.509592, 
            535.464029, 506.463229, 535.464029, 503.393685, 
            536.487210, 500.324141, 536.487210, 497.254596, 
            536.487210, 492.138689, 536.487210, 487.022782, 
            534.440847, 482.930056, 534.440847, 477.814149, 
            534.440847, 473.721423, 533.417666, 469.628697, 
            533.417666, 465.535971, 533.417666, 460.420064, 
            533.417666, 456.327338, 533.417666, 454.280975, 
            533.417666, 449.165068, 534.440847, 446.095524, 
            534.440847, 444.049161, 534.440847, 438.933253, 
            536.487210, 434.840528, 537.510392, 432.794165, 
            537.510392, 430.747802, 538.533573, 429.724620, 
            538.533573, 427.678257, 538.533573, 425.631894, 
            539.556755, 424.608713, 539.556755, 422.562350, 
            539.556755, 420.515987, 540.579936, 416.423261, 
            541.603118, 413.353717, 542.626299, 411.307354, 
            542.626299, 410.284173, 542.626299, 409.260991, 
            543.649480, 407.214628, 543.649480, 406.191447, 
            544.672662, 404.145084, 545.695843, 401.075540, 
            547.742206, 398.005995, 550.811751, 395.959632, 
            551.834932, 394.936451, 553.881295, 392.890088, 
            553.881295, 391.866906, 554.904476, 389.820544, 
            556.950839, 387.774181, 558.997202, 386.750999, 
            561.043565, 384.704636, 563.089928, 383.681455, 
            565.136291, 382.658273, 567.182654, 382.658273, 
            569.229017, 382.658273, 570.252198, 381.635092, 
            571.275380, 381.635092, 573.321743, 381.635092, 
            574.344924, 381.635092, 575.368106, 381.635092, 
            576.391287, 382.658273, 576.391287, 385.727818, 
            577.414468, 388.797362, 578.437650, 389.820544, 
            578.437650, 394.936451, 579.460831, 399.029177, 
            579.460831, 403.121902, 579.460831, 407.214628, 
            578.437650, 410.284173, 577.414468, 413.353717, 
            576.391287, 417.446443, 575.368106, 420.515987, 
            574.344924, 424.608713, 574.344924, 428.701439, 
            573.321743, 429.724620, 573.321743, 433.817346, 
            572.298561, 436.886890, 572.298561, 439.956435, 
            572.298561, 442.002798, 572.298561, 443.025979, 
            572.298561, 445.072342, 572.298561, 446.095524, 
            572.298561, 449.165068, 574.344924, 450.188249, 
            574.344924, 452.234612, 576.391287, 453.257794, 
            576.391287, 455.304157, 576.391287, 456.327338, 
            576.391287, 457.350520, 576.391287, 457.350520, 
            578.437650, 457.350520, 581.507194, 456.327338, 
            582.530376, 451.211431, 590.715827, 445.072342, 
            594.808553, 438.933253, 598.901279, 428.701439, 
            606.063549, 424.608713, 609.133094, 420.515987, 
            611.179456, 419.492806, 611.179456, 413.353717, 
            615.272182, 409.260991, 618.341727, 403.121902, 
            621.411271, 400.052358, 623.457634, 398.005995, 
            626.527178, 394.936451, 627.550360, 391.866906, 
            629.596723, 391.866906, 630.619904, 388.797362, 
            632.666267, 383.681455, 634.712630, 377.542366, 
            637.782174, 374.472822, 640.851719, 371.403277, 
