%YAML:1.0
    mask: !!opencv-matrix
        rows: 475
        cols: 2
        dt: f
        data: [ -1.000000, -1.000000, 350.850515, 
            717.448454, 344.252577, 713.489691, 335.015464, 
            708.211340, 323.139175, 698.974227, 317.860825, 
            696.335052, 315.221649, 692.376289, 311.262887, 
            685.778351, 309.943299, 683.139175, 305.984536, 
            676.541237, 300.706186, 664.664948, 294.108247, 
            651.469072, 287.510309, 636.953608, 286.190722, 
            635.634021, 286.190722, 634.314433, 284.871134, 
            634.314433, 283.551546, 632.994845, 283.551546, 
            631.675258, 283.551546, 630.355670, 284.871134, 
            630.355670, 290.149485, 626.396907, 291.469072, 
            625.077320, 294.108247, 625.077320, 295.427835, 
            625.077320, 296.747423, 625.077320, 302.025773, 
            623.757732, 304.664948, 623.757732, 307.304124, 
            622.438144, 311.262887, 622.438144, 315.221649, 
            622.438144, 319.180412, 622.438144, 323.139175, 
            622.438144, 325.778351, 622.438144, 328.417526, 
            622.438144, 336.335052, 622.438144, 338.974227, 
            622.438144, 344.252577, 622.438144, 353.489691, 
            623.757732, 365.365979, 627.716495, 368.005155, 
            629.036082, 368.005155, 626.396907, 362.726804, 
            605.283505, 356.128866, 582.850515, 349.530928, 
            565.695876, 346.891753, 563.056701, 346.891753, 
            561.737113, 345.572165, 559.097938, 342.932990, 
            555.139175, 340.293814, 549.860825, 335.015464, 
            540.623711, 329.737113, 527.427835, 329.737113, 
            526.108247, 327.097938, 518.190722, 320.500000, 
            503.675258, 317.860825, 499.716495, 316.541237, 
            498.396907, 315.221649, 491.798969, 312.582474, 
            489.159794, 311.262887, 485.201031, 309.943299, 
            483.881443, 309.943299, 481.242268, 308.623711, 
            475.963918, 313.902062, 470.685567, 315.221649, 
            470.685567, 321.819588, 464.087629, 331.056701, 
            456.170103, 332.376289, 454.850515, 333.695876, 
            454.850515, 335.015464, 454.850515, 338.974227, 
            452.211340, 338.974227, 450.891753, 341.613402, 
            449.572165, 342.932990, 448.252577, 349.530928, 
            445.613402, 352.170103, 444.293814, 357.448454, 
            441.654639, 360.087629, 441.654639, 361.407216, 
            439.015464, 368.005155, 437.695876, 371.963918, 
            436.376289, 377.242268, 436.376289, 378.561856, 
            436.376289, 386.479381, 431.097938, 391.757732, 
            427.139175, 397.036082, 423.180412, 399.675258, 
            421.860825, 410.231959, 413.943299, 414.190722, 
            411.304124, 416.829897, 408.664948, 432.664948, 
            403.386598, 436.623711, 402.067010, 439.262887, 
            402.067010, 440.582474, 402.067010, 444.541237, 
            398.108247, 448.500000, 392.829897, 452.458763, 
            379.634021, 455.097938, 370.396907, 455.097938, 
            366.438144, 456.417526, 365.118557, 456.417526, 
            362.479381, 456.417526, 361.159794, 456.417526, 
            359.840206, 456.417526, 357.201031, 459.056701, 
            350.603093, 460.376289, 349.283505, 469.613402, 
            338.726804, 472.252577, 337.407216, 476.211340, 
            336.087629, 478.850515, 336.087629, 481.489691, 
            334.768041, 498.644330, 333.448454, 502.603093, 
            333.448454, 503.922680, 333.448454, 506.561856, 
            334.768041, 535.592784, 357.201031, 540.871134, 
            359.840206, 543.510309, 361.159794, 544.829897, 
            361.159794, 548.788660, 357.201031, 556.706186, 
            351.922680, 559.345361, 350.603093, 561.984536, 
            350.603093, 564.623711, 349.283505, 568.582474, 
            349.283505, 569.902062, 347.963918, 572.541237, 
            347.963918, 581.778351, 347.963918, 583.097938, 
            347.963918, 583.097938, 346.644330, 584.417526, 
            346.644330, 585.737113, 346.644330, 588.376289, 
            346.644330, 589.695876, 346.644330, 592.335052, 
            346.644330, 597.613402, 349.283505, 602.891753, 
            350.603093, 605.530928, 350.603093, 608.170103, 
            351.922680, 610.809278, 353.242268, 614.768041, 
            355.881443, 625.324742, 363.798969, 631.922680, 
            370.396907, 633.242268, 370.396907, 634.561856, 
            373.036082, 642.479381, 378.314433, 646.438144, 
            380.953608, 650.396907, 384.912371, 651.716495, 
            386.231959, 651.716495, 387.551546, 656.994845, 
            392.829897, 658.314433, 394.149485, 662.273196, 
            396.788660, 671.510309, 407.345361, 674.149485, 
            411.304124, 674.149485, 412.623711, 675.469072, 
            413.943299, 676.788660, 416.582474, 678.108247, 
            417.902062, 682.067010, 424.500000, 683.386598, 
            427.139175, 684.706186, 428.458763, 684.706186, 
            429.778351, 689.984536, 437.695876, 695.262887, 
            444.293814, 699.221649, 450.891753, 701.860825, 
            457.489691, 705.819588, 464.087629, 707.139175, 
            468.046392, 709.778351, 470.685567, 712.417526, 
            475.963918, 713.737113, 478.603093, 717.695876, 
            483.881443, 721.654639, 491.798969, 724.293814, 
            499.716495, 729.572165, 506.314433, 732.211340, 
            510.273196, 734.850515, 512.912371, 736.170103, 
            515.551546, 738.809278, 519.510309, 741.448454, 
            522.149485, 742.768041, 523.469072, 742.768041, 
            524.788660, 744.087629, 526.108247, 744.087629, 
            527.427835, 746.726804, 531.386598, 749.365979, 
            535.345361, 750.685567, 536.664948, 755.963918, 
            541.943299, 755.963918, 543.262887, 758.603093, 
            545.902062, 758.603093, 548.541237, 765.201031, 
            556.458763, 766.520619, 559.097938, 767.840206, 
            560.417526, 773.118557, 568.335052, 775.757732, 
            572.293814, 777.077320, 574.932990, 779.716495, 
            578.891753, 781.036082, 578.891753, 781.036082, 
            580.211340, 784.994845, 586.809278, 791.592784, 
            596.046392, 795.551546, 598.685567, 798.190722, 
            601.324742, 799.510309, 603.963918, 802.149485, 
            606.603093, 804.788660, 610.561856, 807.427835, 
            614.520619, 811.386598, 622.438144, 812.706186, 
            625.077320, 816.664948, 629.036082, 823.262887, 
            638.273196, 827.221649, 644.871134, 832.500000, 
            655.427835, 833.819588, 658.067010, 837.778351, 
            662.025773, 841.737113, 667.304124, 843.056701, 
            668.623711, 845.695876, 669.943299, 857.572165, 
            684.458763, 862.850515, 691.056701, 864.170103, 
            692.376289, 866.809278, 697.654639, 868.128866, 
            698.974227, 868.128866, 700.293814, 869.448454, 
            701.613402, 869.448454, 702.932990, 869.448454, 
            704.252577, 872.087629, 704.252577, 872.087629, 
            705.572165, 873.407216, 708.211340, 874.726804, 
            710.850515, 874.726804, 713.489691, 876.046392, 
            714.809278, 876.046392, 716.128866, 876.046392, 
            717.448454, 876.046392, 718.768041, -1.000000, 
            -1.000000, 486.768041, 66.891753, 486.768041, 
            61.613402, 490.726804, 58.974227, 506.561856, 
            43.139175, 518.438144, 33.902062, 521.077320, 
            31.262887, 525.036082, 28.623711, 528.994845, 
            25.984536, 530.314433, 24.664948, 534.273196, 
            23.345361, 536.912371, 23.345361, 554.067010, 
            18.067010, 568.582474, 14.108247, 575.180412, 
            11.469072, 576.500000, 10.149485, 580.458763, 
            8.829897, 583.097938, 7.510309, 584.417526, 
            4.871134, 587.056701, 4.871134, 587.056701, 
            3.551546, 588.376289, 2.231959, 589.695876, 
