%YAML:1.0
    mask: !!opencv-matrix
        rows: 484
        cols: 2
        dt: f
        data: [ 400.994845, 714.809278, 402.314433, 
            713.489691, 404.953608, 706.891753, 407.592784, 
            705.572165, 407.592784, 704.252577, 408.912371, 
            702.932990, 408.912371, 700.293814, 410.231959, 
            697.654639, 410.231959, 696.335052, 410.231959, 
            695.015464, 410.231959, 693.695876, 410.231959, 
            692.376289, 406.273196, 691.056701, 399.675258, 
            691.056701, 397.036082, 689.737113, 394.396907, 
            689.737113, 387.798969, 689.737113, 383.840206, 
            689.737113, 379.881443, 689.737113, 373.283505, 
            689.737113, 366.685567, 689.737113, 358.768041, 
            689.737113, 346.891753, 689.737113, 340.293814, 
            689.737113, 338.974227, 689.737113, 333.695876, 
            689.737113, 321.819588, 689.737113, 312.582474, 
            687.097938, 308.623711, 685.778351, 305.984536, 
            684.458763, 304.664948, 684.458763, 303.345361, 
            684.458763, 298.067010, 683.139175, 291.469072, 
            681.819588, 283.551546, 680.500000, 280.912371, 
            680.500000, 274.314433, 680.500000, 269.036082, 
            679.180412, 266.396907, 679.180412, 265.077320, 
            679.180412, 262.438144, 679.180412, 255.840206, 
            679.180412, 253.201031, 679.180412, 250.561856, 
            679.180412, 243.963918, 680.500000, 236.046392, 
            681.819588, 224.170103, 684.458763, 217.572165, 
            688.417526, 213.613402, 691.056701, 204.376289, 
            695.015464, 197.778351, 698.974227, 188.541237, 
            704.252577, 180.623711, 708.211340, 174.025773, 
            712.170103, 171.386598, 713.489691, -1.000000, 
            -1.000000, 664.912371, 718.768041, 664.912371, 
            713.489691, 664.912371, 706.891753, 664.912371, 
            700.293814, 664.912371, 684.458763, 664.912371, 
            679.180412, 664.912371, 677.860825, 664.912371, 
            676.541237, 664.912371, 675.221649, 664.912371, 
            673.902062, 664.912371, 671.262887, 664.912371, 
            669.943299, 664.912371, 665.984536, 663.592784, 
            665.984536, 662.273196, 664.664948, 656.994845, 
            662.025773, 653.036082, 662.025773, 645.118557, 
            659.386598, 641.159794, 659.386598, 639.840206, 
            659.386598, 634.561856, 659.386598, 622.685567, 
            659.386598, 617.407216, 659.386598, 604.211340, 
            663.345361, 596.293814, 665.984536, 594.974227, 
            665.984536, 588.376289, 665.984536, 584.417526, 
            665.984536, 576.500000, 665.984536, 575.180412, 
            665.984536, 573.860825, 665.984536, 573.860825, 
            664.664948, 573.860825, 662.025773, 573.860825, 
            660.706186, 573.860825, 659.386598, 573.860825, 
            658.067010, 573.860825, 655.427835, 573.860825, 
            654.108247, 573.860825, 652.788660, 573.860825, 
            650.149485, 573.860825, 644.871134, 573.860825, 
            642.231959, 575.180412, 640.912371, 580.458763, 
            638.273196, 581.778351, 636.953608, 583.097938, 
            636.953608, 587.056701, 634.314433, 594.974227, 
            630.355670, 596.293814, 630.355670, 597.613402, 
            629.036082, 598.932990, 626.396907, 600.252577, 
            625.077320, 600.252577, 623.757732, 601.572165, 
            623.757732, 602.891753, 623.757732, 602.891753, 
            622.438144, 605.530928, 621.118557, 609.489691, 
            618.479381, 613.448454, 615.840206, 617.407216, 
            613.201031, 620.046392, 611.881443, 621.365979, 
            611.881443, 626.644330, 610.561856, 627.963918, 
            610.561856, 630.603093, 610.561856, 631.922680, 
            610.561856, 635.881443, 609.242268, 639.840206, 
            609.242268, 645.118557, 607.922680, 654.355670, 
            607.922680, 660.953608, 607.922680, 667.551546, 
            607.922680, 674.149485, 607.922680, 684.706186, 
            609.242268, 704.500000, 614.520619, 707.139175, 
            617.159794, 713.737113, 622.438144, 719.015464, 
            627.716495, 720.335052, 630.355670, 724.293814, 
            634.314433, 733.530928, 638.273196, 740.128866, 
            642.231959, 746.726804, 647.510309, 750.685567, 
            650.149485, 766.520619, 659.386598, 774.438144, 
            663.345361, 779.716495, 665.984536, 787.634021, 
            671.262887, 790.273196, 672.582474, 800.829897, 
            677.860825, 802.149485, 680.500000, 807.427835, 
            684.458763, 810.067010, 687.097938, 816.664948, 
            691.056701, 823.262887, 696.335052, 824.582474, 
            697.654639, 825.902062, 698.974227, 827.221649, 
            700.293814, 829.860825, 702.932990, 837.778351, 
            708.211340, 839.097938, 709.530928, 840.417526, 
            712.170103, 841.737113, 713.489691, 844.376289, 
            714.809278, 845.695876, 717.448454, 847.015464, 
            718.768041, -1.000000, -1.000000, 742.768041, 
            171.139175, 740.128866, 179.056701, 733.530928, 
            192.252577, 730.891753, 198.850515, 725.613402, 
            208.087629, 725.613402, 209.407216, 722.974227, 
            216.005155, 719.015464, 229.201031, 717.695876, 
            231.840206, 715.056701, 241.077320, 715.056701, 
            242.396907, 715.056701, 247.675258, 715.056701, 
            252.953608, 715.056701, 263.510309, 715.056701, 
            270.108247, 712.417526, 275.386598, 712.417526, 
            276.706186, 712.417526, 279.345361, 712.417526, 
            283.304124, 712.417526, 292.541237, 712.417526, 
            296.500000, 712.417526, 299.139175, 712.417526, 
            308.376289, 712.417526, 314.974227, 712.417526, 
            321.572165, 712.417526, 324.211340, 712.417526, 
            332.128866, 712.417526, 338.726804, 712.417526, 
            342.685567, 712.417526, 347.963918, 712.417526, 
            361.159794, 712.417526, 369.077320, 712.417526, 
            378.314433, 712.417526, 379.634021, 712.417526, 
            384.912371, 712.417526, 391.510309, 712.417526, 
            395.469072, 713.737113, 398.108247, 713.737113, 
            399.427835, 717.695876, 403.386598, 720.335052, 
            406.025773, 721.654639, 408.664948, 725.613402, 
            412.623711, 728.252577, 415.262887, 733.530928, 
            421.860825, 736.170103, 424.500000, 736.170103, 
            425.819588, 740.128866, 428.458763, 744.087629, 
            431.097938, 745.407216, 432.417526, 748.046392, 
            433.737113, 750.685567, 433.737113, 752.005155, 
            433.737113, 753.324742, 433.737113, 757.283505, 
            431.097938, 766.520619, 416.582474, 769.159794, 
            411.304124, 771.798969, 406.025773, 773.118557, 
            406.025773, 778.396907, 406.025773, 779.716495, 
            407.345361, 779.716495, 409.984536, 782.355670, 
            413.943299, 782.355670, 416.582474, 783.675258, 
            416.582474, 784.994845, 417.902062, 787.634021, 
            417.902062, 788.953608, 419.221649, 790.273196, 
            419.221649, 792.912371, 419.221649, 796.871134, 
            419.221649, 799.510309, 416.582474, 807.427835, 
            406.025773, 814.025773, 395.469072, 817.984536, 
            387.551546, 824.582474, 373.036082, 824.582474, 
            370.396907, 824.582474, 367.757732, 825.902062, 
            358.520619, 828.541237, 344.005155, 829.860825, 
            333.448454, 831.180412, 322.891753, 835.139175, 
            313.654639, 836.458763, 300.458763, 836.458763, 
            299.139175, 836.458763, 297.819588, 840.417526, 
            293.860825, 841.737113, 291.221649, 841.737113, 
            289.902062, 841.737113, 285.943299, 841.737113, 
            281.984536, 843.056701, 275.386598, 844.376289, 
            274.067010, 845.695876, 270.108247, 845.695876, 
