%YAML:1.0
    mask: !!opencv-matrix
        rows: 683
        cols: 2
        dt: f
        data: [ -1.000000, -1.000000, -1.000000, 
            -1.000000, 811.116114, 423.438389, 809.599526, 
            423.438389, 809.599526, 424.954976, 808.082938, 
            426.471564, 805.049763, 427.988152, 805.049763, 
            429.504739, 803.533175, 429.504739, 802.016588, 
            429.504739, 798.983412, 432.537915, 795.950237, 
            434.054502, 792.917062, 434.054502, 789.883886, 
            437.087678, 785.334123, 437.087678, 780.784360, 
            437.087678, 774.718009, 438.604265, 771.684834, 
            440.120853, 768.651659, 440.120853, 767.135071, 
            443.154028, 765.618483, 443.154028, 759.552133, 
            444.670616, 755.002370, 446.187204, 753.485782, 
            446.187204, 751.969194, 447.703791, 750.452607, 
            447.703791, 748.936019, 447.703791, 745.902844, 
            447.703791, 742.869668, 449.220379, 742.869668, 
            450.736967, 738.319905, 450.736967, 736.803318, 
            450.736967, 735.286730, 452.253555, 733.770142, 
            452.253555, 733.770142, 453.770142, 733.770142, 
            455.286730, 733.770142, 456.803318, 733.770142, 
            458.319905, 733.770142, 461.353081, 733.770142, 
            462.869668, 733.770142, 464.386256, 733.770142, 
            465.902844, 735.286730, 465.902844, 736.803318, 
            467.419431, 738.319905, 467.419431, 739.836493, 
            468.936019, 741.353081, 470.452607, 742.869668, 
            470.452607, 744.386256, 471.969194, 747.419431, 
            473.485782, 748.936019, 473.485782, 748.936019, 
            475.002370, 750.452607, 475.002370, 751.969194, 
            476.518957, 753.485782, 476.518957, 755.002370, 
            478.035545, 759.552133, 479.552133, 762.585308, 
            481.068720, 767.135071, 482.585308, 768.651659, 
            484.101896, 770.168246, 484.101896, 771.684834, 
            485.618483, 773.201422, 485.618483, 774.718009, 
            485.618483, 776.234597, 485.618483, 777.751185, 
            485.618483, 779.267773, 487.135071, 780.784360, 
            488.651659, 783.817536, 488.651659, 785.334123, 
            490.168246, 786.850711, 490.168246, 786.850711, 
            491.684834, 788.367299, 493.201422, 792.917062, 
            494.718009, 797.466825, 494.718009, 802.016588, 
            497.751185, 803.533175, 499.267773, 805.049763, 
            499.267773, 806.566351, 499.267773, 809.599526, 
            499.267773, 812.632701, 499.267773, 815.665877, 
            499.267773, 820.215640, 499.267773, 821.732227, 
            499.267773, 823.248815, 499.267773, 826.281991, 
            500.784360, 827.798578, 500.784360, 832.348341, 
            502.300948, 833.864929, 502.300948, 836.898104, 
            502.300948, 841.447867, 502.300948, 845.997630, 
            502.300948, 849.030806, 503.817536, 852.063981, 
            503.817536, 855.097156, 503.817536, 856.613744, 
            505.334123, 859.646919, 505.334123, 862.680095, 
            505.334123, 864.196682, 505.334123, 867.229858, 
            505.334123, 870.263033, 505.334123, 871.779621, 
            505.334123, 873.296209, 505.334123, 876.329384, 
            505.334123, 877.845972, 505.334123, 879.362559, 
            505.334123, 882.395735, 505.334123, 883.912322, 
            505.334123, 885.428910, 505.334123, 886.945498, 
            505.334123, 889.978673, 505.334123, 893.011848, 
            505.334123, 896.045024, 506.850711, 897.561611, 
            506.850711, 899.078199, 506.850711, 902.111374, 
            506.850711, 905.144550, 506.850711, 906.661137, 
            506.850711, 909.694313, 506.850711, 912.727488, 
            506.850711, 915.760664, 506.850711, 917.277251, 
            506.850711, 918.793839, 506.850711, 920.310427, 
            505.334123, 923.343602, 505.334123, 923.343602, 
            503.817536, 924.860190, 503.817536, 927.893365, 
            503.817536, 929.409953, 503.817536, 930.926540, 
            503.817536, 932.443128, 503.817536, 933.959716, 
            502.300948, 933.959716, 500.784360, 935.476303, 
            500.784360, 936.992891, 500.784360, 936.992891, 
            499.267773, 940.026066, 499.267773, 940.026066, 
            497.751185, 941.542654, 496.234597, 943.059242, 
            496.234597, 944.575829, 496.234597, 946.092417, 
            496.234597, 947.609005, 494.718009, 949.125592, 
            494.718009, 949.125592, 493.201422, 950.642180, 
            493.201422, 950.642180, 491.684834, 952.158768, 
            491.684834, 953.675355, 491.684834, 953.675355, 
            490.168246, 956.708531, 487.135071, 958.225118, 
            487.135071, 958.225118, 485.618483, 959.741706, 
            484.101896, 961.258294, 484.101896, 962.774882, 
            482.585308, 962.774882, 481.068720, 962.774882, 
            479.552133, 964.291469, 478.035545, 965.808057, 
            476.518957, 965.808057, 475.002370, 965.808057, 
            471.969194, 967.324645, 471.969194, 968.841232, 
            470.452607, 968.841232, 468.936019, 970.357820, 
            465.902844, 971.874408, 464.386256, 973.390995, 
            464.386256, 973.390995, 461.353081, 973.390995, 
            459.836493, 973.390995, 458.319905, 973.390995, 
            455.286730, 974.907583, 453.770142, 974.907583, 
            452.253555, 976.424171, 452.253555, 976.424171, 
            450.736967, 976.424171, 449.220379, 976.424171, 
            447.703791, 976.424171, 446.187204, 976.424171, 
            444.670616, 977.940758, 443.154028, 979.457346, 
            440.120853, 979.457346, 438.604265, 979.457346, 
            435.571090, 979.457346, 434.054502, 979.457346, 
            432.537915, 979.457346, 431.021327, 979.457346, 
            427.988152, 979.457346, 426.471564, 979.457346, 
            424.954976, 979.457346, 423.438389, 977.940758, 
            420.405213, 977.940758, 418.888626, 977.940758, 
            417.372038, 977.940758, 415.855450, 977.940758, 
            412.822275, 976.424171, 409.789100, 976.424171, 
            408.272512, 974.907583, 406.755924, 974.907583, 
            405.239336, 974.907583, 403.722749, 974.907583, 
            400.689573, 974.907583, 397.656398, 973.390995, 
            396.139810, 973.390995, 394.623223, 971.874408, 
            393.106635, 971.874408, 391.590047, 970.357820, 
            390.073460, 970.357820, 388.556872, 970.357820, 
            385.523697, 970.357820, 384.007109, 968.841232, 
            380.973934, 967.324645, 379.457346, 967.324645, 
            377.940758, 967.324645, 376.424171, 965.808057, 
            376.424171, 965.808057, 374.907583, 965.808057, 
            371.874408, 964.291469, 371.874408, 962.774882, 
            370.357820, 962.774882, 367.324645, 961.258294, 
            367.324645, 961.258294, 365.808057, 958.225118, 
            364.291469, 958.225118, 362.774882, 958.225118, 
            361.258294, 958.225118, 359.741706, 956.708531, 
            359.741706, 955.191943, 358.225118, 955.191943, 
            356.708531, 953.675355, 356.708531, 950.642180, 
            355.191943, 950.642180, 353.675355, 949.125592, 
            353.675355, 947.609005, 353.675355, 947.609005, 
            352.158768, 946.092417, 352.158768, 944.575829, 
            352.158768, 943.059242, 352.158768, 941.542654, 
            352.158768, 940.026066, 352.158768, 936.992891, 
            352.158768, 935.476303, 352.158768, 933.959716, 
            352.158768, 932.443128, 352.158768, 927.893365, 
            350.642180, 926.376777, 350.642180, 921.827014, 
            347.609005, 918.793839, 347.609005, 915.760664, 
            347.609005, 914.244076, 347.609005, 909.694313, 
            347.609005, 908.177725, 347.609005, 905.144550, 
            347.609005, 897.561611, 347.609005, 896.045024, 
            347.609005, 893.011848, 347.609005, 891.495261, 
