%YAML:1.0
    mask: !!opencv-matrix
        rows: 323
        cols: 2
        dt: f
        data: [ -1.000000, -1.000000, -1.000000, 
            -1.000000, 758.603093, 361.159794, 753.324742, 
            361.159794, 746.726804, 361.159794, 742.768041, 
            361.159794, 740.128866, 361.159794, 736.170103, 
            361.159794, 734.850515, 361.159794, 729.572165, 
            361.159794, 725.613402, 362.479381, 721.654639, 
            363.798969, 717.695876, 365.118557, 716.376289, 
            366.438144, 709.778351, 367.757732, 703.180412, 
            369.077320, 697.902062, 370.396907, 695.262887, 
            370.396907, 693.943299, 371.716495, 692.623711, 
            373.036082, 689.984536, 374.355670, 688.664948, 
            374.355670, 688.664948, 375.675258, 684.706186, 
            378.314433, 682.067010, 379.634021, 682.067010, 
            382.273196, 680.747423, 383.592784, 679.427835, 
            386.231959, 678.108247, 387.551546, 676.788660, 
            387.551546, 675.469072, 388.871134, 675.469072, 
            390.190722, 674.149485, 392.829897, 672.829897, 
            398.108247, 671.510309, 399.427835, 671.510309, 
            402.067010, 670.190722, 406.025773, 670.190722, 
            407.345361, 667.551546, 412.623711, 667.551546, 
            413.943299, 667.551546, 415.262887, 667.551546, 
            416.582474, 666.231959, 416.582474, 666.231959, 
            417.902062, 664.912371, 423.180412, 664.912371, 
            424.500000, 664.912371, 425.819588, 664.912371, 
            427.139175, 667.551546, 428.458763, 671.510309, 
            431.097938, 672.829897, 432.417526, 672.829897, 
            433.737113, 674.149485, 436.376289, 674.149485, 
            441.654639, 674.149485, 442.974227, 674.149485, 
            445.613402, 675.469072, 446.932990, 676.788660, 
            449.572165, 676.788660, 452.211340, 679.427835, 
            453.530928, 680.747423, 454.850515, 682.067010, 
            454.850515, 684.706186, 456.170103, 687.345361, 
            456.170103, 689.984536, 456.170103, 691.304124, 
            456.170103, 692.623711, 456.170103, 693.943299, 
            453.530928, 695.262887, 453.530928, 696.582474, 
            453.530928, 697.902062, 452.211340, 700.541237, 
            452.211340, 701.860825, 452.211340, 704.500000, 
            452.211340, 705.819588, 452.211340, 708.458763, 
            453.530928, 711.097938, 454.850515, 713.737113, 
            457.489691, 715.056701, 457.489691, 717.695876, 
            458.809278, 720.335052, 460.128866, 721.654639, 
            461.448454, 724.293814, 461.448454, 726.932990, 
            462.768041, 729.572165, 462.768041, 733.530928, 
            464.087629, 737.489691, 464.087629, 738.809278, 
            464.087629, 740.128866, 464.087629, 748.046392, 
            464.087629, 749.365979, 464.087629, 752.005155, 
            464.087629, 753.324742, 464.087629, 757.283505, 
            464.087629, 759.922680, 464.087629, 761.242268, 
            464.087629, 763.881443, 462.768041, 767.840206, 
            461.448454, 770.479381, 461.448454, 771.798969, 
            460.128866, 774.438144, 458.809278, 777.077320, 
            457.489691, 781.036082, 454.850515, 782.355670, 
            454.850515, 788.953608, 452.211340, 796.871134, 
            446.932990, 800.829897, 442.974227, 804.788660, 
            441.654639, 807.427835, 437.695876, 810.067010, 
            435.056701, 811.386598, 431.097938, 815.345361, 
            423.180412, 816.664948, 419.221649, 816.664948, 
            417.902062, 817.984536, 415.262887, 817.984536, 
            413.943299, 817.984536, 411.304124, 817.984536, 
            409.984536, 817.984536, 406.025773, 817.984536, 
            403.386598, 817.984536, 398.108247, 817.984536, 
            395.469072, 816.664948, 391.510309, 816.664948, 
            390.190722, 814.025773, 384.912371, 812.706186, 
            382.273196, 810.067010, 379.634021, 810.067010, 
            378.314433, 806.108247, 374.355670, 803.469072, 
            370.396907, 800.829897, 369.077320, 796.871134, 
            365.118557, 795.551546, 363.798969, 790.273196, 
            361.159794, 787.634021, 359.840206, 786.314433, 
            359.840206, -1.000000, -1.000000, 507.881443, 
            411.304124, 513.159794, 415.262887, 514.479381, 
            417.902062, 518.438144, 421.860825, 518.438144, 
            423.180412, 519.757732, 423.180412, 519.757732, 
            424.500000, 522.396907, 425.819588, 525.036082, 
            427.139175, 528.994845, 429.778351, 530.314433, 
            431.097938, 532.953608, 432.417526, 534.273196, 
            433.737113, 535.592784, 435.056701, 536.912371, 
            435.056701, 538.231959, 435.056701, 538.231959, 
            433.737113, 538.231959, 432.417526, 538.231959, 
            423.180412, 538.231959, 419.221649, 538.231959, 
            417.902062, 539.551546, 416.582474, 540.871134, 
            416.582474, 542.190722, 416.582474, 547.469072, 
            419.221649, 547.469072, 420.541237, 548.788660, 
            421.860825, 550.108247, 423.180412, 550.108247, 
            427.139175, 550.108247, 431.097938, 550.108247, 
            432.417526, 551.427835, 433.737113, 552.747423, 
            439.015464, 554.067010, 439.015464, 554.067010, 
            440.335052, 554.067010, 441.654639, 556.706186, 
            445.613402, 556.706186, 448.252577, 559.345361, 
            449.572165, 560.664948, 450.891753, 561.984536, 
            452.211340, 563.304124, 452.211340, 564.623711, 
            452.211340, 567.262887, 453.530928, 568.582474, 
            453.530928, 573.860825, 454.850515, 577.819588, 
            456.170103, 580.458763, 457.489691, 581.778351, 
            457.489691, 583.097938, 458.809278, 584.417526, 
            458.809278, 587.056701, 458.809278, 587.056701, 
            457.489691, 587.056701, 454.850515, 587.056701, 
            449.572165, 584.417526, 442.974227, 584.417526, 
            439.015464, 584.417526, 436.376289, 584.417526, 
            435.056701, 584.417526, 432.417526, 584.417526, 
            431.097938, 585.737113, 431.097938, 585.737113, 
            429.778351, 588.376289, 429.778351, 589.695876, 
            429.778351, 592.335052, 431.097938, 593.654639, 
            432.417526, 594.974227, 432.417526, 596.293814, 
            433.737113, 597.613402, 435.056701, 598.932990, 
            440.335052, 600.252577, 441.654639, 600.252577, 
            442.974227, 602.891753, 448.252577, 602.891753, 
            449.572165, 604.211340, 452.211340, 606.850515, 
            454.850515, 608.170103, 456.170103, 608.170103, 
            457.489691, 609.489691, 461.448454, 609.489691, 
            462.768041, 610.809278, 464.087629, 612.128866, 
            464.087629, 613.448454, 464.087629, 614.768041, 
            464.087629, 616.087629, 464.087629, 617.407216, 
            464.087629, 620.046392, 464.087629, 621.365979, 
            461.448454, 622.685567, 461.448454, 624.005155, 
            457.489691, 626.644330, 454.850515, 627.963918, 
            450.891753, 629.283505, 448.252577, 629.283505, 
            446.932990, 630.603093, 445.613402, 633.242268, 
            445.613402, 635.881443, 445.613402, 635.881443, 
            446.932990, 637.201031, 446.932990, 638.520619, 
            446.932990, 639.840206, 446.932990, 642.479381, 
            445.613402, 642.479381, 444.293814, 643.798969, 
            442.974227, 643.798969, 441.654639, 645.118557, 
            441.654639, 646.438144, 440.335052, 647.757732, 
            439.015464, 649.077320, 436.376289, 650.396907, 
            436.376289, 651.716495, 433.737113, 653.036082, 
            432.417526, 653.036082, 431.097938, 654.355670, 
            429.778351, 655.675258, 427.139175, 656.994845, 
            425.819588, 658.314433, 421.860825, 659.634021, 
            419.221649, 659.634021, 416.582474, 659.634021, 
            413.943299, 660.953608, 411.304124, 660.953608, 
