%YAML:1.0
    mask: !!opencv-matrix
        rows: 1185
        cols: 2
        dt: f
        data: [ -1.000000, -1.000000, 605.021739, 
            719.456522, 603.630435, 719.456522, 603.630435, 
            718.065217, 602.239130, 718.065217, 602.239130, 
            716.673913, 602.239130, 715.282609, 600.847826, 
            715.282609, 600.847826, 713.891304, 600.847826, 
            712.500000, 600.847826, 711.108696, 600.847826, 
            709.717391, 600.847826, 705.543478, 600.847826, 
            704.152174, 600.847826, 702.760870, 602.239130, 
            701.369565, 602.239130, 698.586957, 602.239130, 
            695.804348, 602.239130, 691.630435, 602.239130, 
            690.239130, 602.239130, 688.847826, 603.630435, 
            684.673913, 605.021739, 683.282609, 605.021739, 
            681.891304, 605.021739, 680.500000, 605.021739, 
            679.108696, 606.413043, 679.108696, 606.413043, 
            676.326087, 607.804348, 674.934783, 609.195652, 
            674.934783, 610.586957, 673.543478, 611.978261, 
            673.543478, 611.978261, 672.152174, 613.369565, 
            670.760870, 614.760870, 670.760870, 616.152174, 
            670.760870, 617.543478, 670.760870, 618.934783, 
            670.760870, 620.326087, 670.760870, 621.717391, 
            670.760870, 623.108696, 670.760870, 624.500000, 
            670.760870, 625.891304, 670.760870, 628.673913, 
            670.760870, 631.456522, 670.760870, 631.456522, 
            669.369565, 631.456522, 667.978261, 630.065217, 
            667.978261, 630.065217, 666.586957, 628.673913, 
            665.195652, 627.282609, 663.804348, 625.891304, 
            662.413043, 624.500000, 662.413043, 624.500000, 
            661.021739, 623.108696, 661.021739, 623.108696, 
            659.630435, 621.717391, 659.630435, 620.326087, 
            659.630435, 620.326087, 661.021739, 618.934783, 
            661.021739, 618.934783, 659.630435, 621.717391, 
            658.239130, 623.108696, 656.847826, 624.500000, 
            656.847826, 625.891304, 655.456522, 627.282609, 
            654.065217, 628.673913, 652.673913, 630.065217, 
            652.673913, 630.065217, 651.282609, 631.456522, 
            651.282609, 631.456522, 649.891304, 632.847826, 
            648.500000, 634.239130, 648.500000, 635.630435, 
            648.500000, 635.630435, 647.108696, 637.021739, 
            647.108696, 639.804348, 645.717391, 641.195652, 
            644.326087, 643.978261, 644.326087, 645.369565, 
            644.326087, 646.760870, 644.326087, 648.152174, 
            644.326087, 649.543478, 642.934783, 650.934783, 
            642.934783, 652.326087, 641.543478, 653.717391, 
            640.152174, 655.108696, 638.760870, 656.500000, 
            638.760870, 657.891304, 637.369565, 659.282609, 
            637.369565, 663.456522, 635.978261, 664.847826, 
            634.586957, 666.239130, 633.195652, 667.630435, 
            631.804348, 669.021739, 631.804348, 669.021739, 
            630.413043, 669.021739, 629.021739, 670.413043, 
            629.021739, 670.413043, 627.630435, 671.804348, 
            627.630435, 673.195652, 627.630435, 673.195652, 
            626.239130, 674.586957, 626.239130, 675.978261, 
            624.847826, 675.978261, 623.456522, 677.369565, 
            623.456522, 678.760870, 623.456522, 678.760870, 
            622.065217, 680.152174, 622.065217, 681.543478, 
            622.065217, 682.934783, 622.065217, 682.934783, 
            620.673913, 684.326087, 620.673913, 684.326087, 
            619.282609, 685.717391, 619.282609, 687.108696, 
            619.282609, 688.500000, 616.500000, 689.891304, 
            616.500000, 691.282609, 616.500000, 692.673913, 
            616.500000, 694.065217, 616.500000, 695.456522, 
            616.500000, 698.239130, 616.500000, 699.630435, 
            616.500000, 699.630435, 617.891304, 701.021739, 
            617.891304, 702.413043, 617.891304, 702.413043, 
            619.282609, 703.804348, 619.282609, 705.195652, 
            619.282609, 706.586957, 619.282609, 707.978261, 
            619.282609, 709.369565, 619.282609, 710.760870, 
            619.282609, 712.152174, 619.282609, 713.543478, 
            619.282609, 714.934783, 619.282609, 716.326087, 
            619.282609, 717.717391, 619.282609, 719.108696, 
            619.282609, 719.108696, 617.891304, 720.500000, 
            616.500000, 720.500000, 615.108696, 720.500000, 
            613.717391, 720.500000, 612.326087, 720.500000, 
            610.934783, 719.108696, 610.934783, 717.717391, 
            609.543478, 716.326087, 609.543478, 714.934783, 
            609.543478, 714.934783, 608.152174, 714.934783, 
            606.760870, 713.543478, 606.760870, 712.152174, 
            606.760870, 712.152174, 605.369565, 710.760870, 
            605.369565, 709.369565, 605.369565, 707.978261, 
            605.369565, 706.586957, 605.369565, 705.195652, 
            605.369565, 705.195652, 606.760870, 705.195652, 
            608.152174, 703.804348, 608.152174, 703.804348, 
            609.543478, 699.630435, 609.543478, 699.630435, 
            610.934783, 698.239130, 610.934783, 695.456522, 
            610.934783, 694.065217, 612.326087, 692.673913, 
            612.326087, 691.282609, 613.717391, 688.500000, 
            613.717391, 687.108696, 613.717391, 685.717391, 
            613.717391, 684.326087, 613.717391, 682.934783, 
            613.717391, 678.760870, 613.717391, 677.369565, 
            613.717391, 675.978261, 613.717391, 671.804348, 
            613.717391, 670.413043, 613.717391, 667.630435, 
            613.717391, 666.239130, 613.717391, 666.239130, 
            615.108696, 662.065217, 617.891304, 660.673913, 
            617.891304, 659.282609, 619.282609, 656.500000, 
            620.673913, 653.717391, 624.847826, 650.934783, 
            627.630435, 650.934783, 629.021739, 649.543478, 
            629.021739, 646.760870, 629.021739, 645.369565, 
            629.021739, 643.978261, 629.021739, 642.586957, 
            629.021739, 641.195652, 629.021739, 639.804348, 
            629.021739, 638.413043, 629.021739, 637.021739, 
            629.021739, 635.630435, 629.021739, 634.239130, 
            629.021739, 632.847826, 629.021739, 630.065217, 
            629.021739, 628.673913, 629.021739, 627.282609, 
            627.630435, 624.500000, 627.630435, 623.108696, 
            627.630435, 621.717391, 627.630435, 620.326087, 
            626.239130, 618.934783, 626.239130, 617.543478, 
            624.847826, 616.152174, 624.847826, 616.152174, 
            623.456522, 614.760870, 623.456522, 613.369565, 
            620.673913, 611.978261, 620.673913, 611.978261, 
            619.282609, 610.586957, 619.282609, 610.586957, 
            617.891304, 609.195652, 617.891304, 607.804348, 
            617.891304, 607.804348, 616.500000, 606.413043, 
            616.500000, 606.413043, 615.108696, 605.021739, 
            615.108696, 605.021739, 613.717391, 603.630435, 
            612.326087, 602.239130, 612.326087, 602.239130, 
            610.934783, 602.239130, 609.543478, 600.847826, 
            608.152174, 600.847826, 606.760870, 600.847826, 
            605.369565, 600.847826, 603.978261, 600.847826, 
            602.586957, 600.847826, 601.195652, 600.847826, 
            599.804348, 602.239130, 599.804348, 603.630435, 
            598.413043, 603.630435, 597.021739, 605.021739, 
            597.021739, 606.413043, 597.021739, 606.413043, 
            595.630435, 607.804348, 595.630435, 609.195652, 
            595.630435, 610.586957, 594.239130, 611.978261, 
            594.239130, 611.978261, 592.847826, 613.369565, 
            592.847826, 614.760870, 592.847826, 616.152174, 
            591.456522, 617.543478, 591.456522, 618.934783, 
            591.456522, 620.326087, 591.456522, 620.326087, 
            590.065217, 621.717391, 588.673913, 624.500000, 
