%YAML:1.0
    mask: !!opencv-matrix
        rows: 1637
        cols: 2
        dt: f
        data: [ -1.000000, -1.000000, -1.000000, 
            -1.000000, 651.389404, 164.985692, 650.399459, 
            164.985692, 650.399459, 163.995746, 650.399459, 
            163.005800, 651.389404, 163.005800, 651.389404, 
            162.015855, 652.379350, 162.015855, 653.369296, 
            161.025909, 654.359242, 160.035963, 655.349188, 
            159.046017, 655.349188, 158.056071, 656.339134, 
            158.056071, 657.329080, 158.056071, 658.319026, 
            158.056071, 659.308971, 157.066125, 660.298917, 
            157.066125, 661.288863, 157.066125, 662.278809, 
            156.076179, 664.258701, 156.076179, 664.258701, 
            155.086234, 665.248647, 154.096288, 666.238592, 
            153.106342, 667.228538, 151.126450, 669.208430, 
            149.146558, 669.208430, 148.156613, 670.198376, 
            148.156613, 671.188322, 147.166667, 671.188322, 
            146.176721, 672.178268, 146.176721, 674.158159, 
            143.206883, 675.148105, 143.206883, 675.148105, 
            142.216937, 676.138051, 142.216937, 677.127997, 
            140.237046, 679.107889, 139.247100, 680.097834, 
            138.257154, 681.087780, 138.257154, 681.087780, 
            137.267208, 682.077726, 137.267208, 683.067672, 
            137.267208, 683.067672, 136.277262, 685.047564, 
            136.277262, 688.017401, 136.277262, 690.987239, 
            136.277262, 692.967131, 136.277262, 697.916860, 
            137.267208, 700.886698, 137.267208, 700.886698, 
            138.257154, 702.866589, 138.257154, 703.856535, 
            138.257154, 704.846481, 138.257154, 705.836427, 
            138.257154, 706.826373, 138.257154, 707.816319, 
            138.257154, 708.806265, 139.247100, 709.796210, 
            139.247100, 710.786156, 139.247100, 710.786156, 
            140.237046, 711.776102, 140.237046, 712.766048, 
            140.237046, 713.755994, 140.237046, 714.745940, 
            140.237046, 715.735886, 140.237046, 717.715777, 
            141.226991, 718.705723, 141.226991, 718.705723, 
            142.216937, 719.695669, 142.216937, 720.685615, 
            142.216937, 721.675561, 142.216937, 722.665507, 
            142.216937, 723.655452, 143.206883, 724.645398, 
            143.206883, 725.635344, 143.206883, 726.625290, 
            143.206883, 727.615236, 143.206883, 727.615236, 
            144.196829, 728.605182, 144.196829, 730.585073, 
            145.186775, 732.564965, 145.186775, 733.554911, 
            145.186775, 734.544857, 145.186775, 736.524749, 
            145.186775, 740.484532, 146.176721, 746.424207, 
            148.156613, 750.383991, 150.136504, 753.353828, 
            152.116396, 757.313612, 153.106342, 758.303558, 
            154.096288, 758.303558, 155.086234, 759.293503, 
            155.086234, 760.283449, 156.076179, 760.283449, 
            157.066125, 761.273395, 158.056071, 762.263341, 
            158.056071, 762.263341, 159.046017, 763.253287, 
            160.035963, 763.253287, 161.025909, 764.243233, 
            163.005800, 765.233179, 163.005800, 765.233179, 
            164.985692, 767.213070, 164.985692, 768.203016, 
            165.975638, 769.192962, 166.965584, 771.172854, 
            167.955530, 773.152746, 169.935422, 776.122583, 
            170.925367, 777.112529, 172.905259, 778.102475, 
            172.905259, 779.092421, 172.905259, 780.082367, 
            173.895205, 781.072312, 174.885151, 781.072312, 
            175.875097, 782.062258, 175.875097, 783.052204, 
            176.865043, 784.042150, 176.865043, 785.032096, 
            177.854988, 786.022042, 178.844934, 787.011988, 
            179.834880, 788.991879, 180.824826, 789.981825, 
            180.824826, 791.961717, 181.814772, 793.941609, 
            182.804718, 795.921500, 182.804718, 796.911446, 
            184.784609, 797.901392, 185.774555, 798.891338, 
            185.774555, 799.881284, 186.764501, 799.881284, 
            187.754447, 800.871230, 187.754447, 801.861176, 
            188.744393, 802.851121, 190.724285, 804.831013, 
            191.714230, 804.831013, 192.704176, 805.820959, 
            193.694122, 805.820959, 194.684068, 806.810905, 
            195.674014, 806.810905, 196.663960, 806.810905, 
            197.653906, 807.800851, 197.653906, 807.800851, 
            198.643852, 808.790797, 200.623743, 809.780742, 
            203.593581, 809.780742, 205.573473, 809.780742, 
            208.543310, 809.780742, 209.533256, 809.780742, 
            210.523202, 810.770688, 212.503094, 810.770688, 
            213.493039, 811.760634, 215.472931, 811.760634, 
            216.462877, 811.760634, 217.452823, 812.750580, 
            219.432715, 812.750580, 220.422660, 812.750580, 
            222.402552, 812.750580, 223.392498, 813.740526, 
            224.382444, 813.740526, 225.372390, 813.740526, 
            226.362336, 813.740526, 227.352282, 813.740526, 
            228.342227, 814.730472, 229.332173, 814.730472, 
            230.322119, 815.720418, 231.312065, 815.720418, 
            232.302011, 815.720418, 233.291957, 815.720418, 
            235.271848, 815.720418, 236.261794, 815.720418, 
            237.251740, 815.720418, 238.241686, 814.730472, 
            239.231632, 814.730472, 240.221578, 812.750580, 
            243.191415, 811.760634, 244.181361, 808.790797, 
            246.161253, 807.800851, 248.141145, 806.810905, 
            249.131090, 805.820959, 251.110982, 805.820959, 
            252.100928, 804.831013, 253.090874, 803.841067, 
            255.070766, 801.861176, 258.040603, 800.871230, 
            261.010441, 798.891338, 263.980278, 797.901392, 
            264.970224, 796.911446, 265.960170, 795.921500, 
            265.960170, 793.941609, 267.940062, 793.941609, 
            268.930008, 792.951663, 268.930008, 790.971771, 
            268.930008, 788.991879, 268.930008, 784.042150, 
            268.930008, 780.082367, 267.940062, 778.102475, 
            267.940062, 777.112529, 267.940062, 775.132637, 
            266.950116, 774.142691, 266.950116, 773.152746, 
            266.950116, 772.162800, 266.950116, 770.182908, 
            266.950116, 769.192962, 266.950116, 768.203016, 
            266.950116, 768.203016, 267.940062, 767.213070, 
            267.940062, 767.213070, 268.930008, 766.223125, 
            269.919954, 766.223125, 270.909899, 766.223125, 
            271.899845, 766.223125, 272.889791, 766.223125, 
            273.879737, 765.233179, 274.869683, 763.253287, 
            276.849575, 762.263341, 277.839520, 761.273395, 
            278.829466, 760.283449, 280.809358, 760.283449, 
            282.789250, 759.293503, 285.759087, 758.303558, 
            287.738979, 757.313612, 288.728925, 757.313612, 
            289.718871, 757.313612, 290.708817, 756.323666, 
            291.698763, 755.333720, 292.688708, 755.333720, 
            293.678654, 754.343774, 294.668600, 753.353828, 
            294.668600, 752.363882, 295.658546, 751.373937, 
            295.658546, 750.383991, 296.648492, 749.394045, 
            297.638438, 747.414153, 297.638438, 745.434261, 
            298.628384, 743.454370, 298.628384, 743.454370, 
            299.618329, 742.464424, 299.618329, 741.474478, 
            299.618329, 740.484532, 299.618329, 738.504640, 
            299.618329, 737.514695, 300.608275, 735.534803, 
            300.608275, 733.554911, 300.608275, 732.564965, 
            300.608275, 731.575019, 300.608275, 730.585073, 
            300.608275, 729.595128, 300.608275, 728.605182, 
            300.608275, 727.615236, 300.608275, 726.625290, 
            299.618329, 725.635344, 298.628384, 724.645398, 
            295.658546, 724.645398, 294.668600, 724.645398, 
            293.678654, 724.645398, 292.688708, 724.645398, 
            291.698763, 724.645398, 290.708817, 724.645398, 
