%YAML:1.0
    mask: !!opencv-matrix
        rows: 1213
        cols: 2
        dt: f
        data: [ -1.000000, -1.000000, 862.413043, 
            715.282609, 861.021739, 715.282609, 858.239130, 
            712.500000, 856.847826, 712.500000, 855.456522, 
            711.108696, 854.065217, 711.108696, 854.065217, 
            709.717391, 852.673913, 709.717391, 851.282609, 
            709.717391, 851.282609, 708.326087, 849.891304, 
            708.326087, 849.891304, 706.934783, 848.500000, 
            706.934783, 847.108696, 706.934783, 845.717391, 
            705.543478, 844.326087, 704.152174, 841.543478, 
            704.152174, 840.152174, 702.760870, 838.760870, 
            701.369565, 837.369565, 701.369565, 834.586957, 
            699.978261, 834.586957, 698.586957, 833.195652, 
            698.586957, 831.804348, 697.195652, 830.413043, 
            697.195652, 829.021739, 697.195652, 829.021739, 
            695.804348, 827.630435, 695.804348, 826.239130, 
            694.413043, 824.847826, 694.413043, 824.847826, 
            693.021739, 823.456522, 693.021739, 822.065217, 
            693.021739, 822.065217, 691.630435, 820.673913, 
            691.630435, 817.891304, 691.630435, 816.500000, 
            690.239130, 815.108696, 690.239130, 815.108696, 
            688.847826, 812.326087, 688.847826, 810.934783, 
            687.456522, 809.543478, 687.456522, 808.152174, 
            687.456522, 808.152174, 686.065217, 806.760870, 
            684.673913, 806.760870, 683.282609, 806.760870, 
            681.891304, 806.760870, 680.500000, 805.369565, 
            680.500000, 805.369565, 677.717391, 803.978261, 
            676.326087, 802.586957, 674.934783, 802.586957, 
            673.543478, 801.195652, 672.152174, 799.804348, 
            670.760870, 799.804348, 669.369565, 798.413043, 
            669.369565, 798.413043, 667.978261, 798.413043, 
            666.586957, 797.021739, 666.586957, 797.021739, 
            665.195652, 797.021739, 663.804348, 795.630435, 
            662.413043, 795.630435, 661.021739, 795.630435, 
            659.630435, 795.630435, 658.239130, 794.239130, 
            656.847826, 794.239130, 655.456522, 792.847826, 
            654.065217, 792.847826, 652.673913, 791.456522, 
            652.673913, 791.456522, 651.282609, 791.456522, 
            649.891304, 791.456522, 648.500000, 791.456522, 
            647.108696, 791.456522, 645.717391, 791.456522, 
            644.326087, 791.456522, 641.543478, 791.456522, 
            640.152174, 791.456522, 638.760870, 792.847826, 
            637.369565, 792.847826, 635.978261, 792.847826, 
            634.586957, 792.847826, 633.195652, 794.239130, 
            633.195652, 794.239130, 631.804348, 794.239130, 
            630.413043, 795.630435, 630.413043, 795.630435, 
            629.021739, 797.021739, 629.021739, 798.413043, 
            629.021739, 799.804348, 627.630435, 799.804348, 
            626.239130, 801.195652, 626.239130, 802.586957, 
            624.847826, 803.978261, 624.847826, 805.369565, 
            623.456522, 806.760870, 623.456522, 808.152174, 
            623.456522, 808.152174, 622.065217, 809.543478, 
            622.065217, 809.543478, 620.673913, 810.934783, 
            620.673913, 812.326087, 620.673913, 815.108696, 
            620.673913, 819.282609, 620.673913, 820.673913, 
            620.673913, 822.065217, 620.673913, 823.456522, 
            620.673913, 824.847826, 620.673913, 826.239130, 
            622.065217, 827.630435, 622.065217, 829.021739, 
            622.065217, 830.413043, 622.065217, 831.804348, 
            623.456522, 833.195652, 623.456522, 834.586957, 
            623.456522, 834.586957, 624.847826, 835.978261, 
            624.847826, 837.369565, 624.847826, 838.760870, 
            624.847826, 840.152174, 626.239130, 841.543478, 
            627.630435, 842.934783, 627.630435, 844.326087, 
            627.630435, 845.717391, 629.021739, 848.500000, 
            629.021739, 849.891304, 629.021739, 852.673913, 
            629.021739, 855.456522, 630.413043, 856.847826, 
            630.413043, 856.847826, 631.804348, 858.239130, 
            631.804348, 858.239130, 633.195652, 859.630435, 
            633.195652, 861.021739, 633.195652, 862.413043, 
            633.195652, 863.804348, 633.195652, 865.195652, 
            633.195652, 866.586957, 633.195652, 867.978261, 
            633.195652, 869.369565, 633.195652, 870.760870, 
            633.195652, 872.152174, 633.195652, 873.543478, 
            633.195652, 874.934783, 633.195652, 876.326087, 
            633.195652, 877.717391, 633.195652, 879.108696, 
            633.195652, 880.500000, 633.195652, 880.500000, 
            631.804348, 880.500000, 630.413043, 880.500000, 
            629.021739, 880.500000, 627.630435, 880.500000, 
            626.239130, 879.108696, 624.847826, 877.717391, 
            624.847826, 877.717391, 623.456522, 877.717391, 
            622.065217, 876.326087, 622.065217, 876.326087, 
            620.673913, 876.326087, 619.282609, 874.934783, 
            619.282609, 874.934783, 617.891304, 873.543478, 
            617.891304, 872.152174, 616.500000, 872.152174, 
            615.108696, 870.760870, 613.717391, 869.369565, 
            612.326087, 867.978261, 612.326087, 867.978261, 
            610.934783, 866.586957, 610.934783, 865.195652, 
            610.934783, 865.195652, 609.543478, 863.804348, 
            609.543478, 862.413043, 608.152174, 861.021739, 
            606.760870, 859.630435, 606.760870, 859.630435, 
            605.369565, 858.239130, 605.369565, 856.847826, 
            605.369565, 856.847826, 603.978261, 855.456522, 
            603.978261, 854.065217, 602.586957, 854.065217, 
            601.195652, 852.673913, 601.195652, 851.282609, 
            599.804348, 849.891304, 599.804348, 848.500000, 
            598.413043, 848.500000, 597.021739, 847.108696, 
            597.021739, 845.717391, 597.021739, 845.717391, 
            595.630435, 844.326087, 595.630435, 842.934783, 
            595.630435, 841.543478, 594.239130, 840.152174, 
            594.239130, 838.760870, 591.456522, 837.369565, 
            591.456522, 837.369565, 590.065217, 835.978261, 
            590.065217, 834.586957, 588.673913, 833.195652, 
            588.673913, 833.195652, 585.891304, 831.804348, 
            585.891304, 831.804348, 584.500000, 830.413043, 
            584.500000, 830.413043, 583.108696, 829.021739, 
            583.108696, 827.630435, 581.717391, 827.630435, 
            580.326087, 826.239130, 580.326087, 826.239130, 
            578.934783, 824.847826, 578.934783, 824.847826, 
            577.543478, 823.456522, 576.152174, 822.065217, 
            576.152174, 822.065217, 574.760870, 822.065217, 
            573.369565, 820.673913, 573.369565, 820.673913, 
            571.978261, 819.282609, 571.978261, 819.282609, 
            570.586957, 817.891304, 570.586957, 817.891304, 
            569.195652, 816.500000, 569.195652, 816.500000, 
            567.804348, 816.500000, 566.413043, 815.108696, 
            566.413043, 815.108696, 565.021739, 813.717391, 
            563.630435, 813.717391, 562.239130, 813.717391, 
            560.847826, 813.717391, 559.456522, 813.717391, 
            558.065217, 813.717391, 556.673913, 813.717391, 
            555.282609, 813.717391, 553.891304, 813.717391, 
            552.500000, 813.717391, 551.108696, 813.717391, 
            549.717391, 813.717391, 548.326087, 813.717391, 
            546.934783, 815.108696, 546.934783, 815.108696, 
            545.543478, 816.500000, 544.152174, 817.891304, 
            544.152174, 817.891304, 542.760870, 819.282609, 
            542.760870, 819.282609, 541.369565, 820.673913, 
            541.369565, 822.065217, 539.978261, 823.456522, 
            539.978261, 824.847826, 539.978261, 826.239130, 
            538.586957, 827.630435, 538.586957, 831.804348, 
