%YAML:1.0
    mask: !!opencv-matrix
        rows: 1047
        cols: 2
        dt: f
        data: [ 236.343325, 591.739009, 236.343325, 
            590.715827, 237.366507, 585.599920, 238.389688, 
            582.530376, 240.436051, 577.414468, 241.459233, 
            575.368106, 245.551958, 568.205835, 251.691047, 
            555.927658, 253.737410, 551.834932, 257.830136, 
            544.672662, 260.899680, 541.603118, 260.899680, 
            540.579936, 263.969225, 537.510392, 268.061950, 
            533.417666, 271.131495, 529.324940, 273.177858, 
            528.301759, 274.201039, 527.278577, 279.316946, 
            524.209033, 284.432854, 519.093125, 289.548761, 
            515.000400, 293.641487, 512.954037, 297.734213, 
            509.884492, 301.826938, 507.838129, 304.896483, 
            506.814948, 305.919664, 506.814948, 311.035572, 
            504.768585, 313.081934, 503.745404, 317.174660, 
            501.699041, 320.244205, 499.652678, 326.383293, 
            496.583133, 329.452838, 495.559952, 332.522382, 
            494.536771, 334.568745, 492.490408, 337.638289, 
            491.467226, 338.661471, 491.467226, 341.731015, 
            488.397682, 345.823741, 487.374500, 346.846922, 
            486.351319, 352.986011, 483.281775, 356.055556, 
            481.235412, 360.148281, 479.189049, 363.217826, 
            476.119504, 364.241007, 476.119504, 365.264189, 
            476.119504, 366.287370, 475.096323, 369.356914, 
            474.073141, 371.403277, 473.049960, 374.472822, 
            471.003597, 375.496003, 469.980416, 378.565548, 
            468.957234, 381.635092, 466.910871, 386.750999, 
            464.864508, 390.843725, 462.818145, 392.890088, 
            461.794964, 399.029177, 458.725420, 402.098721, 
            456.679057, 407.214628, 455.655875, 408.237810, 
            454.632694, 411.307354, 453.609512, 414.376898, 
            452.586331, 415.400080, 451.563149, 420.515987, 
            450.539968, 423.585532, 449.516787, 428.701439, 
            448.493605, 433.817346, 447.470424, 438.933253, 
            446.447242, 444.049161, 445.424061, 446.095524, 
            445.424061, 449.165068, 445.424061, 453.257794, 
            444.400879, 458.373701, 443.377698, 461.443245, 
            442.354516, 466.559153, 441.331335, 469.628697, 
            441.331335, 472.698241, 441.331335, 473.721423, 
            441.331335, 478.837330, 440.308153, 484.976419, 
            439.284972, 490.092326, 438.261791, 495.208233, 
            437.238609, 498.277778, 436.215428, 499.300959, 
            436.215428, 503.393685, 435.192246, 507.486411, 
            435.192246, 510.555955, 434.169065, 515.671863, 
            434.169065, 519.764588, 434.169065, 520.787770, 
            434.169065, 521.810951, 434.169065, 522.834133, 
            433.145883, 525.903677, 433.145883, 528.973221, 
            433.145883, 532.042766, 433.145883, 536.135492, 
            433.145883, 537.158673, 433.145883, 539.205036, 
            433.145883, 542.274580, 433.145883, 545.344125, 
            434.169065, 547.390488, 436.215428, 549.436851, 
            436.215428, 551.483213, 438.261791, 555.575939, 
            440.308153, 558.645484, 442.354516, 561.715028, 
            446.447242, 565.807754, 448.493605, 567.854117, 
            450.539968, 570.923661, 454.632694, 572.970024, 
            456.679057, 573.993205, 456.679057, 577.062750, 
            459.748601, 579.109113, 461.794964, 581.155476, 
            463.841327, 584.225020, 466.910871, 585.248201, 
            469.980416, 588.317746, 473.049960, 592.410472, 
            479.189049, 593.433653, 481.235412, 594.456835, 
            482.258593, 597.526379, 488.397682, 598.549560, 
            490.444045, 599.572742, 491.467226, 600.595923, 
            494.536771, 601.619105, 497.606315, 601.619105, 
            498.629496, 601.619105, 500.675859, 601.619105, 
            503.745404, 601.619105, 504.768585, 601.619105, 
            505.791767, 600.595923, 506.814948, 599.572742, 
            507.838129, 598.549560, 507.838129, 596.503197, 
            508.861311, 594.456835, 508.861311, 592.410472, 
            509.884492, 589.340927, 510.907674, 588.317746, 
            510.907674, 584.225020, 510.907674, 583.201839, 
            511.930855, 582.178657, 511.930855, 580.132294, 
            513.977218, 577.062750, 516.023581, 576.039568, 
            518.069944, 572.970024, 522.162670, 570.923661, 
            525.232214, 569.900480, 528.301759, 568.877298, 
            530.348122, 567.854117, 531.371303, 565.807754, 
            535.464029, 563.761391, 539.556755, 562.738209, 
            542.626299, 559.668665, 545.695843, 558.645484, 
            547.742206, 557.622302, 548.765388, 555.575939, 
            550.811751, 553.529576, 552.858114, 551.483213, 
            552.858114, 549.436851, 552.858114, 546.367306, 
            552.858114, 544.320943, 553.881295, 541.251399, 
            552.858114, 536.135492, 549.788569, 534.089129, 
            547.742206, 534.089129, 545.695843, 533.065947, 
            541.603118, 533.065947, 540.579936, 531.019584, 
            535.464029, 529.996403, 527.278577, 529.996403, 
            524.209033, 529.996403, 519.093125, 528.973221, 
            513.977218, 527.950040, 508.861311, 525.903677, 
            504.768585, 524.880496, 503.745404, 521.810951, 
            502.722222, 519.764588, 501.699041, 518.741407, 
            501.699041, 514.648681, 501.699041, 510.555955, 
            501.699041, 504.416867, 505.791767, 501.347322, 
            507.838129, 500.324141, 508.861311, 496.231415, 
            510.907674, 495.208233, 511.930855, 494.185052, 
            512.954037, 493.161871, 512.954037, 492.138689, 
            513.977218, 491.115508, 513.977218, 489.069145, 
            516.023581, 487.022782, 519.093125, 484.976419, 
            521.139488, 482.930056, 523.185851, 479.860512, 
            528.301759, 477.814149, 530.348122, 475.767786, 
            532.394484, 473.721423, 534.440847, 472.698241, 
            536.487210, 470.651878, 538.533573, 469.628697, 
            540.579936, 467.582334, 541.603118, 466.559153, 
            543.649480, 465.535971, 545.695843, 463.489608, 
            548.765388, 462.466427, 550.811751, 459.396882, 
            553.881295, 458.373701, 556.950839, 456.327338, 
            558.997202, 456.327338, 561.043565, 456.327338, 
            563.089928, 455.304157, 568.205835, 454.280975, 
            571.275380, 454.280975, 574.344924, 454.280975, 
            577.414468, 455.304157, 580.484013, 455.304157, 
            583.553557, 456.327338, 587.646283, 458.373701, 
            593.785372, 460.420064, 596.854916, 461.443245, 
            598.901279, 462.466427, 600.947642, 464.512790, 
            604.017186, 465.535971, 606.063549, 467.582334, 
            608.109912, 470.651878, 610.156275, 471.675060, 
            612.202638, 474.744604, 614.249001, 477.814149, 
            616.295364, 479.860512, 617.318545, 480.883693, 
            618.341727, 485.999600, 620.388090, 492.138689, 
            622.434452, 499.300959, 624.480815, 502.370504, 
            624.480815, 503.393685, 624.480815, 507.486411, 
            624.480815, 514.648681, 624.480815, 515.671863, 
            624.480815, 519.764588, 624.480815, 520.787770, 
            624.480815, 525.903677, 622.434452, 532.042766, 
            619.364908, 538.181855, 616.295364, 540.228217, 
            615.272182, 546.367306, 612.202638, 550.460032, 
            611.179456, 554.552758, 609.133094, 557.622302, 
            609.133094, 559.668665, 609.133094, 562.738209, 
            609.133094, 563.761391, 609.133094, 565.807754, 
            610.156275, 568.877298, 613.225819, 568.877298, 
            615.272182, 569.900480, 619.364908, 569.900480, 
            622.434452, 569.900480, 624.480815, 569.900480, 
            626.527178, 569.900480, 628.573541, 569.900480, 
