%YAML:1.0
    mask: !!opencv-matrix
        rows: 348
        cols: 2
        dt: f
        data: [ 13.036082, 713.489691, 19.634021, 
            705.572165, 27.551546, 697.654639, 31.510309, 
            693.695876, 34.149485, 692.376289, 38.108247, 
            689.737113, 43.386598, 683.139175, 44.706186, 
            681.819588, 47.345361, 679.180412, 48.664948, 
            677.860825, 51.304124, 673.902062, 52.623711, 
            671.262887, 55.262887, 668.623711, 56.582474, 
            667.304124, 56.582474, 665.984536, 60.541237, 
            664.664948, 63.180412, 664.664948, 67.139175, 
            663.345361, 69.778351, 663.345361, 72.417526, 
            663.345361, 73.737113, 663.345361, 80.335052, 
            663.345361, 85.613402, 663.345361, 88.252577, 
            663.345361, 92.211340, 663.345361, 97.489691, 
            663.345361, 105.407216, 663.345361, 112.005155, 
            663.345361, 117.283505, 663.345361, 118.603093, 
            663.345361, 122.561856, 663.345361, 134.438144, 
            663.345361, 139.716495, 663.345361, 146.314433, 
            663.345361, 155.551546, 663.345361, 160.829897, 
            663.345361, 167.427835, 663.345361, 172.706186, 
            662.025773, 179.304124, 662.025773, 185.902062, 
            662.025773, 188.541237, 662.025773, 199.097938, 
            662.025773, 212.293814, 662.025773, 222.850515, 
            662.025773, 225.489691, 662.025773, 228.128866, 
            662.025773, 229.448454, 662.025773, 230.768041, 
            662.025773, 232.087629, 662.025773, 233.407216, 
            662.025773, 234.726804, 662.025773, 237.365979, 
            664.664948, 241.324742, 667.304124, 246.603093, 
            675.221649, 247.922680, 679.180412, 250.561856, 
            684.458763, 257.159794, 697.654639, 261.118557, 
            704.252577, 262.438144, 705.572165, 263.757732, 
            706.891753, 265.077320, 708.211340, 265.077320, 
            709.530928, 265.077320, 712.170103, 266.396907, 
            712.170103, 266.396907, 713.489691, 266.396907, 
            714.809278, 267.716495, 714.809278, 267.716495, 
            717.448454, -1.000000, -1.000000, 305.984536, 
            716.128866, 312.582474, 712.170103, 316.541237, 
            710.850515, 325.778351, 708.211340, 333.695876, 
            705.572165, 337.654639, 704.252577, 342.932990, 
            704.252577, 349.530928, 702.932990, 354.809278, 
            702.932990, 356.128866, 702.932990, 365.365979, 
            701.613402, 368.005155, 700.293814, 373.283505, 
            700.293814, 379.881443, 697.654639, 383.840206, 
            697.654639, 386.479381, 697.654639, 391.757732, 
            695.015464, 397.036082, 693.695876, 402.314433, 
            692.376289, 406.273196, 691.056701, 414.190722, 
            688.417526, 416.829897, 687.097938, 419.469072, 
            687.097938, 428.706186, 683.139175, 433.984536, 
            681.819588, 435.304124, 681.819588, 439.262887, 
            680.500000, 441.902062, 680.500000, 449.819588, 
            679.180412, 453.778351, 677.860825, 457.737113, 
            676.541237, 464.335052, 675.221649, 466.974227, 
            675.221649, 468.293814, 675.221649, 470.932990, 
            675.221649, 473.572165, 675.221649, 476.211340, 
            673.902062, 478.850515, 673.902062, 480.170103, 
            672.582474, 482.809278, 672.582474, 485.448454, 
            672.582474, 488.087629, 672.582474, 489.407216, 
            672.582474, 492.046392, 673.902062, 496.005155, 
            675.221649, 498.644330, 676.541237, 499.963918, 
            677.860825, 502.603093, 679.180412, 503.922680, 
            679.180412, 505.242268, 679.180412, 513.159794, 
            684.458763, 518.438144, 688.417526, 521.077320, 
            691.056701, 525.036082, 695.015464, 526.355670, 
            697.654639, 528.994845, 700.293814, 530.314433, 
            702.932990, 531.634021, 705.572165, 532.953608, 
            706.891753, 534.273196, 708.211340, 535.592784, 
            709.530928, 535.592784, 712.170103, 536.912371, 
            713.489691, 538.231959, 713.489691, 539.551546, 
            713.489691, 540.871134, 714.809278, 540.871134, 
            716.128866, 542.190722, 716.128866, 542.190722, 
            717.448454, 543.510309, 717.448454, -1.000000, 
            -1.000000, 730.891753, 185.654639, 730.891753, 
            190.932990, 728.252577, 196.211340, 725.613402, 
            201.489691, 722.974227, 205.448454, 722.974227, 
            208.087629, 721.654639, 209.407216, 720.335052, 
            212.046392, 717.695876, 216.005155, 716.376289, 
            218.644330, 713.737113, 222.603093, 709.778351, 
            226.561856, 708.458763, 229.201031, 707.139175, 
            229.201031, 705.819588, 230.520619, 705.819588, 
            233.159794, 704.500000, 235.798969, 704.500000, 
            237.118557, 704.500000, 239.757732, 704.500000, 
            242.396907, 705.819588, 245.036082, 708.458763, 
            246.355670, 716.376289, 251.634021, 720.335052, 
            252.953608, 722.974227, 255.592784, 728.252577, 
            258.231959, 736.170103, 260.871134, 742.768041, 
            266.149485, 752.005155, 268.788660, 754.644330, 
            270.108247, 758.603093, 271.427835, 761.242268, 
            272.747423, 766.520619, 272.747423, 771.798969, 
            274.067010, 773.118557, 274.067010, 777.077320, 
            275.386598, 779.716495, 275.386598, 784.994845, 
            276.706186, 790.273196, 276.706186, 791.592784, 
            276.706186, 794.231959, 278.025773, 795.551546, 
            278.025773, 798.190722, 278.025773, 802.149485, 
            279.345361, 803.469072, 279.345361, 806.108247, 
            279.345361, 808.747423, 279.345361, 812.706186, 
            279.345361, 815.345361, 279.345361, 816.664948, 
            278.025773, 817.984536, 278.025773, 819.304124, 
            278.025773, 819.304124, 276.706186, 820.623711, 
            275.386598, 821.943299, 275.386598, 824.582474, 
            274.067010, 827.221649, 271.427835, 828.541237, 
            270.108247, 831.180412, 264.829897, 832.500000, 
            259.551546, 833.819588, 254.273196, 836.458763, 
            247.675258, 837.778351, 245.036082, 839.097938, 
            242.396907, 840.417526, 241.077320, 841.737113, 
            238.438144, 843.056701, 235.798969, 844.376289, 
            233.159794, 845.695876, 230.520619, 848.335052, 
            222.603093, 849.654639, 219.963918, 849.654639, 
            218.644330, 849.654639, 209.407216, 849.654639, 
            206.768041, 849.654639, 201.489691, 848.335052, 
            197.530928, 844.376289, 193.572165, 841.737113, 
            188.293814, 837.778351, 185.654639, 831.180412, 
            180.376289, 821.943299, 176.417526, 815.345361, 
            173.778351, 807.427835, 169.819588, 802.149485, 
            167.180412, 795.551546, 164.541237, 792.912371, 
            163.221649, 791.592784, 163.221649, 790.273196, 
            163.221649, 788.953608, 163.221649, 786.314433, 
            163.221649, 783.675258, 163.221649, 779.716495, 
            164.541237, 775.757732, 164.541237, 774.438144, 
            164.541237, -1.000000, -1.000000, 257.159794, 
            193.572165, 251.881443, 193.572165, 238.685567, 
            198.850515, 230.768041, 201.489691, 226.809278, 
            204.128866, 224.170103, 205.448454, 222.850515, 
            206.768041, 221.530928, 208.087629, 220.211340, 
            209.407216, 218.891753, 210.726804, 217.572165, 
            212.046392, 213.613402, 214.685567, 210.974227, 
            217.324742, 207.015464, 221.283505, 205.695876, 
            223.922680, 204.376289, 225.242268, 201.737113, 
            227.881443, 199.097938, 230.520619, 197.778351, 
            233.159794, 196.458763, 233.159794, 193.819588, 
            238.438144, 193.819588, 239.757732, 193.819588, 
            243.716495, 193.819588, 245.036082, 193.819588, 
