%YAML:1.0
    mask: !!opencv-matrix
        rows: 177
        cols: 2
        dt: f
        data: [ -1.000000, -1.000000, -1.000000, 
            -1.000000, 741.448454, 252.953608, 733.530928, 
            256.912371, 719.015464, 262.190722, 711.097938, 
            266.149485, 699.221649, 274.067010, 696.582474, 
            275.386598, 689.984536, 280.664948, 686.025773, 
            285.943299, 682.067010, 289.902062, 679.427835, 
            293.860825, 675.469072, 297.819588, 672.829897, 
            300.458763, 672.829897, 301.778351, 668.871134, 
            301.778351, 655.675258, 303.097938, 654.355670, 
            303.097938, 650.396907, 307.056701, 649.077320, 
            309.695876, 647.757732, 313.654639, 647.757732, 
            317.613402, 658.314433, 332.128866, 662.273196, 
            336.087629, 667.551546, 338.726804, 670.190722, 
            342.685567, 671.510309, 345.324742, 680.747423, 
            351.922680, 689.984536, 351.922680, 704.500000, 
            351.922680, 719.015464, 351.922680, 730.891753, 
            359.840206, 740.128866, 366.438144, 748.046392, 
            369.077320, 752.005155, 370.396907, 762.561856, 
            370.396907, 775.757732, 371.716495, 784.994845, 
            374.355670, 787.634021, 374.355670, 795.551546, 
            376.994845, 800.829897, 378.314433, 815.345361, 
            379.634021, 816.664948, 379.634021, 819.304124, 
            379.634021, 824.582474, 379.634021, 828.541237, 
            379.634021, 833.819588, 370.396907, 835.139175, 
            369.077320, 839.097938, 361.159794, 843.056701, 
            355.881443, 850.974227, 333.448454, 852.293814, 
            330.809278, 853.613402, 324.211340, 854.932990, 
            318.932990, 856.252577, 314.974227, 856.252577, 
            304.417526, 857.572165, 297.819588, 857.572165, 
            295.180412, 857.572165, 293.860825, 849.654639, 
            284.623711, 831.180412, 267.469072, 821.943299, 
            260.871134, 816.664948, 258.231959, 814.025773, 
            256.912371, 808.747423, 255.592784, 792.912371, 
            248.994845, 788.953608, 248.994845, 765.201031, 
            247.675258, 761.242268, 247.675258, 757.283505, 
            246.355670, 755.963918, 246.355670, -1.000000, 
            -1.000000, 148.953608, 474.644330, 139.716495, 
            478.603093, 134.438144, 481.242268, 130.479381, 
            485.201031, 125.201031, 490.479381, 112.005155, 
            504.994845, 109.365979, 507.634021, 104.087629, 
            512.912371, 101.448454, 516.871134, 88.252577, 
            532.706186, 72.417526, 552.500000, 71.097938, 
            556.458763, 68.458763, 561.737113, 63.180412, 
            570.974227, 60.541237, 574.932990, 52.623711, 
            580.211340, 48.664948, 584.170103, 44.706186, 
            588.128866, 32.829897, 600.005155, 23.592784, 
            610.561856, 19.634021, 621.118557, 19.634021, 
            622.438144, 19.634021, 626.396907, 19.634021, 
            632.994845, 20.953608, 642.231959, 24.912371, 
            656.747423, 26.231959, 662.025773, 28.871134, 
            667.304124, 31.510309, 677.860825, 32.829897, 
            681.819588, 32.829897, 684.458763, 34.149485, 
            684.458763, 35.469072, 685.778351, 38.108247, 
            685.778351, 39.427835, 687.097938, 42.067010, 
            693.695876, 42.067010, 696.335052, 43.386598, 
            698.974227, 43.386598, 700.293814, 48.664948, 
            706.891753, 49.984536, 706.891753, 55.262887, 
            710.850515, 60.541237, 713.489691, 68.458763, 
            716.128866, 76.376289, 718.768041, 118.603093, 
            718.768041, 121.242268, 718.768041, 126.520619, 
            716.128866, 131.798969, 713.489691, 134.438144, 
            712.170103, 137.077320, 709.530928, 148.953608, 
            702.932990, 151.592784, 700.293814, 152.912371, 
            700.293814, 155.551546, 697.654639, 158.190722, 
            691.056701, 155.551546, 679.180412, 150.273196, 
            669.943299, 130.479381, 634.314433, 126.520619, 
            625.077320, 126.520619, 621.118557, 123.881443, 
            601.324742, 123.881443, 598.685567, 125.201031, 
            593.407216, 127.840206, 590.768041, 134.438144, 
            589.448454, 137.077320, 590.768041, 143.675258, 
            597.365979, 148.953608, 602.644330, 159.510309, 
            618.479381, 164.788660, 627.716495, 168.747423, 
            634.314433, 176.664948, 643.551546, 179.304124, 
            646.190722, 181.943299, 647.510309, 184.582474, 
            647.510309, 191.180412, 642.231959, 201.737113, 
            627.716495, 208.335052, 611.881443, 209.654639, 
            609.242268, 213.613402, 598.685567, 222.850515, 
            580.211340, 224.170103, 574.932990, 229.448454, 
            563.056701, 234.726804, 552.500000, 236.046392, 
            549.860825, 246.603093, 530.067010, 249.242268, 
            524.788660, 249.242268, 523.469072, 250.561856, 
            520.829897, 250.561856, 515.551546, 250.561856, 
            514.231959, 250.561856, 511.592784, 249.242268, 
            506.314433, 243.963918, 497.077320, 241.324742, 
            494.438144, 232.087629, 486.520619, 230.768041, 
            485.201031, 209.654639, 473.324742, 204.376289, 
            472.005155, 196.458763, 469.365979, 183.262887, 
            466.726804, 176.664948, 466.726804, 171.386598, 
            466.726804, 168.747423, 466.726804]
