%YAML:1.0
    mask: !!opencv-matrix
        rows: 244
        cols: 2
        dt: f
        data: [ -1.000000, -1.000000, -1.000000, 
            -1.000000, 803.469072, 210.726804, 792.912371, 
            212.046392, 786.314433, 214.685567, 783.675258, 
            217.324742, 779.716495, 219.963918, 777.077320, 
            221.283505, 775.757732, 221.283505, 774.438144, 
            222.603093, 771.798969, 222.603093, 770.479381, 
            222.603093, 763.881443, 223.922680, 759.922680, 
            223.922680, 755.963918, 223.922680, 752.005155, 
            225.242268, 749.365979, 225.242268, 744.087629, 
            225.242268, 736.170103, 226.561856, 732.211340, 
            226.561856, 729.572165, 227.881443, 725.613402, 
            229.201031, 724.293814, 230.520619, 721.654639, 
            231.840206, 720.335052, 233.159794, 715.056701, 
            235.798969, 712.417526, 237.118557, 711.097938, 
            238.438144, 705.819588, 241.077320, 703.180412, 
            242.396907, 701.860825, 243.716495, 699.221649, 
            245.036082, 696.582474, 246.355670, 696.582474, 
            247.675258, 692.623711, 248.994845, 688.664948, 
            251.634021, 684.706186, 255.592784, 680.747423, 
            256.912371, 679.427835, 258.231959, 675.469072, 
            259.551546, 672.829897, 263.510309, 671.510309, 
            263.510309, 668.871134, 264.829897, 667.551546, 
            266.149485, 666.231959, 267.469072, 666.231959, 
            268.788660, 664.912371, 268.788660, 663.592784, 
            271.427835, 662.273196, 271.427835, 662.273196, 
            272.747423, 663.592784, 272.747423, 664.912371, 
            274.067010, 664.912371, 275.386598, 666.231959, 
            275.386598, 671.510309, 278.025773, 672.829897, 
            279.345361, 676.788660, 280.664948, 678.108247, 
            280.664948, 678.108247, 281.984536, 682.067010, 
            283.304124, 682.067010, 285.943299, 686.025773, 
            291.221649, 687.345361, 292.541237, 688.664948, 
            293.860825, 689.984536, 293.860825, 691.304124, 
            296.500000, 693.943299, 296.500000, 697.902062, 
            299.139175, 701.860825, 301.778351, 703.180412, 
            303.097938, 704.500000, 303.097938, 705.819588, 
            304.417526, 707.139175, 304.417526, 709.778351, 
            305.737113, 712.417526, 305.737113, 713.737113, 
            305.737113, 716.376289, 305.737113, 720.335052, 
            307.056701, 724.293814, 308.376289, 728.252577, 
            308.376289, 732.211340, 309.695876, 738.809278, 
            312.335052, 740.128866, 312.335052, 745.407216, 
            313.654639, 748.046392, 314.974227, 752.005155, 
            316.293814, 754.644330, 317.613402, 757.283505, 
            317.613402, 759.922680, 318.932990, 762.561856, 
            318.932990, 765.201031, 318.932990, 769.159794, 
            317.613402, 770.479381, 317.613402, 774.438144, 
            316.293814, 779.716495, 312.335052, 783.675258, 
            311.015464, 787.634021, 308.376289, 788.953608, 
            308.376289, 792.912371, 305.737113, 796.871134, 
            301.778351, 799.510309, 300.458763, 804.788660, 
            296.500000, 808.747423, 292.541237, 811.386598, 
            291.221649, 815.345361, 287.262887, 819.304124, 
            284.623711, 821.943299, 281.984536, 824.582474, 
            280.664948, 824.582474, 279.345361, 827.221649, 
            276.706186, 829.860825, 274.067010, 833.819588, 
            266.149485, 835.139175, 263.510309, 835.139175, 
            262.190722, 836.458763, 258.231959, 836.458763, 
            251.634021, 836.458763, 250.314433, 836.458763, 
            242.396907, 836.458763, 241.077320, 836.458763, 
            239.757732, 836.458763, 238.438144, -1.000000, 
            -1.000000, 333.695876, 212.046392, 333.695876, 
            218.644330, 333.695876, 222.603093, 333.695876, 
            233.159794, 333.695876, 248.994845, 333.695876, 
            255.592784, 333.695876, 263.510309, 333.695876, 
            268.788660, 333.695876, 271.427835, 333.695876, 
            276.706186, 333.695876, 283.304124, 333.695876, 
            288.582474, 333.695876, 292.541237, 333.695876, 
            297.819588, 333.695876, 301.778351, 333.695876, 
            303.097938, 333.695876, 308.376289, 336.335052, 
            317.613402, 337.654639, 321.572165, 340.293814, 
            330.809278, 342.932990, 334.768041, 342.932990, 
            336.087629, 346.891753, 340.046392, 349.530928, 
            345.324742, 350.850515, 346.644330, 353.489691, 
            350.603093, 356.128866, 353.242268, 360.087629, 
            358.520619, 370.644330, 363.798969, 377.242268, 
            367.757732, 385.159794, 371.716495, 389.118557, 
            374.355670, 391.757732, 375.675258, 394.396907, 
            378.314433, 398.355670, 379.634021, 404.953608, 
            382.273196, 422.108247, 383.592784, 426.067010, 
            384.912371, 430.025773, 386.231959, 432.664948, 
            387.551546, 437.943299, 388.871134, 443.221649, 
            391.510309, 445.860825, 392.829897, 452.458763, 
            395.469072, 457.737113, 398.108247, 464.335052, 
            402.067010, 466.974227, 403.386598, 468.293814, 
            404.706186, 469.613402, 406.025773, 473.572165, 
            407.345361, 476.211340, 409.984536, 477.530928, 
            411.304124, 477.530928, 412.623711, 478.850515, 
            412.623711, 481.489691, 413.943299, 486.768041, 
            415.262887, 489.407216, 415.262887, 490.726804, 
            415.262887, 493.365979, 415.262887, 494.685567, 
            415.262887, 496.005155, 415.262887, 497.324742, 
            413.943299, 498.644330, 411.304124, 498.644330, 
            408.664948, 498.644330, 407.345361, 499.963918, 
            404.706186, 499.963918, 403.386598, 499.963918, 
            402.067010, 501.283505, 398.108247, 503.922680, 
            392.829897, 503.922680, 391.510309, 505.242268, 
            390.190722, 506.561856, 390.190722, 507.881443, 
            388.871134, 509.201031, 388.871134, 509.201031, 
            386.231959, 510.520619, 382.273196, 510.520619, 
            379.634021, 510.520619, 375.675258, 510.520619, 
            373.036082, 510.520619, 369.077320, 510.520619, 
            367.757732, 506.561856, 361.159794, 501.283505, 
            355.881443, 497.324742, 349.283505, 492.046392, 
            341.365979, 480.170103, 328.170103, 476.211340, 
            322.891753, 472.252577, 317.613402, 470.932990, 
            312.335052, 466.974227, 305.737113, 466.974227, 
            304.417526, 464.335052, 297.819588, 463.015464, 
            291.221649, 461.695876, 289.902062, 461.695876, 
            288.582474, 457.737113, 276.706186, 457.737113, 
            275.386598, 455.097938, 272.747423, 452.458763, 
            268.788660, 449.819588, 266.149485, 447.180412, 
            260.871134, 437.943299, 251.634021, 436.623711, 
            248.994845, 431.345361, 245.036082, 430.025773, 
            242.396907, 427.386598, 239.757732, 426.067010, 
            237.118557, 424.747423, 235.798969, 415.510309, 
            222.603093, 414.190722, 222.603093, 412.871134, 
            221.283505, 408.912371, 218.644330, 407.592784, 
            217.324742, 404.953608, 214.685567, 400.994845, 
            212.046392, 398.355670, 210.726804, 393.077320, 
            208.087629, 387.798969, 205.448454, 383.840206, 
            204.128866, 382.520619, 202.809278, 381.201031, 
            202.809278]
