%YAML:1.0
    mask: !!opencv-matrix
        rows: 359
        cols: 2
        dt: f
        data: [ 7.757732, 526.108247, 13.036082, 
            526.108247, 16.994845, 526.108247, 20.953608, 
            526.108247, 22.273196, 527.427835, 24.912371, 
            528.747423, 26.231959, 531.386598, 28.871134, 
            534.025773, 28.871134, 535.345361, 31.510309, 
            535.345361, 38.108247, 537.984536, 47.345361, 
            540.623711, 56.582474, 541.943299, 60.541237, 
            541.943299, 63.180412, 541.943299, 68.458763, 
            541.943299, 76.376289, 541.943299, 79.015464, 
            541.943299, 82.974227, 541.943299, 90.891753, 
            540.623711, 104.087629, 535.345361, 106.726804, 
            535.345361, 113.324742, 531.386598, 117.283505, 
            528.747423, 119.922680, 526.108247, 123.881443, 
            523.469072, 127.840206, 518.190722, 134.438144, 
            512.912371, 138.396907, 507.634021, 146.314433, 
            499.716495, 148.953608, 498.396907, 151.592784, 
            495.757732, 155.551546, 491.798969, 156.871134, 
            490.479381, 162.149485, 483.881443, 164.788660, 
            479.922680, 167.427835, 474.644330, 168.747423, 
            470.685567, 172.706186, 458.809278, 175.345361, 
            446.932990, 176.664948, 441.654639, 177.984536, 
            435.056701, 177.984536, 429.778351, 177.984536, 
            416.582474, 177.984536, 412.623711, 177.984536, 
            411.304124, 177.984536, 407.345361, 176.664948, 
            404.706186, 163.469072, 382.273196, 163.469072, 
            379.634021, 160.829897, 367.757732, 155.551546, 
            355.881443, 152.912371, 347.963918, 148.953608, 
            342.685567, 141.036082, 328.170103, 134.438144, 
            317.613402, 131.798969, 313.654639, 127.840206, 
            299.139175, 127.840206, 297.819588, 121.242268, 
            268.788660, 115.963918, 247.675258, 110.685567, 
            227.881443, 106.726804, 222.603093, 105.407216, 
            219.963918, 104.087629, 218.644330, 98.809278, 
            214.685567, 96.170103, 212.046392, 90.891753, 
            208.087629, 86.932990, 206.768041, 82.974227, 
            201.489691, 79.015464, 197.530928, 76.376289, 
            193.572165, 75.056701, 190.932990, 75.056701, 
            189.613402, 72.417526, 186.974227, 67.139175, 
            183.015464, 65.819588, 183.015464, 63.180412, 
            181.695876, 60.541237, 179.056701, 59.221649, 
            177.737113, 56.582474, 176.417526, 48.664948, 
            175.097938, 44.706186, 175.097938, 39.427835, 
            175.097938, 31.510309, 175.097938, 27.551546, 
            175.097938, 24.912371, 175.097938, 18.314433, 
            177.737113, 16.994845, 177.737113, 14.355670, 
            180.376289, 10.396907, 183.015464, 9.077320, 
            183.015464, 7.757732, 184.335052, 6.438144, 
            184.335052, 5.118557, 184.335052, 3.798969, 
            185.654639, 2.479381, 185.654639, 1.159794, 
            185.654639, -1.000000, -1.000000, 1026.479381, 
            406.025773, 1030.438144, 399.427835, 1034.396907, 
            394.149485, 1040.994845, 386.231959, 1046.273196, 
            379.634021, 1048.912371, 376.994845, 1055.510309, 
            369.077320, 1056.829897, 365.118557, 1059.469072, 
            359.840206, 1060.788660, 353.242268, 1060.788660, 
            350.603093, 1062.108247, 337.407216, 1064.747423, 
            321.572165, 1067.386598, 296.500000, 1067.386598, 
            293.860825, 1067.386598, 292.541237, 1068.706186, 
            279.345361, 1071.345361, 260.871134, 1072.664948, 
            250.314433, 1072.664948, 239.757732, 1072.664948, 
            217.324742, 1071.345361, 193.572165, 1071.345361, 
            190.932990, 1071.345361, 179.056701, 1071.345361, 
            163.221649, 1071.345361, 150.025773, 1071.345361, 
            144.747423, 1071.345361, 130.231959, 1071.345361, 
            110.438144, 1071.345361, 97.242268, 1070.025773, 
            91.963918, 1070.025773, 90.644330, 1070.025773, 
            72.170103, 1062.108247, 33.902062, 1059.469072, 
            23.345361, 1056.829897, 14.108247, 774.438144, 
            8.829897, 770.479381, 8.829897, 769.159794, 
            8.829897, 766.520619, 8.829897, 746.726804, 
            8.829897, 734.850515, 8.829897, 724.293814, 
            7.510309, 708.458763, 6.190722, 704.500000, 
            6.190722, 699.221649, 6.190722, 695.262887, 
            7.510309, 689.984536, 10.149485, 683.386598, 
            12.788660, 682.067010, 15.427835, 680.747423, 
            16.747423, 680.747423, 18.067010, 680.747423, 
            27.304124, 683.386598, 41.819588, 686.025773, 
            52.376289, 688.664948, 64.252577, 691.304124, 
            73.489691, 691.304124, 78.768041, 692.623711, 
            82.726804, 692.623711, 89.324742, 693.943299, 
            93.283505, 693.943299, 106.479381, 693.943299, 
            118.355670, 693.943299, 127.592784, 693.943299, 
            143.427835, 693.943299, 152.664948, 693.943299, 
            163.221649, 693.943299, 168.500000, 693.943299, 
            177.737113, 693.943299, 190.932990, 693.943299, 
            198.850515, 693.943299, 208.087629, 692.623711, 
            222.603093, 692.623711, 223.922680, 692.623711, 
            227.881443, 692.623711, 231.840206, 692.623711, 
            234.479381, 692.623711, 235.798969, 692.623711, 
            242.396907, 692.623711, 245.036082, 689.984536, 
            250.314433, 688.664948, 250.314433, 688.664948, 
            251.634021, 687.345361, 251.634021, 687.345361, 
            254.273196, 687.345361, 268.788660, 684.706186, 
            284.623711, 683.386598, 288.582474, 682.067010, 
            293.860825, 682.067010, 295.180412, 682.067010, 
            297.819588, 680.747423, 297.819588, 679.427835, 
            296.500000, 678.108247, 293.860825, 674.149485, 
            280.664948, 671.510309, 268.788660, 667.551546, 
            259.551546, 663.592784, 246.355670, 659.634021, 
            237.118557, 658.314433, 233.159794, 655.675258, 
            218.644330, 655.675258, 214.685567, 654.355670, 
            209.407216, 653.036082, 208.087629, 645.118557, 
            197.530928, 637.201031, 188.293814, 630.603093, 
            181.695876, 626.644330, 177.737113, 626.644330, 
            176.417526, 624.005155, 176.417526, 618.726804, 
            172.458763, 609.489691, 167.180412, 601.572165, 
            161.902062, 594.974227, 157.943299, 592.335052, 
            157.943299, 591.015464, 157.943299, 587.056701, 
            157.943299, 581.778351, 157.943299, 575.180412, 
            157.943299, 567.262887, 157.943299, 565.943299, 
            157.943299, 563.304124, 157.943299, 560.664948, 
            160.582474, 559.345361, 160.582474, 554.067010, 
            165.860825, 552.747423, 165.860825, 550.108247, 
            168.500000, 546.149485, 169.819588, 544.829897, 
            169.819588, 544.829897, 171.139175, 543.510309, 
            189.613402, 543.510309, 201.489691, 544.829897, 
            217.324742, 546.149485, 218.644330, 546.149485, 
            219.963918, 550.108247, 230.520619, 558.025773, 
            246.355670, 563.304124, 260.871134, 564.623711, 
            266.149485, 565.943299, 272.747423, 568.582474, 
            280.664948, 572.541237, 289.902062, 572.541237, 
            291.221649, 576.500000, 300.458763, 581.778351, 
            312.335052, 587.056701, 321.572165, 592.335052, 
            334.768041, 593.654639, 340.046392, 597.613402, 
            351.922680, 598.932990, 354.561856, 600.252577, 
            355.881443, 600.252577, 357.201031, 600.252577, 
            361.159794, 601.572165, 363.798969, 602.891753, 
            369.077320, 604.211340, 374.355670, 605.530928, 
            379.634021, 606.850515, 383.592784, 608.170103, 
            386.231959, 612.128866, 394.149485, 614.768041, 
            400.747423, 616.087629, 400.747423, 617.407216, 
