%YAML:1.0
    mask: !!opencv-matrix
        rows: 485
        cols: 2
        dt: f
        data: [ -1.000000, -1.000000, 549.369565, 
            218.586957, 547.978261, 219.978261, 546.586957, 
            221.369565, 546.586957, 222.760870, 545.195652, 
            222.760870, 543.804348, 224.152174, 542.413043, 
            225.543478, 539.630435, 226.934783, 538.239130, 
            228.326087, 538.239130, 229.717391, 536.847826, 
            229.717391, 535.456522, 231.108696, 532.673913, 
            232.500000, 531.282609, 233.891304, 529.891304, 
            235.282609, 528.500000, 235.282609, 527.108696, 
            236.673913, 524.326087, 238.065217, 522.934783, 
            239.456522, 521.543478, 240.847826, 520.152174, 
            240.847826, 518.760870, 243.630435, 517.369565, 
            243.630435, 517.369565, 245.021739, 515.978261, 
            245.021739, 514.586957, 247.804348, 513.195652, 
            249.195652, 513.195652, 250.586957, 513.195652, 
            251.978261, 511.804348, 253.369565, 510.413043, 
            253.369565, 510.413043, 254.760870, 510.413043, 
            256.152174, 509.021739, 256.152174, 509.021739, 
            257.543478, 507.630435, 260.326087, 506.239130, 
            261.717391, 504.847826, 265.891304, 503.456522, 
            267.282609, 502.065217, 268.673913, 500.673913, 
            270.065217, 500.673913, 271.456522, 500.673913, 
            272.847826, 497.891304, 275.630435, 496.500000, 
            278.413043, 495.108696, 278.413043, 495.108696, 
            279.804348, 493.717391, 281.195652, 492.326087, 
            282.586957, 492.326087, 283.978261, 490.934783, 
            283.978261, 490.934783, 285.369565, 489.543478, 
            286.760870, 488.152174, 288.152174, 486.760870, 
            288.152174, 483.978261, 289.543478, 483.978261, 
            290.934783, 482.586957, 292.326087, 481.195652, 
            293.717391, 479.804348, 295.108696, 479.804348, 
            296.500000, 478.413043, 297.891304, 478.413043, 
            299.282609, 477.021739, 300.673913, 475.630435, 
            300.673913, 475.630435, 302.065217, 474.239130, 
            303.456522, 472.847826, 304.847826, 471.456522, 
            304.847826, 470.065217, 307.630435, 468.673913, 
            307.630435, 468.673913, 309.021739, 467.282609, 
            309.021739, 465.891304, 311.804348, 464.500000, 
            311.804348, 464.500000, 313.195652, 463.108696, 
            313.195652, 461.717391, 315.978261, 461.717391, 
            317.369565, 458.934783, 320.152174, 458.934783, 
            321.543478, 458.934783, 322.934783, 458.934783, 
            324.326087, 457.543478, 325.717391, 456.152174, 
            328.500000, 456.152174, 329.891304, 454.760870, 
            332.673913, 454.760870, 334.065217, 454.760870, 
            336.847826, 454.760870, 338.239130, 454.760870, 
            341.021739, 454.760870, 342.413043, 454.760870, 
            347.978261, 454.760870, 350.760870, 454.760870, 
            353.543478, 454.760870, 354.934783, 454.760870, 
            357.717391, 454.760870, 359.108696, 454.760870, 
            360.500000, 454.760870, 361.891304, 454.760870, 
            363.282609, 454.760870, 366.065217, 454.760870, 
            367.456522, 454.760870, 368.847826, 454.760870, 
            370.239130, 454.760870, 373.021739, 454.760870, 
            374.413043, 456.152174, 374.413043, 456.152174, 
            377.195652, 456.152174, 379.978261, 456.152174, 
            382.760870, 457.543478, 385.543478, 457.543478, 
            389.717391, 458.934783, 392.500000, 458.934783, 
            393.891304, 458.934783, 396.673913, 460.326087, 
            398.065217, 460.326087, 399.456522, 461.717391, 
            399.456522, 461.717391, 400.847826, 461.717391, 
            403.630435, 461.717391, 406.413043, 463.108696, 
            409.195652, 463.108696, 411.978261, 463.108696, 
            413.369565, 463.108696, 414.760870, 464.500000, 
            416.152174, 464.500000, 417.543478, 464.500000, 
            420.326087, 464.500000, 421.717391, 464.500000, 
            423.108696, 464.500000, 424.500000, 464.500000, 
            425.891304, 464.500000, 428.673913, 464.500000, 
            430.065217, 464.500000, 432.847826, 464.500000, 
            434.239130, 464.500000, 437.021739, 464.500000, 
            438.413043, 464.500000, 441.195652, 464.500000, 
            442.586957, 464.500000, 445.369565, 464.500000, 
            446.760870, 464.500000, 449.543478, 464.500000, 
            450.934783, 464.500000, 452.326087, 464.500000, 
            453.717391, 464.500000, 455.108696, 464.500000, 
            456.500000, 464.500000, 457.891304, 465.891304, 
            459.282609, 467.282609, 460.673913, 467.282609, 
            462.065217, 468.673913, 463.456522, 468.673913, 
            464.847826, 470.065217, 464.847826, 470.065217, 
            466.239130, 475.630435, 466.239130, 482.586957, 
            466.239130, 485.369565, 466.239130, 486.760870, 
            466.239130, 489.543478, 464.847826, 490.934783, 
            464.847826, 490.934783, 463.456522, 492.326087, 
            462.065217, 492.326087, 460.673913, 493.717391, 
            459.282609, 495.108696, 457.891304, 495.108696, 
            456.500000, 495.108696, 455.108696, 496.500000, 
            455.108696, 496.500000, 453.717391, 496.500000, 
            452.326087, 496.500000, 450.934783, 497.891304, 
            449.543478, 499.282609, 449.543478, 499.282609, 
            446.760870, 500.673913, 445.369565, 502.065217, 
            445.369565, 503.456522, 445.369565, 504.847826, 
            445.369565, 506.239130, 445.369565, 507.630435, 
            445.369565, 507.630435, 446.760870, 509.021739, 
            446.760870, 511.804348, 449.543478, 513.195652, 
            450.934783, 515.978261, 453.717391, 517.369565, 
            455.108696, 518.760870, 456.500000, 518.760870, 
            457.891304, 520.152174, 459.282609, 520.152174, 
            460.673913, 521.543478, 462.065217, 522.934783, 
            462.065217, 524.326087, 463.456522, 525.717391, 
            463.456522, 527.108696, 466.239130, 527.108696, 
            470.413043, 527.108696, 471.804348, 527.108696, 
            473.195652, 527.108696, 474.586957, 527.108696, 
            475.978261, 527.108696, 477.369565, 527.108696, 
            478.760870, 527.108696, 481.543478, 527.108696, 
            482.934783, 527.108696, 484.326087, 527.108696, 
            485.717391, 527.108696, 487.108696, 525.717391, 
            489.891304, 525.717391, 491.282609, 525.717391, 
            492.673913, 525.717391, 495.456522, 524.326087, 
            496.847826, 524.326087, 498.239130, 524.326087, 
            499.630435, 522.934783, 499.630435, 522.934783, 
            501.021739, 522.934783, 502.413043, 522.934783, 
            505.195652, 522.934783, 506.586957, 521.543478, 
            507.978261, 521.543478, 509.369565, 521.543478, 
            510.760870, 521.543478, 512.152174, 521.543478, 
            513.543478, 521.543478, 514.934783, 521.543478, 
            516.326087, 521.543478, 517.717391, 522.934783, 
            517.717391, 524.326087, 519.108696, 527.108696, 
            520.500000, 528.500000, 520.500000, 531.282609, 
            521.891304, 536.847826, 523.282609, 539.630435, 
            524.673913, 541.021739, 524.673913, 543.804348, 
            526.065217, 546.586957, 526.065217, 547.978261, 
            526.065217, 550.760870, 526.065217, 552.152174, 
            526.065217, 556.326087, 526.065217, 559.108696, 
            524.673913, 567.456522, 519.108696, 568.847826, 
            519.108696, 571.630435, 517.717391, 573.021739, 
            516.326087, 575.804348, 514.934783, 575.804348, 
            513.543478, 581.369565, 510.760870, 584.152174, 
            509.369565, 585.543478, 507.978261, 586.934783, 
            506.586957, 586.934783, 505.195652, 589.717391, 
