%YAML:1.0
    mask: !!opencv-matrix
        rows: 1327
        cols: 2
        dt: f
        data: [ 3.678808, 710.168874, 5.798013, 
            710.168874, 7.917219, 710.168874, 10.036424, 
            710.168874, 12.155629, 708.049669, 14.274834, 
            708.049669, 16.394040, 705.930464, 18.513245, 
            705.930464, 20.632450, 703.811258, 22.751656, 
            701.692053, 24.870861, 701.692053, 24.870861, 
            699.572848, 26.990066, 699.572848, 29.109272, 
            699.572848, 31.228477, 699.572848, 33.347682, 
            697.453642, 35.466887, 697.453642, 35.466887, 
            695.334437, 37.586093, 695.334437, 41.824503, 
            695.334437, 43.943709, 695.334437, 46.062914, 
            693.215232, 48.182119, 693.215232, 50.301325, 
            693.215232, 52.420530, 693.215232, 58.778146, 
            693.215232, 60.897351, 693.215232, 67.254967, 
            691.096026, 69.374172, 691.096026, 71.493377, 
            691.096026, 73.612583, 691.096026, 75.731788, 
            688.976821, 77.850993, 688.976821, 79.970199, 
            688.976821, 82.089404, 688.976821, 86.327815, 
            688.976821, 88.447020, 688.976821, 90.566225, 
            688.976821, 92.685430, 688.976821, 94.804636, 
            688.976821, 96.923841, 688.976821, 99.043046, 
            688.976821, 101.162252, 688.976821, 103.281457, 
            688.976821, 105.400662, 688.976821, 107.519868, 
            688.976821, 109.639073, 686.857616, 111.758278, 
            686.857616, 113.877483, 686.857616, 115.996689, 
            686.857616, 118.115894, 686.857616, 120.235099, 
            686.857616, 122.354305, 686.857616, 124.473510, 
            686.857616, 126.592715, 686.857616, 128.711921, 
            686.857616, 130.831126, 686.857616, 135.069536, 
            686.857616, 137.188742, 686.857616, 139.307947, 
            686.857616, 141.427152, 686.857616, 143.546358, 
            686.857616, 145.665563, 686.857616, 147.784768, 
            686.857616, 149.903974, 686.857616, 154.142384, 
            686.857616, 162.619205, 686.857616, 168.976821, 
            686.857616, 175.334437, 686.857616, 185.930464, 
            686.857616, 188.049669, 686.857616, 190.168874, 
            686.857616, 192.288079, 686.857616, 194.407285, 
            686.857616, 196.526490, 686.857616, 198.645695, 
            686.857616, 202.884106, 686.857616, 207.122517, 
            686.857616, 209.241722, 686.857616, 213.480132, 
            688.976821, 217.718543, 688.976821, 219.837748, 
            691.096026, 221.956954, 691.096026, 224.076159, 
            691.096026, 228.314570, 691.096026, 230.433775, 
            691.096026, 236.791391, 691.096026, 243.149007, 
            693.215232, 245.268212, 693.215232, 247.387417, 
            695.334437, 249.506623, 697.453642, 251.625828, 
            699.572848, 253.745033, 701.692053, 255.864238, 
            703.811258, 257.983444, 705.930464, 257.983444, 
            708.049669, 257.983444, 710.168874, 260.102649, 
            712.288079, 262.221854, 712.288079, 262.221854, 
            714.407285, 264.341060, 714.407285, 264.341060, 
            716.526490, 264.341060, 718.645695, -1.000000, 
            -1.000000, 777.188742, 663.546358, 775.069536, 
            663.546358, 770.831126, 663.546358, 764.473510, 
            659.307947, 760.235099, 657.188742, 753.877483, 
            652.950331, 747.519868, 650.831126, 741.162252, 
            648.711921, 730.566225, 644.473510, 724.208609, 
            642.354305, 724.208609, 640.235099, 719.970199, 
            640.235099, 717.850993, 640.235099, 715.731788, 
            640.235099, 713.612583, 640.235099, 711.493377, 
            640.235099, 709.374172, 640.235099, 707.254967, 
            640.235099, 698.778146, 638.115894, 696.658940, 
            635.996689, 694.539735, 635.996689, 688.182119, 
            635.996689, 686.062914, 635.996689, 681.824503, 
            635.996689, 679.705298, 635.996689, 677.586093, 
            635.996689, 675.466887, 633.877483, 673.347682, 
            633.877483, 671.228477, 633.877483, 666.990066, 
            631.758278, 662.751656, 631.758278, 658.513245, 
            629.639073, 656.394040, 629.639073, 656.394040, 
            627.519868, 652.155629, 627.519868, 650.036424, 
            625.400662, 647.917219, 623.281457, 645.798013, 
            623.281457, 645.798013, 621.162252, 643.678808, 
            621.162252, 639.440397, 619.043046, 639.440397, 
            616.923841, 637.321192, 614.804636, 635.201987, 
            612.685430, 633.082781, 612.685430, 630.963576, 
            610.566225, 628.844371, 608.447020, 626.725166, 
            606.327815, 624.605960, 606.327815, 622.486755, 
            604.208609, 620.367550, 602.089404, 618.248344, 
            602.089404, 614.009934, 597.850993, 611.890728, 
            597.850993, 609.771523, 595.731788, 607.652318, 
            593.612583, 605.533113, 593.612583, 603.413907, 
            593.612583, 601.294702, 593.612583, 599.175497, 
            593.612583, 597.056291, 593.612583, 594.937086, 
            593.612583, 592.817881, 593.612583, 592.817881, 
            595.731788, 590.698675, 597.850993, 590.698675, 
            599.970199, 590.698675, 602.089404, 590.698675, 
            604.208609, 588.579470, 604.208609, 586.460265, 
            606.327815, 584.341060, 608.447020, 582.221854, 
            608.447020, 582.221854, 610.566225, 577.983444, 
            610.566225, 563.149007, 608.447020, 558.910596, 
            608.447020, 556.791391, 608.447020, 556.791391, 
            606.327815, 556.791391, 604.208609, 556.791391, 
            602.089404, 556.791391, 599.970199, 556.791391, 
            597.850993, 556.791391, 595.731788, 556.791391, 
            593.612583, 558.910596, 593.612583, 561.029801, 
            589.374172, 561.029801, 587.254967, 563.149007, 
            585.135762, 565.268212, 583.016556, 565.268212, 
            580.897351, 567.387417, 578.778146, 567.387417, 
            576.658940, 567.387417, 574.539735, 569.506623, 
            572.420530, 569.506623, 570.301325, 569.506623, 
            568.182119, 567.387417, 568.182119, 565.268212, 
            568.182119, 563.149007, 568.182119, 561.029801, 
            568.182119, 556.791391, 568.182119, 554.672185, 
            568.182119, 552.552980, 568.182119, 550.433775, 
            568.182119, 548.314570, 568.182119, 546.195364, 
            568.182119, 544.076159, 568.182119, 541.956954, 
            568.182119, 539.837748, 568.182119, 537.718543, 
            568.182119, 537.718543, 570.301325, 535.599338, 
            570.301325, 533.480132, 570.301325, 531.360927, 
            572.420530, 529.241722, 574.539735, 527.122517, 
            574.539735, 525.003311, 574.539735, 522.884106, 
            576.658940, 520.764901, 576.658940, 518.645695, 
            576.658940, 516.526490, 576.658940, 514.407285, 
            576.658940, 512.288079, 578.778146, 510.168874, 
            578.778146, 508.049669, 578.778146, 505.930464, 
            578.778146, 501.692053, 578.778146, 499.572848, 
            578.778146, 497.453642, 578.778146, 495.334437, 
            578.778146, 493.215232, 578.778146, 478.380795, 
            578.778146, 476.261589, 578.778146, 472.023179, 
            578.778146, 469.903974, 578.778146, 467.784768, 
            578.778146, 463.546358, 578.778146, 452.950331, 
            578.778146, 448.711921, 578.778146, 446.592715, 
            578.778146, 444.473510, 578.778146, 442.354305, 
            578.778146, 442.354305, 576.658940, 442.354305, 
            574.539735, 442.354305, 572.420530, 442.354305, 
            570.301325, 440.235099, 566.062914, 440.235099, 
            563.943709, 438.115894, 561.824503, 438.115894, 
            559.705298, 435.996689, 557.586093, 435.996689, 
            555.466887, 435.996689, 553.347682, 435.996689, 
            551.228477, 435.996689, 546.990066, 435.996689, 
