%YAML:1.0
    mask: !!opencv-matrix
        rows: 1093
        cols: 2
        dt: f
        data: [ 26.990066, 718.645695, 26.990066, 
            716.526490, 29.109272, 712.288079, 29.109272, 
            710.168874, 31.228477, 708.049669, 31.228477, 
            705.930464, 33.347682, 703.811258, 35.466887, 
            701.692053, 37.586093, 699.572848, 37.586093, 
            697.453642, 39.705298, 697.453642, 39.705298, 
            695.334437, 41.824503, 695.334437, 41.824503, 
            693.215232, 43.943709, 693.215232, 46.062914, 
            691.096026, 48.182119, 688.976821, 50.301325, 
            688.976821, 50.301325, 686.857616, 52.420530, 
            686.857616, 54.539735, 684.738411, 58.778146, 
            682.619205, 60.897351, 680.500000, 63.016556, 
            680.500000, 65.135762, 678.380795, 67.254967, 
            676.261589, 69.374172, 676.261589, 71.493377, 
            676.261589, 73.612583, 676.261589, 73.612583, 
            674.142384, 75.731788, 674.142384, 77.850993, 
            674.142384, 77.850993, 672.023179, 79.970199, 
            672.023179, 82.089404, 672.023179, 84.208609, 
            669.903974, 88.447020, 667.784768, 88.447020, 
            665.665563, 90.566225, 665.665563, 92.685430, 
            663.546358, 94.804636, 663.546358, 94.804636, 
            661.427152, 96.923841, 661.427152, 99.043046, 
            661.427152, 99.043046, 659.307947, 103.281457, 
            659.307947, 105.400662, 659.307947, 105.400662, 
            657.188742, 107.519868, 657.188742, 109.639073, 
            657.188742, 111.758278, 655.069536, 113.877483, 
            655.069536, 115.996689, 652.950331, 118.115894, 
            652.950331, 120.235099, 652.950331, 122.354305, 
            650.831126, 124.473510, 648.711921, 130.831126, 
            648.711921, 132.950331, 648.711921, 135.069536, 
            648.711921, 137.188742, 646.592715, 139.307947, 
            646.592715, 141.427152, 646.592715, 143.546358, 
            646.592715, 145.665563, 646.592715, 147.784768, 
            646.592715, 152.023179, 646.592715, 154.142384, 
            646.592715, 156.261589, 646.592715, 156.261589, 
            644.473510, 158.380795, 644.473510, 160.500000, 
            644.473510, 162.619205, 642.354305, 164.738411, 
            642.354305, 166.857616, 640.235099, 168.976821, 
            640.235099, 171.096026, 640.235099, 173.215232, 
            640.235099, 177.453642, 638.115894, 179.572848, 
            638.115894, 181.692053, 638.115894, 183.811258, 
            638.115894, 185.930464, 635.996689, 190.168874, 
            633.877483, 192.288079, 633.877483, 194.407285, 
            633.877483, 196.526490, 633.877483, 198.645695, 
            633.877483, 200.764901, 633.877483, 202.884106, 
            633.877483, 205.003311, 633.877483, 207.122517, 
            633.877483, 209.241722, 633.877483, 211.360927, 
            633.877483, 213.480132, 633.877483, 215.599338, 
            633.877483, 217.718543, 633.877483, 219.837748, 
            633.877483, 221.956954, 633.877483, 224.076159, 
            633.877483, 226.195364, 633.877483, 228.314570, 
            633.877483, 230.433775, 633.877483, 232.552980, 
            631.758278, 236.791391, 631.758278, 241.029801, 
            631.758278, 245.268212, 631.758278, 247.387417, 
            629.639073, 249.506623, 629.639073, 251.625828, 
            629.639073, 255.864238, 629.639073, 257.983444, 
            629.639073, 260.102649, 629.639073, 262.221854, 
            629.639073, 264.341060, 629.639073, 268.579470, 
            629.639073, 270.698675, 629.639073, 272.817881, 
            627.519868, 277.056291, 627.519868, 279.175497, 
            627.519868, 281.294702, 627.519868, 283.413907, 
            627.519868, 285.533113, 627.519868, 287.652318, 
            627.519868, 289.771523, 625.400662, 291.890728, 
            623.281457, 294.009934, 623.281457, 296.129139, 
            623.281457, 298.248344, 623.281457, 304.605960, 
            621.162252, 308.844371, 619.043046, 310.963576, 
            619.043046, 313.082781, 619.043046, 315.201987, 
            619.043046, 317.321192, 619.043046, 319.440397, 
            619.043046, 321.559603, 619.043046, 323.678808, 
            619.043046, 325.798013, 619.043046, 325.798013, 
            616.923841, 330.036424, 616.923841, 332.155629, 
            616.923841, 334.274834, 616.923841, 336.394040, 
            616.923841, 338.513245, 616.923841, 340.632450, 
            614.804636, 342.751656, 614.804636, 346.990066, 
            614.804636, 351.228477, 614.804636, 355.466887, 
            614.804636, 359.705298, 614.804636, 366.062914, 
            614.804636, 368.182119, 614.804636, 370.301325, 
            614.804636, 372.420530, 614.804636, 380.897351, 
            619.043046, 383.016556, 621.162252, 385.135762, 
            621.162252, 385.135762, 623.281457, 385.135762, 
            625.400662, 385.135762, 627.519868, 385.135762, 
            629.639073, 385.135762, 631.758278, 385.135762, 
            633.877483, 385.135762, 638.115894, 383.016556, 
            638.115894, 383.016556, 640.235099, 380.897351, 
            642.354305, 378.778146, 644.473510, 376.658940, 
            646.592715, 374.539735, 646.592715, 370.301325, 
            646.592715, 370.301325, 648.711921, 368.182119, 
            650.831126, 366.062914, 650.831126, 363.943709, 
            652.950331, 361.824503, 652.950331, 357.586093, 
            655.069536, 355.466887, 657.188742, 353.347682, 
            657.188742, 351.228477, 657.188742, 349.109272, 
            659.307947, 346.990066, 661.427152, 342.751656, 
            663.546358, 340.632450, 665.665563, 338.513245, 
            665.665563, 334.274834, 667.784768, 330.036424, 
            669.903974, 325.798013, 672.023179, 321.559603, 
            672.023179, 319.440397, 672.023179, 319.440397, 
            674.142384, 315.201987, 674.142384, 313.082781, 
            674.142384, 310.963576, 676.261589, 308.844371, 
            676.261589, 306.725166, 676.261589, 304.605960, 
            676.261589, 302.486755, 676.261589, 300.367550, 
            678.380795, 298.248344, 678.380795, 296.129139, 
            678.380795, 294.009934, 678.380795, 289.771523, 
            680.500000, 287.652318, 682.619205, 285.533113, 
            682.619205, 283.413907, 682.619205, 281.294702, 
            684.738411, 279.175497, 686.857616, 277.056291, 
            688.976821, 274.937086, 691.096026, 272.817881, 
            691.096026, 272.817881, 693.215232, 268.579470, 
            693.215232, 268.579470, 695.334437, 266.460265, 
            695.334437, 266.460265, 697.453642, 264.341060, 
            697.453642, 262.221854, 699.572848, 260.102649, 
            699.572848, 260.102649, 701.692053, 255.864238, 
            701.692053, 255.864238, 703.811258, 253.745033, 
            705.930464, 251.625828, 708.049669, 249.506623, 
            710.168874, 247.387417, 712.288079, 245.268212, 
            714.407285, 243.149007, 716.526490, 241.029801, 
            718.645695, -1.000000, -1.000000, 448.711921, 
            712.288079, 450.831126, 712.288079, 452.950331, 
            712.288079, 455.069536, 712.288079, 457.188742, 
            712.288079, 457.188742, 710.168874, 459.307947, 
            710.168874, 459.307947, 708.049669, 459.307947, 
            705.930464, 461.427152, 705.930464, 461.427152, 
            703.811258, 463.546358, 699.572848, 465.665563, 
            699.572848, 465.665563, 697.453642, 467.784768, 
            695.334437, 467.784768, 693.215232, 469.903974, 
            691.096026, 469.903974, 688.976821, 472.023179, 
            688.976821, 474.142384, 686.857616, 476.261589, 
            684.738411, 476.261589, 682.619205, 478.380795, 
            682.619205, 480.500000, 682.619205, 482.619205, 
            680.500000, 486.857616, 680.500000, 488.976821, 
            678.380795, 491.096026, 676.261589, 495.334437, 
