%YAML:1.0
    mask: !!opencv-matrix
        rows: 327
        cols: 2
        dt: f
        data: [ -1.000000, -1.000000, -1.000000, 
            -1.000000, 662.273196, 412.623711, 667.551546, 
            419.221649, 678.108247, 439.015464, 689.984536, 
            454.850515, 696.582474, 461.448454, 713.737113, 
            481.242268, 720.335052, 490.479381, 725.613402, 
            497.077320, 728.252577, 501.036082, 729.572165, 
            502.355670, 734.850515, 506.314433, 737.489691, 
            508.953608, 737.489691, 510.273196, 737.489691, 
            511.592784, 737.489691, 512.912371, 737.489691, 
            516.871134, 738.809278, 524.788660, 741.448454, 
            537.984536, 744.087629, 564.376289, 744.087629, 
            568.335052, 744.087629, 580.211340, 741.448454, 
            590.768041, 734.850515, 621.118557, 733.530928, 
            627.716495, 728.252577, 639.592784, 724.293814, 
            651.469072, 722.974227, 659.386598, 722.974227, 
            660.706186, 719.015464, 669.943299, 717.695876, 
            673.902062, 717.695876, 677.860825, 716.376289, 
            679.180412, 716.376289, 681.819588, 712.417526, 
            685.778351, 709.778351, 689.737113, 708.458763, 
            691.056701, 708.458763, 692.376289, 707.139175, 
            693.695876, 705.819588, 693.695876, 703.180412, 
            693.695876, 700.541237, 693.695876, 699.221649, 
            693.695876, 697.902062, 693.695876, 697.902062, 
            687.097938, 697.902062, 683.139175, 697.902062, 
            675.221649, 697.902062, 673.902062, 696.582474, 
            672.582474, 693.943299, 671.262887, 689.984536, 
            671.262887, 682.067010, 673.902062, 680.747423, 
            676.541237, 674.149485, 681.819588, 671.510309, 
            683.139175, 666.231959, 687.097938, 656.994845, 
            695.015464, 655.675258, 696.335052, 654.355670, 
            700.293814, 653.036082, 700.293814, 650.396907, 
            702.932990, 649.077320, 705.572165, 646.438144, 
            709.530928, 642.479381, 712.170103, 635.881443, 
            718.768041, 630.603093, 718.768041, 627.963918, 
            714.809278, 627.963918, 706.891753, 627.963918, 
            704.252577, 627.963918, 697.654639, 627.963918, 
            692.376289, 627.963918, 691.056701, 627.963918, 
            689.737113, 627.963918, 688.417526, 626.644330, 
            687.097938, 625.324742, 687.097938, 622.685567, 
            684.458763, 617.407216, 684.458763, 613.448454, 
            684.458763, 610.809278, 684.458763, 605.530928, 
            687.097938, 601.572165, 691.056701, 598.932990, 
            693.695876, 596.293814, 697.654639, 594.974227, 
            698.974227, 592.335052, 702.932990, 589.695876, 
            708.211340, 588.376289, 710.850515, 584.417526, 
            713.489691, 583.097938, 716.128866, 581.778351, 
            716.128866, 580.458763, 716.128866, 576.500000, 
            716.128866, 572.541237, 716.128866, 571.221649, 
            716.128866, 569.902062, 716.128866, 565.943299, 
            716.128866, 564.623711, 714.809278, 561.984536, 
            713.489691, 560.664948, 713.489691, 560.664948, 
            712.170103, 559.345361, 709.530928, 558.025773, 
            701.613402, 558.025773, 698.974227, 558.025773, 
            693.695876, 558.025773, 691.056701, 558.025773, 
            687.097938, 559.345361, 685.778351, 559.345361, 
            683.139175, 560.664948, 679.180412, 567.262887, 
            668.623711, 569.902062, 664.664948, 569.902062, 
            662.025773, 573.860825, 651.469072, 572.541237, 
            651.469072, 564.623711, 655.427835, 560.664948, 
            656.747423, 555.386598, 659.386598, 554.067010, 
            660.706186, 548.788660, 665.984536, 546.149485, 
            668.623711, 542.190722, 675.221649, 536.912371, 
            681.819588, 532.953608, 688.417526, 531.634021, 
            695.015464, 528.994845, 701.613402, 525.036082, 
            706.891753, 518.438144, 717.448454, 517.118557, 
            718.768041, 514.479381, 718.768041, 509.201031, 
            718.768041, 506.561856, 718.768041, 499.963918, 
            718.768041, 498.644330, 718.768041, 497.324742, 
            718.768041, 494.685567, 716.128866, 494.685567, 
            705.572165, 494.685567, 695.015464, 501.283505, 
            685.778351, 503.922680, 681.819588, 510.520619, 
            668.623711, 519.757732, 651.469072, 521.077320, 
            648.829897, 523.716495, 640.912371, 523.716495, 
            636.953608, 525.036082, 627.716495, 526.355670, 
            622.438144, 526.355670, 621.118557, 526.355670, 
            614.520619, 526.355670, 607.922680, 526.355670, 
            598.685567, 526.355670, 596.046392, 526.355670, 
            594.726804, 527.675258, 593.407216, 528.994845, 
            589.448454, 530.314433, 582.850515, 531.634021, 
            580.211340, 531.634021, 577.572165, 536.912371, 
            568.335052, 538.231959, 565.695876, 542.190722, 
            559.097938, 544.829897, 552.500000, 548.788660, 
            545.902062, 550.108247, 541.943299, 554.067010, 
            534.025773, 556.706186, 527.427835, 558.025773, 
            520.829897, 560.664948, 519.510309, 561.984536, 
            516.871134, 564.623711, 511.592784, 565.943299, 
            508.953608, 567.262887, 504.994845, 568.582474, 
            504.994845, 573.860825, 497.077320, 576.500000, 
            493.118557, 580.458763, 491.798969, 581.778351, 
            489.159794, 587.056701, 486.520619, 591.015464, 
            483.881443, 601.572165, 475.963918, 609.489691, 
            470.685567, 612.128866, 468.046392, 617.407216, 
            464.087629, 624.005155, 460.128866, 629.283505, 
            457.489691, 633.242268, 454.850515, 641.159794, 
            449.572165, 647.757732, 441.654639, 654.355670, 
            436.376289, 658.314433, 432.417526, 659.634021, 
            429.778351, -1.000000, -1.000000, 319.180412, 
            409.984536, 315.221649, 416.582474, 313.902062, 
            425.819588, 312.582474, 433.737113, 309.943299, 
            440.335052, 305.984536, 450.891753, 302.025773, 
            464.087629, 296.747423, 478.603093, 292.788660, 
            489.159794, 288.829897, 498.396907, 287.510309, 
            502.355670, 286.190722, 506.314433, 284.871134, 
            510.273196, 283.551546, 514.231959, 282.231959, 
            518.190722, 280.912371, 526.108247, 279.592784, 
            531.386598, 279.592784, 537.984536, 279.592784, 
            543.262887, 279.592784, 563.056701, 279.592784, 
            569.654639, 280.912371, 573.613402, 282.231959, 
            578.891753, 286.190722, 592.087629, 290.149485, 
            600.005155, 295.427835, 611.881443, 296.747423, 
            614.520619, 298.067010, 617.159794, 298.067010, 
            618.479381, 303.345361, 629.036082, 304.664948, 
            631.675258, 305.984536, 634.314433, 308.623711, 
            636.953608, 311.262887, 638.273196, 313.902062, 
            639.592784, 316.541237, 640.912371, 317.860825, 
            640.912371, 319.180412, 640.912371, 320.500000, 
            639.592784, 321.819588, 636.953608, 325.778351, 
            630.355670, 329.737113, 626.396907, 331.056701, 
            625.077320, 332.376289, 623.757732, 333.695876, 
            622.438144, 335.015464, 622.438144, 337.654639, 
            627.716495, 338.974227, 636.953608, 341.613402, 
            644.871134, 342.932990, 646.190722, 344.252577, 
            648.829897, 346.891753, 652.788660, 348.211340, 
            662.025773, 352.170103, 665.984536, 352.170103, 
            667.304124, 352.170103, 663.345361, 353.489691, 
            663.345361, 358.768041, 663.345361, 365.365979, 
            664.664948, 366.685567, 665.984536, 370.644330, 
            665.984536, 374.603093, 667.304124, 379.881443, 
            667.304124, 382.520619, 667.304124, 387.798969, 
            667.304124, 389.118557, 668.623711, 397.036082, 
