%YAML:1.0
    mask: !!opencv-matrix
        rows: 570
        cols: 2
        dt: f
        data: [ 7.757732, 520.829897, 13.036082, 
            520.829897, 23.592784, 520.829897, 34.149485, 
            520.829897, 40.747423, 522.149485, 48.664948, 
            523.469072, 56.582474, 527.427835, 79.015464, 
            535.345361, 97.489691, 541.943299, 108.046392, 
            544.582474, 117.283505, 547.221649, 125.201031, 
            548.541237, 130.479381, 549.860825, 135.757732, 
            549.860825, 146.314433, 551.180412, 154.231959, 
            551.180412, 156.871134, 551.180412, 162.149485, 
            551.180412, 171.386598, 551.180412, 180.623711, 
            551.180412, 188.541237, 551.180412, 192.500000, 
            553.819588, 225.489691, 561.737113, 229.448454, 
            561.737113, 232.087629, 564.376289, 232.087629, 
            565.695876, 233.407216, 565.695876, 233.407216, 
            567.015464, 233.407216, 568.335052, 233.407216, 
            569.654639, 232.087629, 570.974227, 228.128866, 
            573.613402, 216.252577, 574.932990, 210.974227, 
            576.252577, 207.015464, 576.252577, 199.097938, 
            578.891753, 187.221649, 582.850515, 179.304124, 
            585.489691, 172.706186, 588.128866, 170.067010, 
            589.448454, 162.149485, 593.407216, 155.551546, 
            596.046392, 147.634021, 600.005155, 144.994845, 
            601.324742, 138.396907, 603.963918, 133.118557, 
            606.603093, 127.840206, 609.242268, 123.881443, 
            610.561856, 113.324742, 615.840206, 110.685567, 
            618.479381, 100.128866, 622.438144, 96.170103, 
            623.757732, 84.293814, 632.994845, 79.015464, 
            638.273196, 73.737113, 643.551546, 61.860825, 
            651.469072, 55.262887, 654.108247, 53.943299, 
            654.108247, 53.943299, 655.427835, 51.304124, 
            663.345361, 42.067010, 675.221649, 40.747423, 
            677.860825, 30.190722, 687.097938, 28.871134, 
            689.737113, 24.912371, 693.695876, 20.953608, 
            700.293814, 20.953608, 701.613402, 19.634021, 
            704.252577, 19.634021, 705.572165, 19.634021, 
            708.211340, 19.634021, 709.530928, 23.592784, 
            712.170103, 31.510309, 714.809278, 84.293814, 
            716.128866, 92.211340, 716.128866, 118.603093, 
            716.128866, 122.561856, 714.809278, 123.881443, 
            714.809278, 127.840206, 714.809278, 131.798969, 
            713.489691, 134.438144, 713.489691, 134.438144, 
            712.170103, 137.077320, 709.530928, 139.716495, 
            706.891753, 142.355670, 701.613402, 156.871134, 
            684.458763, 162.149485, 677.860825, 164.788660, 
            676.541237, 167.427835, 673.902062, 175.345361, 
            667.304124, 177.984536, 665.984536, 187.221649, 
            663.345361, 204.376289, 651.469072, 213.613402, 
            650.149485, 214.932990, 650.149485, 220.211340, 
            651.469072, 221.530928, 655.427835, 225.489691, 
            660.706186, 226.809278, 665.984536, 226.809278, 
            669.943299, 226.809278, 676.541237, 220.211340, 
            687.097938, 218.891753, 691.056701, 212.293814, 
            697.654639, 199.097938, 712.170103, 196.458763, 
            714.809278, 195.139175, 716.128866, 1.159794, 
            523.469072, 2.479381, 522.149485, 6.438144, 
            519.510309, 6.438144, 518.190722, 7.757732, 
            518.190722, 9.077320, 518.190722, -1.000000, 
            -1.000000, 639.840206, 717.448454, 633.242268, 
            714.809278, 630.603093, 713.489691, 625.324742, 
            709.530928, 618.726804, 702.932990, 614.768041, 
            698.974227, 613.448454, 697.654639, 613.448454, 
            696.335052, 612.128866, 693.695876, 612.128866, 
            692.376289, 612.128866, 689.737113, 612.128866, 
            688.417526, 612.128866, 687.097938, 620.046392, 
            681.819588, 627.963918, 677.860825, 634.561856, 
            673.902062, 641.159794, 668.623711, 650.396907, 
            663.345361, 656.994845, 660.706186, 660.953608, 
            659.386598, 667.551546, 656.747423, 675.469072, 
            655.427835, 683.386598, 652.788660, 687.345361, 
            651.469072, 696.582474, 648.829897, 703.180412, 
            647.510309, 721.654639, 647.510309, 724.293814, 
            647.510309, 730.891753, 647.510309, 736.170103, 
            647.510309, 738.809278, 647.510309, 740.128866, 
            647.510309, 744.087629, 647.510309, 753.324742, 
            647.510309, 755.963918, 647.510309, 757.283505, 
            647.510309, 765.201031, 647.510309, 770.479381, 
            648.829897, 774.438144, 650.149485, 779.716495, 
            652.788660, 786.314433, 654.108247, 796.871134, 
            659.386598, 807.427835, 667.304124, 817.984536, 
            671.262887, 821.943299, 672.582474, 832.500000, 
            676.541237, 840.417526, 679.180412, 852.293814, 
            681.819588, 857.572165, 684.458763, 870.768041, 
            689.737113, 872.087629, 691.056701, 887.922680, 
            701.613402, 889.242268, 702.932990, 890.561856, 
            704.252577, 895.840206, 709.530928, 898.479381, 
            712.170103, 901.118557, 714.809278, 903.757732, 
            718.768041, -1.000000, -1.000000, 832.500000, 
            24.664948, 827.221649, 27.304124, 820.623711, 
            32.582474, 816.664948, 35.221649, 814.025773, 
            36.541237, 810.067010, 39.180412, 806.108247, 
            43.139175, 804.788660, 45.778351, 791.592784, 
            57.654639, 783.675258, 62.932990, 782.355670, 
            62.932990, 781.036082, 64.252577, 778.396907, 
            68.211340, 778.396907, 69.530928, 775.757732, 
            78.768041, 773.118557, 90.644330, 771.798969, 
            93.283505, 770.479381, 98.561856, 765.201031, 
            110.438144, 762.561856, 115.716495, 759.922680, 
            118.355670, 758.603093, 122.314433, 755.963918, 
            124.953608, 755.963918, 127.592784, 754.644330, 
            128.912371, 750.685567, 138.149485, 749.365979, 
            139.469072, 749.365979, 146.067010, 748.046392, 
            147.386598, 748.046392, 151.345361, 745.407216, 
            159.262887, 742.768041, 165.860825, 742.768041, 
            167.180412, 742.768041, 169.819588, 742.768041, 
            179.056701, 742.768041, 181.695876, 742.768041, 
            192.252577, 741.448454, 200.170103, 740.128866, 
            209.407216, 740.128866, 213.365979, 740.128866, 
            214.685567, 740.128866, 217.324742, 740.128866, 
            221.283505, 740.128866, 225.242268, 740.128866, 
            227.881443, 741.448454, 227.881443, 742.768041, 
            227.881443, 746.726804, 226.561856, 748.046392, 
            223.922680, 753.324742, 214.685567, 761.242268, 
            198.850515, 765.201031, 190.932990, 767.840206, 
            183.015464, 773.118557, 171.139175, 778.396907, 
            161.902062, 788.953608, 143.427835, 794.231959, 
            135.510309, 795.551546, 134.190722, 795.551546, 
            139.469072, 795.551546, 151.345361, 792.912371, 
            164.541237, 791.592784, 168.500000, 791.592784, 
            172.458763, 784.994845, 188.293814, 783.675258, 
            189.613402, 783.675258, 194.891753, 782.355670, 
            196.211340, 781.036082, 201.489691, 779.716495, 
            204.128866, 777.077320, 209.407216, 777.077320, 
            210.726804, 777.077320, 214.685567, 775.757732, 
            219.963918, 775.757732, 221.283505, 775.757732, 
            226.561856, 775.757732, 242.396907, 775.757732, 
            245.036082, 775.757732, 247.675258, 775.757732, 
            248.994845, 777.077320, 248.994845, 778.396907, 
            248.994845, 779.716495, 248.994845, 782.355670, 
            248.994845, 783.675258, 247.675258, 791.592784, 
            238.438144, 800.829897, 226.561856, 812.706186, 
            202.809278, 816.664948, 193.572165, 827.221649, 
