%YAML:1.0
    mask: !!opencv-matrix
        rows: 227
        cols: 2
        dt: f
        data: [ -1.000000, -1.000000, -1.000000, 
            -1.000000, 752.005155, 316.293814, 746.726804, 
            322.891753, 744.087629, 325.530928, 741.448454, 
            329.489691, 741.448454, 332.128866, 740.128866, 
            333.448454, 737.489691, 337.407216, 736.170103, 
            341.365979, 734.850515, 345.324742, 733.530928, 
            347.963918, 732.211340, 349.283505, 732.211340, 
            351.922680, 730.891753, 354.561856, 730.891753, 
            357.201031, 730.891753, 358.520619, 730.891753, 
            361.159794, 730.891753, 362.479381, 732.211340, 
            365.118557, 734.850515, 367.757732, 745.407216, 
            374.355670, 749.365979, 376.994845, 750.685567, 
            378.314433, 754.644330, 383.592784, 762.561856, 
            390.190722, 767.840206, 394.149485, 769.159794, 
            395.469072, 769.159794, 396.788660, 770.479381, 
            396.788660, 775.757732, 402.067010, 777.077320, 
            404.706186, 781.036082, 406.025773, 781.036082, 
            407.345361, 784.994845, 408.664948, 787.634021, 
            408.664948, 788.953608, 408.664948, 791.592784, 
            409.984536, 794.231959, 409.984536, 795.551546, 
            407.345361, 796.871134, 406.025773, 798.190722, 
            402.067010, 799.510309, 400.747423, 800.829897, 
            399.427835, 802.149485, 399.427835, 803.469072, 
            399.427835, 804.788660, 399.427835, 806.108247, 
            399.427835, 808.747423, 400.747423, 811.386598, 
            402.067010, 812.706186, 404.706186, 815.345361, 
            407.345361, 815.345361, 408.664948, 816.664948, 
            411.304124, 817.984536, 413.943299, 819.304124, 
            413.943299, 821.943299, 413.943299, 828.541237, 
            412.623711, 832.500000, 409.984536, 833.819588, 
            408.664948, 836.458763, 407.345361, 837.778351, 
            407.345361, 843.056701, 404.706186, 847.015464, 
            402.067010, 849.654639, 398.108247, 850.974227, 
            395.469072, 852.293814, 392.829897, 853.613402, 
            390.190722, 858.891753, 383.592784, 858.891753, 
            380.953608, 861.530928, 378.314433, 862.850515, 
            375.675258, 864.170103, 370.396907, 865.489691, 
            367.757732, 868.128866, 358.520619, 870.768041, 
            355.881443, 870.768041, 353.242268, 873.407216, 
            350.603093, 873.407216, 347.963918, 873.407216, 
            346.644330, 874.726804, 345.324742, 874.726804, 
            342.685567, 874.726804, 341.365979, 874.726804, 
            340.046392, 874.726804, 334.768041, 873.407216, 
            332.128866, 872.087629, 329.489691, 870.768041, 
            328.170103, 868.128866, 325.530928, 858.891753, 
            320.252577, 857.572165, 318.932990, 852.293814, 
            313.654639, 849.654639, 312.335052, 847.015464, 
            309.695876, 841.737113, 307.056701, 841.737113, 
            305.737113, 839.097938, 304.417526, 836.458763, 
            303.097938, 833.819588, 300.458763, 832.500000, 
            299.139175, 831.180412, 299.139175, 827.221649, 
            299.139175, 820.623711, 297.819588, 810.067010, 
            297.819588, 804.788660, 297.819588, 798.190722, 
            297.819588, 794.231959, 297.819588, 790.273196, 
            297.819588, 787.634021, 299.139175, 786.314433, 
            299.139175, 782.355670, 300.458763, 781.036082, 
            300.458763, 779.716495, 300.458763, 778.396907, 
            300.458763, 778.396907, 301.778351, 775.757732, 
            301.778351, -1.000000, -1.000000, 472.252577, 
            296.500000, 474.891753, 301.778351, 476.211340, 
            304.417526, 476.211340, 307.056701, 478.850515, 
            317.613402, 482.809278, 324.211340, 482.809278, 
            325.530928, 489.407216, 334.768041, 493.365979, 
            338.726804, 496.005155, 341.365979, 498.644330, 
            344.005155, 502.603093, 346.644330, 502.603093, 
            347.963918, 503.922680, 347.963918, 509.201031, 
            351.922680, 513.159794, 354.561856, 514.479381, 
            355.881443, 515.798969, 355.881443, 517.118557, 
            357.201031, 523.716495, 354.561856, 526.355670, 
            353.242268, 528.994845, 350.603093, 530.314433, 
            350.603093, 531.634021, 349.283505, 532.953608, 
            349.283505, 536.912371, 350.603093, 539.551546, 
            354.561856, 540.871134, 357.201031, 542.190722, 
            359.840206, 544.829897, 363.798969, 544.829897, 
            365.118557, 546.149485, 366.438144, 547.469072, 
            366.438144, 547.469072, 367.757732, 554.067010, 
            367.757732, 558.025773, 367.757732, 560.664948, 
            367.757732, 561.984536, 366.438144, 563.304124, 
            366.438144, 568.582474, 362.479381, 569.902062, 
            358.520619, 572.541237, 357.201031, 575.180412, 
            357.201031, 576.500000, 357.201031, 577.819588, 
            357.201031, 579.139175, 357.201031, 580.458763, 
            358.520619, 581.778351, 359.840206, 583.097938, 
            361.159794, 584.417526, 362.479381, 585.737113, 
            362.479381, 587.056701, 362.479381, 591.015464, 
            358.520619, 594.974227, 354.561856, 597.613402, 
            353.242268, 601.572165, 350.603093, 606.850515, 
            346.644330, 608.170103, 346.644330, 610.809278, 
            345.324742, 612.128866, 345.324742, 613.448454, 
            344.005155, 614.768041, 344.005155, 616.087629, 
            344.005155, 624.005155, 344.005155, 625.324742, 
            344.005155, 626.644330, 344.005155, 629.283505, 
            342.685567, 631.922680, 342.685567, 634.561856, 
            342.685567, 634.561856, 341.365979, 635.881443, 
            341.365979, 637.201031, 340.046392, 639.840206, 
            337.407216, 639.840206, 336.087629, 639.840206, 
            330.809278, 639.840206, 326.850515, 638.520619, 
            321.572165, 635.881443, 317.613402, 633.242268, 
            314.974227, 631.922680, 313.654639, 621.365979, 
            307.056701, 617.407216, 304.417526, 612.128866, 
            300.458763, 602.891753, 296.500000, 596.293814, 
            292.541237, 592.335052, 291.221649, 588.376289, 
            288.582474, 576.500000, 283.304124, 571.221649, 
            279.345361, 568.582474, 278.025773, 567.262887, 
            278.025773, 565.943299, 276.706186, 561.984536, 
            274.067010, 560.664948, 274.067010, 556.706186, 
            270.108247, 552.747423, 268.788660, 550.108247, 
            267.469072, 544.829897, 263.510309, 542.190722, 
            263.510309, 539.551546, 262.190722, 536.912371, 
            259.551546, 532.953608, 259.551546, 528.994845, 
            259.551546, 525.036082, 259.551546, 522.396907, 
            259.551546, 519.757732, 259.551546, 518.438144, 
            259.551546, 505.242268, 264.829897, 499.963918, 
            266.149485, 498.644330, 267.469072]
