%YAML:1.0
    mask: !!opencv-matrix
        rows: 1202
        cols: 2
        dt: f
        data: [ 63.425659, 710.428058, 63.425659, 
            709.404876, 64.448841, 708.381695, 65.472022, 
            707.358513, 68.541567, 704.288969, 72.634293, 
            699.173062, 77.750200, 694.057154, 79.796563, 
            690.987610, 80.819744, 689.964428, 82.866107, 
            687.918066, 83.889289, 687.918066, 85.935651, 
            684.848521, 86.958833, 683.825340, 89.005196, 
            681.778977, 91.051559, 680.755795, 94.121103, 
            678.709432, 97.190647, 676.663070, 97.190647, 
            675.639888, 100.260192, 673.593525, 102.306555, 
            672.570344, 107.422462, 670.523981, 110.492006, 
            668.477618, 112.538369, 667.454436, 116.631095, 
            666.431255, 122.770184, 663.361711, 123.793365, 
            663.361711, 126.862910, 661.315348, 128.909273, 
            660.292166, 133.001998, 659.268985, 136.071543, 
            658.245803, 140.164269, 656.199440, 141.187450, 
            656.199440, 143.233813, 655.176259, 145.280176, 
            655.176259, 148.349720, 654.153078, 151.419265, 
            654.153078, 153.465627, 653.129896, 156.535172, 
            653.129896, 160.627898, 653.129896, 161.651079, 
            653.129896, 164.720624, 653.129896, 167.790168, 
            653.129896, 170.859712, 653.129896, 173.929257, 
            653.129896, 178.021982, 653.129896, 182.114708, 
            652.106715, 184.161071, 651.083533, 187.230616, 
            651.083533, 190.300160, 650.060352, 193.369704, 
            649.037170, 197.462430, 648.013989, 200.531974, 
            648.013989, 203.601519, 646.990807, 205.647882, 
            645.967626, 208.717426, 645.967626, 211.786970, 
            644.944444, 214.856515, 644.944444, 217.926059, 
            644.944444, 218.949241, 644.944444, 220.995604, 
            644.944444, 224.065148, 644.944444, 227.134692, 
            644.944444, 230.204237, 644.944444, 236.343325, 
            644.944444, 237.366507, 644.944444, 241.459233, 
            644.944444, 243.505596, 644.944444, 247.598321, 
            644.944444, 250.667866, 644.944444, 255.783773, 
            644.944444, 259.876499, 644.944444, 260.899680, 
            644.944444, 261.922862, 644.944444, 262.946043, 
            645.967626, 266.015588, 646.990807, 270.108313, 
            649.037170, 273.177858, 650.060352, 276.247402, 
            652.106715, 277.270584, 652.106715, 281.363309, 
            656.199440, 285.456035, 658.245803, 290.571942, 
            660.292166, 292.618305, 662.338529, 295.687850, 
            664.384892, 296.711031, 664.384892, 297.734213, 
            665.408074, 299.780576, 666.431255, 300.803757, 
            667.454436, 301.826938, 667.454436, 302.850120, 
            668.477618, 303.873301, 670.523981, 305.919664, 
            670.523981, 306.942846, 670.523981, 306.942846, 
            671.547162, 308.989209, 671.547162, 310.012390, 
            671.547162, 313.081934, 671.547162, 316.151479, 
            671.547162, 319.221023, 672.570344, 322.290568, 
            674.616707, 324.336930, 675.639888, 325.360112, 
            676.663070, 326.383293, 678.709432, 327.406475, 
            679.732614, 327.406475, 681.778977, 327.406475, 
            683.825340, 327.406475, 685.871703, 326.383293, 
            687.918066, 326.383293, 688.941247, 326.383293, 
            689.964428, 325.360112, 692.010791, 324.336930, 
            693.033973, 324.336930, 695.080336, 324.336930, 
            696.103517, 322.290568, 697.126699, 322.290568, 
            699.173062, 322.290568, 700.196243, 322.290568, 
            701.219424, 322.290568, 704.288969, 321.267386, 
            706.335332, 320.244205, 708.381695, 319.221023, 
            709.404876, 319.221023, 710.428058, 318.197842, 
            711.451239, 317.174660, 712.474420, 316.151479, 
            713.497602, 316.151479, 714.520783, 315.128297, 
            714.520783, 314.105116, 715.543965, -1.000000, 
            -1.000000, 976.103517, 680.755795, 975.080336, 
            677.686251, 970.987610, 673.593525, 967.918066, 
            670.523981, 962.802158, 665.408074, 956.663070, 
            660.292166, 951.547162, 658.245803, 949.500799, 
            656.199440, 944.384892, 654.153078, 939.268985, 
            651.083533, 935.176259, 649.037170, 930.060352, 
            645.967626, 929.037170, 643.921263, 924.944444, 
            640.851719, 920.851719, 636.758993, 917.782174, 
            633.689448, 915.735811, 630.619904, 911.643086, 
            626.527178, 907.550360, 621.411271, 903.457634, 
            618.341727, 900.388090, 613.225819, 897.318545, 
            612.202638, 895.272182, 609.133094, 892.202638, 
            605.040368, 889.133094, 604.017186, 886.063549, 
            600.947642, 882.994005, 596.854916, 879.924460, 
            593.785372, 876.854916, 588.669464, 873.785372, 
            584.576739, 870.715827, 581.507194, 868.669464, 
            578.437650, 865.599920, 574.344924, 862.530376, 
            569.229017, 859.460831, 565.136291, 857.414468, 
            562.066747, 856.391287, 560.020384, 854.344924, 
            556.950839, 850.252198, 553.881295, 847.182654, 
            547.742206, 845.136291, 544.672662, 842.066747, 
            542.626299, 840.020384, 539.556755, 836.950839, 
            535.464029, 833.881295, 533.417666, 830.811751, 
            530.348122, 827.742206, 527.278577, 824.672662, 
            524.209033, 820.579936, 519.093125, 812.394484, 
            512.954037, 805.232214, 508.861311, 801.139488, 
            506.814948, 798.069944, 503.745404, 791.930855, 
            498.629496, 784.768585, 493.513589, 777.606315, 
            487.374500, 773.513589, 485.328137, 770.444045, 
            482.258593, 767.374500, 480.212230, 764.304956, 
            478.165867, 763.281775, 477.142686, 761.235412, 
            475.096323, 759.189049, 473.049960, 758.165867, 
            471.003597, 758.165867, 468.957234, 758.165867, 
            467.934053, 758.165867, 465.887690, 758.165867, 
            464.864508, 758.165867, 463.841327, 759.189049, 
            462.818145, 761.235412, 461.794964, 761.235412, 
            460.771783, 763.281775, 460.771783, 763.281775, 
            459.748601, 765.328137, 459.748601, 767.374500, 
            457.702238, 769.420863, 457.702238, 770.444045, 
            457.702238, 772.490408, 457.702238, 774.536771, 
            456.679057, 775.559952, 456.679057, 777.606315, 
            456.679057, 779.652678, 456.679057, 780.675859, 
            456.679057, 781.699041, 456.679057, 782.722222, 
            457.702238, 783.745404, 457.702238, 786.814948, 
            457.702238, 789.884492, 460.771783, 792.954037, 
            462.818145, 793.977218, 463.841327, 796.023581, 
            465.887690, 799.093125, 467.934053, 803.185851, 
            469.980416, 805.232214, 471.003597, 807.278577, 
            473.049960, 811.371303, 475.096323, 813.417666, 
            477.142686, 814.440847, 477.142686, 817.510392, 
            480.212230, 821.603118, 483.281775, 825.695843, 
            485.328137, 829.788569, 488.397682, 832.858114, 
            490.444045, 838.997202, 494.536771, 841.043565, 
            496.583133, 844.113110, 498.629496, 846.159472, 
            499.652678, 847.182654, 499.652678, 849.229017, 
            500.675859, 850.252198, 500.675859, 851.275380, 
            500.675859, 852.298561, 500.675859, 856.391287, 
            500.675859, 858.437650, 500.675859, 860.484013, 
            499.652678, 862.530376, 498.629496, 863.553557, 
            498.629496, 865.599920, 498.629496, 865.599920, 
            497.606315, 866.623102, 497.606315, 867.646283, 
            495.559952, 867.646283, 494.536771, 868.669464, 
            491.467226, 869.692646, 487.374500, 871.739009, 
            483.281775, 871.739009, 480.212230, 871.739009, 
            478.165867, 872.762190, 475.096323, 872.762190, 
