%YAML:1.0
    mask: !!opencv-matrix
        rows: 243
        cols: 2
        dt: f
        data: [ 14.355670, 717.448454, 14.355670, 
            716.128866, 16.994845, 710.850515, 16.994845, 
            709.530928, 23.592784, 704.252577, 30.190722, 
            697.654639, 34.149485, 695.015464, 36.788660, 
            695.015464, 39.427835, 695.015464, 42.067010, 
            700.293814, 46.025773, 704.252577, 46.025773, 
            704.252577, 48.664948, 709.530928, 49.984536, 
            712.170103, 51.304124, 712.170103, 51.304124, 
            712.170103, 57.902062, 705.572165, 64.500000, 
            698.974227, 65.819588, 697.654639, 73.737113, 
            689.737113, 81.654639, 679.180412, 82.974227, 
            677.860825, 89.572165, 671.262887, 133.118557, 
            639.592784, 144.994845, 630.355670, 147.634021, 
            626.396907, 148.953608, 626.396907, 150.273196, 
            626.396907, 151.592784, 627.716495, 156.871134, 
            632.994845, 158.190722, 634.314433, 164.788660, 
            642.231959, 167.427835, 646.190722, 170.067010, 
            647.510309, 179.304124, 644.871134, 197.778351, 
            632.994845, 199.097938, 631.675258, 209.654639, 
            625.077320, 212.293814, 622.438144, 214.932990, 
            622.438144, 220.211340, 621.118557, 222.850515, 
            622.438144, 225.489691, 648.829897, 216.252577, 
            665.984536, 207.015464, 683.139175, 205.695876, 
            688.417526, 204.376289, 691.056701, 204.376289, 
            689.737113, 205.695876, 688.417526, 222.850515, 
            677.860825, 236.046392, 663.345361, 237.365979, 
            662.025773, 254.520619, 654.108247, 255.840206, 
            654.108247, 258.479381, 654.108247, 259.798969, 
            656.747423, 259.798969, 668.623711, 259.798969, 
            683.139175, 257.159794, 693.695876, 251.881443, 
            700.293814, 247.922680, 705.572165, 243.963918, 
            708.211340, 240.005155, 712.170103, 240.005155, 
            713.489691, 238.685567, 713.489691, 238.685567, 
            714.809278, 237.365979, 716.128866, 237.365979, 
            716.128866, 236.046392, 717.448454, -1.000000, 
            -1.000000, 642.479381, 280.664948, 641.159794, 
            280.664948, 639.840206, 280.664948, 617.407216, 
            280.664948, 596.293814, 283.304124, 593.654639, 
            283.304124, 573.860825, 285.943299, 558.025773, 
            289.902062, 548.788660, 289.902062, 544.829897, 
            289.902062, 519.757732, 289.902062, 509.201031, 
            288.582474, 507.881443, 288.582474, 499.963918, 
            288.582474, 488.087629, 291.221649, 476.211340, 
            301.778351, 476.211340, 309.695876, 476.211340, 
            312.335052, 476.211340, 312.335052, 476.211340, 
            316.293814, 478.850515, 320.252577, 493.365979, 
            329.489691, 503.922680, 330.809278, 506.561856, 
            332.128866, 517.118557, 333.448454, 538.231959, 
            337.407216, 539.551546, 338.726804, 556.706186, 
            338.726804, 568.582474, 341.365979, 605.530928, 
            351.922680, 610.809278, 353.242268, 612.128866, 
            353.242268, 633.242268, 361.159794, 656.994845, 
            371.716495, 659.634021, 373.036082, 684.706186, 
            387.551546, 697.902062, 394.149485, 720.335052, 
            404.706186, 725.613402, 407.345361, 748.046392, 
            416.582474, 758.603093, 421.860825, 761.242268, 
            423.180412, 761.242268, 423.180412, 762.561856, 
            423.180412, 765.201031, 420.541237, 767.840206, 
            419.221649, 788.953608, 394.149485, 802.149485, 
            379.634021, 802.149485, 378.314433, 802.149485, 
            374.355670, 817.984536, 332.128866, 821.943299, 
            322.891753, 827.221649, 308.376289, 825.902062, 
            308.376289, 823.262887, 307.056701, 810.067010, 
            292.541237, 799.510309, 280.664948, 787.634021, 
            272.747423, 781.036082, 266.149485, 779.716495, 
            266.149485, 773.118557, 260.871134, 754.644330, 
            242.396907, 742.768041, 233.159794, 736.170103, 
            229.201031, 726.932990, 222.603093, 713.737113, 
            210.726804, 712.417526, 209.407216, 711.097938, 
            208.087629, 705.819588, 206.768041, 699.221649, 
            202.809278, 683.386598, 190.932990, 680.747423, 
            188.293814, 672.829897, 181.695876, 663.592784, 
            176.417526, 660.953608, 176.417526, 659.634021, 
            176.417526, 658.314433, 176.417526, 653.036082, 
            175.097938, 650.396907, 172.458763, 643.798969, 
            169.819588, 641.159794, 168.500000, 626.644330, 
            167.180412, 608.170103, 168.500000, 594.974227, 
            168.500000, 583.097938, 169.819588, 572.541237, 
            173.778351, 561.984536, 180.376289, 552.747423, 
            185.654639, 552.747423, 190.932990, 555.386598, 
            196.211340, 555.386598, 196.211340, 559.345361, 
            197.530928, 560.664948, 202.809278, 567.262887, 
            206.768041, 575.180412, 209.407216, 581.778351, 
            209.407216, 602.891753, 209.407216, 610.809278, 
            210.726804, 621.365979, 214.685567, 643.798969, 
            225.242268, 647.757732, 230.520619, 643.798969, 
            233.159794, 641.159794, 234.479381, 633.242268, 
            234.479381, 624.005155, 227.881443, 609.489691, 
            221.283505, 606.850515, 221.283505, 606.850515, 
            221.283505, 612.128866, 230.520619, 614.768041, 
            233.159794, 645.118557, 243.716495, 645.118557, 
            245.036082, 647.757732, 248.994845, 649.077320, 
            258.231959, 645.118557, 271.427835, 643.798969, 
            275.386598, -1.000000, -1.000000, 732.211340, 
            147.386598, 730.891753, 147.386598, 715.056701, 
            159.262887, 712.417526, 161.902062, 704.500000, 
            172.458763, 697.902062, 177.737113, 695.262887, 
            180.376289, 695.262887, 183.015464, 695.262887, 
            184.335052, 696.582474, 185.654639, 703.180412, 
            188.293814, 724.293814, 197.530928, 730.891753, 
            204.128866, 736.170103, 209.407216, 740.128866, 
            214.685567, 748.046392, 222.603093, 759.922680, 
            234.479381, 761.242268, 235.798969, 765.201031, 
            241.077320, 766.520619, 242.396907, 767.840206, 
            243.716495, 773.118557, 246.355670, 777.077320, 
            254.273196, 778.396907, 254.273196, 778.396907, 
            256.912371, 778.396907, 255.592784, 779.716495, 
            254.273196, 782.355670, 251.634021, 787.634021, 
            251.634021, 791.592784, 256.912371, 792.912371, 
            264.829897, 795.551546, 270.108247, 796.871134, 
            272.747423, 799.510309, 275.386598, 803.469072, 
            289.902062, 804.788660, 291.221649, 806.108247, 
            291.221649, 812.706186, 270.108247, 812.706186, 
            268.788660, 812.706186, 259.551546, 807.427835, 
            225.242268, 807.427835, 222.603093, 804.788660, 
            213.365979, 799.510309, 193.572165, 798.190722, 
            186.974227, 798.190722, 184.335052, 796.871134, 
            180.376289, 794.231959, 173.778351, 779.716495, 
            160.582474, 774.438144, 153.984536, 773.118557, 
            153.984536, 757.283505, 147.386598, 757.283505, 
            147.386598, 748.046392, 142.108247, 746.726804, 
            142.108247, -1.000000, -1.000000]
