%YAML:1.0
    mask: !!opencv-matrix
        rows: 681
        cols: 2
        dt: f
        data: [ 457.737113, 714.809278, 463.015464, 
            708.211340, 470.932990, 702.932990, 478.850515, 
            701.613402, 484.128866, 700.293814, 485.448454, 
            700.293814, 488.087629, 698.974227, 489.407216, 
            698.974227, 490.726804, 698.974227, 492.046392, 
            698.974227, 497.324742, 700.293814, 499.963918, 
            700.293814, 509.201031, 701.613402, 515.798969, 
            704.252577, 530.314433, 705.572165, 534.273196, 
            705.572165, 540.871134, 706.891753, 542.190722, 
            706.891753, 550.108247, 708.211340, 552.747423, 
            708.211340, 555.386598, 708.211340, 559.345361, 
            709.530928, 561.984536, 709.530928, 565.943299, 
            709.530928, 568.582474, 709.530928, 571.221649, 
            709.530928, 573.860825, 708.211340, 575.180412, 
            708.211340, 576.500000, 708.211340, 576.500000, 
            706.891753, 577.819588, 706.891753, 577.819588, 
            705.572165, 577.819588, 702.932990, 572.541237, 
            698.974227, 569.902062, 697.654639, 567.262887, 
            696.335052, 564.623711, 693.695876, 560.664948, 
            691.056701, 555.386598, 689.737113, 552.747423, 
            688.417526, 546.149485, 684.458763, 543.510309, 
            684.458763, 539.551546, 681.819588, 536.912371, 
            679.180412, 535.592784, 677.860825, 534.273196, 
            676.541237, 532.953608, 673.902062, 532.953608, 
            672.582474, 532.953608, 669.943299, 534.273196, 
            669.943299, 538.231959, 668.623711, 544.829897, 
            667.304124, 551.427835, 665.984536, 558.025773, 
            664.664948, 561.984536, 663.345361, 567.262887, 
            662.025773, 573.860825, 659.386598, 575.180412, 
            658.067010, 577.819588, 654.108247, 579.139175, 
            651.469072, 579.139175, 647.510309, 579.139175, 
            644.871134, 579.139175, 642.231959, 579.139175, 
            639.592784, 580.458763, 638.273196, 580.458763, 
            636.953608, 580.458763, 634.314433, 580.458763, 
            631.675258, 580.458763, 629.036082, 579.139175, 
            627.716495, 573.860825, 625.077320, 572.541237, 
            623.757732, 568.582474, 622.438144, 559.345361, 
            618.479381, 554.067010, 617.159794, 547.469072, 
            615.840206, 546.149485, 615.840206, 544.829897, 
            614.520619, 542.190722, 610.561856, 540.871134, 
            609.242268, 539.551546, 607.922680, 536.912371, 
            605.283505, 534.273196, 600.005155, 532.953608, 
            598.685567, 532.953608, 597.365979, 531.634021, 
            593.407216, 531.634021, 590.768041, 531.634021, 
            589.448454, 530.314433, 582.850515, 530.314433, 
            580.211340, 530.314433, 577.572165, 528.994845, 
            574.932990, 528.994845, 572.293814, 527.675258, 
            570.974227, 527.675258, 568.335052, 526.355670, 
            567.015464, 526.355670, 565.695876, 521.077320, 
            561.737113, 511.840206, 556.458763, 510.520619, 
            556.458763, 509.201031, 556.458763, 507.881443, 
            556.458763, 505.242268, 556.458763, 503.922680, 
            555.139175, 502.603093, 553.819588, 502.603093, 
            552.500000, 502.603093, 548.541237, 505.242268, 
            545.902062, 509.201031, 541.943299, 510.520619, 
            540.623711, 513.159794, 539.304124, 515.798969, 
            539.304124, 517.118557, 539.304124, 519.757732, 
            539.304124, 523.716495, 540.623711, 530.314433, 
            543.262887, 532.953608, 545.902062, 538.231959, 
            548.541237, 539.551546, 549.860825, 542.190722, 
            549.860825, 543.510309, 549.860825, 550.108247, 
            552.500000, 554.067010, 553.819588, 556.706186, 
            553.819588, 559.345361, 553.819588, 560.664948, 
            553.819588, 561.984536, 553.819588, 563.304124, 
            553.819588, 564.623711, 553.819588, 564.623711, 
            552.500000, 564.623711, 551.180412, 564.623711, 
            549.860825, 564.623711, 543.262887, 564.623711, 
            539.304124, 561.984536, 536.664948, 558.025773, 
            532.706186, 554.067010, 530.067010, 550.108247, 
            526.108247, 546.149485, 523.469072, 543.510309, 
            520.829897, 542.190722, 520.829897, 540.871134, 
            518.190722, 538.231959, 518.190722, 535.592784, 
            515.551546, 532.953608, 514.231959, 530.314433, 
            514.231959, 527.675258, 511.592784, 526.355670, 
            511.592784, 525.036082, 511.592784, 523.716495, 
            510.273196, 521.077320, 508.953608, 517.118557, 
            508.953608, 515.798969, 508.953608, 514.479381, 
            508.953608, 513.159794, 508.953608, 511.840206, 
            508.953608, 509.201031, 508.953608, 505.242268, 
            508.953608, 498.644330, 508.953608, 490.726804, 
            510.273196, 488.087629, 511.592784, 484.128866, 
            514.231959, 480.170103, 516.871134, 477.530928, 
            518.190722, 473.572165, 520.829897, 470.932990, 
            520.829897, 466.974227, 524.788660, 465.654639, 
            526.108247, 460.376289, 528.747423, 460.376289, 
            530.067010, 457.737113, 532.706186, 452.458763, 
            536.664948, 449.819588, 537.984536, 448.500000, 
            540.623711, 447.180412, 541.943299, 444.541237, 
            543.262887, 440.582474, 545.902062, 439.262887, 
            547.221649, 435.304124, 549.860825, 433.984536, 
            552.500000, 432.664948, 553.819588, 428.706186, 
            556.458763, 426.067010, 560.417526, 418.149485, 
            568.335052, 414.190722, 574.932990, 411.551546, 
            578.891753, 410.231959, 582.850515, 403.634021, 
            589.448454, 393.077320, 603.963918, 387.798969, 
            609.242268, 383.840206, 615.840206, 381.201031, 
            619.798969, 378.561856, 622.438144, 378.561856, 
            623.757732, 375.922680, 627.716495, 373.283505, 
            631.675258, 369.324742, 636.953608, 365.365979, 
            642.231959, 362.726804, 646.190722, 361.407216, 
            648.829897, 360.087629, 650.149485, 357.448454, 
            654.108247, 354.809278, 656.747423, 354.809278, 
            658.067010, 354.809278, 659.386598, 354.809278, 
            660.706186, 357.448454, 663.345361, 364.046392, 
            668.623711, 368.005155, 671.262887, 381.201031, 
            683.139175, 385.159794, 687.097938, 389.118557, 
            693.695876, 391.757732, 700.293814, 393.077320, 
            706.891753, 395.716495, 708.211340, 397.036082, 
            708.211340, 398.355670, 709.530928, 399.675258, 
            710.850515, 400.994845, 710.850515, 402.314433, 
            710.850515, 402.314433, 712.170103, 403.634021, 
            712.170103, -1.000000, -1.000000, 763.881443, 
            712.170103, 762.561856, 704.252577, 762.561856, 
            698.974227, 761.242268, 695.015464, 761.242268, 
            687.097938, 759.922680, 679.180412, 758.603093, 
            675.221649, 758.603093, 672.582474, 758.603093, 
            671.262887, 757.283505, 667.304124, 757.283505, 
            663.345361, 755.963918, 655.427835, 755.963918, 
            650.149485, 755.963918, 644.871134, 754.644330, 
            638.273196, 754.644330, 635.634021, 754.644330, 
            630.355670, 754.644330, 626.396907, 754.644330, 
            621.118557, 754.644330, 618.479381, 754.644330, 
            617.159794, 755.963918, 617.159794, 757.283505, 
            617.159794, 759.922680, 617.159794, 763.881443, 
            622.438144, 767.840206, 629.036082, 770.479381, 
            632.994845, 775.757732, 639.592784, 782.355670, 
            648.829897, 783.675258, 651.469072, 784.994845, 
            655.427835, 787.634021, 658.067010, 788.953608, 
            659.386598, 788.953608, 660.706186, 790.273196, 
