%YAML:1.0
    mask: !!opencv-matrix
        rows: 439
        cols: 2
        dt: f
        data: [ -1.000000, -1.000000, 703.180412, 
            714.809278, 697.902062, 713.489691, 684.706186, 
            704.252577, 672.829897, 697.654639, 667.551546, 
            695.015464, 659.634021, 689.737113, 655.675258, 
            687.097938, 651.716495, 684.458763, 650.396907, 
            683.139175, 647.757732, 681.819588, 646.438144, 
            680.500000, 645.118557, 679.180412, 641.159794, 
            676.541237, 639.840206, 675.221649, 637.201031, 
            672.582474, 635.881443, 672.582474, 627.963918, 
            668.623711, 614.768041, 662.025773, 601.572165, 
            655.427835, 594.974227, 651.469072, 591.015464, 
            648.829897, 587.056701, 646.190722, 585.737113, 
            646.190722, 585.737113, 644.871134, 585.737113, 
            643.551546, 588.376289, 639.592784, 594.974227, 
            636.953608, 596.293814, 635.634021, 596.293814, 
            634.314433, 596.293814, 632.994845, 597.613402, 
            630.355670, 598.932990, 630.355670, 600.252577, 
            629.036082, 601.572165, 627.716495, 604.211340, 
            627.716495, 608.170103, 625.077320, 612.128866, 
            623.757732, 613.448454, 622.438144, 618.726804, 
            621.118557, 626.644330, 619.798969, 638.520619, 
            618.479381, 643.798969, 618.479381, 647.757732, 
            618.479381, 653.036082, 618.479381, 654.355670, 
            618.479381, 662.273196, 618.479381, 666.231959, 
            618.479381, 671.510309, 618.479381, 672.829897, 
            618.479381, 674.149485, 618.479381, 675.469072, 
            617.159794, 676.788660, 617.159794, 682.067010, 
            617.159794, 686.025773, 619.798969, 687.345361, 
            619.798969, 688.664948, 619.798969, 692.623711, 
            619.798969, 696.582474, 619.798969, 696.582474, 
            618.479381, 696.582474, 615.840206, 688.664948, 
            602.644330, 683.386598, 597.365979, 683.386598, 
            594.726804, 676.788660, 588.128866, 668.871134, 
            578.891753, 667.551546, 576.252577, 664.912371, 
            572.293814, 663.592784, 572.293814, 659.634021, 
            567.015464, 658.314433, 565.695876, 654.355670, 
            560.417526, 653.036082, 559.097938, 650.396907, 
            557.778351, 649.077320, 556.458763, 647.757732, 
            556.458763, 645.118557, 556.458763, 638.520619, 
            560.417526, 629.283505, 565.695876, 626.644330, 
            568.335052, 621.365979, 570.974227, 618.726804, 
            573.613402, 613.448454, 578.891753, 612.128866, 
            580.211340, 609.489691, 584.170103, 606.850515, 
            586.809278, 600.252577, 588.128866, 596.293814, 
            590.768041, 593.654639, 594.726804, 587.056701, 
            596.046392, 585.737113, 596.046392, 584.417526, 
            597.365979, 583.097938, 597.365979, 577.819588, 
            596.046392, 575.180412, 594.726804, 569.902062, 
            593.407216, 561.984536, 592.087629, 555.386598, 
            592.087629, 548.788660, 592.087629, 546.149485, 
            592.087629, 544.829897, 590.768041, 544.829897, 
            589.448454, 544.829897, 588.128866, 544.829897, 
            585.489691, 544.829897, 584.170103, 544.829897, 
            578.891753, 550.108247, 567.015464, 552.747423, 
            559.097938, 559.345361, 551.180412, 563.304124, 
            543.262887, 571.221649, 530.067010, 573.860825, 
            520.829897, 580.458763, 502.355670, 580.458763, 
            499.716495, 584.417526, 497.077320, 589.695876, 
            491.798969, 591.015464, 490.479381, 596.293814, 
            489.159794, 601.572165, 487.840206, 609.489691, 
            485.201031, 617.407216, 482.561856, 627.963918, 
            478.603093, 637.201031, 472.005155, 646.438144, 
            470.685567, 649.077320, 470.685567, 656.994845, 
            466.726804, 664.912371, 464.087629, 675.469072, 
            458.809278, 684.706186, 457.489691, 693.943299, 
            456.170103, 699.221649, 453.530928, 707.139175, 
            450.891753, 719.015464, 446.932990, 729.572165, 
            446.932990, 740.128866, 446.932990, 744.087629, 
            446.932990, 745.407216, 445.613402, 745.407216, 
            444.293814, 750.685567, 439.015464, 758.603093, 
            435.056701, 762.561856, 433.737113, 765.201031, 
            432.417526, 765.201031, 431.097938, 767.840206, 
            431.097938, 769.159794, 431.097938, 775.757732, 
            431.097938, 779.716495, 431.097938, 796.871134, 
            436.376289, 804.788660, 439.015464, 811.386598, 
            442.974227, 814.025773, 442.974227, 816.664948, 
            442.974227, 821.943299, 442.974227, 837.778351, 
            441.654639, 844.376289, 441.654639, 847.015464, 
            441.654639, 848.335052, 441.654639, 853.613402, 
            439.015464, 856.252577, 437.695876, 866.809278, 
            437.695876, 876.046392, 437.695876, 886.603093, 
            445.613402, 889.242268, 445.613402, 890.561856, 
            445.613402, 890.561856, 449.572165, 899.798969, 
            461.448454, 911.675258, 479.922680, 920.912371, 
            490.479381, 923.551546, 493.118557, 931.469072, 
            503.675258, 935.427835, 507.634021, 938.067010, 
            511.592784, 944.664948, 520.829897, 945.984536, 
            523.469072, 952.582474, 532.706186, 963.139175, 
            540.623711, 988.211340, 561.737113, 1006.685567, 
            576.252577, 1027.798969, 593.407216, 1029.118557, 
            594.726804, 1030.438144, 596.046392, 1043.634021, 
            610.561856, 1059.469072, 629.036082, 1076.623711, 
            644.871134, 1079.262887, 650.149485, 1083.221649, 
            655.427835, 1088.500000, 660.706186, 1099.056701, 
            676.541237, 1130.726804, 704.252577, 1134.685567, 
            708.211340, 1146.561856, 717.448454, -1.000000, 
            -1.000000, 449.819588, 115.716495, 441.902062, 
            118.355670, 437.943299, 122.314433, 435.304124, 
            124.953608, 433.984536, 126.273196, 431.345361, 
            128.912371, 427.386598, 131.551546, 422.108247, 
            136.829897, 410.231959, 151.345361, 407.592784, 
            152.664948, 404.953608, 156.623711, 403.634021, 
            157.943299, 399.675258, 161.902062, 397.036082, 
            164.541237, 395.716495, 165.860825, 394.396907, 
            167.180412, 391.757732, 172.458763, 390.438144, 
            175.097938, 386.479381, 181.695876, 386.479381, 
            183.015464, 386.479381, 184.335052, 386.479381, 
            185.654639, 389.118557, 194.891753, 391.757732, 
            202.809278, 391.757732, 206.768041, 393.077320, 
            206.768041, 394.396907, 206.768041, 395.716495, 
            206.768041, 398.355670, 208.087629, 400.994845, 
            208.087629, 403.634021, 208.087629, 404.953608, 
            208.087629, 414.190722, 208.087629, 415.510309, 
            208.087629, 416.829897, 209.407216, 418.149485, 
            210.726804, 418.149485, 212.046392, 419.469072, 
            214.685567, 422.108247, 217.324742, 424.747423, 
            218.644330, 426.067010, 221.283505, 427.386598, 
            221.283505, 428.706186, 222.603093, 430.025773, 
            223.922680, 432.664948, 225.242268, 435.304124, 
            226.561856, 437.943299, 227.881443, 439.262887, 
            227.881443, 440.582474, 227.881443, 441.902062, 
            227.881443, 443.221649, 227.881443, 447.180412, 
            227.881443, 451.139175, 229.201031, 453.778351, 
            230.520619, 455.097938, 230.520619, 456.417526, 
            231.840206, 461.695876, 235.798969, 466.974227, 
            239.757732, 468.293814, 241.077320, 470.932990, 
            243.716495, 473.572165, 246.355670, 476.211340, 
            248.994845, 477.530928, 248.994845, 477.530928, 
            250.314433, 480.170103, 250.314433, 485.448454, 
