%YAML:1.0
    mask: !!opencv-matrix
        rows: 564
        cols: 2
        dt: f
        data: [ -1.000000, -1.000000, -1.000000, 
            -1.000000, 671.188322, 131.327533, 671.188322, 
            132.317479, 671.188322, 133.307425, 670.198376, 
            134.297370, 669.208430, 134.297370, 668.218484, 
            135.287316, 665.248647, 137.267208, 663.268755, 
            137.267208, 662.278809, 138.257154, 660.298917, 
            138.257154, 658.319026, 139.247100, 657.329080, 
            140.237046, 656.339134, 140.237046, 654.359242, 
            141.226991, 654.359242, 142.216937, 652.379350, 
            142.216937, 651.389404, 143.206883, 649.409513, 
            144.196829, 643.469838, 148.156613, 641.489946, 
            152.116396, 640.500000, 152.116396, 636.540217, 
            155.086234, 630.600541, 159.046017, 629.610596, 
            159.046017, 626.640758, 162.015855, 625.650812, 
            163.005800, 624.660866, 163.995746, 623.670920, 
            164.985692, 622.680974, 165.975638, 622.680974, 
            166.965584, 621.691029, 166.965584, 621.691029, 
            167.955530, 621.691029, 168.945476, 620.701083, 
            168.945476, 620.701083, 169.935422, 619.711137, 
            170.925367, 619.711137, 171.915313, 617.731245, 
            172.905259, 617.731245, 173.895205, 616.741299, 
            173.895205, 616.741299, 174.885151, 616.741299, 
            175.875097, 615.751353, 175.875097, 614.761408, 
            176.865043, 613.771462, 177.854988, 612.781516, 
            178.844934, 611.791570, 178.844934, 611.791570, 
            180.824826, 611.791570, 181.814772, 611.791570, 
            182.804718, 612.781516, 183.794664, 613.771462, 
            184.784609, 615.751353, 185.774555, 615.751353, 
            186.764501, 616.741299, 188.744393, 618.721191, 
            190.724285, 618.721191, 191.714230, 621.691029, 
            192.704176, 622.680974, 192.704176, 627.630704, 
            192.704176, 629.610596, 192.704176, 635.550271, 
            191.714230, 636.540217, 191.714230, 637.530162, 
            191.714230, 638.520108, 190.724285, 639.510054, 
            190.724285, 640.500000, 190.724285, 641.489946, 
            190.724285, 642.479892, 190.724285, 643.469838, 
            190.724285, 646.439675, 190.724285, 650.399459, 
            192.704176, 650.399459, 193.694122, 653.369296, 
            195.674014, 656.339134, 198.643852, 659.308971, 
            203.593581, 661.288863, 207.553364, 661.288863, 
            208.543310, 663.268755, 213.493039, 663.268755, 
            216.462877, 664.258701, 218.442769, 671.188322, 
            221.412606, 672.178268, 222.402552, 676.138051, 
            228.342227, 677.127997, 229.332173, 679.107889, 
            231.312065, 680.097834, 233.291957, 681.087780, 
            233.291957, 682.077726, 234.281903, 684.057618, 
            236.261794, 689.007347, 239.231632, 689.997293, 
            239.231632, 693.957077, 241.211524, 696.926914, 
            243.191415, 702.866589, 244.181361, 707.816319, 
            245.171307, 708.806265, 245.171307, 712.766048, 
            246.161253, 713.755994, 246.161253, 715.735886, 
            246.161253, 716.725831, 246.161253, 718.705723, 
            246.161253, 720.685615, 246.161253, 721.675561, 
            246.161253, 723.655452, 246.161253, 725.635344, 
            246.161253, 726.625290, 246.161253, 728.605182, 
            245.171307, 729.595128, 245.171307, 730.585073, 
            245.171307, 731.575019, 244.181361, 733.554911, 
            244.181361, 734.544857, 243.191415, 735.534803, 
            242.201469, 736.524749, 242.201469, 736.524749, 
            241.211524, 737.514695, 240.221578, 737.514695, 
            239.231632, 737.514695, 237.251740, 737.514695, 
            236.261794, 737.514695, 235.271848, 737.514695, 
            234.281903, 737.514695, 232.302011, 737.514695, 
            231.312065, 737.514695, 230.322119, 738.504640, 
            227.352282, 741.474478, 225.372390, 743.454370, 
            224.382444, 743.454370, 223.392498, 746.424207, 
            222.402552, 751.373937, 220.422660, 752.363882, 
            219.432715, 755.333720, 218.442769, 756.323666, 
            218.442769, 758.303558, 219.432715, 758.303558, 
            221.412606, 758.303558, 222.402552, 758.303558, 
            223.392498, 758.303558, 224.382444, 758.303558, 
            226.362336, 758.303558, 227.352282, 758.303558, 
            228.342227, 758.303558, 229.332173, 759.293503, 
            229.332173, 759.293503, 230.322119, 760.283449, 
            231.312065, 760.283449, 232.302011, 760.283449, 
            233.291957, 760.283449, 234.281903, 761.273395, 
            234.281903, 762.263341, 235.271848, 766.223125, 
            235.271848, 767.213070, 235.271848, 771.172854, 
            236.261794, 772.162800, 236.261794, 775.132637, 
            236.261794, 776.122583, 235.271848, 778.102475, 
            232.302011, 780.082367, 230.322119, 783.052204, 
            228.342227, 783.052204, 227.352282, 786.022042, 
            225.372390, 787.011988, 225.372390, 790.971771, 
            217.452823, 790.971771, 216.462877, 791.961717, 
            214.482985, 792.951663, 213.493039, 792.951663, 
            212.503094, 793.941609, 210.523202, 795.921500, 
            208.543310, 796.911446, 206.563418, 797.901392, 
            204.583527, 798.891338, 203.593581, 799.881284, 
            203.593581, 800.871230, 201.613689, 801.861176, 
            200.623743, 802.851121, 199.633797, 803.841067, 
            198.643852, 803.841067, 197.653906, 803.841067, 
            196.663960, 804.831013, 196.663960, 805.820959, 
            195.674014, 805.820959, 194.684068, 805.820959, 
            193.694122, 806.810905, 193.694122, 807.800851, 
            192.704176, 807.800851, 191.714230, 807.800851, 
            190.724285, 807.800851, 189.734339, 807.800851, 
            188.744393, 807.800851, 187.754447, 807.800851, 
            186.764501, 807.800851, 181.814772, 807.800851, 
            180.824826, 809.780742, 173.895205, 809.780742, 
            172.905259, 811.760634, 166.965584, 811.760634, 
            163.005800, 811.760634, 161.025909, 810.770688, 
            158.056071, 808.790797, 156.076179, 808.790797, 
            155.086234, 807.800851, 154.096288, 806.810905, 
            153.106342, 806.810905, 152.116396, 805.820959, 
            152.116396, 805.820959, 151.126450, 804.831013, 
            151.126450, 804.831013, 150.136504, 803.841067, 
            150.136504, 802.851121, 149.146558, 802.851121, 
            148.156613, 801.861176, 147.166667, 800.871230, 
            147.166667, 800.871230, 146.176721, 799.881284, 
            145.186775, 799.881284, 144.196829, 798.891338, 
            143.206883, 798.891338, 140.237046, 797.901392, 
            139.247100, 796.911446, 137.267208, 795.921500, 
            136.277262, 795.921500, 135.287316, 795.921500, 
            134.297370, 794.931555, 133.307425, 794.931555, 
            132.317479, 793.941609, 132.317479, 792.951663, 
            131.327533, 791.961717, 130.337587, 790.971771, 
            129.347641, 789.981825, 128.357695, 788.991879, 
            127.367749, 788.001933, 127.367749, 787.011988, 
            126.377804, 786.022042, 126.377804, 786.022042, 
            125.387858, 784.042150, 124.397912, 783.052204, 
            123.407966, 779.092421, 120.438128, 776.122583, 
            117.468291, 775.132637, 117.468291, 771.172854, 
            116.478345, 770.182908, 116.478345, 765.233179, 
            115.488399, 764.243233, 114.498453, 760.283449, 
            113.508507, 757.313612, 113.508507, 757.313612, 
            112.518561, 754.343774, 112.518561, 749.394045, 
            111.528616, 748.404099, 110.538670, 744.444316, 
            110.538670, 743.454370, 110.538670, 740.484532, 
            110.538670, 736.524749, 110.538670, 733.554911, 
