%YAML:1.0
    mask: !!opencv-matrix
        rows: 410
        cols: 2
        dt: f
        data: [ -1.000000, -1.000000, 724.293814, 
            625.077320, 717.695876, 625.077320, 705.819588, 
            625.077320, 689.984536, 625.077320, 679.427835, 
            625.077320, 670.190722, 625.077320, 659.634021, 
            623.757732, 649.077320, 621.118557, 641.159794, 
            619.798969, 631.922680, 615.840206, 630.603093, 
            615.840206, 627.963918, 614.520619, 618.726804, 
            607.922680, 613.448454, 603.963918, 606.850515, 
            600.005155, 596.293814, 596.046392, 592.335052, 
            593.407216, 592.335052, 592.087629, 588.376289, 
            584.170103, 579.139175, 568.335052, 569.902062, 
            559.097938, 563.304124, 552.500000, 563.304124, 
            551.180412, 560.664948, 551.180412, 556.706186, 
            551.180412, 554.067010, 549.860825, 548.788660, 
            548.541237, 546.149485, 545.902062, 542.190722, 
            544.582474, 542.190722, 543.262887, 539.551546, 
            541.943299, 539.551546, 540.623711, 538.231959, 
            537.984536, 538.231959, 532.706186, 536.912371, 
            532.706186, 536.912371, 530.067010, 531.634021, 
            522.149485, 526.355670, 510.273196, 521.077320, 
            498.396907, 519.757732, 495.757732, 519.757732, 
            494.438144, 519.757732, 491.798969, 518.438144, 
            485.201031, 518.438144, 481.242268, 517.118557, 
            465.407216, 518.438144, 465.407216, 519.757732, 
            465.407216, 519.757732, 462.768041, 521.077320, 
            450.891753, 526.355670, 433.737113, 526.355670, 
            431.097938, 530.314433, 423.180412, 530.314433, 
            421.860825, 530.314433, 419.221649, 530.314433, 
            416.582474, 531.634021, 415.262887, 531.634021, 
            412.623711, 531.634021, 408.664948, 538.231959, 
            403.386598, 539.551546, 403.386598, 539.551546, 
            404.706186, 539.551546, 406.025773, 540.871134, 
            406.025773, 546.149485, 398.108247, 551.427835, 
            392.829897, 559.345361, 384.912371, 563.304124, 
            379.634021, 565.943299, 376.994845, 568.582474, 
            373.036082, 571.221649, 371.716495, 572.541237, 
            366.438144, 577.819588, 363.798969, 584.417526, 
            361.159794, 587.056701, 359.840206, 591.015464, 
            357.201031, 593.654639, 357.201031, 612.128866, 
            355.881443, 620.046392, 355.881443, 658.314433, 
            355.881443, 663.592784, 355.881443, 663.592784, 
            354.561856, 667.551546, 347.963918, 674.149485, 
            342.685567, 680.747423, 338.726804, 684.706186, 
            336.087629, 687.345361, 334.768041, 688.664948, 
            334.768041, 689.984536, 334.768041, 693.943299, 
            333.448454, 699.221649, 332.128866, 701.860825, 
            332.128866, 705.819588, 330.809278, 707.139175, 
            330.809278, 708.458763, 330.809278, 722.974227, 
            329.489691, 728.252577, 329.489691, 733.530928, 
            330.809278, 734.850515, 333.448454, 741.448454, 
            337.407216, 762.561856, 355.881443, 767.840206, 
            361.159794, 769.159794, 361.159794, 774.438144, 
            366.438144, 779.716495, 371.716495, 788.953608, 
            380.953608, 792.912371, 383.592784, 794.231959, 
            384.912371, 795.551546, 387.551546, 803.469072, 
            395.469072, 808.747423, 398.108247, 814.025773, 
            402.067010, 815.345361, 403.386598, 819.304124, 
            406.025773, 828.541237, 411.304124, 840.417526, 
            420.541237, 850.974227, 429.778351, 861.530928, 
            435.056701, 869.448454, 440.335052, 873.407216, 
            444.293814, 883.963918, 452.211340, 890.561856, 
            458.809278, 891.881443, 461.448454, 895.840206, 
            464.087629, 897.159794, 465.407216, 899.798969, 
            468.046392, 906.396907, 473.324742, 906.396907, 
            474.644330, 906.396907, 475.963918, 907.716495, 
            475.963918, 907.716495, 477.283505, 907.716495, 
            478.603093, 907.716495, 479.922680, 907.716495, 
            481.242268, 905.077320, 487.840206, 898.479381, 
            494.438144, 889.242268, 501.036082, 873.407216, 
            510.273196, 864.170103, 519.510309, 850.974227, 
            527.427835, 828.541237, 532.706186, 814.025773, 
            545.902062, 807.427835, 549.860825, 798.190722, 
            549.860825, 796.871134, 544.582474, 795.551546, 
            544.582474, 779.716495, 544.582474, -1.000000, 
            -1.000000, 594.974227, 130.231959, 589.695876, 
            130.231959, 581.778351, 131.551546, 569.902062, 
            136.829897, 567.262887, 138.149485, 552.747423, 
            144.747423, 550.108247, 151.345361, 547.469072, 
            153.984536, 543.510309, 159.262887, 535.592784, 
            165.860825, 534.273196, 168.500000, 531.634021, 
            169.819588, 525.036082, 175.097938, 523.716495, 
            176.417526, 521.077320, 177.737113, 519.757732, 
            177.737113, 510.520619, 185.654639, 509.201031, 
            186.974227, 507.881443, 188.293814, 507.881443, 
            189.613402, 506.561856, 192.252577, 505.242268, 
            193.572165, 505.242268, 194.891753, 506.561856, 
            194.891753, 507.881443, 194.891753, 509.201031, 
            194.891753, 510.520619, 194.891753, 511.840206, 
            196.211340, 513.159794, 197.530928, 517.118557, 
            198.850515, 519.757732, 198.850515, 522.396907, 
            200.170103, 523.716495, 201.489691, 525.036082, 
            201.489691, 527.675258, 202.809278, 528.994845, 
            202.809278, 530.314433, 204.128866, 532.953608, 
            206.768041, 535.592784, 208.087629, 538.231959, 
            210.726804, 540.871134, 213.365979, 542.190722, 
            214.685567, 543.510309, 216.005155, 546.149485, 
            218.644330, 547.469072, 219.963918, 550.108247, 
            222.603093, 552.747423, 223.922680, 554.067010, 
            225.242268, 555.386598, 225.242268, 556.706186, 
            225.242268, 558.025773, 226.561856, 559.345361, 
            227.881443, 561.984536, 227.881443, 565.943299, 
            229.201031, 565.943299, 230.520619, 565.943299, 
            231.840206, 567.262887, 231.840206, 567.262887, 
            233.159794, 568.582474, 234.479381, 569.902062, 
            234.479381, 571.221649, 235.798969, 571.221649, 
            237.118557, 576.500000, 238.438144, 577.819588, 
            239.757732, 577.819588, 238.438144, 580.458763, 
            235.798969, 581.778351, 235.798969, 583.097938, 
            235.798969, 584.417526, 235.798969, 587.056701, 
            235.798969, 588.376289, 235.798969, 591.015464, 
            238.438144, 593.654639, 241.077320, 594.974227, 
            242.396907, 596.293814, 242.396907, 597.613402, 
            242.396907, 598.932990, 243.716495, 601.572165, 
            243.716495, 605.530928, 243.716495, 613.448454, 
            243.716495, 614.768041, 243.716495, 618.726804, 
            243.716495, 620.046392, 242.396907, 621.365979, 
            241.077320, 622.685567, 239.757732, 622.685567, 
            238.438144, 630.603093, 231.840206, 635.881443, 
            227.881443, 637.201031, 226.561856, 641.159794, 
            222.603093, 645.118557, 221.283505, 646.438144, 
            221.283505, 647.757732, 221.283505, 650.396907, 
            222.603093, 655.675258, 223.922680, 656.994845, 
            223.922680, 658.314433, 223.922680, 659.634021, 
            223.922680, 660.953608, 223.922680, 664.912371, 
            222.603093, 666.231959, 221.283505, 668.871134, 
            217.324742, 672.829897, 209.407216, 674.149485, 
            208.087629, 676.788660, 202.809278, 676.788660, 
            201.489691, 678.108247, 197.530928, 678.108247, 
            194.891753, 678.108247, 193.572165, 670.190722, 
