%YAML:1.0
    mask: !!opencv-matrix
        rows: 330
        cols: 2
        dt: f
        data: [ -1.000000, -1.000000, 707.006795, 
            714.520783, 708.029976, 714.520783, 709.053157, 
            713.497602, 710.076339, 712.474420, 712.122702, 
            710.428058, 715.192246, 708.381695, 716.215428, 
            706.335332, 717.238609, 706.335332, 720.308153, 
            705.312150, 726.447242, 702.242606, 731.563149, 
            701.219424, 733.609512, 700.196243, 735.655875, 
            700.196243, 736.679057, 700.196243, 738.725420, 
            699.173062, 742.818145, 699.173062, 748.957234, 
            700.196243, 754.073141, 700.196243, 755.096323, 
            700.196243, 758.165867, 700.196243, 760.212230, 
            700.196243, 763.281775, 700.196243, 766.351319, 
            700.196243, 769.420863, 700.196243, 773.513589, 
            700.196243, 775.559952, 700.196243, 777.606315, 
            700.196243, 780.675859, 701.219424, 782.722222, 
            701.219424, 783.745404, 701.219424, 784.768585, 
            701.219424, 785.791767, 702.242606, 789.884492, 
            704.288969, 793.977218, 706.335332, 795.000400, 
            706.335332, 799.093125, 707.358513, 801.139488, 
            709.404876, 803.185851, 709.404876, 804.209033, 
            710.428058, 807.278577, 711.451239, 810.348122, 
            712.474420, 812.394484, 714.520783, 813.417666, 
            714.520783, 815.464029, 716.567146, 818.533573, 
            718.613509, 819.556755, 718.613509, 820.579936, 
            718.613509, 821.603118, 718.613509, 824.672662, 
            719.636691, 825.695843, 719.636691, -1.000000, 
            -1.000000, 595.480016, 70.939648, 595.480016, 
            71.962830, 595.480016, 72.986011, 596.503197, 
            72.986011, 596.503197, 74.009193, 596.503197, 
            76.055556, 596.503197, 77.078737, 596.503197, 
            80.148281, 596.503197, 84.241007, 596.503197, 
            89.356914, 596.503197, 92.426459, 596.503197, 
            93.449640, 596.503197, 96.519185, 596.503197, 
            97.542366, 596.503197, 98.565548, 596.503197, 
            99.588729, 595.480016, 100.611910, 594.456835, 
            102.658273, 593.433653, 102.658273, 592.410472, 
            103.681455, 590.364109, 103.681455, 588.317746, 
            104.704636, 587.294564, 104.704636, 586.271383, 
            104.704636, 585.248201, 105.727818, 583.201839, 
            107.774181, 583.201839, 110.843725, 582.178657, 
            113.913269, 582.178657, 114.936451, 582.178657, 
            116.982814, 582.178657, 118.005995, 583.201839, 
            119.029177, 585.248201, 123.121902, 588.317746, 
            126.191447, 589.340927, 129.260991, 593.433653, 
            133.353717, 596.503197, 137.446443, 599.572742, 
            141.539169, 600.595923, 142.562350, 602.642286, 
            145.631894, 604.688649, 147.678257, 607.758193, 
            149.724620, 608.781375, 151.770983, 610.827738, 
            153.817346, 614.920464, 158.933253, 619.013189, 
            160.979616, 620.036371, 163.025979, 622.082734, 
            165.072342, 623.105915, 167.118705, 629.245004, 
            172.234612, 633.337730, 175.304157, 638.453637, 
            179.396882, 641.523181, 182.466427, 643.569544, 
            183.489608, 645.615907, 185.535971, 647.662270, 
            187.582334, 648.685452, 188.605516, 651.754996, 
            190.651878, 652.778177, 191.675060, 656.870903, 
            194.744604, 659.940448, 197.814149, 660.963629, 
            198.837330, 664.033173, 198.837330, 667.102718, 
            195.767786, 671.195444, 193.721423, 674.264988, 
            190.651878, 676.311351, 186.559153, 680.404077, 
            182.466427, 681.427258, 178.373701, 683.473621, 
            175.304157, 685.519984, 171.211431, 687.566347, 
            166.095524, 687.566347, 162.002798, 689.612710, 
            156.886890, 690.635891, 151.770983, 691.659073, 
            146.655076, 691.659073, 143.585532, 691.659073, 
            139.492806, 692.682254, 137.446443, 692.682254, 
            134.376898, 692.682254, 131.307354, 692.682254, 
            129.260991, 692.682254, 126.191447, 692.682254, 
            123.121902, 690.635891, 119.029177, 690.635891, 
            118.005995, 688.589528, 113.913269, 688.589528, 
            110.843725, 687.566347, 108.797362, 687.566347, 
            107.774181, 685.519984, 104.704636, 684.496803, 
            102.658273, 682.450440, 100.611910, 682.450440, 
            99.588729, 681.427258, 98.565548, 679.380895, 
            96.519185, 677.334532, 94.472822, 674.264988, 
            92.426459, 673.241807, 91.403277, 672.218625, 
            90.380096, 670.172262, 89.356914, 669.149081, 
            88.333733, 668.125899, 87.310552, 667.102718, 
            85.264189, 664.033173, 82.194644, 663.009992, 
            80.148281, 663.009992, 79.125100, 660.963629, 
            77.078737, 659.940448, 76.055556, 659.940448, 
            75.032374, 658.917266, 74.009193, 657.894085, 
            74.009193, 655.847722, 72.986011, 654.824540, 
            72.986011, 653.801359, 72.986011, 652.778177, 
            71.962830, 650.731815, 71.962830, 648.685452, 
            70.939648, 647.662270, 70.939648, 646.639089, 
            70.939648, 643.569544, 70.939648, 641.523181, 
            70.939648, 639.476819, 70.939648, 638.453637, 
            70.939648, 637.430456, 69.916467, 634.360911, 
            69.916467, 633.337730, 69.916467, 631.291367, 
            69.916467, 630.268185, 69.916467, 630.268185, 
            68.893285, 629.245004, 68.893285, 628.221823, 
            68.893285, -1.000000, -1.000000, 440.979616, 
            112.890088, 440.979616, 113.913269, 442.002798, 
            114.936451, 443.025979, 116.982814, 446.095524, 
            120.052358, 448.141886, 123.121902, 450.188249, 
            126.191447, 451.211431, 126.191447, 453.257794, 
            128.237810, 456.327338, 129.260991, 458.373701, 
            130.284173, 462.466427, 131.307354, 464.512790, 
            131.307354, 466.559153, 131.307354, 467.582334, 
            131.307354, 470.651878, 131.307354, 473.721423, 
            131.307354, 475.767786, 130.284173, 476.790967, 
            130.284173, 478.837330, 127.214628, 480.883693, 
            125.168265, 481.906875, 123.121902, 483.953237, 
            123.121902, 483.953237, 121.075540, 485.999600, 
            121.075540, 489.069145, 120.052358, 491.115508, 
            119.029177, 495.208233, 118.005995, 497.254596, 
            116.982814, 499.300959, 116.982814, 501.347322, 
            116.982814, 505.440048, 116.982814, 508.509592, 
            116.982814, 513.625500, 116.982814, 516.695044, 
            116.982814, 517.718225, 116.982814, 518.741407, 
            116.982814, 521.810951, 116.982814, 523.857314, 
            116.982814, 526.926859, 116.982814, 527.950040, 
            116.982814, 528.973221, 116.982814, 531.019584, 
            115.959632, 533.065947, 115.959632, 535.112310, 
            114.936451, 538.181855, 112.890088, 540.228217, 
            110.843725, 543.297762, 108.797362, 545.344125, 
            106.750999, 546.367306, 104.704636, 546.367306, 
            103.681455, 549.436851, 100.611910, 551.483213, 
            97.542366, 552.506395, 94.472822, 552.506395, 
            92.426459, 553.529576, 91.403277, 553.529576, 
            90.380096, 554.552758, 88.333733, 555.575939, 
            86.287370, 555.575939, 84.241007, 556.599121, 
            83.217826, 556.599121, 81.171463, 557.622302, 
            77.078737, 558.645484, 74.009193, 559.668665, 
            70.939648, 560.691847, 68.893285, 560.691847, 
            66.846922, 561.715028, 63.777378, 562.738209, 
            61.731015, 562.738209, 60.707834, 562.738209, 
            58.661471, 562.738209, 56.615108, 562.738209, 
            54.568745, 562.738209, 53.545564, 562.738209, 
            51.499201, 562.738209, 48.429656, 562.738209, 
