%YAML:1.0
    mask: !!opencv-matrix
        rows: 353
        cols: 2
        dt: f
        data: [ -1.000000, -1.000000, 688.589528, 
            716.567146, 689.612710, 715.543965, 693.705436, 
            711.451239, 694.728617, 710.428058, 701.890887, 
            703.265787, 703.937250, 701.219424, 705.983613, 
            699.173062, 711.099520, 694.057154, 714.169065, 
            692.010791, 716.215428, 690.987610, 716.215428, 
            689.964428, 720.308153, 686.894884, 723.377698, 
            683.825340, 724.400879, 682.802158, 725.424061, 
            682.802158, 726.447242, 681.778977, 727.470424, 
            680.755795, 728.493605, 680.755795, 729.516787, 
            679.732614, 730.539968, 679.732614, 732.586331, 
            678.709432, 733.609512, 678.709432, 735.655875, 
            677.686251, 736.679057, 677.686251, 740.771783, 
            676.663070, 743.841327, 676.663070, 745.887690, 
            675.639888, 747.934053, 675.639888, 748.957234, 
            675.639888, 749.980416, 675.639888, 753.049960, 
            675.639888, 755.096323, 675.639888, 757.142686, 
            675.639888, 760.212230, 675.639888, 764.304956, 
            674.616707, 766.351319, 674.616707, 768.397682, 
            674.616707, 771.467226, 675.639888, 773.513589, 
            675.639888, 775.559952, 675.639888, 777.606315, 
            675.639888, 778.629496, 675.639888, 781.699041, 
            676.663070, 784.768585, 676.663070, 787.838129, 
            677.686251, 792.954037, 678.709432, 796.023581, 
            679.732614, 798.069944, 679.732614, 800.116307, 
            680.755795, 802.162670, 681.778977, 804.209033, 
            682.802158, 806.255396, 682.802158, 806.255396, 
            683.825340, 808.301759, 684.848521, 809.324940, 
            684.848521, 809.324940, 685.871703, 812.394484, 
            687.918066, 815.464029, 688.941247, 816.487210, 
            688.941247, 818.533573, 689.964428, 821.603118, 
            693.033973, 824.672662, 695.080336, 825.695843, 
            696.103517, 827.742206, 697.126699, 830.811751, 
            700.196243, 831.834932, 701.219424, 833.881295, 
            703.265787, 835.927658, 705.312150, 837.974021, 
            706.335332, 838.997202, 707.358513, 840.020384, 
            709.404876, 840.020384, 711.451239, 840.020384, 
            712.474420, 841.043565, 712.474420, 841.043565, 
            713.497602, 841.043565, 714.520783, 842.066747, 
            715.543965, -1.000000, -1.000000, 752.026779, 
            342.082734, 751.003597, 342.082734, 747.934053, 
            341.059552, 743.841327, 339.013189, 738.725420, 
            335.943645, 735.655875, 333.897282, 734.632694, 
            333.897282, 733.609512, 333.897282, 731.563149, 
            332.874101, 730.539968, 332.874101, 728.493605, 
            331.850919, 728.493605, 330.827738, 727.470424, 
            330.827738, 725.424061, 329.804556, 723.377698, 
            329.804556, 722.354516, 329.804556, 721.331335, 
            329.804556, 720.308153, 329.804556, 719.284972, 
            329.804556, 718.261791, 329.804556, 717.238609, 
            329.804556, 716.215428, 329.804556, 714.169065, 
            329.804556, 713.145883, 329.804556, 712.122702, 
            329.804556, 710.076339, 329.804556, 709.053157, 
            329.804556, 708.029976, 329.804556, 707.006795, 
            330.827738, 705.983613, 331.850919, 704.960432, 
            332.874101, 703.937250, 333.897282, 702.914069, 
            335.943645, 702.914069, 336.966827, 702.914069, 
            337.990008, 702.914069, 340.036371, 702.914069, 
            343.105915, 703.937250, 345.152278, 703.937250, 
            346.175460, 704.960432, 349.245004, 707.006795, 
            352.314548, 708.029976, 353.337730, 710.076339, 
            356.407274, 711.099520, 360.500000, 712.122702, 
            363.569544, 712.122702, 364.592726, 713.145883, 
            366.639089, 713.145883, 370.731815, 713.145883, 
            373.801359, 713.145883, 375.847722, 710.076339, 
            379.940448, 707.006795, 383.009992, 704.960432, 
            384.033173, 703.937250, 386.079536, 701.890887, 
            386.079536, 701.890887, 387.102718, 699.844524, 
            388.125899, 698.821343, 389.149081, 696.774980, 
            390.172262, 695.751799, 390.172262, 695.751799, 
            391.195444, 694.728617, 393.241807, 694.728617, 
            395.288169, 693.705436, 397.334532, 693.705436, 
            399.380895, 693.705436, 402.450440, 693.705436, 
            404.496803, 693.705436, 405.519984, 693.705436, 
            408.589528, 693.705436, 410.635891, 693.705436, 
            411.659073, 693.705436, 417.798161, 693.705436, 
            419.844524, 693.705436, 420.867706, 694.728617, 
            421.890887, 695.751799, 423.937250, 697.798161, 
            424.960432, 699.844524, 425.983613, 703.937250, 
            427.006795, 705.983613, 427.006795, 712.122702, 
            428.029976, 714.169065, 428.029976, 715.192246, 
            429.053157, 716.215428, 429.053157, 719.284972, 
            430.076339, 722.354516, 430.076339, 724.400879, 
            431.099520, 725.424061, 431.099520, 729.516787, 
            432.122702, 730.539968, 432.122702, 732.586331, 
            432.122702, 734.632694, 433.145883, 735.655875, 
            433.145883, 737.702238, 433.145883, 740.771783, 
            433.145883, 741.794964, 433.145883, 744.864508, 
            433.145883, 747.934053, 433.145883, 748.957234, 
            433.145883, 751.003597, 432.122702, 753.049960, 
            430.076339, 755.096323, 428.029976, 756.119504, 
            427.006795, 760.212230, 423.937250, 760.212230, 
            422.914069, 762.258593, 420.867706, 764.304956, 
            417.798161, 764.304956, 415.751799, 766.351319, 
            413.705436, 768.397682, 411.659073, 769.420863, 
            409.612710, 770.444045, 408.589528, 771.467226, 
            406.543165, 772.490408, 404.496803, 772.490408, 
            403.473621, 774.536771, 400.404077, 775.559952, 
            397.334532, 775.559952, 396.311351, 776.583133, 
            393.241807, 776.583133, 391.195444, 777.606315, 
            389.149081, 777.606315, 386.079536, 777.606315, 
            383.009992, 777.606315, 381.986811, 778.629496, 
            377.894085, 778.629496, 375.847722, 778.629496, 
            374.824540, 778.629496, 372.778177, 778.629496, 
            371.754996, 776.583133, 368.685452, 775.559952, 
            365.615907, 775.559952, 364.592726, 774.536771, 
            364.592726, 773.513589, 362.546363, 773.513589, 
            360.500000, 771.467226, 358.453637, 769.420863, 
            357.430456, 768.397682, 356.407274, 768.397682, 
            354.360911, 768.397682, 353.337730, -1.000000, 
            -1.000000, 510.555955, 334.920464, 510.555955, 
            335.943645, 510.555955, 336.966827, 510.555955, 
            339.013189, 510.555955, 340.036371, 510.555955, 
            345.152278, 510.555955, 346.175460, 510.555955, 
            352.314548, 510.555955, 356.407274, 510.555955, 
            357.430456, 509.532774, 364.592726, 508.509592, 
            368.685452, 508.509592, 369.708633, 506.463229, 
            375.847722, 505.440048, 377.894085, 505.440048, 
            378.917266, 503.393685, 381.986811, 503.393685, 
            385.056355, 501.347322, 387.102718, 500.324141, 
            389.149081, 500.324141, 390.172262, 499.300959, 
            391.195444, 499.300959, 392.218625, 497.254596, 
            393.241807, 496.231415, 394.264988, 495.208233, 
            395.288169, 494.185052, 395.288169, 493.161871, 
            396.311351, 492.138689, 396.311351, 489.069145, 
            397.334532, 485.999600, 398.357714, 482.930056, 
            398.357714, 482.930056, 399.380895, 481.906875, 
            399.380895, 477.814149, 400.404077, 475.767786, 
            400.404077, 474.744604, 400.404077, 473.721423, 
            400.404077, 472.698241, 400.404077, 469.628697, 
