%YAML:1.0
    mask: !!opencv-matrix
        rows: 409
        cols: 2
        dt: f
        data: [ -1.000000, -1.000000, -1.000000, 
            -1.000000, 804.738411, 222.751656, 806.857616, 
            222.751656, 808.976821, 222.751656, 811.096026, 
            222.751656, 813.215232, 222.751656, 817.453642, 
            222.751656, 819.572848, 220.632450, 821.692053, 
            220.632450, 823.811258, 220.632450, 823.811258, 
            218.513245, 825.930464, 218.513245, 828.049669, 
            216.394040, 830.168874, 216.394040, 832.288079, 
            214.274834, 834.407285, 214.274834, 836.526490, 
            214.274834, 838.645695, 214.274834, 838.645695, 
            212.155629, 842.884106, 212.155629, 845.003311, 
            210.036424, 847.122517, 210.036424, 851.360927, 
            210.036424, 853.480132, 210.036424, 855.599338, 
            210.036424, 857.718543, 210.036424, 859.837748, 
            210.036424, 864.076159, 210.036424, 866.195364, 
            210.036424, 868.314570, 210.036424, 870.433775, 
            210.036424, 872.552980, 210.036424, 874.672185, 
            212.155629, 874.672185, 214.274834, 874.672185, 
            216.394040, 876.791391, 218.513245, 876.791391, 
            220.632450, 878.910596, 224.870861, 878.910596, 
            226.990066, 878.910596, 231.228477, 878.910596, 
            233.347682, 878.910596, 235.466887, 878.910596, 
            237.586093, 876.791391, 239.705298, 876.791391, 
            241.824503, 876.791391, 243.943709, 876.791391, 
            246.062914, 876.791391, 248.182119, 876.791391, 
            250.301325, 876.791391, 254.539735, 876.791391, 
            256.658940, 876.791391, 258.778146, 876.791391, 
            263.016556, 876.791391, 265.135762, 876.791391, 
            267.254967, 876.791391, 269.374172, 876.791391, 
            271.493377, 876.791391, 273.612583, 876.791391, 
            275.731788, 876.791391, 277.850993, 876.791391, 
            279.970199, 876.791391, 282.089404, 878.910596, 
            284.208609, 878.910596, 286.327815, 878.910596, 
            288.447020, 878.910596, 290.566225, 876.791391, 
            292.685430, 876.791391, 294.804636, 874.672185, 
            299.043046, 872.552980, 299.043046, 872.552980, 
            301.162252, 870.433775, 301.162252, 870.433775, 
            303.281457, 868.314570, 307.519868, 866.195364, 
            309.639073, 864.076159, 309.639073, 864.076159, 
            311.758278, 861.956954, 313.877483, 859.837748, 
            315.996689, 857.718543, 318.115894, 855.599338, 
            320.235099, 855.599338, 322.354305, 853.480132, 
            324.473510, 853.480132, 328.711921, 851.360927, 
            328.711921, 849.241722, 330.831126, 849.241722, 
            332.950331, 847.122517, 332.950331, 847.122517, 
            335.069536, 845.003311, 337.188742, 842.884106, 
            339.307947, 840.764901, 339.307947, 838.645695, 
            339.307947, 836.526490, 339.307947, 836.526490, 
            341.427152, 834.407285, 341.427152, 832.288079, 
            341.427152, 830.168874, 341.427152, 825.930464, 
            341.427152, 823.811258, 341.427152, 817.453642, 
            341.427152, 813.215232, 341.427152, 808.976821, 
            339.307947, 804.738411, 339.307947, 800.500000, 
            337.188742, 798.380795, 337.188742, 796.261589, 
            335.069536, 792.023179, 335.069536, 792.023179, 
            332.950331, 789.903974, 332.950331, 785.665563, 
            332.950331, 783.546358, 330.831126, 779.307947, 
            328.711921, 777.188742, 328.711921, 775.069536, 
            326.592715, 772.950331, 326.592715, 770.831126, 
            326.592715, 768.711921, 324.473510, 762.354305, 
            322.354305, 760.235099, 322.354305, 758.115894, 
            320.235099, 755.996689, 318.115894, 751.758278, 
            318.115894, 749.639073, 315.996689, 747.519868, 
            315.996689, 743.281457, 313.877483, 741.162252, 
            311.758278, 739.043046, 311.758278, 736.923841, 
            309.639073, 734.804636, 309.639073, 732.685430, 
            307.519868, 730.566225, 305.400662, 728.447020, 
            303.281457, 726.327815, 303.281457, 726.327815, 
            301.162252, 724.208609, 299.043046, 722.089404, 
            296.923841, 719.970199, 294.804636, 717.850993, 
            294.804636, 717.850993, 292.685430, 717.850993, 
            290.566225, 717.850993, 288.447020, 715.731788, 
            288.447020, 715.731788, 286.327815, 715.731788, 
            284.208609, 715.731788, 282.089404, 715.731788, 
            279.970199, 715.731788, 277.850993, 715.731788, 
            275.731788, 715.731788, 273.612583, 715.731788, 
            271.493377, 715.731788, 269.374172, 715.731788, 
            267.254967, 715.731788, 265.135762, 715.731788, 
            260.897351, 715.731788, 258.778146, 717.850993, 
            258.778146, 719.970199, 256.658940, 722.089404, 
            252.420530, 724.208609, 250.301325, 726.327815, 
            248.182119, 730.566225, 248.182119, 732.685430, 
            246.062914, 734.804636, 243.943709, 739.043046, 
            241.824503, 741.162252, 241.824503, 743.281457, 
            241.824503, 745.400662, 241.824503, 747.519868, 
            241.824503, 749.639073, 241.824503, 751.758278, 
            241.824503, 753.877483, 241.824503, 755.996689, 
            241.824503, 758.115894, 241.824503, 760.235099, 
            241.824503, 762.354305, 241.824503, 764.473510, 
            241.824503, 766.592715, 239.705298, 770.831126, 
            237.586093, 772.950331, 237.586093, 777.188742, 
            237.586093, 781.427152, 235.466887, 785.665563, 
            233.347682, 787.784768, 233.347682, 792.023179, 
            231.228477, 794.142384, 231.228477, 796.261589, 
            229.109272, 798.380795, 226.990066, 800.500000, 
            226.990066, 800.500000, 224.870861, 802.619205, 
            224.870861, 804.738411, 222.751656, 806.857616, 
            220.632450, -1.000000, -1.000000, 319.440397, 
            161.294702, 319.440397, 163.413907, 317.321192, 
            163.413907, 317.321192, 165.533113, 315.201987, 
            165.533113, 313.082781, 167.652318, 310.963576, 
            167.652318, 308.844371, 169.771523, 308.844371, 
            171.890728, 306.725166, 174.009934, 302.486755, 
            176.129139, 302.486755, 178.248344, 300.367550, 
            178.248344, 296.129139, 178.248344, 294.009934, 
            180.367550, 291.890728, 182.486755, 287.652318, 
            182.486755, 287.652318, 184.605960, 283.413907, 
            184.605960, 283.413907, 186.725166, 281.294702, 
            186.725166, 279.175497, 188.844371, 274.937086, 
            188.844371, 272.817881, 188.844371, 268.579470, 
            190.963576, 262.221854, 190.963576, 257.983444, 
            193.082781, 253.745033, 193.082781, 249.506623, 
            193.082781, 247.387417, 193.082781, 245.268212, 
            193.082781, 241.029801, 193.082781, 238.910596, 
            195.201987, 236.791391, 195.201987, 236.791391, 
            197.321192, 234.672185, 197.321192, 232.552980, 
            199.440397, 230.433775, 201.559603, 228.314570, 
            201.559603, 228.314570, 203.678808, 226.195364, 
            203.678808, 221.956954, 207.917219, 219.837748, 
            210.036424, 219.837748, 212.155629, 219.837748, 
            214.274834, 219.837748, 218.513245, 219.837748, 
            220.632450, 219.837748, 222.751656, 217.718543, 
            224.870861, 217.718543, 226.990066, 215.599338, 
            229.109272, 215.599338, 231.228477, 215.599338, 
            233.347682, 215.599338, 235.466887, 215.599338, 
            237.586093, 215.599338, 239.705298, 213.480132, 
            241.824503, 211.360927, 246.062914, 209.241722, 
            248.182119, 207.122517, 248.182119, 205.003311, 
            250.301325, 205.003311, 252.420530, 202.884106, 
            254.539735, 202.884106, 256.658940, 202.884106, 
