%YAML:1.0
    mask: !!opencv-matrix
        rows: 584
        cols: 2
        dt: f
        data: [ -1.000000, -1.000000, 1014.984412, 
            563.089928, 1012.938050, 564.113110, 1007.822142, 
            566.159472, 1001.683054, 567.182654, 999.636691, 
            567.182654, 992.474420, 567.182654, 990.428058, 
            567.182654, 980.196243, 565.136291, 979.173062, 
            565.136291, 977.126699, 563.089928, 976.103517, 
            563.089928, 973.033973, 562.066747, 966.894884, 
            557.974021, 959.732614, 555.927658, 958.709432, 
            553.881295, 957.686251, 553.881295, 954.616707, 
            551.834932, 950.523981, 549.788569, 948.477618, 
            547.742206, 939.268985, 542.626299, 935.176259, 
            539.556755, 930.060352, 534.440847, 925.967626, 
            530.348122, 923.921263, 527.278577, 916.758993, 
            520.116307, 911.643086, 516.023581, 904.480815, 
            509.884492, 903.457634, 507.838129, 902.434452, 
            506.814948, 900.388090, 504.768585, 898.341727, 
            502.722222, 897.318545, 501.699041, 895.272182, 
            499.652678, 895.272182, 498.629496, 891.179456, 
            494.536771, 889.133094, 493.513589, 887.086731, 
            491.467226, 885.040368, 489.420863, 881.970823, 
            486.351319, 871.739009, 478.165867, 867.646283, 
            474.073141, 866.623102, 473.049960, 860.484013, 
            466.910871, 858.437650, 465.887690, 854.344924, 
            461.794964, 853.321743, 460.771783, 846.159472, 
            454.632694, 842.066747, 449.516787, 836.950839, 
            445.424061, 833.881295, 443.377698, 827.742206, 
            438.261791, 824.672662, 435.192246, 823.649480, 
            434.169065, 821.603118, 432.122702, 818.533573, 
            429.053157, 816.487210, 428.029976, 814.440847, 
            425.983613, 812.394484, 423.937250, 809.324940, 
            423.937250, 808.301759, 422.914069, 806.255396, 
            421.890887, 805.232214, 421.890887, 802.162670, 
            421.890887, 799.093125, 420.867706, 797.046763, 
            420.867706, 796.023581, 420.867706, 792.954037, 
            420.867706, 791.930855, 420.867706, 787.838129, 
            419.844524, 786.814948, 419.844524, 783.745404, 
            419.844524, 779.652678, 419.844524, 774.536771, 
            418.821343, 769.420863, 418.821343, 765.328137, 
            417.798161, 763.281775, 416.774980, 762.258593, 
            416.774980, 761.235412, 414.728617, 760.212230, 
            414.728617, 757.142686, 411.659073, 754.073141, 
            408.589528, 751.003597, 405.519984, 748.957234, 
            402.450440, 746.910871, 398.357714, 743.841327, 
            392.218625, 742.818145, 388.125899, 741.794964, 
            383.009992, 739.748601, 376.870903, 738.725420, 
            371.754996, 736.679057, 367.662270, 735.655875, 
            366.639089, 732.586331, 363.569544, 729.516787, 
            362.546363, 726.447242, 360.500000, 719.284972, 
            355.384093, 713.145883, 353.337730, 712.122702, 
            352.314548, 707.006795, 351.291367, 705.983613, 
            350.268185, 698.821343, 348.221823, 698.821343, 
            347.198641, 692.682254, 346.175460, 691.659073, 
            345.152278, 687.566347, 343.105915, 685.519984, 
            343.105915, 683.473621, 341.059552, 681.427258, 
            341.059552, 678.357714, 339.013189, 677.334532, 
            339.013189, 674.264988, 335.943645, 672.218625, 
            333.897282, 668.125899, 329.804556, 665.056355, 
            324.688649, 665.056355, 323.665468, 664.033173, 
            320.595923, 664.033173, 319.572742, 663.009992, 
            315.480016, 661.986811, 314.456835, 661.986811, 
            311.387290, 661.986811, 306.271383, 664.033173, 
            301.155476, 666.079536, 298.085931, 669.149081, 
            293.993205, 671.195444, 292.970024, 675.288169, 
            289.900480, 681.427258, 286.830935, 687.566347, 
            285.807754, 688.589528, 285.807754, 690.635891, 
            284.784572, 691.659073, 284.784572, 695.751799, 
            284.784572, 698.821343, 283.761391, 701.890887, 
            283.761391, 703.937250, 283.761391, 709.053157, 
            283.761391, 710.076339, 283.761391, 717.238609, 
            282.738209, 719.284972, 281.715028, 724.400879, 
            280.691847, 726.447242, 280.691847, 729.516787, 
            279.668665, 731.563149, 279.668665, 734.632694, 
            278.645484, 735.655875, 276.599121, 737.702238, 
            276.599121, 741.794964, 274.552758, 743.841327, 
            274.552758, 744.864508, 274.552758, 749.980416, 
            272.506395, 756.119504, 270.460032, 761.235412, 
            269.436851, 765.328137, 268.413669, 767.374500, 
            268.413669, 772.490408, 267.390488, 774.536771, 
            267.390488, 777.606315, 266.367306, 785.791767, 
            265.344125, 790.907674, 265.344125, 799.093125, 
            264.320943, 802.162670, 263.297762, 809.324940, 
            263.297762, 813.417666, 263.297762, 814.440847, 
            263.297762, 815.464029, 263.297762, 816.487210, 
            263.297762, 820.579936, 263.297762, 821.603118, 
            263.297762, 825.695843, 264.320943, 830.811751, 
            265.344125, 835.927658, 266.367306, 840.020384, 
            267.390488, 843.089928, 268.413669, 847.182654, 
            268.413669, 852.298561, 269.436851, 858.437650, 
            269.436851, 861.507194, 269.436851, 865.599920, 
            269.436851, 868.669464, 269.436851, 869.692646, 
            269.436851, 873.785372, 269.436851, 875.831735, 
            269.436851, 876.854916, 270.460032, 879.924460, 
            271.483213, 882.994005, 273.529576, 886.063549, 
            275.575939, 889.133094, 276.599121, 891.179456, 
            278.645484, 893.225819, 280.691847, 895.272182, 
            281.715028, 900.388090, 284.784572, 904.480815, 
            287.854117, 907.550360, 289.900480, 909.596723, 
            291.946843, 912.666267, 293.993205, 913.689448, 
            295.016387, 919.828537, 301.155476, 920.851719, 
            302.178657, 928.013989, 310.364109, 930.060352, 
            311.387290, 933.129896, 315.480016, 935.176259, 
            316.503197, 938.245803, 320.595923, 939.268985, 
            321.619105, 941.315348, 324.688649, 942.338529, 
            325.711831, 946.431255, 331.850919, 947.454436, 
            332.874101, 949.500799, 335.943645, 950.523981, 
            336.966827, 954.616707, 342.082734, 955.639888, 
            344.129097, 958.709432, 347.198641, 960.755795, 
            349.245004, 962.802158, 351.291367, 967.918066, 
            356.407274, 970.987610, 359.476819, 972.010791, 
            359.476819, 974.057154, 361.523181, 975.080336, 
            362.546363, 978.149880, 366.639089, 983.265787, 
            371.754996, 992.474420, 378.917266, 994.520783, 
            383.009992, 1002.706235, 390.172262, 1007.822142, 
            396.311351, 1008.845324, 396.311351, 1011.914868, 
            400.404077, 1013.961231, 402.450440, 1017.030775, 
            404.496803, 1018.053957, 405.519984, 1023.169864, 
            409.612710, 1024.193046, 411.659073, 1027.262590, 
            413.705436, 1032.378497, 417.798161, 1036.471223, 
            420.867706, 1037.494404, 421.890887, 1038.517586, 
            422.914069, 1040.563949, 423.937250, 1042.610312, 
            427.006795, 1044.656675, 430.076339, 1046.703038, 
            433.145883, 1047.726219, 434.169065, 1048.749400, 
            436.215428, 1049.772582, 438.261791, 1050.795763, 
            441.331335, 1052.842126, 443.377698, 1053.865308, 
            445.424061, 1055.911671, 448.493605, 1057.958034, 
            451.563149, 1060.004396, 454.632694, 1061.027578, 
            456.679057, 1062.050759, 459.748601, 1063.073941, 
            462.818145, 1064.097122, 465.887690, 1065.120304, 
            469.980416, 1066.143485, 475.096323, 1067.166667, 
