%YAML:1.0
    mask: !!opencv-matrix
        rows: 615
        cols: 2
        dt: f
        data: [ -1.000000, -1.000000, 675.466887, 
            682.619205, 677.586093, 682.619205, 679.705298, 
            682.619205, 681.824503, 682.619205, 683.943709, 
            682.619205, 686.062914, 682.619205, 690.301325, 
            682.619205, 694.539735, 680.500000, 696.658940, 
            680.500000, 698.778146, 678.380795, 700.897351, 
            676.261589, 703.016556, 676.261589, 705.135762, 
            676.261589, 707.254967, 674.142384, 711.493377, 
            674.142384, 713.612583, 674.142384, 715.731788, 
            672.023179, 717.850993, 672.023179, 719.970199, 
            669.903974, 722.089404, 669.903974, 724.208609, 
            669.903974, 726.327815, 669.903974, 728.447020, 
            669.903974, 730.566225, 669.903974, 732.685430, 
            669.903974, 734.804636, 669.903974, 736.923841, 
            669.903974, 741.162252, 669.903974, 743.281457, 
            667.784768, 745.400662, 667.784768, 749.639073, 
            667.784768, 751.758278, 667.784768, 753.877483, 
            667.784768, 755.996689, 667.784768, 760.235099, 
            667.784768, 762.354305, 667.784768, 764.473510, 
            667.784768, 766.592715, 667.784768, 768.711921, 
            667.784768, 770.831126, 667.784768, 772.950331, 
            667.784768, 775.069536, 667.784768, 777.188742, 
            667.784768, 779.307947, 667.784768, 781.427152, 
            667.784768, 783.546358, 667.784768, 785.665563, 
            667.784768, 785.665563, 669.903974, 787.784768, 
            672.023179, 789.903974, 674.142384, 792.023179, 
            676.261589, 794.142384, 676.261589, 794.142384, 
            678.380795, 796.261589, 678.380795, 796.261589, 
            680.500000, 798.380795, 680.500000, 800.500000, 
            682.619205, 800.500000, 684.738411, 800.500000, 
            686.857616, 802.619205, 686.857616, 802.619205, 
            688.976821, 802.619205, 691.096026, 804.738411, 
            691.096026, 804.738411, 693.215232, 806.857616, 
            695.334437, 808.976821, 697.453642, 808.976821, 
            699.572848, 811.096026, 699.572848, 811.096026, 
            703.811258, 813.215232, 703.811258, 813.215232, 
            705.930464, 815.334437, 705.930464, 815.334437, 
            708.049669, 815.334437, 710.168874, 815.334437, 
            712.288079, 817.453642, 712.288079, 817.453642, 
            714.407285, 817.453642, 716.526490, 817.453642, 
            718.645695, 745.400662, 718.645695, 743.281457, 
            716.526490, 741.162252, 716.526490, 739.043046, 
            716.526490, 736.923841, 714.407285, 734.804636, 
            714.407285, 732.685430, 712.288079, 730.566225, 
            712.288079, 728.447020, 712.288079, 717.850993, 
            710.168874, 715.731788, 708.049669, 713.612583, 
            708.049669, 711.493377, 708.049669, 709.374172, 
            705.930464, 709.374172, 703.811258, 705.135762, 
            703.811258, 703.016556, 701.692053, 700.897351, 
            701.692053, 698.778146, 699.572848, 694.539735, 
            697.453642, 692.420530, 697.453642, 690.301325, 
            697.453642, 686.062914, 695.334437, 683.943709, 
            695.334437, 681.824503, 693.215232, 679.705298, 
            693.215232, 679.705298, 691.096026, -1.000000, 
            -1.000000, 739.043046, 409.241722, 739.043046, 
            411.360927, 736.923841, 413.480132, 736.923841, 
            415.599338, 734.804636, 415.599338, 734.804636, 
            417.718543, 732.685430, 417.718543, 732.685430, 
            421.956954, 730.566225, 424.076159, 728.447020, 
            428.314570, 728.447020, 430.433775, 728.447020, 
            432.552980, 728.447020, 434.672185, 728.447020, 
            436.791391, 728.447020, 438.910596, 728.447020, 
            441.029801, 728.447020, 443.149007, 728.447020, 
            445.268212, 730.566225, 445.268212, 732.685430, 
            447.387417, 734.804636, 447.387417, 736.923841, 
            447.387417, 739.043046, 449.506623, 741.162252, 
            451.625828, 743.281457, 451.625828, 745.400662, 
            451.625828, 745.400662, 453.745033, 747.519868, 
            453.745033, 749.639073, 453.745033, 751.758278, 
            453.745033, 753.877483, 453.745033, 758.115894, 
            455.864238, 762.354305, 457.983444, 768.711921, 
            457.983444, 770.831126, 457.983444, 775.069536, 
            462.221854, 781.427152, 464.341060, 785.665563, 
            466.460265, 789.903974, 466.460265, 792.023179, 
            468.579470, 794.142384, 468.579470, 796.261589, 
            470.698675, 798.380795, 470.698675, 800.500000, 
            470.698675, 800.500000, 472.817881, 802.619205, 
            472.817881, 806.857616, 472.817881, 811.096026, 
            472.817881, 819.572848, 472.817881, 823.811258, 
            472.817881, 828.049669, 474.937086, 830.168874, 
            474.937086, 834.407285, 474.937086, 836.526490, 
            474.937086, 840.764901, 474.937086, 845.003311, 
            479.175497, 849.241722, 479.175497, 853.480132, 
            479.175497, 857.718543, 481.294702, 861.956954, 
            481.294702, 864.076159, 483.413907, 868.314570, 
            483.413907, 870.433775, 485.533113, 872.552980, 
            485.533113, 874.672185, 485.533113, 876.791391, 
            485.533113, 878.910596, 485.533113, 881.029801, 
            485.533113, 883.149007, 483.413907, 885.268212, 
            483.413907, 887.387417, 481.294702, 889.506623, 
            479.175497, 891.625828, 479.175497, 895.864238, 
            477.056291, 897.983444, 477.056291, 897.983444, 
            474.937086, 900.102649, 474.937086, 902.221854, 
            474.937086, 904.341060, 472.817881, 908.579470, 
            470.698675, 910.698675, 470.698675, 912.817881, 
            468.579470, 914.937086, 466.460265, 917.056291, 
            464.341060, 919.175497, 462.221854, 921.294702, 
            460.102649, 923.413907, 457.983444, 923.413907, 
            455.864238, 925.533113, 453.745033, 925.533113, 
            451.625828, 925.533113, 449.506623, 925.533113, 
            447.387417, 925.533113, 445.268212, 927.652318, 
            443.149007, 927.652318, 441.029801, 927.652318, 
            438.910596, 927.652318, 436.791391, 927.652318, 
            434.672185, 927.652318, 432.552980, 927.652318, 
            430.433775, 927.652318, 428.314570, 927.652318, 
            426.195364, 927.652318, 424.076159, 927.652318, 
            421.956954, 927.652318, 419.837748, 927.652318, 
            417.718543, 927.652318, 415.599338, 927.652318, 
            413.480132, 927.652318, 411.360927, 927.652318, 
            409.241722, 927.652318, 407.122517, 927.652318, 
            405.003311, 927.652318, 402.884106, 927.652318, 
            400.764901, 927.652318, 398.645695, 927.652318, 
            396.526490, 927.652318, 394.407285, 927.652318, 
            392.288079, 927.652318, 390.168874, 925.533113, 
            388.049669, 925.533113, 385.930464, 923.413907, 
            383.811258, 923.413907, 381.692053, 923.413907, 
            379.572848, 921.294702, 375.334437, 921.294702, 
            373.215232, 921.294702, 368.976821, 919.175497, 
            366.857616, 919.175497, 364.738411, 919.175497, 
            362.619205, 917.056291, 360.500000, 917.056291, 
            358.380795, 917.056291, 356.261589, 914.937086, 
            354.142384, 914.937086, 352.023179, 912.817881, 
            352.023179, 912.817881, 349.903974, 910.698675, 
            349.903974, 908.579470, 349.903974, 906.460265, 
            352.023179, 904.341060, 352.023179, 902.221854, 
            354.142384, 900.102649, 356.261589, 897.983444, 
            358.380795, 893.745033, 360.500000, 893.745033, 
            362.619205, 891.625828, 362.619205, 889.506623, 
            364.738411, 887.387417, 364.738411, 885.268212, 
