%YAML:1.0
    mask: !!opencv-matrix
        rows: 290
        cols: 2
        dt: f
        data: [ 338.974227, 717.448454, 340.293814, 
            712.170103, 344.252577, 705.572165, 348.211340, 
            704.252577, 349.530928, 705.572165, 350.850515, 
            710.850515, 352.170103, 716.128866, 352.170103, 
            717.448454, 352.170103, 718.768041, 350.850515, 
            718.768041, -1.000000, -1.000000, 800.829897, 
            712.170103, 800.829897, 706.891753, 800.829897, 
            691.056701, 800.829897, 677.860825, 800.829897, 
            665.984536, 800.829897, 654.108247, 800.829897, 
            642.231959, 800.829897, 626.396907, 803.469072, 
            614.520619, 807.427835, 606.603093, 808.747423, 
            603.963918, 811.386598, 596.046392, 812.706186, 
            593.407216, 814.025773, 588.128866, 815.345361, 
            584.170103, 816.664948, 584.170103, 817.984536, 
            584.170103, 820.623711, 584.170103, 821.943299, 
            585.489691, 824.582474, 588.128866, 827.221649, 
            596.046392, 828.541237, 601.324742, 831.180412, 
            611.881443, 833.819588, 618.479381, 835.139175, 
            623.757732, 839.097938, 638.273196, 840.417526, 
            647.510309, 841.737113, 659.386598, 845.695876, 
            671.262887, 845.695876, 676.541237, 847.015464, 
            681.819588, 849.654639, 689.737113, 849.654639, 
            691.056701, 852.293814, 691.056701, 854.932990, 
            691.056701, 857.572165, 691.056701, 858.891753, 
            691.056701, 860.211340, 688.417526, 864.170103, 
            680.500000, 865.489691, 675.221649, 869.448454, 
            663.345361, 870.768041, 658.067010, 870.768041, 
            650.149485, 870.768041, 640.912371, 870.768041, 
            629.036082, 870.768041, 617.159794, 870.768041, 
            605.283505, 870.768041, 602.644330, 866.809278, 
            589.448454, 865.489691, 582.850515, 862.850515, 
            576.252577, 861.530928, 573.613402, 854.932990, 
            564.376289, 849.654639, 559.097938, 843.056701, 
            552.500000, 839.097938, 548.541237, 835.139175, 
            545.902062, 833.819588, 544.582474, 836.458763, 
            543.262887, 844.376289, 537.984536, 848.335052, 
            534.025773, 850.974227, 534.025773, 854.932990, 
            532.706186, 858.891753, 532.706186, 861.530928, 
            534.025773, 868.128866, 540.623711, 872.087629, 
            543.262887, 874.726804, 545.902062, 880.005155, 
            548.541237, 885.283505, 551.180412, 889.242268, 
            552.500000, 894.520619, 555.139175, 898.479381, 
            557.778351, 899.798969, 559.097938, 905.077320, 
            563.056701, 910.355670, 568.335052, 916.953608, 
            573.613402, 920.912371, 578.891753, 927.510309, 
            584.170103, 932.788660, 590.768041, 938.067010, 
            600.005155, 942.025773, 606.603093, 944.664948, 
            610.561856, 947.304124, 615.840206, 948.623711, 
            623.757732, 949.943299, 627.716495, 951.262887, 
            631.675258, 952.582474, 639.592784, 952.582474, 
            644.871134, 952.582474, 660.706186, 952.582474, 
            669.943299, 952.582474, 673.902062, 952.582474, 
            676.541237, 953.902062, 688.417526, 955.221649, 
            691.056701, 956.541237, 698.974227, 959.180412, 
            702.932990, 959.180412, 704.252577, 959.180412, 
            706.891753, 959.180412, 710.850515, 959.180412, 
            716.128866, 957.860825, 718.768041, 956.541237, 
            718.768041, 848.335052, 718.768041, 837.778351, 
            716.128866, 833.819588, 714.809278, 831.180412, 
            713.489691, 817.984536, 713.489691, 803.469072, 
            710.850515, 800.829897, 710.850515, -1.000000, 
            -1.000000, 715.056701, 351.922680, 721.654639, 
            354.561856, 725.613402, 357.201031, 726.932990, 
            358.520619, 726.932990, 361.159794, 726.932990, 
            362.479381, 726.932990, 367.757732, 726.932990, 
            369.077320, 725.613402, 370.396907, 720.335052, 
            371.716495, 719.015464, 373.036082, 716.376289, 
            373.036082, 715.056701, 373.036082, 711.097938, 
            374.355670, 709.778351, 374.355670, 689.984536, 
            378.314433, 684.706186, 379.634021, 683.386598, 
            380.953608, 680.747423, 380.953608, 679.427835, 
            383.592784, 678.108247, 386.231959, 676.788660, 
            387.551546, 676.788660, 388.871134, 676.788660, 
            390.190722, 678.108247, 399.427835, 682.067010, 
            407.345361, 686.025773, 411.304124, 687.345361, 
            413.943299, 688.664948, 416.582474, 691.304124, 
            420.541237, 692.623711, 423.180412, 693.943299, 
            424.500000, 695.262887, 425.819588, 697.902062, 
            425.819588, 703.180412, 427.139175, 705.819588, 
            428.458763, 712.417526, 429.778351, 713.737113, 
            429.778351, 716.376289, 429.778351, 722.974227, 
            431.097938, 725.613402, 435.056701, 733.530928, 
            437.695876, 737.489691, 437.695876, 738.809278, 
            439.015464, 741.448454, 439.015464, 744.087629, 
            439.015464, 746.726804, 439.015464, 749.365979, 
            439.015464, 759.922680, 439.015464, 762.561856, 
            439.015464, 763.881443, 439.015464, 765.201031, 
            439.015464, 766.520619, 437.695876, 774.438144, 
            431.097938, 777.077320, 429.778351, 781.036082, 
            425.819588, 783.675258, 425.819588, 784.994845, 
            424.500000, 784.994845, 423.180412, 786.314433, 
            420.541237, 787.634021, 416.582474, 790.273196, 
            409.984536, 792.912371, 406.025773, 794.231959, 
            403.386598, 795.551546, 399.427835, 795.551546, 
            396.788660, 795.551546, 394.149485, 795.551546, 
            388.871134, 795.551546, 383.592784, 795.551546, 
            374.355670, 795.551546, 366.438144, 795.551546, 
            362.479381, 795.551546, 359.840206, 795.551546, 
            357.201031, 795.551546, 353.242268, 790.273196, 
            350.603093, 787.634021, 349.283505, 782.355670, 
            346.644330, 777.077320, 345.324742, 771.798969, 
            344.005155, 759.922680, 341.365979, 758.603093, 
            340.046392, 753.324742, 338.726804, 748.046392, 
            337.407216, 746.726804, 337.407216, 744.087629, 
            337.407216, 741.448454, 337.407216, 738.809278, 
            337.407216, 732.211340, 340.046392, 729.572165, 
            341.365979, 728.252577, 341.365979, -1.000000, 
            -1.000000, 560.664948, 346.644330, 559.345361, 
            351.922680, 558.025773, 361.159794, 556.706186, 
            369.077320, 556.706186, 374.355670, 556.706186, 
            380.953608, 556.706186, 383.592784, 556.706186, 
            386.231959, 556.706186, 390.190722, 556.706186, 
            398.108247, 556.706186, 402.067010, 561.984536, 
            407.345361, 567.262887, 412.623711, 571.221649, 
            415.262887, 575.180412, 417.902062, 587.056701, 
            420.541237, 589.695876, 421.860825, 592.335052, 
            423.180412, 593.654639, 424.500000, 594.974227, 
            424.500000, 598.932990, 425.819588, 602.891753, 
            427.139175, 605.530928, 427.139175, 610.809278, 
            427.139175, 617.407216, 425.819588, 633.242268, 
            423.180412, 635.881443, 421.860825, 642.479381, 
            420.541237, 646.438144, 417.902062, 650.396907, 
            412.623711, 653.036082, 409.984536, 655.675258, 
            406.025773, 656.994845, 402.067010, 659.634021, 
            398.108247, 659.634021, 396.788660, 660.953608, 
            394.149485, 662.273196, 394.149485, 662.273196, 
            392.829897, 664.912371, 388.871134, 664.912371, 
            387.551546, 664.912371, 383.592784, 664.912371, 
            379.634021, 664.912371, 378.314433, 664.912371, 
            376.994845, 658.314433, 373.036082, 650.396907, 
