%YAML:1.0
    mask: !!opencv-matrix
        rows: 299
        cols: 2
        dt: f
        data: [ -1.000000, -1.000000, -1.000000, 
            -1.000000, 600.252577, 118.355670, 594.974227, 
            122.314433, 592.335052, 126.273196, 589.695876, 
            128.912371, 581.778351, 134.190722, 580.458763, 
            135.510309, 579.139175, 136.829897, 577.819588, 
            138.149485, 575.180412, 139.469072, 568.582474, 
            142.108247, 564.623711, 143.427835, 558.025773, 
            147.386598, 551.427835, 150.025773, 551.427835, 
            151.345361, 547.469072, 153.984536, 546.149485, 
            155.304124, 542.190722, 156.623711, 538.231959, 
            159.262887, 535.592784, 161.902062, 530.314433, 
            164.541237, 527.675258, 167.180412, 526.355670, 
            169.819588, 525.036082, 171.139175, 523.716495, 
            173.778351, 519.757732, 179.056701, 519.757732, 
            181.695876, 518.438144, 183.015464, 519.757732, 
            183.015464, 519.757732, 184.335052, 527.675258, 
            186.974227, 528.994845, 186.974227, 536.912371, 
            189.613402, 542.190722, 192.252577, 543.510309, 
            192.252577, 544.829897, 192.252577, 544.829897, 
            193.572165, 546.149485, 194.891753, 547.469072, 
            194.891753, 547.469072, 196.211340, 551.427835, 
            198.850515, 552.747423, 200.170103, 555.386598, 
            201.489691, 556.706186, 202.809278, 559.345361, 
            204.128866, 561.984536, 204.128866, 572.541237, 
            212.046392, 573.860825, 214.685567, 576.500000, 
            216.005155, 577.819588, 216.005155, 579.139175, 
            216.005155, 587.056701, 217.324742, 592.335052, 
            219.963918, 596.293814, 222.603093, 597.613402, 
            222.603093, 600.252577, 225.242268, 601.572165, 
            226.561856, 604.211340, 229.201031, 605.530928, 
            230.520619, 608.170103, 231.840206, 609.489691, 
            234.479381, 612.128866, 235.798969, 613.448454, 
            235.798969, 613.448454, 237.118557, 616.087629, 
            237.118557, 617.407216, 237.118557, 618.726804, 
            237.118557, 620.046392, 237.118557, 621.365979, 
            237.118557, 622.685567, 234.479381, 625.324742, 
            231.840206, 626.644330, 227.881443, 630.603093, 
            225.242268, 637.201031, 223.922680, 639.840206, 
            223.922680, 641.159794, 223.922680, 642.479381, 
            223.922680, 643.798969, 223.922680, 650.396907, 
            223.922680, 656.994845, 225.242268, 663.592784, 
            225.242268, 667.551546, 225.242268, 672.829897, 
            222.603093, 675.469072, 221.283505, 678.108247, 
            219.963918, 679.427835, 219.963918, 682.067010, 
            218.644330, 683.386598, 218.644330, 689.984536, 
            213.365979, 692.623711, 210.726804, 693.943299, 
            209.407216, 693.943299, 208.087629, 693.943299, 
            206.768041, 693.943299, 193.572165, 693.943299, 
            185.654639, 693.943299, 180.376289, 692.623711, 
            171.139175, 691.304124, 169.819588, 691.304124, 
            168.500000, 689.984536, 168.500000, 687.345361, 
            165.860825, 686.025773, 164.541237, 684.706186, 
            163.221649, 680.747423, 160.582474, 674.149485, 
            152.664948, 668.871134, 148.706186, 664.912371, 
            144.747423, 660.953608, 140.788660, 660.953608, 
            139.469072, 659.634021, 139.469072, 659.634021, 
            138.149485, 654.355670, 136.829897, 651.716495, 
            134.190722, 651.716495, 132.871134, 645.118557, 
            131.551546, 641.159794, 130.231959, 634.561856, 
            128.912371, 629.283505, 127.592784, 626.644330, 
            126.273196, 624.005155, 126.273196, 622.685567, 
            126.273196, 620.046392, 126.273196, -1.000000, 
            -1.000000, 214.932990, 197.530928, 214.932990, 
            204.128866, 214.932990, 212.046392, 214.932990, 
            221.283505, 214.932990, 231.840206, 214.932990, 
            235.798969, 214.932990, 246.355670, 214.932990, 
            251.634021, 214.932990, 254.273196, 214.932990, 
            267.469072, 213.613402, 272.747423, 213.613402, 
            279.345361, 212.293814, 288.582474, 212.293814, 
            292.541237, 210.974227, 303.097938, 210.974227, 
            309.695876, 210.974227, 316.293814, 209.654639, 
            324.211340, 209.654639, 334.768041, 209.654639, 
            344.005155, 209.654639, 345.324742, 209.654639, 
            346.644330, 209.654639, 350.603093, 209.654639, 
            355.881443, 212.293814, 361.159794, 213.613402, 
            365.118557, 214.932990, 367.757732, 217.572165, 
            371.716495, 220.211340, 374.355670, 221.530928, 
            378.314433, 222.850515, 379.634021, 222.850515, 
            383.592784, 225.489691, 386.231959, 228.128866, 
            387.551546, 236.046392, 394.149485, 238.685567, 
            396.788660, 242.644330, 399.427835, 246.603093, 
            403.386598, 257.159794, 408.664948, 261.118557, 
            411.304124, 262.438144, 411.304124, 263.757732, 
            411.304124, 265.077320, 412.623711, 267.716495, 
            412.623711, 280.912371, 413.943299, 286.190722, 
            413.943299, 315.221649, 419.221649, 332.376289, 
            421.860825, 335.015464, 421.860825, 344.252577, 
            423.180412, 354.809278, 427.139175, 357.448454, 
            427.139175, 358.768041, 427.139175, 360.087629, 
            427.139175, 360.087629, 425.819588, 364.046392, 
            423.180412, 368.005155, 421.860825, 371.963918, 
            421.860825, 371.963918, 420.541237, 371.963918, 
            417.902062, 371.963918, 416.582474, 373.283505, 
            406.025773, 373.283505, 403.386598, 374.603093, 
            399.427835, 373.283505, 398.108247, 362.726804, 
            394.149485, 353.489691, 387.551546, 345.572165, 
            383.592784, 332.376289, 371.716495, 331.056701, 
            367.757732, 329.737113, 365.118557, 325.778351, 
            358.520619, 325.778351, 355.881443, 325.778351, 
            344.005155, 324.458763, 330.809278, 321.819588, 
            314.974227, 320.500000, 312.335052, 320.500000, 
            309.695876, 320.500000, 308.376289, 320.500000, 
            307.056701, 321.819588, 307.056701, 325.778351, 
            312.335052, 332.376289, 317.613402, 336.335052, 
            321.572165, 338.974227, 324.211340, 340.293814, 
            325.530928, 340.293814, 326.850515, 342.932990, 
            328.170103, 348.211340, 338.726804, 356.128866, 
            347.963918, 362.726804, 355.881443, 368.005155, 
            363.798969, 371.963918, 370.396907, 378.561856, 
            383.592784, 383.840206, 391.510309, 389.118557, 
            399.427835, 395.716495, 407.345361, 397.036082, 
            409.984536, 402.314433, 417.902062, 403.634021, 
            419.221649, 406.273196, 420.541237, 407.592784, 
            420.541237, 408.912371, 420.541237, 410.231959, 
            420.541237, 411.551546, 420.541237, 412.871134, 
            420.541237, 414.190722, 417.902062, 416.829897, 
            412.623711, 418.149485, 409.984536, 418.149485, 
            406.025773, 419.469072, 404.706186, 419.469072, 
            394.149485, 419.469072, 390.190722, 419.469072, 
            386.231959, 419.469072, 379.634021, 419.469072, 
            378.314433, 419.469072, 369.077320, 414.190722, 
            355.881443, 412.871134, 347.963918, 412.871134, 
            346.644330, 412.871134, 344.005155, 412.871134, 
            336.087629, 412.871134, 334.768041, 412.871134, 
            332.128866, 411.551546, 322.891753, 411.551546, 
            313.654639, 408.912371, 304.417526, 407.592784, 
            295.180412, 406.273196, 292.541237, 406.273196, 
            288.582474, 406.273196, 283.304124, 406.273196, 
            280.664948, 406.273196, 278.025773, 404.953608, 
            275.386598, 404.953608, 271.427835, 404.953608, 
