%YAML:1.0
    mask: !!opencv-matrix
        rows: 476
        cols: 2
        dt: f
        data: [ -1.000000, -1.000000, -1.000000, 
            -1.000000, 714.934783, 327.108696, 714.934783, 
            328.500000, 716.326087, 329.891304, 717.717391, 
            329.891304, 719.108696, 332.673913, 720.500000, 
            332.673913, 721.891304, 334.065217, 723.282609, 
            334.065217, 724.673913, 334.065217, 724.673913, 
            335.456522, 726.065217, 335.456522, 727.456522, 
            335.456522, 728.847826, 336.847826, 730.239130, 
            336.847826, 733.021739, 338.239130, 735.804348, 
            339.630435, 737.195652, 339.630435, 741.369565, 
            341.021739, 744.152174, 342.413043, 745.543478, 
            342.413043, 748.326087, 342.413043, 752.500000, 
            342.413043, 753.891304, 342.413043, 755.282609, 
            342.413043, 756.673913, 342.413043, 758.065217, 
            342.413043, 759.456522, 342.413043, 760.847826, 
            342.413043, 762.239130, 342.413043, 763.630435, 
            342.413043, 765.021739, 342.413043, 766.413043, 
            342.413043, 766.413043, 341.021739, 767.804348, 
            339.630435, 769.195652, 339.630435, 770.586957, 
            339.630435, 773.369565, 339.630435, 776.152174, 
            338.239130, 778.934783, 336.847826, 780.326087, 
            335.456522, 783.108696, 334.065217, 784.500000, 
            334.065217, 787.282609, 332.673913, 788.673913, 
            332.673913, 790.065217, 332.673913, 791.456522, 
            332.673913, 792.847826, 332.673913, 795.630435, 
            332.673913, 799.804348, 332.673913, 805.369565, 
            334.065217, 808.152174, 335.456522, 810.934783, 
            336.847826, 813.717391, 336.847826, 813.717391, 
            338.239130, 815.108696, 339.630435, 815.108696, 
            342.413043, 816.500000, 342.413043, 817.891304, 
            343.804348, 819.282609, 345.195652, 819.282609, 
            346.586957, 822.065217, 347.978261, 822.065217, 
            349.369565, 823.456522, 350.760870, 823.456522, 
            352.152174, 823.456522, 353.543478, 823.456522, 
            356.326087, 823.456522, 357.717391, 823.456522, 
            360.500000, 823.456522, 361.891304, 823.456522, 
            363.282609, 823.456522, 366.065217, 823.456522, 
            367.456522, 820.673913, 368.847826, 820.673913, 
            370.239130, 819.282609, 370.239130, 817.891304, 
            371.630435, 815.108696, 373.021739, 813.717391, 
            375.804348, 812.326087, 375.804348, 810.934783, 
            377.195652, 809.543478, 377.195652, 809.543478, 
            378.586957, 808.152174, 378.586957, 806.760870, 
            378.586957, 805.369565, 378.586957, 803.978261, 
            379.978261, 803.978261, 381.369565, 802.586957, 
            381.369565, 802.586957, 382.760870, 801.195652, 
            382.760870, 799.804348, 384.152174, 799.804348, 
            385.543478, 798.413043, 386.934783, 795.630435, 
            389.717391, 792.847826, 391.108696, 791.456522, 
            392.500000, 790.065217, 392.500000, 790.065217, 
            393.891304, 788.673913, 395.282609, 788.673913, 
            398.065217, 787.282609, 399.456522, 787.282609, 
            400.847826, 785.891304, 402.239130, 784.500000, 
            403.630435, 783.108696, 405.021739, 781.717391, 
            407.804348, 780.326087, 407.804348, 778.934783, 
            409.195652, 777.543478, 410.586957, 776.152174, 
            411.978261, 774.760870, 411.978261, 773.369565, 
            411.978261, 771.978261, 411.978261, 769.195652, 
            411.978261, 767.804348, 411.978261, 766.413043, 
            411.978261, 765.021739, 411.978261, 763.630435, 
            411.978261, 762.239130, 411.978261, 759.456522, 
            410.586957, 758.065217, 410.586957, 756.673913, 
            410.586957, 755.282609, 410.586957, 753.891304, 
            410.586957, 752.500000, 410.586957, 751.108696, 
            411.978261, 749.717391, 411.978261, 748.326087, 
            413.369565, 748.326087, 414.760870, 748.326087, 
            416.152174, 746.934783, 418.934783, 746.934783, 
            420.326087, 746.934783, 421.717391, 745.543478, 
            423.108696, 744.152174, 424.500000, 742.760870, 
            425.891304, 739.978261, 425.891304, 738.586957, 
            427.282609, 735.804348, 428.673913, 733.021739, 
            428.673913, 731.630435, 428.673913, 731.630435, 
            430.065217, 728.847826, 431.456522, 727.456522, 
            431.456522, 726.065217, 432.847826, 723.282609, 
            432.847826, 721.891304, 432.847826, 717.717391, 
            434.239130, 716.326087, 435.630435, 714.934783, 
            435.630435, 713.543478, 437.021739, 712.152174, 
            437.021739, 709.369565, 437.021739, 707.978261, 
            437.021739, 705.195652, 437.021739, 703.804348, 
            437.021739, 702.413043, 435.630435, 701.021739, 
            435.630435, 699.630435, 435.630435, 696.847826, 
            435.630435, 695.456522, 435.630435, 694.065217, 
            435.630435, 689.891304, 435.630435, 688.500000, 
            435.630435, 685.717391, 435.630435, 684.326087, 
            435.630435, 684.326087, 434.239130, 684.326087, 
            432.847826, 684.326087, 431.456522, 684.326087, 
            430.065217, 684.326087, 428.673913, 684.326087, 
            427.282609, 684.326087, 424.500000, 684.326087, 
            423.108696, 684.326087, 421.717391, 684.326087, 
            420.326087, 684.326087, 418.934783, 684.326087, 
            417.543478, 685.717391, 416.152174, 685.717391, 
            413.369565, 687.108696, 411.978261, 689.891304, 
            407.804348, 691.282609, 406.413043, 691.282609, 
            403.630435, 692.673913, 403.630435, 694.065217, 
            400.847826, 694.065217, 399.456522, 695.456522, 
            399.456522, 695.456522, 398.065217, 692.673913, 
            398.065217, 692.673913, 399.456522, 689.891304, 
            403.630435, 688.500000, 405.021739, 688.500000, 
            406.413043, 687.108696, 406.413043, 687.108696, 
            409.195652, 684.326087, 409.195652, 684.326087, 
            410.586957, 684.326087, 411.978261, 682.934783, 
            413.369565, 680.152174, 416.152174, 680.152174, 
            417.543478, 680.152174, 418.934783, 678.760870, 
            420.326087, 677.369565, 421.717391, 675.978261, 
            423.108696, 673.195652, 423.108696, 671.804348, 
            423.108696, 670.413043, 423.108696, 669.021739, 
            423.108696, 667.630435, 423.108696, 664.847826, 
            423.108696, 663.456522, 423.108696, 662.065217, 
            423.108696, 660.673913, 423.108696, 659.282609, 
            423.108696, 657.891304, 423.108696, 656.500000, 
            423.108696, 655.108696, 423.108696, 653.717391, 
            423.108696, 652.326087, 421.717391, 650.934783, 
            420.326087, 649.543478, 418.934783, 648.152174, 
            417.543478, 648.152174, 416.152174, 648.152174, 
            414.760870, 646.760870, 413.369565, 645.369565, 
            411.978261, 643.978261, 410.586957, 642.586957, 
            409.195652, 642.586957, 407.804348, 641.195652, 
            407.804348, 641.195652, 406.413043, 639.804348, 
            406.413043, 638.413043, 405.021739, 637.021739, 
            403.630435, 635.630435, 402.239130, 635.630435, 
            400.847826, 634.239130, 400.847826, 634.239130, 
            399.456522, 634.239130, 396.673913, 634.239130, 
            395.282609, 634.239130, 392.500000, 634.239130, 
            391.108696, 635.630435, 391.108696, 637.021739, 
            389.717391, 638.413043, 389.717391, 638.413043, 
            388.326087, 638.413043, 386.934783, 638.413043, 
            385.543478, 638.413043, 384.152174, 638.413043, 
            382.760870, 638.413043, 381.369565, 638.413043, 
            378.586957, 639.804348, 378.586957, 641.195652, 
