%YAML:1.0
    mask: !!opencv-matrix
        rows: 111
        cols: 2
        dt: f
        data: [ -1.000000, -1.000000, -1.000000, 
            -1.000000, 548.788660, 324.211340, 556.706186, 
            332.128866, 564.623711, 338.726804, 568.582474, 
            341.365979, 573.860825, 344.005155, 577.819588, 
            345.324742, 583.097938, 347.963918, 585.737113, 
            347.963918, 588.376289, 351.922680, 588.376289, 
            353.242268, 589.695876, 361.159794, 589.695876, 
            367.757732, 589.695876, 374.355670, 589.695876, 
            378.314433, 589.695876, 388.871134, 589.695876, 
            391.510309, 587.056701, 403.386598, 587.056701, 
            406.025773, 587.056701, 408.664948, 587.056701, 
            412.623711, 585.737113, 419.221649, 584.417526, 
            424.500000, 584.417526, 428.458763, 584.417526, 
            442.974227, 584.417526, 449.572165, 585.737113, 
            449.572165, 588.376289, 449.572165, 591.015464, 
            449.572165, 592.335052, 449.572165, 593.654639, 
            448.252577, 596.293814, 442.974227, 598.932990, 
            437.695876, 601.572165, 429.778351, 602.891753, 
            423.180412, 604.211340, 420.541237, 606.850515, 
            413.943299, 608.170103, 409.984536, 609.489691, 
            407.345361, 609.489691, 404.706186, 610.809278, 
            400.747423, 610.809278, 396.788660, 610.809278, 
            390.190722, 610.809278, 387.551546, 610.809278, 
            382.273196, 610.809278, 373.036082, 610.809278, 
            362.479381, 610.809278, 361.159794, 610.809278, 
            359.840206, 610.809278, 357.201031, 610.809278, 
            353.242268, 609.489691, 353.242268, 608.170103, 
            350.603093, 606.850515, 347.963918, 605.530928, 
            345.324742, 605.530928, 344.005155, 602.891753, 
            344.005155, 601.572165, 342.685567, 601.572165, 
            340.046392, 597.613402, 337.407216, 589.695876, 
            330.809278, 587.056701, 328.170103, 584.417526, 
            324.211340, 583.097938, 322.891753, 581.778351, 
            322.891753, 580.458763, 322.891753, 577.819588, 
            318.932990, 576.500000, 318.932990, -1.000000, 
            -1.000000, 158.190722, 611.881443, 162.149485, 
            619.798969, 166.108247, 625.077320, 172.706186, 
            636.953608, 176.664948, 642.231959, 176.664948, 
            643.551546, 179.304124, 650.149485, 183.262887, 
            658.067010, 187.221649, 663.345361, 189.860825, 
            668.623711, 192.500000, 673.902062, 197.778351, 
            685.778351, 199.097938, 689.737113, 201.737113, 
            692.376289, 201.737113, 695.015464, 203.056701, 
            700.293814, 204.376289, 702.932990, 207.015464, 
            710.850515, 208.335052, 713.489691, 207.015464, 
            713.489691, 197.778351, 714.809278, 36.788660, 
            718.768041, 34.149485, 714.809278, 30.190722, 
            709.530928, 30.190722, 708.211340, 28.871134, 
            701.613402, 28.871134, 689.737113, 28.871134, 
            676.541237, 28.871134, 663.345361, 28.871134, 
            659.386598, 28.871134, 655.427835, 28.871134, 
            650.149485, 28.871134, 644.871134, 28.871134, 
            642.231959, 35.469072, 635.634021, 48.664948, 
            629.036082, 56.582474, 626.396907, 65.819588, 
            622.438144, 80.335052, 615.840206, 82.974227, 
            614.520619, 89.572165, 607.922680]
