%YAML:1.0
    mask: !!opencv-matrix
        rows: 907
        cols: 2
        dt: f
        data: [ 10.036424, 583.016556, 14.274834, 
            583.016556, 20.632450, 578.778146, 24.870861, 
            576.658940, 29.109272, 574.539735, 31.228477, 
            572.420530, 33.347682, 568.182119, 35.466887, 
            566.062914, 37.586093, 563.943709, 37.586093, 
            561.824503, 39.705298, 561.824503, 39.705298, 
            559.705298, 41.824503, 559.705298, 41.824503, 
            557.586093, 43.943709, 555.466887, 46.062914, 
            555.466887, 46.062914, 553.347682, 48.182119, 
            553.347682, 48.182119, 551.228477, 50.301325, 
            551.228477, 50.301325, 549.109272, 52.420530, 
            549.109272, 54.539735, 549.109272, 56.658940, 
            549.109272, 58.778146, 549.109272, 63.016556, 
            549.109272, 65.135762, 551.228477, 67.254967, 
            551.228477, 69.374172, 551.228477, 69.374172, 
            553.347682, 71.493377, 553.347682, 73.612583, 
            555.466887, 75.731788, 555.466887, 77.850993, 
            555.466887, 82.089404, 555.466887, 88.447020, 
            555.466887, 94.804636, 555.466887, 99.043046, 
            555.466887, 103.281457, 555.466887, 107.519868, 
            555.466887, 111.758278, 555.466887, 113.877483, 
            555.466887, 118.115894, 555.466887, 118.115894, 
            557.586093, 122.354305, 557.586093, 124.473510, 
            557.586093, 126.592715, 557.586093, 128.711921, 
            559.705298, 132.950331, 559.705298, 137.188742, 
            561.824503, 141.427152, 561.824503, 143.546358, 
            561.824503, 147.784768, 563.943709, 152.023179, 
            563.943709, 156.261589, 566.062914, 158.380795, 
            566.062914, 164.738411, 566.062914, 173.215232, 
            566.062914, 177.453642, 568.182119, 179.572848, 
            568.182119, 181.692053, 568.182119, 183.811258, 
            568.182119, 190.168874, 568.182119, 192.288079, 
            568.182119, 196.526490, 568.182119, 202.884106, 
            570.301325, 205.003311, 570.301325, 209.241722, 
            570.301325, 213.480132, 572.420530, 215.599338, 
            572.420530, 217.718543, 572.420530, 219.837748, 
            574.539735, 224.076159, 576.658940, 226.195364, 
            578.778146, 226.195364, 580.897351, 226.195364, 
            583.016556, 226.195364, 585.135762, 228.314570, 
            587.254967, 230.433775, 591.493377, 230.433775, 
            595.731788, 230.433775, 597.850993, 232.552980, 
            599.970199, 234.672185, 602.089404, 234.672185, 
            604.208609, 234.672185, 606.327815, 234.672185, 
            608.447020, 234.672185, 610.566225, 234.672185, 
            612.685430, 236.791391, 614.804636, 236.791391, 
            616.923841, 236.791391, 619.043046, 236.791391, 
            623.281457, 236.791391, 625.400662, 238.910596, 
            625.400662, 238.910596, 627.519868, 238.910596, 
            631.758278, 238.910596, 633.877483, 238.910596, 
            635.996689, 238.910596, 638.115894, 238.910596, 
            640.235099, 238.910596, 642.354305, 236.791391, 
            644.473510, 234.672185, 646.592715, 234.672185, 
            648.711921, 232.552980, 648.711921, 232.552980, 
            652.950331, 232.552980, 655.069536, 230.433775, 
            655.069536, 228.314570, 659.307947, 228.314570, 
            663.546358, 226.195364, 665.665563, 226.195364, 
            667.784768, 226.195364, 669.903974, 224.076159, 
            672.023179, 221.956954, 674.142384, 221.956954, 
            676.261589, 219.837748, 678.380795, 219.837748, 
            680.500000, 219.837748, 682.619205, 217.718543, 
            682.619205, 217.718543, 684.738411, 217.718543, 
            688.976821, 217.718543, 691.096026, 217.718543, 
            693.215232, 217.718543, 695.334437, 215.599338, 
            695.334437, 215.599338, 699.572848, 213.480132, 
            699.572848, 211.360927, 703.811258, 209.241722, 
            703.811258, 207.122517, 705.930464, 205.003311, 
            708.049669, 196.526490, 712.288079, 190.168874, 
            714.407285, 185.930464, 714.407285, 181.692053, 
            716.526490, 179.572848, 716.526490, 177.453642, 
            716.526490, 175.334437, 718.645695, 37.586093, 
            718.645695, 35.466887, 718.645695, 33.347682, 
            718.645695, 29.109272, 716.526490, 24.870861, 
            716.526490, 22.751656, 714.407285, 18.513245, 
            712.288079, 14.274834, 708.049669, 14.274834, 
            705.930464, 12.155629, 705.930464, 10.036424, 
            701.692053, 10.036424, 699.572848, 10.036424, 
            697.453642, 10.036424, 693.215232, 7.917219, 
            688.976821, 7.917219, 686.857616, 7.917219, 
            684.738411, 5.798013, 680.500000, 5.798013, 
            678.380795, 5.798013, 676.261589, 5.798013, 
            672.023179, 5.798013, 667.784768, 5.798013, 
            665.665563, 5.798013, 659.307947, 3.678808, 
            655.069536, 3.678808, 650.831126, 3.678808, 
            648.711921, 3.678808, 646.592715, 3.678808, 
            642.354305, 3.678808, 640.235099, 3.678808, 
            635.996689, 3.678808, 633.877483, 3.678808, 
            631.758278, 3.678808, 629.639073, 3.678808, 
            627.519868, 3.678808, 625.400662, 3.678808, 
            621.162252, 3.678808, 619.043046, 5.798013, 
            619.043046, 5.798013, 616.923841, 5.798013, 
            614.804636, 5.798013, 610.566225, 7.917219, 
            608.447020, 7.917219, 606.327815, 7.917219, 
            604.208609, 7.917219, 602.089404, 10.036424, 
            599.970199, 10.036424, 597.850993, 12.155629, 
            595.731788, 12.155629, 593.612583, 12.155629, 
            591.493377, -1.000000, -1.000000, 1046.327815, 
            441.029801, 1048.447020, 441.029801, 1050.566225, 
            445.268212, 1052.685430, 447.387417, 1056.923841, 
            451.625828, 1056.923841, 453.745033, 1059.043046, 
            455.864238, 1063.281457, 460.102649, 1065.400662, 
            462.221854, 1067.519868, 464.341060, 1069.639073, 
            466.460265, 1071.758278, 468.579470, 1075.996689, 
            470.698675, 1080.235099, 472.817881, 1082.354305, 
            474.937086, 1086.592715, 479.175497, 1095.069536, 
            483.413907, 1095.069536, 485.533113, 1099.307947, 
            485.533113, 1101.427152, 489.771523, 1103.546358, 
            489.771523, 1105.665563, 491.890728, 1105.665563, 
            494.009934, 1107.784768, 494.009934, 1109.903974, 
            496.129139, 1112.023179, 498.248344, 1114.142384, 
            498.248344, 1116.261589, 500.367550, 1118.380795, 
            502.486755, 1120.500000, 502.486755, 1122.619205, 
            504.605960, 1126.857616, 506.725166, 1128.976821, 
            508.844371, 1131.096026, 510.963576, 1135.334437, 
            515.201987, 1137.453642, 517.321192, 1141.692053, 
            519.440397, 1145.930464, 523.678808, 1148.049669, 
            525.798013, 1152.288079, 530.036424, 1158.645695, 
            532.155629, 1158.645695, 534.274834, 1162.884106, 
            536.394040, 1167.122517, 538.513245, 1169.241722, 
            540.632450, 1171.360927, 540.632450, 1173.480132, 
            540.632450, 1175.599338, 542.751656, 1177.718543, 
            544.870861, 1179.837748, 544.870861, 1181.956954, 
            544.870861, 1186.195364, 546.990066, 1190.433775, 
            549.109272, 1194.672185, 549.109272, 1196.791391, 
            549.109272, 1198.910596, 551.228477, 1203.149007, 
            553.347682, 1205.268212, 553.347682, 1207.387417, 
            555.466887, 1211.625828, 557.586093, 1211.625828, 
            559.705298, 1213.745033, 559.705298, 1217.983444, 
            563.943709, 1220.102649, 563.943709, 1224.341060, 
            568.182119, 1228.579470, 572.420530, 1232.817881, 
            572.420530, 1234.937086, 576.658940, 1237.056291, 
