%YAML:1.0
    mask: !!opencv-matrix
        rows: 304
        cols: 2
        dt: f
        data: [ -1.000000, -1.000000, -1.000000, 
            -1.000000, 676.788660, 221.283505, 671.510309, 
            221.283505, 670.190722, 221.283505, 667.551546, 
            221.283505, 663.592784, 222.603093, 659.634021, 
            225.242268, 659.634021, 226.561856, 656.994845, 
            226.561856, 653.036082, 229.201031, 649.077320, 
            230.520619, 645.118557, 231.840206, 639.840206, 
            231.840206, 634.561856, 233.159794, 630.603093, 
            233.159794, 626.644330, 233.159794, 625.324742, 
            233.159794, 624.005155, 234.479381, 622.685567, 
            234.479381, 621.365979, 235.798969, 620.046392, 
            235.798969, 620.046392, 237.118557, 618.726804, 
            238.438144, 616.087629, 241.077320, 610.809278, 
            245.036082, 609.489691, 246.355670, 609.489691, 
            247.675258, 609.489691, 250.314433, 608.170103, 
            250.314433, 609.489691, 250.314433, 612.128866, 
            250.314433, 618.726804, 252.953608, 622.685567, 
            252.953608, 624.005155, 252.953608, 625.324742, 
            252.953608, 626.644330, 251.634021, 629.283505, 
            248.994845, 633.242268, 246.355670, 635.881443, 
            245.036082, 637.201031, 245.036082, 638.520619, 
            245.036082, 639.840206, 245.036082, 641.159794, 
            245.036082, 642.479381, 245.036082, 643.798969, 
            246.355670, 643.798969, 247.675258, 643.798969, 
            250.314433, 643.798969, 252.953608, 642.479381, 
            254.273196, 639.840206, 256.912371, 638.520619, 
            259.551546, 634.561856, 264.829897, 627.963918, 
            268.788660, 624.005155, 268.788660, 622.685567, 
            270.108247, 620.046392, 270.108247, 613.448454, 
            272.747423, 598.932990, 274.067010, 596.293814, 
            274.067010, 591.015464, 274.067010, 587.056701, 
            275.386598, 584.417526, 275.386598, 583.097938, 
            275.386598, 583.097938, 276.706186, 581.778351, 
            276.706186, 580.458763, 278.025773, 579.139175, 
            278.025773, 577.819588, 279.345361, 576.500000, 
            280.664948, 571.221649, 281.984536, 569.902062, 
            281.984536, 569.902062, 283.304124, 568.582474, 
            283.304124, 567.262887, 284.623711, 565.943299, 
            284.623711, 564.623711, 285.943299, 561.984536, 
            287.262887, 560.664948, 288.582474, 558.025773, 
            289.902062, 556.706186, 291.221649, 555.386598, 
            292.541237, 552.747423, 295.180412, 551.427835, 
            297.819588, 550.108247, 297.819588, 550.108247, 
            299.139175, 550.108247, 300.458763, 550.108247, 
            301.778351, 550.108247, 303.097938, 550.108247, 
            304.417526, 550.108247, 305.737113, 552.747423, 
            305.737113, 554.067010, 308.376289, 555.386598, 
            308.376289, 558.025773, 311.015464, 559.345361, 
            311.015464, 560.664948, 312.335052, 563.304124, 
            313.654639, 565.943299, 313.654639, 571.221649, 
            314.974227, 572.541237, 316.293814, 573.860825, 
            316.293814, 577.819588, 316.293814, 580.458763, 
            317.613402, 587.056701, 317.613402, 594.974227, 
            320.252577, 598.932990, 320.252577, 601.572165, 
            320.252577, 610.809278, 320.252577, 616.087629, 
            320.252577, 618.726804, 320.252577, 621.365979, 
            320.252577, 624.005155, 320.252577, 629.283505, 
            320.252577, 630.603093, 320.252577, 635.881443, 
            320.252577, 642.479381, 318.932990, 645.118557, 
            318.932990, 646.438144, 318.932990, 650.396907, 
            317.613402, 654.355670, 316.293814, 656.994845, 
            314.974227, 664.912371, 312.335052, 668.871134, 
            308.376289, 675.469072, 304.417526, 678.108247, 
            303.097938, 679.427835, 301.778351, 687.345361, 
            297.819588, 692.623711, 295.180412, 696.582474, 
            293.860825, 699.221649, 292.541237, 699.221649, 
            291.221649, 701.860825, 288.582474, 703.180412, 
            285.943299, 704.500000, 284.623711, 704.500000, 
            283.304124, 709.778351, 274.067010, 711.097938, 
            272.747423, 713.737113, 270.108247, 713.737113, 
            268.788660, 713.737113, 267.469072, 713.737113, 
            264.829897, 715.056701, 260.871134, 719.015464, 
            250.314433, 719.015464, 247.675258, 720.335052, 
            243.716495, 720.335052, 241.077320, 720.335052, 
            237.118557, -1.000000, -1.000000, 499.963918, 
            268.788660, 493.365979, 268.788660, 492.046392, 
            268.788660, 490.726804, 268.788660, 489.407216, 
            268.788660, 488.087629, 268.788660, 488.087629, 
            270.108247, 488.087629, 271.427835, 488.087629, 
            272.747423, 489.407216, 272.747423, 490.726804, 
            274.067010, 493.365979, 274.067010, 497.324742, 
            275.386598, 501.283505, 275.386598, 505.242268, 
            276.706186, 509.201031, 276.706186, 515.798969, 
            279.345361, 518.438144, 279.345361, 522.396907, 
            280.664948, 526.355670, 283.304124, 528.994845, 
            284.623711, 535.592784, 287.262887, 538.231959, 
            288.582474, 539.551546, 288.582474, 542.190722, 
            288.582474, 546.149485, 291.221649, 546.149485, 
            292.541237, 544.829897, 295.180412, 540.871134, 
            297.819588, 538.231959, 299.139175, 530.314433, 
            303.097938, 528.994845, 305.737113, 525.036082, 
            307.056701, 523.716495, 307.056701, 522.396907, 
            308.376289, 521.077320, 308.376289, 519.757732, 
            308.376289, 515.798969, 309.695876, 514.479381, 
            311.015464, 509.201031, 312.335052, 505.242268, 
            313.654639, 502.603093, 314.974227, 501.283505, 
            314.974227, 498.644330, 316.293814, 494.685567, 
            316.293814, 492.046392, 317.613402, 492.046392, 
            318.932990, 490.726804, 318.932990, 489.407216, 
            320.252577, 488.087629, 320.252577, 484.128866, 
            321.572165, 482.809278, 321.572165, 481.489691, 
            321.572165, 480.170103, 321.572165, 478.850515, 
            321.572165, 476.211340, 321.572165, 474.891753, 
            321.572165, 473.572165, 321.572165, 472.252577, 
            321.572165, 470.932990, 321.572165, 469.613402, 
            321.572165, 466.974227, 321.572165, 464.335052, 
            321.572165, 461.695876, 321.572165, 459.056701, 
            321.572165, 455.097938, 321.572165, 453.778351, 
            321.572165, 449.819588, 320.252577, 448.500000, 
            320.252577, 447.180412, 318.932990, 441.902062, 
            317.613402, 440.582474, 316.293814, 439.262887, 
            313.654639, 433.984536, 313.654639, 432.664948, 
            312.335052, 431.345361, 311.015464, 431.345361, 
            309.695876, 431.345361, 308.376289, 431.345361, 
            307.056701, 431.345361, 304.417526, 431.345361, 
            303.097938, 431.345361, 301.778351, 431.345361, 
            300.458763, 430.025773, 296.500000, 430.025773, 
            295.180412, 430.025773, 293.860825, 430.025773, 
            292.541237, 428.706186, 289.902062, 428.706186, 
            288.582474, 428.706186, 285.943299, 428.706186, 
            283.304124, 428.706186, 280.664948, 428.706186, 
            278.025773, 428.706186, 274.067010, 430.025773, 
            271.427835, 431.345361, 270.108247, 431.345361, 
            267.469072, 432.664948, 264.829897, 432.664948, 
            263.510309, 432.664948, 260.871134, 432.664948, 
            259.551546, 435.304124, 255.592784, 435.304124, 
            252.953608, 436.623711, 248.994845, 439.262887, 
            246.355670, 441.902062, 239.757732, 441.902062, 
            238.438144, 443.221649, 235.798969, 444.541237, 
            234.479381, 444.541237, 233.159794, 445.860825, 
