%YAML:1.0
    mask: !!opencv-matrix
        rows: 210
        cols: 2
        dt: f
        data: [ 142.355670, 716.128866, 142.355670, 
            714.809278, 142.355670, 713.489691, 146.314433, 
            696.335052, 154.231959, 685.778351, 162.149485, 
            680.500000, 166.108247, 675.221649, 168.747423, 
            675.221649, 170.067010, 671.262887, 174.025773, 
            664.664948, 177.984536, 663.345361, 181.943299, 
            658.067010, 184.582474, 656.747423, 184.582474, 
            656.747423, 184.582474, 672.582474, 183.262887, 
            679.180412, 183.262887, 679.180412, 183.262887, 
            688.417526, 187.221649, 697.654639, 188.541237, 
            700.293814, 203.056701, 687.097938, 222.850515, 
            652.788660, 225.489691, 650.149485, 240.005155, 
            635.634021, 253.201031, 629.036082, 255.840206, 
            629.036082, 258.479381, 639.592784, 258.479381, 
            639.592784, 259.798969, 640.912371, 261.118557, 
            643.551546, 261.118557, 644.871134, 278.273196, 
            631.675258, 309.943299, 607.922680, 320.500000, 
            594.726804, 320.500000, 594.726804, 320.500000, 
            598.685567, 325.778351, 611.881443, 327.097938, 
            618.479381, 327.097938, 630.355670, 321.819588, 
            647.510309, 321.819588, 647.510309, 336.335052, 
            629.036082, 353.489691, 610.561856, 358.768041, 
            610.561856, 361.407216, 630.355670, 361.407216, 
            634.314433, 352.170103, 651.469072, 344.252577, 
            672.582474, 337.654639, 687.097938, 337.654639, 
            695.015464, 333.695876, 700.293814, 332.376289, 
            706.891753, 331.056701, 706.891753, 331.056701, 
            708.211340, 331.056701, 709.530928, 331.056701, 
            710.850515, 329.737113, 710.850515, 328.417526, 
            712.170103, 328.417526, 712.170103, -1.000000, 
            -1.000000, 736.170103, 709.530928, 736.170103, 
            709.530928, 736.170103, 706.891753, 734.850515, 
            691.056701, 734.850515, 676.541237, 734.850515, 
            673.902062, 734.850515, 664.664948, 734.850515, 
            659.386598, 734.850515, 651.469072, 734.850515, 
            647.510309, 738.809278, 646.190722, 740.128866, 
            646.190722, 744.087629, 643.551546, 745.407216, 
            640.912371, 748.046392, 640.912371, 753.324742, 
            648.829897, 758.603093, 659.386598, 759.922680, 
            664.664948, 770.479381, 687.097938, 778.396907, 
            698.974227, 778.396907, 700.293814, 788.953608, 
            708.211340, 790.273196, 704.252577, 788.953608, 
            691.056701, 788.953608, 688.417526, 788.953608, 
            667.304124, 790.273196, 635.634021, 790.273196, 
            634.314433, 791.592784, 632.994845, 792.912371, 
            632.994845, 792.912371, 631.675258, 795.551546, 
            631.675258, 798.190722, 631.675258, 803.469072, 
            635.634021, 810.067010, 648.829897, 814.025773, 
            652.788660, 817.984536, 667.304124, 824.582474, 
            672.582474, 837.778351, 689.737113, 837.778351, 
            691.056701, 837.778351, 692.376289, 840.417526, 
            669.943299, 840.417526, 643.551546, 840.417526, 
            642.231959, 858.891753, 643.551546, 862.850515, 
            654.108247, 864.170103, 665.984536, 876.046392, 
            698.974227, 877.365979, 700.293814, 877.365979, 
            700.293814, 882.644330, 705.572165, 883.963918, 
            706.891753, 885.283505, 706.891753, 886.603093, 
            704.252577, 894.520619, 695.015464, 894.520619, 
            692.376289, 899.798969, 688.417526, 903.757732, 
            688.417526, 911.675258, 696.335052, 912.994845, 
            702.932990, 912.994845, 704.252577, 912.994845, 
            709.530928, 909.036082, 710.850515, 898.479381, 
            710.850515, 893.201031, 710.850515, 890.561856, 
            710.850515, 889.242268, 710.850515, 880.005155, 
            712.170103, 860.211340, 714.809278, 837.778351, 
            716.128866, 814.025773, 716.128866, 803.469072, 
            716.128866, 802.149485, 716.128866, 796.871134, 
            716.128866, 784.994845, 716.128866, 778.396907, 
            716.128866, 778.396907, 716.128866, -1.000000, 
            -1.000000, 715.056701, 225.242268, 713.737113, 
            226.561856, 709.778351, 230.520619, 700.541237, 
            242.396907, 684.706186, 252.953608, 674.149485, 
            259.551546, 668.871134, 262.190722, 667.551546, 
            263.510309, 658.314433, 270.108247, 649.077320, 
            276.706186, 642.479381, 281.984536, 641.159794, 
            287.262887, 638.520619, 291.221649, 646.438144, 
            291.221649, 651.716495, 283.304124, 663.592784, 
            278.025773, 671.510309, 276.706186, 672.829897, 
            278.025773, 672.829897, 279.345361, 672.829897, 
            293.860825, 672.829897, 328.170103, 680.747423, 
            359.840206, 682.067010, 359.840206, 695.262887, 
            359.840206, 730.891753, 344.005155, 732.211340, 
            342.685567, 740.128866, 333.448454, 753.324742, 
            312.335052, 761.242268, 300.458763, 763.881443, 
            304.417526, 763.881443, 318.932990, 767.840206, 
            328.170103, 787.634021, 309.695876, 787.634021, 
            304.417526, 781.036082, 246.355670, 758.603093, 
            225.242268, 757.283505, 225.242268, 753.324742, 
            225.242268, -1.000000, -1.000000, 395.716495, 
            263.510309, 395.716495, 264.829897, 378.561856, 
            288.582474, 375.922680, 292.541237, 362.726804, 
            311.015464, 353.489691, 326.850515, 350.850515, 
            338.726804, 350.850515, 345.324742, 350.850515, 
            346.644330, 362.726804, 336.087629, 385.159794, 
            312.335052, 386.479381, 320.252577, 378.561856, 
            359.840206, 375.922680, 370.396907, 375.922680, 
            374.355670, 389.118557, 383.592784, 403.634021, 
            369.077320, 410.231959, 367.757732, 420.788660, 
            374.355670, 427.386598, 374.355670, 435.304124, 
            370.396907, 445.860825, 367.757732, 448.500000, 
            362.479381, 448.500000, 359.840206, 445.860825, 
            328.170103, 443.221649, 304.417526, 440.582474, 
            288.582474, 435.304124, 248.994845, 432.664948, 
            243.716495, 430.025773, 242.396907, 415.510309, 
            234.479381, 410.231959, 233.159794, 410.231959, 
            234.479381]
