%YAML:1.0
    mask: !!opencv-matrix
        rows: 207
        cols: 2
        dt: f
        data: [ -1.000000, -1.000000, -1.000000, 
            -1.000000, 387.798969, 164.541237, 385.159794, 
            169.819588, 382.520619, 172.458763, 381.201031, 
            175.097938, 377.242268, 179.056701, 375.922680, 
            180.376289, 374.603093, 180.376289, 373.283505, 
            184.335052, 371.963918, 184.335052, 371.963918, 
            186.974227, 370.644330, 188.293814, 369.324742, 
            194.891753, 366.685567, 198.850515, 366.685567, 
            201.489691, 366.685567, 202.809278, 369.324742, 
            204.128866, 370.644330, 206.768041, 371.963918, 
            208.087629, 374.603093, 208.087629, 375.922680, 
            209.407216, 385.159794, 210.726804, 390.438144, 
            212.046392, 391.757732, 212.046392, 395.716495, 
            214.685567, 398.355670, 216.005155, 402.314433, 
            218.644330, 404.953608, 219.963918, 407.592784, 
            222.603093, 408.912371, 222.603093, 412.871134, 
            226.561856, 415.510309, 227.881443, 419.469072, 
            229.201031, 422.108247, 230.520619, 422.108247, 
            231.840206, 423.427835, 231.840206, 424.747423, 
            231.840206, 426.067010, 231.840206, 427.386598, 
            231.840206, 427.386598, 230.520619, 435.304124, 
            227.881443, 440.582474, 227.881443, 444.541237, 
            227.881443, 448.500000, 227.881443, 449.819588, 
            227.881443, 452.458763, 229.201031, 465.654639, 
            237.118557, 468.293814, 239.757732, 469.613402, 
            239.757732, 470.932990, 238.438144, 472.252577, 
            233.159794, 473.572165, 223.922680, 473.572165, 
            221.283505, 473.572165, 219.963918, 474.891753, 
            218.644330, 476.211340, 217.324742, 476.211340, 
            216.005155, 477.530928, 214.685567, 480.170103, 
            213.365979, 480.170103, 210.726804, 481.489691, 
            208.087629, 481.489691, 205.448454, 481.489691, 
            204.128866, 481.489691, 202.809278, 481.489691, 
            201.489691, 480.170103, 200.170103, 477.530928, 
            200.170103, 474.891753, 200.170103, 472.252577, 
            200.170103, 466.974227, 198.850515, 460.376289, 
            196.211340, 457.737113, 196.211340, 444.541237, 
            192.252577, 443.221649, 190.932990, 441.902062, 
            190.932990, 439.262887, 189.613402, 435.304124, 
            186.974227, 432.664948, 184.335052, 428.706186, 
            183.015464, 423.427835, 180.376289, 410.231959, 
            172.458763, 407.592784, 171.139175, 406.273196, 
            171.139175, -1.000000, -1.000000, 480.170103, 
            172.458763, 480.170103, 181.695876, 482.809278, 
            193.572165, 488.087629, 205.448454, 489.407216, 
            208.087629, 492.046392, 212.046392, 496.005155, 
            217.324742, 497.324742, 218.644330, 503.922680, 
            223.922680, 511.840206, 230.520619, 515.798969, 
            234.479381, 521.077320, 239.757732, 526.355670, 
            245.036082, 530.314433, 247.675258, 534.273196, 
            250.314433, 539.551546, 252.953608, 547.469072, 
            258.231959, 552.747423, 262.190722, 556.706186, 
            263.510309, 565.943299, 266.149485, 581.778351, 
            271.427835, 587.056701, 272.747423, 594.974227, 
            278.025773, 594.974227, 279.345361, 597.613402, 
            283.304124, 602.891753, 289.902062, 606.850515, 
            293.860825, 609.489691, 296.500000, 610.809278, 
            297.819588, 620.046392, 304.417526, 624.005155, 
            308.376289, 626.644330, 309.695876, 627.963918, 
            309.695876, 630.603093, 309.695876, 633.242268, 
            309.695876, 635.881443, 309.695876, 637.201031, 
            309.695876, 642.479381, 309.695876, 643.798969, 
            309.695876, 647.757732, 309.695876, 651.716495, 
            313.654639, 654.355670, 316.293814, 655.675258, 
            317.613402, 655.675258, 318.932990, 655.675258, 
            321.572165, 649.077320, 325.530928, 646.438144, 
            326.850515, 643.798969, 328.170103, 643.798969, 
            330.809278, 643.798969, 332.128866, 643.798969, 
            333.448454, 643.798969, 334.768041, 645.118557, 
            336.087629, 650.396907, 342.685567, 654.355670, 
            345.324742, 659.634021, 346.644330, 666.231959, 
            346.644330, 670.190722, 347.963918, 675.469072, 
            350.603093, 678.108247, 351.922680, 678.108247, 
            353.242268, 679.427835, 354.561856, 680.747423, 
            355.881443, 682.067010, 355.881443, 684.706186, 
            355.881443, 688.664948, 355.881443, 692.623711, 
            355.881443, 693.943299, 355.881443, 699.221649, 
            355.881443, 711.097938, 345.324742, 713.737113, 
            342.685567, 716.376289, 338.726804, 724.293814, 
            326.850515, 724.293814, 324.211340, 724.293814, 
            320.252577, 729.572165, 311.015464, 734.850515, 
            305.737113, 737.489691, 300.458763, 738.809278, 
            296.500000, 741.448454, 291.221649, 741.448454, 
            289.902062, 741.448454, 276.706186, 741.448454, 
            264.829897, 740.128866, 254.273196, 736.170103, 
            245.036082, 734.850515, 243.716495, 732.211340, 
            237.118557, 728.252577, 231.840206, 728.252577, 
            230.520619, 722.974227, 218.644330, 719.015464, 
            212.046392, 711.097938, 196.211340, 707.139175, 
            190.932990, 704.500000, 184.335052, 697.902062, 
            171.139175, 693.943299, 163.221649, 692.623711, 
            160.582474, 692.623711, 159.262887, 691.304124, 
            159.262887, 678.108247, 156.623711, 663.592784, 
            150.025773, 651.716495, 143.427835, 650.396907, 
            142.108247, 649.077320, 140.788660, 638.520619, 
            136.829897, 634.561856, 135.510309, 630.603093, 
            134.190722, 617.407216, 130.231959, 609.489691, 
            128.912371, 605.530928, 127.592784, 588.376289, 
            122.314433, 584.417526, 119.675258, 576.500000, 
            117.036082, 565.943299, 113.077320, 561.984536, 
            111.757732, 559.345361, 109.118557, 555.386598, 
            106.479381, 551.427835, 105.159794, 546.149485, 
            103.840206, 542.190722, 103.840206, 536.912371, 
            103.840206, 532.953608, 103.840206]
