%YAML:1.0
    mask: !!opencv-matrix
        rows: 352
        cols: 2
        dt: f
        data: [ -1.000000, -1.000000, 918.273196, 
            594.726804, 911.675258, 594.726804, 909.036082, 
            594.726804, 906.396907, 594.726804, 901.118557, 
            594.726804, 899.798969, 594.726804, 898.479381, 
            594.726804, 897.159794, 593.407216, 895.840206, 
            590.768041, 895.840206, 589.448454, 893.201031, 
            589.448454, 878.685567, 593.407216, 876.046392, 
            594.726804, 873.407216, 594.726804, 869.448454, 
            594.726804, 861.530928, 594.726804, 857.572165, 
            594.726804, 854.932990, 594.726804, 853.613402, 
            594.726804, 852.293814, 594.726804, 848.335052, 
            593.407216, 844.376289, 588.128866, 836.458763, 
            582.850515, 832.500000, 578.891753, 829.860825, 
            576.252577, 829.860825, 573.613402, 828.541237, 
            572.293814, 828.541237, 570.974227, 825.902062, 
            564.376289, 824.582474, 564.376289, 819.304124, 
            563.056701, 811.386598, 560.417526, 810.067010, 
            560.417526, 808.747423, 560.417526, 806.108247, 
            560.417526, 802.149485, 560.417526, 796.871134, 
            560.417526, 795.551546, 560.417526, 794.231959, 
            560.417526, 792.912371, 560.417526, 787.634021, 
            560.417526, 779.716495, 560.417526, 771.798969, 
            560.417526, 766.520619, 559.097938, 762.561856, 
            557.778351, 759.922680, 552.500000, 759.922680, 
            551.180412, 759.922680, 549.860825, 757.283505, 
            545.902062, 755.963918, 541.943299, 755.963918, 
            540.623711, 754.644330, 537.984536, 754.644330, 
            532.706186, 754.644330, 528.747423, 754.644330, 
            527.427835, 754.644330, 524.788660, 755.963918, 
            522.149485, 758.603093, 520.829897, 762.561856, 
            520.829897, 765.201031, 520.829897, 769.159794, 
            520.829897, 773.118557, 519.510309, 774.438144, 
            519.510309, 775.757732, 518.190722, 778.396907, 
            514.231959, 782.355670, 508.953608, 783.675258, 
            506.314433, 788.953608, 495.757732, 791.592784, 
            491.798969, 794.231959, 485.201031, 799.510309, 
            475.963918, 800.829897, 473.324742, 807.427835, 
            458.809278, 807.427835, 457.489691, 812.706186, 
            449.572165, 815.345361, 444.293814, 821.943299, 
            433.737113, 825.902062, 428.458763, 827.221649, 
            428.458763, 828.541237, 427.139175, 829.860825, 
            424.500000, 832.500000, 421.860825, 835.139175, 
            420.541237, 836.458763, 420.541237, 841.737113, 
            417.902062, 843.056701, 417.902062, 845.695876, 
            417.902062, 852.293814, 416.582474, 853.613402, 
            416.582474, 854.932990, 416.582474, 856.252577, 
            416.582474, 858.891753, 416.582474, 864.170103, 
            416.582474, 866.809278, 416.582474, 880.005155, 
            421.860825, 885.283505, 427.139175, 898.479381, 
            436.376289, 907.716495, 441.654639, 909.036082, 
            441.654639, 919.592784, 442.974227, 931.469072, 
            449.572165, 948.623711, 457.489691, 952.582474, 
            460.128866, 959.180412, 462.768041, 963.139175, 
            466.726804, 973.695876, 472.005155, 976.335052, 
            474.644330, 978.974227, 475.963918, 981.613402, 
            478.603093, 993.489691, 490.479381, 998.768041, 
            494.438144, 1000.087629, 497.077320, 1000.087629, 
            498.396907, 1004.046392, 507.634021, 1005.365979, 
            514.231959, 1010.644330, 522.149485, 1013.283505, 
            528.747423, 1017.242268, 537.984536, 1019.881443, 
            540.623711, 1019.881443, 541.943299, -1.000000, 
            -1.000000, 671.510309, 278.025773, 663.592784, 
            284.623711, 655.675258, 288.582474, 642.479381, 
            296.500000, 635.881443, 300.458763, 630.603093, 
            303.097938, 627.963918, 304.417526, 627.963918, 
            305.737113, 624.005155, 308.376289, 618.726804, 
            309.695876, 612.128866, 313.654639, 609.489691, 
            314.974227, 601.572165, 321.572165, 594.974227, 
            324.211340, 589.695876, 328.170103, 588.376289, 
            329.489691, 587.056701, 330.809278, 585.737113, 
            333.448454, 584.417526, 337.407216, 584.417526, 
            338.726804, 584.417526, 341.365979, 583.097938, 
            345.324742, 583.097938, 346.644330, 583.097938, 
            349.283505, 583.097938, 353.242268, 583.097938, 
            361.159794, 588.376289, 376.994845, 588.376289, 
            379.634021, 589.695876, 383.592784, 591.015464, 
            386.231959, 591.015464, 388.871134, 592.335052, 
            388.871134, 592.335052, 390.190722, 593.654639, 
            391.510309, 594.974227, 391.510309, 596.293814, 
            391.510309, 597.613402, 391.510309, 598.932990, 
            388.871134, 600.252577, 387.551546, 604.211340, 
            382.273196, 605.530928, 379.634021, 612.128866, 
            369.077320, 626.644330, 350.603093, 633.242268, 
            341.365979, 639.840206, 336.087629, 642.479381, 
            330.809278, 645.118557, 329.489691, 646.438144, 
            324.211340, 646.438144, 326.850515, 646.438144, 
            341.365979, 641.159794, 357.201031, 638.520619, 
            363.798969, 629.283505, 376.994845, 627.963918, 
            379.634021, 626.644330, 386.231959, 626.644330, 
            387.551546, 626.644330, 390.190722, 626.644330, 
            391.510309, 627.963918, 391.510309, 633.242268, 
            391.510309, 635.881443, 391.510309, 641.159794, 
            388.871134, 646.438144, 384.912371, 646.438144, 
            380.953608, 650.396907, 373.036082, 651.716495, 
            369.077320, 662.273196, 354.561856, 667.551546, 
            346.644330, 678.108247, 337.407216, 682.067010, 
            334.768041, 686.025773, 333.448454, 686.025773, 
            336.087629, 686.025773, 342.685567, 682.067010, 
            365.118557, 675.469072, 375.675258, 672.829897, 
            383.592784, 670.190722, 387.551546, 667.551546, 
            395.469072, 666.231959, 398.108247, 667.551546, 
            398.108247, 671.510309, 396.788660, 676.788660, 
            395.469072, 680.747423, 394.149485, 682.067010, 
            390.190722, 687.345361, 383.592784, 691.304124, 
            375.675258, 695.262887, 363.798969, 697.902062, 
            354.561856, 704.500000, 345.324742, 707.139175, 
            340.046392, 716.376289, 326.850515, 717.695876, 
            324.211340, 722.974227, 314.974227, 725.613402, 
            309.695876, 726.932990, 303.097938, 729.572165, 
            299.139175, 729.572165, 297.819588, 729.572165, 
            296.500000, 729.572165, 293.860825, 729.572165, 
            291.221649, 729.572165, 289.902062, 729.572165, 
            288.582474, 728.252577, 285.943299, 725.613402, 
            284.623711, 724.293814, 284.623711, -1.000000, 
            -1.000000, 382.520619, 252.953608, 382.520619, 
            260.871134, 382.520619, 268.788660, 382.520619, 
            288.582474, 382.520619, 292.541237, 382.520619, 
            296.500000, 382.520619, 300.458763, 382.520619, 
            304.417526, 387.798969, 309.695876, 395.716495, 
            317.613402, 403.634021, 324.211340, 410.231959, 
            328.170103, 415.510309, 334.768041, 419.469072, 
            338.726804, 424.747423, 345.324742, 431.345361, 
            351.922680, 433.984536, 359.840206, 436.623711, 
            363.798969, 439.262887, 366.438144, 441.902062, 
            367.757732, 443.221649, 369.077320, 445.860825, 
            371.716495, 452.458763, 374.355670, 453.778351, 
            375.675258, 457.737113, 375.675258, 460.376289, 
            375.675258, 464.335052, 375.675258, 466.974227, 
            371.716495, 469.613402, 366.438144, 470.932990, 
