%YAML:1.0
    mask: !!opencv-matrix
        rows: 1209
        cols: 2
        dt: f
        data: [ 5.798013, 650.831126, 7.917219, 
            650.831126, 7.917219, 648.711921, 10.036424, 
            648.711921, 12.155629, 648.711921, 14.274834, 
            648.711921, 16.394040, 648.711921, 16.394040, 
            646.592715, 18.513245, 646.592715, 20.632450, 
            646.592715, 22.751656, 646.592715, 24.870861, 
            646.592715, 26.990066, 644.473510, 29.109272, 
            644.473510, 29.109272, 642.354305, 31.228477, 
            642.354305, 33.347682, 642.354305, 35.466887, 
            642.354305, 37.586093, 642.354305, 39.705298, 
            640.235099, 41.824503, 640.235099, 43.943709, 
            640.235099, 43.943709, 638.115894, 48.182119, 
            635.996689, 56.658940, 635.996689, 63.016556, 
            633.877483, 67.254967, 631.758278, 71.493377, 
            631.758278, 75.731788, 631.758278, 77.850993, 
            631.758278, 79.970199, 629.639073, 84.208609, 
            627.519868, 86.327815, 627.519868, 88.447020, 
            627.519868, 90.566225, 627.519868, 92.685430, 
            625.400662, 94.804636, 625.400662, 96.923841, 
            625.400662, 99.043046, 625.400662, 101.162252, 
            625.400662, 103.281457, 625.400662, 105.400662, 
            625.400662, 109.639073, 625.400662, 111.758278, 
            623.281457, 115.996689, 623.281457, 118.115894, 
            623.281457, 120.235099, 623.281457, 122.354305, 
            623.281457, 124.473510, 623.281457, 126.592715, 
            621.162252, 128.711921, 621.162252, 130.831126, 
            621.162252, 135.069536, 621.162252, 135.069536, 
            619.043046, 137.188742, 619.043046, 141.427152, 
            619.043046, 143.546358, 619.043046, 147.784768, 
            616.923841, 149.903974, 616.923841, 152.023179, 
            616.923841, 156.261589, 616.923841, 158.380795, 
            616.923841, 160.500000, 616.923841, 162.619205, 
            616.923841, 164.738411, 616.923841, 166.857616, 
            616.923841, 168.976821, 616.923841, 171.096026, 
            616.923841, 175.334437, 616.923841, 177.453642, 
            616.923841, 181.692053, 616.923841, 183.811258, 
            616.923841, 185.930464, 616.923841, 188.049669, 
            616.923841, 190.168874, 616.923841, 192.288079, 
            616.923841, 194.407285, 616.923841, 196.526490, 
            616.923841, 198.645695, 616.923841, 200.764901, 
            616.923841, 202.884106, 616.923841, 205.003311, 
            616.923841, 207.122517, 616.923841, 209.241722, 
            616.923841, 211.360927, 616.923841, 213.480132, 
            616.923841, 215.599338, 616.923841, 219.837748, 
            619.043046, 221.956954, 619.043046, 221.956954, 
            621.162252, 224.076159, 621.162252, 226.195364, 
            621.162252, 228.314570, 621.162252, 232.552980, 
            623.281457, 236.791391, 623.281457, 245.268212, 
            625.400662, 251.625828, 625.400662, 255.864238, 
            627.519868, 257.983444, 627.519868, 262.221854, 
            627.519868, 264.341060, 627.519868, 266.460265, 
            627.519868, 274.937086, 627.519868, 281.294702, 
            629.639073, 283.413907, 629.639073, 287.652318, 
            629.639073, 289.771523, 631.758278, 291.890728, 
            631.758278, 294.009934, 633.877483, 296.129139, 
            633.877483, 300.367550, 633.877483, 304.605960, 
            635.996689, 306.725166, 635.996689, 306.725166, 
            638.115894, 308.844371, 638.115894, 310.963576, 
            638.115894, 313.082781, 640.235099, 317.321192, 
            642.354305, 321.559603, 644.473510, 325.798013, 
            646.592715, 327.917219, 646.592715, 330.036424, 
            648.711921, 332.155629, 648.711921, 334.274834, 
            650.831126, 334.274834, 652.950331, 336.394040, 
            652.950331, 336.394040, 655.069536, 338.513245, 
            655.069536, 338.513245, 657.188742, 338.513245, 
            659.307947, 338.513245, 661.427152, 338.513245, 
            663.546358, 338.513245, 665.665563, 338.513245, 
            669.903974, 336.394040, 672.023179, 334.274834, 
            674.142384, 332.155629, 674.142384, 330.036424, 
            676.261589, 327.917219, 676.261589, 325.798013, 
            676.261589, 323.678808, 678.380795, 321.559603, 
            678.380795, 319.440397, 678.380795, 317.321192, 
            678.380795, 313.082781, 678.380795, 310.963576, 
            678.380795, 308.844371, 680.500000, 304.605960, 
            680.500000, 298.248344, 680.500000, 289.771523, 
            682.619205, 285.533113, 682.619205, 279.175497, 
            684.738411, 277.056291, 684.738411, 274.937086, 
            684.738411, 272.817881, 684.738411, 270.698675, 
            684.738411, 270.698675, 686.857616, 266.460265, 
            686.857616, 264.341060, 686.857616, 262.221854, 
            686.857616, 260.102649, 686.857616, 257.983444, 
            686.857616, 257.983444, 688.976821, 255.864238, 
            688.976821, 253.745033, 691.096026, 251.625828, 
            691.096026, 249.506623, 691.096026, 245.268212, 
            691.096026, 243.149007, 693.215232, 241.029801, 
            693.215232, 238.910596, 693.215232, 236.791391, 
            693.215232, 234.672185, 693.215232, 232.552980, 
            693.215232, 230.433775, 695.334437, 226.195364, 
            697.453642, 224.076159, 697.453642, 219.837748, 
            697.453642, 215.599338, 699.572848, 213.480132, 
            699.572848, 211.360927, 699.572848, 209.241722, 
            701.692053, 207.122517, 701.692053, 202.884106, 
            703.811258, 200.764901, 703.811258, 198.645695, 
            705.930464, 194.407285, 708.049669, 192.288079, 
            710.168874, 190.168874, 712.288079, 188.049669, 
            712.288079, 185.930464, 714.407285, 185.930464, 
            716.526490, 181.692053, 716.526490, 181.692053, 
            718.645695, 179.572848, 718.645695, -1.000000, 
            -1.000000, 404.208609, 436.791391, 404.208609, 
            434.672185, 404.208609, 432.552980, 404.208609, 
            428.314570, 404.208609, 426.195364, 404.208609, 
            424.076159, 404.208609, 421.956954, 404.208609, 
            419.837748, 404.208609, 417.718543, 404.208609, 
            415.599338, 404.208609, 411.360927, 404.208609, 
            409.241722, 404.208609, 407.122517, 404.208609, 
            398.645695, 404.208609, 396.526490, 404.208609, 
            394.407285, 404.208609, 392.288079, 404.208609, 
            390.168874, 404.208609, 385.930464, 404.208609, 
            383.811258, 404.208609, 381.692053, 404.208609, 
            379.572848, 404.208609, 377.453642, 404.208609, 
            375.334437, 404.208609, 373.215232, 406.327815, 
            368.976821, 406.327815, 366.857616, 406.327815, 
            364.738411, 406.327815, 362.619205, 406.327815, 
            360.500000, 406.327815, 358.380795, 406.327815, 
            356.261589, 408.447020, 356.261589, 408.447020, 
            354.142384, 408.447020, 352.023179, 408.447020, 
            349.903974, 410.566225, 349.903974, 410.566225, 
            347.784768, 410.566225, 345.665563, 410.566225, 
            343.546358, 412.685430, 341.427152, 412.685430, 
            339.307947, 412.685430, 337.188742, 414.804636, 
            335.069536, 414.804636, 332.950331, 416.923841, 
            330.831126, 419.043046, 328.711921, 419.043046, 
            326.592715, 419.043046, 324.473510, 419.043046, 
            322.354305, 421.162252, 320.235099, 421.162252, 
            318.115894, 423.281457, 315.996689, 425.400662, 
            313.877483, 427.519868, 311.758278, 429.639073, 
            309.639073, 431.758278, 307.519868, 433.877483, 
            307.519868, 435.996689, 307.519868, 438.115894, 
            305.400662, 440.235099, 305.400662, 442.354305, 
            305.400662, 444.473510, 305.400662, 446.592715, 
