%YAML:1.0
    mask: !!opencv-matrix
        rows: 860
        cols: 2
        dt: f
        data: [ 238.910596, 631.758278, 236.791391, 
            631.758278, 234.672185, 631.758278, 232.552980, 
            631.758278, 228.314570, 631.758278, 219.837748, 
            635.996689, 215.599338, 635.996689, 213.480132, 
            635.996689, 211.360927, 635.996689, 209.241722, 
            638.115894, 207.122517, 638.115894, 207.122517, 
            640.235099, 207.122517, 642.354305, 207.122517, 
            644.473510, 207.122517, 646.592715, 207.122517, 
            648.711921, 207.122517, 650.831126, 205.003311, 
            652.950331, 205.003311, 655.069536, 202.884106, 
            655.069536, 202.884106, 657.188742, 200.764901, 
            659.307947, 200.764901, 661.427152, 198.645695, 
            665.665563, 198.645695, 669.903974, 196.526490, 
            669.903974, 194.407285, 672.023179, 192.288079, 
            674.142384, 192.288079, 676.261589, 192.288079, 
            678.380795, 190.168874, 680.500000, 188.049669, 
            682.619205, 188.049669, 684.738411, 188.049669, 
            686.857616, 185.930464, 688.976821, 185.930464, 
            691.096026, 185.930464, 693.215232, 183.811258, 
            695.334437, 181.692053, 697.453642, 181.692053, 
            701.692053, 179.572848, 703.811258, 177.453642, 
            708.049669, 175.334437, 708.049669, 175.334437, 
            710.168874, 173.215232, 710.168874, 173.215232, 
            712.288079, 171.096026, 714.407285, 168.976821, 
            716.526490, 166.857616, 718.645695, 438.115894, 
            718.645695, 442.354305, 716.526490, 455.069536, 
            712.288079, 457.188742, 712.288079, 459.307947, 
            710.168874, 463.546358, 708.049669, 465.665563, 
            705.930464, 467.784768, 705.930464, 469.903974, 
            703.811258, 472.023179, 703.811258, 474.142384, 
            701.692053, 478.380795, 699.572848, 480.500000, 
            699.572848, 482.619205, 699.572848, 482.619205, 
            697.453642, 482.619205, 695.334437, 482.619205, 
            693.215232, 482.619205, 691.096026, 482.619205, 
            688.976821, 482.619205, 686.857616, 482.619205, 
            684.738411, 482.619205, 682.619205, 480.500000, 
            682.619205, 478.380795, 680.500000, 476.261589, 
            680.500000, 474.142384, 678.380795, 472.023179, 
            678.380795, 469.903974, 676.261589, 469.903974, 
            674.142384, 467.784768, 674.142384, 465.665563, 
            674.142384, 465.665563, 672.023179, 463.546358, 
            672.023179, 461.427152, 672.023179, 459.307947, 
            672.023179, 457.188742, 669.903974, 455.069536, 
            669.903974, 452.950331, 667.784768, 450.831126, 
            667.784768, 448.711921, 667.784768, 444.473510, 
            669.903974, 442.354305, 669.903974, 438.115894, 
            669.903974, 435.996689, 672.023179, 433.877483, 
            674.142384, 429.639073, 674.142384, 429.639073, 
            676.261589, 427.519868, 676.261589, 427.519868, 
            678.380795, 423.281457, 678.380795, 421.162252, 
            680.500000, 419.043046, 680.500000, 419.043046, 
            682.619205, 416.923841, 682.619205, 414.804636, 
            682.619205, 414.804636, 684.738411, 412.685430, 
            686.857616, 408.447020, 686.857616, 406.327815, 
            686.857616, 404.208609, 686.857616, 402.089404, 
            686.857616, 399.970199, 686.857616, 397.850993, 
            686.857616, 391.493377, 688.976821, 389.374172, 
            688.976821, 387.254967, 688.976821, 387.254967, 
            691.096026, 385.135762, 691.096026, 383.016556, 
            691.096026, 380.897351, 691.096026, 378.778146, 
            691.096026, 376.658940, 693.215232, 374.539735, 
            693.215232, 372.420530, 693.215232, 370.301325, 
            693.215232, 370.301325, 695.334437, 368.182119, 
            695.334437, 366.062914, 695.334437, 363.943709, 
            695.334437, 363.943709, 697.453642, 361.824503, 
            697.453642, 359.705298, 697.453642, 357.586093, 
            699.572848, 355.466887, 699.572848, 353.347682, 
            699.572848, 351.228477, 701.692053, 349.109272, 
            701.692053, 346.990066, 703.811258, 344.870861, 
            703.811258, 340.632450, 703.811258, 338.513245, 
            705.930464, 334.274834, 705.930464, 332.155629, 
            705.930464, 327.917219, 705.930464, 323.678808, 
            705.930464, 304.605960, 705.930464, 302.486755, 
            708.049669, 300.367550, 708.049669, 298.248344, 
            708.049669, 296.129139, 708.049669, 294.009934, 
            708.049669, 291.890728, 708.049669, 287.652318, 
            705.930464, 285.533113, 705.930464, 285.533113, 
            703.811258, 283.413907, 701.692053, 279.175497, 
            699.572848, 279.175497, 693.215232, 274.937086, 
            688.976821, 274.937086, 686.857616, 272.817881, 
            684.738411, 270.698675, 682.619205, 268.579470, 
            680.500000, 268.579470, 678.380795, 268.579470, 
            676.261589, 268.579470, 674.142384, 266.460265, 
            672.023179, 264.341060, 669.903974, 264.341060, 
            667.784768, 262.221854, 663.546358, 260.102649, 
            661.427152, 260.102649, 659.307947, 257.983444, 
            657.188742, 255.864238, 655.069536, 255.864238, 
            652.950331, 253.745033, 650.831126, 253.745033, 
            648.711921, 251.625828, 648.711921, 251.625828, 
            646.592715, 251.625828, 644.473510, 251.625828, 
            642.354305, 251.625828, 640.235099, 249.506623, 
            638.115894, 247.387417, 638.115894, 247.387417, 
            635.996689, 245.268212, 633.877483, 243.149007, 
            631.758278, 238.910596, 625.400662, 236.791391, 
            623.281457, -1.000000, -1.000000, 658.513245, 
            716.526490, 656.394040, 716.526490, 654.274834, 
            716.526490, 652.155629, 716.526490, 650.036424, 
            716.526490, 650.036424, 714.407285, 647.917219, 
            714.407285, 647.917219, 712.288079, 647.917219, 
            710.168874, 647.917219, 708.049669, 647.917219, 
            705.930464, 647.917219, 703.811258, 647.917219, 
            701.692053, 647.917219, 699.572848, 647.917219, 
            695.334437, 647.917219, 693.215232, 650.036424, 
            693.215232, 650.036424, 691.096026, 650.036424, 
            688.976821, 650.036424, 686.857616, 652.155629, 
            684.738411, 654.274834, 682.619205, 654.274834, 
            680.500000, 658.513245, 676.261589, 660.632450, 
            674.142384, 662.751656, 674.142384, 666.990066, 
            672.023179, 669.109272, 672.023179, 671.228477, 
            672.023179, 675.466887, 669.903974, 675.466887, 
            667.784768, 677.586093, 667.784768, 681.824503, 
            667.784768, 683.943709, 667.784768, 686.062914, 
            667.784768, 688.182119, 667.784768, 690.301325, 
            669.903974, 692.420530, 669.903974, 692.420530, 
            672.023179, 694.539735, 672.023179, 696.658940, 
            674.142384, 698.778146, 676.261589, 700.897351, 
            680.500000, 703.016556, 680.500000, 705.135762, 
            682.619205, 707.254967, 684.738411, 707.254967, 
            686.857616, 709.374172, 686.857616, 709.374172, 
            688.976821, 711.493377, 688.976821, 713.612583, 
            691.096026, 715.731788, 693.215232, 717.850993, 
            695.334437, 719.970199, 697.453642, 722.089404, 
            697.453642, 724.208609, 697.453642, 724.208609, 
            699.572848, 728.447020, 701.692053, 732.685430, 
            703.811258, 734.804636, 705.930464, 736.923841, 
            705.930464, 736.923841, 708.049669, 739.043046, 
            710.168874, 741.162252, 710.168874, 743.281457, 
            710.168874, 745.400662, 710.168874, 747.519868, 
            712.288079, 749.639073, 712.288079, 753.877483, 
