%YAML:1.0
    mask: !!opencv-matrix
        rows: 384
        cols: 2
        dt: f
        data: [ -1.000000, -1.000000, 664.912371, 
            717.448454, 671.510309, 714.809278, 674.149485, 
            713.489691, 678.108247, 712.170103, 680.747423, 
            712.170103, 682.067010, 712.170103, 683.386598, 
            710.850515, 684.706186, 710.850515, 683.386598, 
            709.530928, 680.747423, 708.211340, 679.427835, 
            706.891753, 678.108247, 706.891753, 676.788660, 
            705.572165, 671.510309, 702.932990, 667.551546, 
            701.613402, 666.231959, 700.293814, 664.912371, 
            697.654639, 663.592784, 696.335052, 663.592784, 
            695.015464, 663.592784, 693.695876, 662.273196, 
            693.695876, 662.273196, 691.056701, 662.273196, 
            688.417526, 662.273196, 685.778351, 662.273196, 
            683.139175, 662.273196, 681.819588, 663.592784, 
            680.500000, 667.551546, 676.541237, 671.510309, 
            673.902062, 674.149485, 668.623711, 676.788660, 
            668.623711, 679.427835, 667.304124, 683.386598, 
            665.984536, 687.345361, 664.664948, 691.304124, 
            663.345361, 695.262887, 662.025773, 697.902062, 
            662.025773, 700.541237, 662.025773, 708.458763, 
            662.025773, 713.737113, 662.025773, 719.015464, 
            662.025773, 722.974227, 662.025773, 726.932990, 
            662.025773, 729.572165, 662.025773, 734.850515, 
            662.025773, 740.128866, 662.025773, 748.046392, 
            663.345361, 752.005155, 665.984536, 755.963918, 
            667.304124, 759.922680, 668.623711, 763.881443, 
            669.943299, 766.520619, 671.262887, 769.159794, 
            673.902062, 771.798969, 675.221649, 773.118557, 
            676.541237, 774.438144, 677.860825, 777.077320, 
            679.180412, 779.716495, 680.500000, 782.355670, 
            681.819588, 782.355670, 683.139175, 783.675258, 
            684.458763, 787.634021, 687.097938, 790.273196, 
            689.737113, 794.231959, 693.695876, 799.510309, 
            697.654639, 802.149485, 701.613402, 803.469072, 
            702.932990, 806.108247, 705.572165, 808.747423, 
            708.211340, 810.067010, 710.850515, 812.706186, 
            713.489691, 812.706186, 714.809278, 812.706186, 
            716.128866, 814.025773, 716.128866, 815.345361, 
            718.768041, 816.664948, 718.768041, -1.000000, 
            -1.000000, 680.747423, 325.530928, 682.067010, 
            330.809278, 682.067010, 332.128866, 682.067010, 
            334.768041, 683.386598, 336.087629, 683.386598, 
            337.407216, 684.706186, 338.726804, 684.706186, 
            341.365979, 684.706186, 342.685567, 684.706186, 
            344.005155, 684.706186, 345.324742, 683.386598, 
            345.324742, 682.067010, 346.644330, 679.427835, 
            347.963918, 676.788660, 347.963918, 674.149485, 
            349.283505, 672.829897, 350.603093, 668.871134, 
            350.603093, 663.592784, 351.922680, 656.994845, 
            353.242268, 647.757732, 354.561856, 642.479381, 
            355.881443, 639.840206, 355.881443, 637.201031, 
            355.881443, 635.881443, 355.881443, 633.242268, 
            355.881443, 630.603093, 355.881443, 629.283505, 
            357.201031, 626.644330, 357.201031, 624.005155, 
            357.201031, 621.365979, 357.201031, 618.726804, 
            357.201031, 616.087629, 357.201031, 613.448454, 
            358.520619, 610.809278, 358.520619, 604.211340, 
            362.479381, 602.891753, 362.479381, 602.891753, 
            363.798969, 601.572165, 363.798969, 600.252577, 
            365.118557, 598.932990, 366.438144, 598.932990, 
            367.757732, 598.932990, 370.396907, 597.613402, 
            373.036082, 596.293814, 376.994845, 596.293814, 
            378.314433, 596.293814, 380.953608, 596.293814, 
            382.273196, 596.293814, 384.912371, 597.613402, 
            386.231959, 597.613402, 388.871134, 598.932990, 
            390.190722, 600.252577, 391.510309, 601.572165, 
            392.829897, 604.211340, 395.469072, 608.170103, 
            396.788660, 612.128866, 399.427835, 617.407216, 
            402.067010, 621.365979, 404.706186, 625.324742, 
            407.345361, 630.603093, 409.984536, 635.881443, 
            411.304124, 639.840206, 411.304124, 642.479381, 
            412.623711, 645.118557, 413.943299, 647.757732, 
            415.262887, 651.716495, 416.582474, 655.675258, 
            417.902062, 658.314433, 420.541237, 664.912371, 
            421.860825, 670.190722, 423.180412, 674.149485, 
            424.500000, 676.788660, 427.139175, 678.108247, 
            427.139175, 686.025773, 429.778351, 688.664948, 
            431.097938, 691.304124, 432.417526, 693.943299, 
            432.417526, 695.262887, 432.417526, 696.582474, 
            433.737113, 697.902062, 433.737113, 700.541237, 
            435.056701, 703.180412, 436.376289, 704.500000, 
            437.695876, 705.819588, 437.695876, 707.139175, 
            439.015464, 708.458763, 439.015464, 709.778351, 
            439.015464, 711.097938, 439.015464, 712.417526, 
            440.335052, 715.056701, 440.335052, 719.015464, 
            440.335052, 722.974227, 440.335052, 728.252577, 
            440.335052, 734.850515, 439.015464, 740.128866, 
            437.695876, 744.087629, 436.376289, 748.046392, 
            436.376289, 755.963918, 433.737113, 761.242268, 
            432.417526, 763.881443, 432.417526, 766.520619, 
            431.097938, 770.479381, 428.458763, 773.118557, 
            427.139175, 774.438144, 425.819588, 778.396907, 
            424.500000, 779.716495, 421.860825, 781.036082, 
            420.541237, 781.036082, 419.221649, 782.355670, 
            417.902062, 782.355670, 415.262887, 782.355670, 
            412.623711, 782.355670, 409.984536, 782.355670, 
            407.345361, 782.355670, 404.706186, 782.355670, 
            403.386598, 782.355670, 395.469072, 782.355670, 
            392.829897, 782.355670, 390.190722, 782.355670, 
            387.551546, 782.355670, 383.592784, 781.036082, 
            380.953608, 779.716495, 378.314433, 779.716495, 
            376.994845, 778.396907, 365.118557, 777.077320, 
            363.798969, 777.077320, 361.159794, 775.757732, 
            359.840206, 775.757732, 358.520619, 774.438144, 
            355.881443, 773.118557, 353.242268, 771.798969, 
            351.922680, 770.479381, 349.283505, 769.159794, 
            346.644330, 766.520619, 345.324742, 765.201031, 
            344.005155, 762.561856, 342.685567, 759.922680, 
            340.046392, 755.963918, 338.726804, 752.005155, 
            336.087629, 749.365979, 333.448454, 746.726804, 
            332.128866, 745.407216, 332.128866, 742.768041, 
            329.489691, 738.809278, 326.850515, 736.170103, 
            325.530928, 733.530928, 322.891753, 730.891753, 
            321.572165, 729.572165, 320.252577, 726.932990, 
            318.932990, 724.293814, 317.613402, 722.974227, 
            316.293814, 721.654639, 316.293814, 720.335052, 
            316.293814, 717.695876, 316.293814, 716.376289, 
            316.293814, 713.737113, 316.293814, 712.417526, 
            316.293814, 709.778351, 317.613402, 704.500000, 
            320.252577, 700.541237, 321.572165, 699.221649, 
            322.891753, 695.262887, 325.530928, -1.000000, 
            -1.000000, 477.530928, 283.304124, 470.932990, 
            287.262887, 466.974227, 289.902062, 460.376289, 
            295.180412, 456.417526, 299.139175, 455.097938, 
            300.458763, 453.778351, 301.778351, 452.458763, 
            303.097938, 451.139175, 307.056701, 451.139175, 
            314.974227, 451.139175, 316.293814, 451.139175, 
            317.613402, 451.139175, 318.932990, 451.139175, 
            320.252577, 452.458763, 321.572165, 455.097938, 
            322.891753, 460.376289, 326.850515, 464.335052, 
