%YAML:1.0
    mask: !!opencv-matrix
        rows: 211
        cols: 2
        dt: f
        data: [ -1.000000, -1.000000, -1.000000, 
            -1.000000, 692.623711, 487.840206, 684.706186, 
            493.118557, 680.747423, 493.118557, 676.788660, 
            493.118557, 675.469072, 494.438144, 672.829897, 
            494.438144, 668.871134, 494.438144, 666.231959, 
            495.757732, 662.273196, 497.077320, 659.634021, 
            497.077320, 656.994845, 498.396907, 655.675258, 
            498.396907, 654.355670, 499.716495, 651.716495, 
            502.355670, 650.396907, 502.355670, 650.396907, 
            504.994845, 647.757732, 508.953608, 647.757732, 
            511.592784, 647.757732, 514.231959, 647.757732, 
            518.190722, 647.757732, 522.149485, 649.077320, 
            523.469072, 649.077320, 526.108247, 651.716495, 
            527.427835, 654.355670, 530.067010, 659.634021, 
            532.706186, 662.273196, 534.025773, 666.231959, 
            535.345361, 668.871134, 535.345361, 675.469072, 
            536.664948, 689.984536, 539.304124, 693.943299, 
            540.623711, 696.582474, 540.623711, 699.221649, 
            540.623711, 704.500000, 541.943299, 705.819588, 
            541.943299, 711.097938, 543.262887, 715.056701, 
            544.582474, 717.695876, 545.902062, 719.015464, 
            545.902062, 724.293814, 547.221649, 728.252577, 
            548.541237, 736.170103, 549.860825, 744.087629, 
            551.180412, 752.005155, 551.180412, 755.963918, 
            551.180412, 766.520619, 551.180412, 770.479381, 
            551.180412, 774.438144, 549.860825, 787.634021, 
            547.221649, 804.788660, 540.623711, 806.108247, 
            539.304124, 808.747423, 536.664948, 812.706186, 
            531.386598, 814.025773, 530.067010, 816.664948, 
            526.108247, 821.943299, 518.190722, 823.262887, 
            511.592784, 824.582474, 508.953608, 824.582474, 
            506.314433, 824.582474, 503.675258, 823.262887, 
            501.036082, 821.943299, 498.396907, 820.623711, 
            495.757732, 816.664948, 490.479381, 815.345361, 
            486.520619, 814.025773, 485.201031, 810.067010, 
            481.242268, 807.427835, 478.603093, 804.788660, 
            477.283505, 799.510309, 470.685567, 795.551546, 
            465.407216, 794.231959, 464.087629, 790.273196, 
            461.448454, 786.314433, 458.809278, 784.994845, 
            458.809278, 779.716495, 456.170103, 777.077320, 
            454.850515, 763.881443, 453.530928, 762.561856, 
            453.530928, 759.922680, 453.530928, 754.644330, 
            457.489691, 753.324742, 462.768041, 753.324742, 
            469.365979, 753.324742, 470.685567, 754.644330, 
            472.005155, 757.283505, 475.963918, 758.603093, 
            475.963918, 758.603093, 479.922680, 757.283505, 
            482.561856, 755.963918, 485.201031, 755.963918, 
            486.520619, 750.685567, 489.159794, 748.046392, 
            489.159794, 742.768041, 489.159794, 737.489691, 
            489.159794, 725.613402, 489.159794, -1.000000, 
            -1.000000, 526.355670, 449.572165, 526.355670, 
            454.850515, 525.036082, 462.768041, 521.077320, 
            472.005155, 519.757732, 475.963918, 519.757732, 
            478.603093, 519.757732, 481.242268, 518.438144, 
            487.840206, 518.438144, 490.479381, 517.118557, 
            494.438144, 515.798969, 495.757732, 517.118557, 
            502.355670, 517.118557, 506.314433, 518.438144, 
            511.592784, 518.438144, 514.231959, 519.757732, 
            518.190722, 521.077320, 519.510309, 523.716495, 
            522.149485, 526.355670, 524.788660, 530.314433, 
            528.747423, 531.634021, 530.067010, 534.273196, 
            531.386598, 540.871134, 535.345361, 546.149485, 
            536.664948, 550.108247, 537.984536, 554.067010, 
            539.304124, 556.706186, 540.623711, 560.664948, 
            543.262887, 567.262887, 543.262887, 571.221649, 
            543.262887, 576.500000, 543.262887, 581.778351, 
            541.943299, 584.417526, 540.623711, 589.695876, 
            537.984536, 592.335052, 536.664948, 593.654639, 
            535.345361, 596.293814, 532.706186, 598.932990, 
            531.386598, 601.572165, 531.386598, 604.211340, 
            530.067010, 606.850515, 530.067010, 608.170103, 
            528.747423, 610.809278, 527.427835, 612.128866, 
            527.427835, 614.768041, 526.108247, 616.087629, 
            526.108247, 618.726804, 524.788660, 620.046392, 
            523.469072, 621.365979, 520.829897, 622.685567, 
            518.190722, 622.685567, 515.551546, 622.685567, 
            512.912371, 622.685567, 508.953608, 621.365979, 
            503.675258, 620.046392, 499.716495, 617.407216, 
            497.077320, 614.768041, 494.438144, 612.128866, 
            491.798969, 612.128866, 490.479381, 610.809278, 
            487.840206, 609.489691, 487.840206, 608.170103, 
            485.201031, 606.850515, 482.561856, 604.211340, 
            482.561856, 602.891753, 481.242268, 601.572165, 
            481.242268, 600.252577, 481.242268, 597.613402, 
            479.922680, 594.974227, 477.283505, 593.654639, 
            475.963918, 593.654639, 474.644330, 592.335052, 
            472.005155, 592.335052, 470.685567, 592.335052, 
            468.046392, 592.335052, 466.726804, 594.974227, 
            464.087629, 596.293814, 462.768041, 597.613402, 
            461.448454, 598.932990, 458.809278, 598.932990, 
            457.489691, 600.252577, 454.850515, 600.252577, 
            450.891753, 600.252577, 448.252577, 600.252577, 
            446.932990, 598.932990, 444.293814, 597.613402, 
            442.974227, 597.613402, 440.335052, 594.974227, 
            439.015464, 593.654639, 437.695876, 592.335052, 
            436.376289, 592.335052, 435.056701, 591.015464, 
            435.056701, 591.015464, 433.737113, 589.695876, 
            433.737113, 587.056701, 432.417526, 585.737113, 
            431.097938, 581.778351, 431.097938, 577.819588, 
            431.097938, 571.221649, 431.097938, 568.582474, 
            431.097938, 567.262887, 431.097938, 565.943299, 
            431.097938, 564.623711, 432.417526, 560.664948, 
            433.737113, 555.386598, 435.056701, 552.747423, 
            435.056701, 550.108247, 436.376289, 547.469072, 
            437.695876, 542.190722, 439.015464, 540.871134, 
            440.335052, 539.551546, 440.335052]
