%YAML:1.0
    mask: !!opencv-matrix
        rows: 438
        cols: 2
        dt: f
        data: [ 261.118557, 718.768041, 266.396907, 
            716.128866, 269.036082, 714.809278, 271.675258, 
            713.489691, 272.994845, 712.170103, 275.634021, 
            708.211340, 276.953608, 706.891753, 278.273196, 
            704.252577, 279.592784, 702.932990, 280.912371, 
            701.613402, 280.912371, 700.293814, 282.231959, 
            697.654639, 283.551546, 696.335052, 284.871134, 
            695.015464, 286.190722, 693.695876, 287.510309, 
            692.376289, 288.829897, 691.056701, 288.829897, 
            689.737113, 288.829897, 688.417526, 290.149485, 
            687.097938, 290.149485, 685.778351, 290.149485, 
            684.458763, 290.149485, 683.139175, 288.829897, 
            681.819588, 288.829897, 680.500000, 286.190722, 
            680.500000, 284.871134, 680.500000, 283.551546, 
            679.180412, 282.231959, 679.180412, 280.912371, 
            679.180412, 278.273196, 679.180412, 275.634021, 
            679.180412, 274.314433, 679.180412, 272.994845, 
            679.180412, 271.675258, 680.500000, 269.036082, 
            680.500000, 263.757732, 683.139175, 259.798969, 
            684.458763, 249.242268, 689.737113, 245.283505, 
            691.056701, 241.324742, 693.695876, 234.726804, 
            697.654639, 233.407216, 698.974227, 225.489691, 
            704.252577, 224.170103, 704.252577, 222.850515, 
            705.572165, 221.530928, 708.211340, 218.891753, 
            709.530928, 217.572165, 709.530928, 216.252577, 
            710.850515, 216.252577, 712.170103, 216.252577, 
            713.489691, 217.572165, 713.489691, 217.572165, 
            714.809278, 218.891753, 716.128866, -1.000000, 
            -1.000000, -1.000000, -1.000000, 614.009934, 
            339.307947, 609.771523, 341.427152, 607.652318, 
            341.427152, 599.175497, 345.665563, 592.817881, 
            347.784768, 590.698675, 347.784768, 588.579470, 
            349.903974, 588.579470, 352.023179, 586.460265, 
            352.023179, 584.341060, 352.023179, 580.102649, 
            354.142384, 575.864238, 356.261589, 575.864238, 
            358.380795, 573.745033, 358.380795, 573.745033, 
            360.500000, 573.745033, 362.619205, 573.745033, 
            364.738411, 573.745033, 366.857616, 573.745033, 
            368.976821, 575.864238, 371.096026, 575.864238, 
            373.215232, 575.864238, 375.334437, 575.864238, 
            377.453642, 577.983444, 377.453642, 577.983444, 
            379.572848, 580.102649, 381.692053, 580.102649, 
            383.811258, 582.221854, 383.811258, 582.221854, 
            385.930464, 584.341060, 388.049669, 584.341060, 
            390.168874, 586.460265, 390.168874, 586.460265, 
            392.288079, 588.579470, 392.288079, 588.579470, 
            394.407285, 590.698675, 394.407285, 592.817881, 
            396.526490, 594.937086, 398.645695, 597.056291, 
            398.645695, 599.175497, 400.764901, 601.294702, 
            400.764901, 603.413907, 400.764901, 607.652318, 
            402.884106, 611.890728, 402.884106, 614.009934, 
            402.884106, 618.248344, 402.884106, 618.248344, 
            405.003311, 622.486755, 405.003311, 624.605960, 
            405.003311, 628.844371, 405.003311, 633.082781, 
            405.003311, 635.201987, 405.003311, 639.440397, 
            405.003311, 645.798013, 405.003311, 647.917219, 
            405.003311, 650.036424, 405.003311, 652.155629, 
            405.003311, 654.274834, 405.003311, 658.513245, 
            405.003311, 664.870861, 405.003311, 666.990066, 
            405.003311, 673.347682, 405.003311, 675.466887, 
            405.003311, 677.586093, 405.003311, 681.824503, 
            405.003311, 683.943709, 405.003311, 688.182119, 
            405.003311, 690.301325, 405.003311, 696.658940, 
            405.003311, 698.778146, 405.003311, 700.897351, 
            405.003311, 703.016556, 405.003311, 705.135762, 
            405.003311, 709.374172, 405.003311, 713.612583, 
            405.003311, 717.850993, 405.003311, 724.208609, 
            405.003311, 726.327815, 405.003311, 730.566225, 
            405.003311, 732.685430, 405.003311, 734.804636, 
            405.003311, 736.923841, 405.003311, 739.043046, 
            405.003311, 743.281457, 405.003311, 745.400662, 
            402.884106, 747.519868, 402.884106, 749.639073, 
            400.764901, 751.758278, 400.764901, 753.877483, 
            398.645695, 755.996689, 396.526490, 758.115894, 
            394.407285, 760.235099, 394.407285, 760.235099, 
            392.288079, 762.354305, 392.288079, 762.354305, 
            390.168874, 764.473510, 390.168874, 764.473510, 
            388.049669, 766.592715, 385.930464, 768.711921, 
            383.811258, 770.831126, 381.692053, 770.831126, 
            379.572848, 772.950331, 377.453642, 775.069536, 
            375.334437, 777.188742, 375.334437, 777.188742, 
            373.215232, 777.188742, 371.096026, 779.307947, 
            368.976821, 779.307947, 364.738411, 779.307947, 
            362.619205, 779.307947, 360.500000, 779.307947, 
            358.380795, 779.307947, 356.261589, 779.307947, 
            354.142384, 781.427152, 354.142384, 781.427152, 
            352.023179, 781.427152, 349.903974, 781.427152, 
            347.784768, 781.427152, 345.665563, 781.427152, 
            343.546358, 781.427152, 341.427152, 781.427152, 
            339.307947, 781.427152, 337.188742, 781.427152, 
            335.069536, 781.427152, 332.950331, 781.427152, 
            330.831126, 783.546358, 328.711921, 783.546358, 
            326.592715, 783.546358, 324.473510, 783.546358, 
            322.354305, 783.546358, 320.235099, 783.546358, 
            318.115894, 783.546358, 315.996689, 783.546358, 
            313.877483, 783.546358, 311.758278, 783.546358, 
            309.639073, 781.427152, 307.519868, 779.307947, 
            305.400662, 777.188742, 303.281457, 772.950331, 
            303.281457, 766.592715, 303.281457, 755.996689, 
            303.281457, 749.639073, 303.281457, 745.400662, 
            303.281457, 741.162252, 303.281457, 736.923841, 
            303.281457, 734.804636, 303.281457, 732.685430, 
            303.281457, 730.566225, 303.281457, 726.327815, 
            303.281457, 724.208609, 305.400662, 719.970199, 
            307.519868, 715.731788, 309.639073, 711.493377, 
            309.639073, 709.374172, 311.758278, 703.016556, 
            313.877483, 700.897351, 313.877483, 700.897351, 
            315.996689, 696.658940, 318.115894, 694.539735, 
            318.115894, 692.420530, 318.115894, 688.182119, 
            320.235099, 686.062914, 322.354305, 683.943709, 
            324.473510, 679.705298, 324.473510, 677.586093, 
            324.473510, 673.347682, 326.592715, 671.228477, 
            326.592715, 669.109272, 326.592715, 666.990066, 
            328.711921, 664.870861, 328.711921, 662.751656, 
            330.831126, 660.632450, 330.831126, 658.513245, 
            330.831126, 656.394040, 330.831126, 654.274834, 
            330.831126, 652.155629, 330.831126, 647.917219, 
            332.950331, 643.678808, 332.950331, 641.559603, 
            332.950331, 637.321192, 332.950331, 635.201987, 
            332.950331, 633.082781, 332.950331, 630.963576, 
            332.950331, 628.844371, 332.950331, 626.725166, 
            332.950331, 622.486755, 335.069536, 620.367550, 
            335.069536, 618.248344, 335.069536, 616.129139, 
            335.069536, 611.890728, 337.188742, 609.771523, 
            337.188742, 607.652318, 337.188742, 605.533113, 
            337.188742, -1.000000, -1.000000, 355.466887, 
            292.685430, 351.228477, 292.685430, 349.109272, 
            292.685430, 346.990066, 294.804636, 344.870861, 
            296.923841, 344.870861, 299.043046, 342.751656, 
            301.162252, 342.751656, 303.281457, 340.632450, 
