%YAML:1.0
    mask: !!opencv-matrix
        rows: 194
        cols: 2
        dt: f
        data: [ -1.000000, -1.000000, -1.000000, 
            -1.000000, 460.376289, 329.489691, 465.654639, 
            329.489691, 469.613402, 329.489691, 481.489691, 
            336.087629, 484.128866, 337.407216, 488.087629, 
            338.726804, 494.685567, 344.005155, 499.963918, 
            346.644330, 502.603093, 349.283505, 506.561856, 
            350.603093, 507.881443, 351.922680, 513.159794, 
            353.242268, 514.479381, 353.242268, 515.798969, 
            354.561856, 522.396907, 354.561856, 528.994845, 
            354.561856, 534.273196, 354.561856, 538.231959, 
            354.561856, 544.829897, 354.561856, 546.149485, 
            354.561856, 550.108247, 353.242268, 552.747423, 
            353.242268, 558.025773, 351.922680, 559.345361, 
            351.922680, 560.664948, 350.603093, 561.984536, 
            349.283505, 561.984536, 346.644330, 563.304124, 
            346.644330, 563.304124, 345.324742, 563.304124, 
            344.005155, 563.304124, 341.365979, 563.304124, 
            340.046392, 563.304124, 336.087629, 563.304124, 
            324.211340, 561.984536, 320.252577, 558.025773, 
            312.335052, 552.747423, 307.056701, 548.788660, 
            305.737113, 540.871134, 296.500000, 538.231959, 
            293.860825, 535.592784, 289.902062, 525.036082, 
            275.386598, 515.798969, 263.510309, 514.479381, 
            260.871134, 514.479381, 259.551546, 511.840206, 
            255.592784, 509.201031, 251.634021, 506.561856, 
            247.675258, 505.242268, 246.355670, 503.922680, 
            242.396907, 501.283505, 239.757732, 499.963918, 
            238.438144, 498.644330, 238.438144, 497.324742, 
            238.438144, 493.365979, 241.077320, 493.365979, 
            242.396907, 490.726804, 243.716495, 486.768041, 
            248.994845, 481.489691, 251.634021, 477.530928, 
            255.592784, 470.932990, 260.871134, 469.613402, 
            260.871134, 465.654639, 264.829897, 464.335052, 
            264.829897, 459.056701, 270.108247, 457.737113, 
            271.427835, 456.417526, 275.386598, 455.097938, 
            278.025773, 453.778351, 279.345361, 452.458763, 
            283.304124, 451.139175, 285.943299, 451.139175, 
            287.262887, 451.139175, 288.582474, 451.139175, 
            291.221649, 451.139175, 292.541237, 451.139175, 
            293.860825, -1.000000, -1.000000, 550.108247, 
            33.902062, 547.469072, 40.500000, 546.149485, 
            43.139175, 540.871134, 52.376289, 536.912371, 
            57.654639, 532.953608, 62.932990, 528.994845, 
            68.211340, 527.675258, 70.850515, 525.036082, 
            76.128866, 522.396907, 78.768041, 518.438144, 
            85.365979, 517.118557, 88.005155, 515.798969, 
            91.963918, 511.840206, 101.201031, 510.520619, 
            106.479381, 509.201031, 110.438144, 506.561856, 
            117.036082, 505.242268, 123.634021, 505.242268, 
            124.953608, 503.922680, 126.273196, 503.922680, 
            130.231959, 503.922680, 135.510309, 503.922680, 
            138.149485, 505.242268, 150.025773, 509.201031, 
            153.984536, 510.520619, 156.623711, 513.159794, 
            159.262887, 514.479381, 160.582474, 517.118557, 
            163.221649, 519.757732, 163.221649, 522.396907, 
            164.541237, 527.675258, 164.541237, 530.314433, 
            164.541237, 532.953608, 165.860825, 534.273196, 
            165.860825, 536.912371, 165.860825, 538.231959, 
            165.860825, 543.510309, 165.860825, 547.469072, 
            165.860825, 551.427835, 164.541237, 556.706186, 
            163.221649, 558.025773, 160.582474, 563.304124, 
            159.262887, 573.860825, 155.304124, 576.500000, 
            155.304124, 580.458763, 153.984536, 585.737113, 
            151.345361, 588.376289, 150.025773, 592.335052, 
            146.067010, 597.613402, 142.108247, 598.932990, 
            140.788660, 601.572165, 139.469072, 604.211340, 
            135.510309, 606.850515, 130.231959, 610.809278, 
            127.592784, 613.448454, 124.953608, 614.768041, 
            123.634021, 617.407216, 120.994845, 617.407216, 
            119.675258, 620.046392, 115.716495, 620.046392, 
            114.396907, 624.005155, 110.438144, 625.324742, 
            106.479381, 626.644330, 103.840206, 627.963918, 
            102.520619, 627.963918, 98.561856, 630.603093, 
            93.283505, 631.922680, 90.644330, 634.561856, 
            86.685567, 638.520619, 81.407216, 642.479381, 
            74.809278, 643.798969, 73.489691, 647.757732, 
            69.530928, 649.077320, 68.211340, 650.396907, 
            65.572165, 653.036082, 64.252577, 654.355670, 
            62.932990, 655.675258, 60.293814, 658.314433, 
            57.654639, 659.634021, 57.654639, 662.273196, 
            56.335052, 663.592784, 53.695876, 664.912371, 
            53.695876, 664.912371, 52.376289, 666.231959, 
            52.376289, 667.551546, 49.737113, 667.551546, 
            48.417526, 667.551546, 47.097938, 663.592784, 
            45.778351, 662.273196, 44.458763, 658.314433, 
            43.139175, 654.355670, 40.500000, 650.396907, 
            39.180412, 643.798969, 36.541237, 638.520619, 
            36.541237, 635.881443, 35.221649, 633.242268, 
            35.221649, 627.963918, 33.902062, 626.644330, 
            33.902062, 622.685567, 33.902062, 620.046392, 
            33.902062, 618.726804, 33.902062, 613.448454, 
            33.902062, 612.128866, 33.902062, 610.809278, 
            33.902062, 606.850515, 33.902062, 602.891753, 
            33.902062, 601.572165, 32.582474, 597.613402, 
            32.582474, 596.293814, 32.582474, 591.015464, 
            32.582474, 589.695876, 32.582474, 585.737113, 
            32.582474, 579.139175, 32.582474, 577.819588, 
            32.582474]
