%YAML:1.0
    mask: !!opencv-matrix
        rows: 280
        cols: 2
        dt: f
        data: [ -1.000000, -1.000000, 1274.872502, 
            408.589528, 1273.849321, 408.589528, 1271.802958, 
            408.589528, 1269.756595, 407.566347, 1265.663869, 
            405.519984, 1260.547962, 403.473621, 1256.455236, 
            400.404077, 1234.968425, 388.125899, 1233.945244, 
            387.102718, 1222.690248, 381.986811, 1221.667066, 
            380.963629, 1216.551159, 378.917266, 1214.504796, 
            376.870903, 1210.412070, 374.824540, 1206.319345, 
            373.801359, 1204.272982, 371.754996, 1203.249800, 
            371.754996, 1199.157074, 369.708633, 1195.064349, 
            367.662270, 1188.925260, 366.639089, 1182.786171, 
            363.569544, 1176.647082, 360.500000, 1168.461631, 
            357.430456, 1165.392086, 356.407274, 1158.229816, 
            354.360911, 1151.067546, 351.291367, 1149.021183, 
            351.291367, 1146.974820, 350.268185, 1143.905276, 
            349.245004, 1136.743006, 346.175460, 1131.627098, 
            343.105915, 1124.464828, 341.059552, 1121.395284, 
            339.013189, 1119.348921, 339.013189, 1115.256195, 
            336.966827, 1112.186651, 335.943645, 1110.140288, 
            335.943645, 1106.047562, 334.920464, 1104.001199, 
            334.920464, 1098.885292, 333.897282, 1095.815747, 
            333.897282, 1092.746203, 333.897282, 1084.560751, 
            333.897282, 1077.398481, 334.920464, 1075.352118, 
            334.920464, 1073.305755, 334.920464, 1070.236211, 
            334.920464, 1069.213030, 334.920464, 1065.120304, 
            335.943645, 1064.097122, 336.966827, 1060.004396, 
            336.966827, 1057.958034, 336.966827, 1054.888489, 
            336.966827, 1052.842126, 336.966827, 1043.633493, 
            337.990008, 1037.494404, 337.990008, 1028.285771, 
            337.990008, 1016.007594, 337.990008, 1007.822142, 
            337.990008, 1003.729416, 337.990008, 1002.706235, 
            337.990008, 995.543965, 335.943645, 988.381695, 
            334.920464, 982.242606, 332.874101, 980.196243, 
            332.874101, 974.057154, 331.850919, 967.918066, 
            329.804556, 960.755795, 328.781375, 955.639888, 
            326.735012, 948.477618, 324.688649, 947.454436, 
            323.665468, 942.338529, 322.642286, 941.315348, 
            321.619105, 934.153078, 318.549560, 930.060352, 
            316.503197, 924.944444, 313.433653, 918.805356, 
            310.364109, 916.758993, 308.317746, 915.735811, 
            307.294564, 913.689448, 305.248201, 911.643086, 
            300.132294, 911.643086, 299.109113, 907.550360, 
            292.970024, 903.457634, 285.807754, 901.411271, 
            284.784572, 899.364908, 281.715028, 898.341727, 
            281.715028, 897.318545, 279.668665, 895.272182, 
            278.645484, 889.133094, 274.552758, 886.063549, 
            272.506395, 879.924460, 268.413669, 876.854916, 
            266.367306, 875.831735, 264.320943, 874.808553, 
            261.251399, 874.808553, 259.205036, 873.785372, 
            257.158673, 873.785372, 256.135492, 873.785372, 
            254.089129, 873.785372, 249.996403, 874.808553, 
            246.926859, 877.878098, 243.857314, 879.924460, 
            241.810951, 880.947642, 241.810951, 886.063549, 
            238.741407, 887.086731, 237.718225, 890.156275, 
            235.671863, 896.295364, 232.602318, 901.411271, 
            229.532774, 908.573541, 225.440048, 914.712630, 
            222.370504, 920.851719, 218.277778, 921.874900, 
            218.277778, 926.990807, 215.208233, 931.083533, 
            212.138689, 936.199440, 210.092326, 940.292166, 
            208.045963, 940.292166, 207.022782, 945.408074, 
            204.976419, 951.547162, 200.883693, 957.686251, 
            197.814149, 961.778977, 195.767786, 966.894884, 
            193.721423, 973.033973, 190.651878, 975.080336, 
            189.628697, 986.335332, 187.582334, 991.451239, 
            184.512790, 993.497602, 184.512790, 999.636691, 
            181.443245, 1003.729416, 180.420064, 1009.868505, 
            177.350520, 1011.914868, 176.327338, 1016.007594, 
            175.304157, 1021.123501, 173.257794, 1022.146683, 
            173.257794, 1026.239408, 172.234612, 1031.355316, 
            169.165068, 1036.471223, 168.141886, 1042.610312, 
            165.072342, 1047.726219, 163.025979, 1053.865308, 
            160.979616, 1055.911671, 159.956435, 1065.120304, 
            157.910072, 1072.282574, 155.863709, 1073.305755, 
            155.863709, 1082.514388, 154.840528, 1086.607114, 
            153.817346, 1095.815747, 152.794165, 1101.954836, 
            151.770983, 1105.024380, 151.770983, 1111.163469, 
            151.770983, 1112.186651, 151.770983, 1116.279376, 
            151.770983, 1118.325739, 151.770983, 1128.557554, 
            152.794165, 1137.766187, 154.840528, 1139.812550, 
            154.840528, 1145.951639, 154.840528, 1151.067546, 
            154.840528, 1154.137090, 154.840528, 1156.183453, 
            154.840528, 1160.276179, 154.840528, 1162.322542, 
            155.863709, 1170.507994, 157.910072, 1173.577538, 
            157.910072, 1175.623901, 158.933253, 1177.670264, 
            159.956435, 1181.762990, 162.002798, 1183.809353, 
            164.049161, 1187.902078, 165.072342, 1188.925260, 
            166.095524, 1193.017986, 167.118705, 1196.087530, 
            169.165068, 1197.110711, 170.188249, 1203.249800, 
            172.234612, 1204.272982, 173.257794, 1207.342526, 
            175.304157, 1209.388889, 176.327338, 1212.458433, 
            178.373701, 1216.551159, 181.443245, 1221.667066, 
            184.512790, 1227.806155, 189.628697, 1234.968425, 
            191.675060, 1238.037970, 193.721423, 1241.107514, 
            195.767786, 1242.130695, 195.767786, 1244.177058, 
            196.790967, 1245.200240, 196.790967, 1246.223421, 
            198.837330, 1247.246603, 198.837330, 1250.316147, 
            200.883693, 1251.339329, 201.906875, 1253.385691, 
            201.906875, 1256.455236, 203.953237, 1257.478417, 
            204.976419, 1260.547962, 207.022782, 1261.571143, 
            208.045963, 1263.617506, 209.069145, 1265.663869, 
            210.092326, 1266.687050, 210.092326, 1267.710232, 
            210.092326, -1.000000, -1.000000, -1.000000, 
            -1.000000, 377.542366, 718.613509, 377.542366, 
            717.590328, 377.542366, 716.567146, 377.542366, 
            715.543965, 377.542366, 713.497602, 376.519185, 
            709.404876, 376.519185, 706.335332, 376.519185, 
            704.288969, 376.519185, 701.219424, 376.519185, 
            700.196243, 376.519185, 699.173062, 376.519185, 
            697.126699, 376.519185, 695.080336, 377.542366, 
            694.057154, 378.565548, 690.987610, 381.635092, 
            686.894884, 382.658273, 685.871703, 383.681455, 
            684.848521, 385.727818, 681.778977, 386.750999, 
            680.755795, 389.820544, 675.639888, 390.843725, 
            673.593525, 390.843725, 672.570344, 393.913269, 
            669.500799, 395.959632, 667.454436, 396.982814, 
            666.431255, 399.029177, 665.408074, 401.075540, 
            664.384892, 402.098721, 664.384892, 406.191447, 
            663.361711, 412.330536, 663.361711, 416.423261, 
            663.361711, 417.446443, 663.361711, 421.539169, 
            663.361711, 427.678257, 663.361711, 430.747802, 
            663.361711, 432.794165, 663.361711, 433.817346, 
            663.361711, 438.933253, 663.361711, 443.025979, 
            663.361711, 444.049161, 663.361711, 449.165068, 
            666.431255, 452.234612, 667.454436, 453.257794, 
            667.454436, 457.350520, 669.500799, 458.373701, 
            669.500799, 460.420064, 670.523981, 462.466427, 
            672.570344, 465.535971, 674.616707, 467.582334, 
