%YAML:1.0
    mask: !!opencv-matrix
        rows: 570
        cols: 2
        dt: f
        data: [ -1.000000, -1.000000, 523.857314, 
            716.567146, 523.857314, 715.543965, 523.857314, 
            714.520783, 524.880496, 711.451239, 524.880496, 
            709.404876, 525.903677, 708.381695, 525.903677, 
            707.358513, 525.903677, 706.335332, 526.926859, 
            706.335332, 527.950040, 705.312150, 528.973221, 
            705.312150, 528.973221, 704.288969, 532.042766, 
            704.288969, 534.089129, 704.288969, 535.112310, 
            704.288969, 537.158673, 703.265787, 540.228217, 
            703.265787, 541.251399, 703.265787, 542.274580, 
            703.265787, 545.344125, 702.242606, 546.367306, 
            702.242606, 548.413669, 702.242606, 549.436851, 
            702.242606, 550.460032, 702.242606, 555.575939, 
            702.242606, 558.645484, 702.242606, 562.738209, 
            702.242606, 564.784572, 702.242606, 566.830935, 
            702.242606, 569.900480, 701.219424, 570.923661, 
            701.219424, 575.016387, 699.173062, 577.062750, 
            699.173062, 580.132294, 697.126699, 581.155476, 
            697.126699, 584.225020, 695.080336, 586.271383, 
            694.057154, 586.271383, 693.033973, 587.294564, 
            692.010791, 587.294564, 688.941247, 586.271383, 
            687.918066, 585.248201, 686.894884, 583.201839, 
            685.871703, 582.178657, 684.848521, 580.132294, 
            683.825340, 579.109113, 683.825340, 577.062750, 
            682.802158, 573.993205, 682.802158, 572.970024, 
            682.802158, 569.900480, 681.778977, 568.877298, 
            681.778977, 566.830935, 681.778977, 564.784572, 
            681.778977, 561.715028, 681.778977, 559.668665, 
            683.825340, 555.575939, 683.825340, 553.529576, 
            683.825340, 552.506395, 683.825340, 548.413669, 
            683.825340, 546.367306, 683.825340, 545.344125, 
            683.825340, 542.274580, 683.825340, 540.228217, 
            683.825340, 539.205036, 683.825340, 537.158673, 
            683.825340, 536.135492, 683.825340, 536.135492, 
            681.778977, 533.065947, 679.732614, 533.065947, 
            678.709432, 532.042766, 676.663070, 532.042766, 
            675.639888, 532.042766, 674.616707, 532.042766, 
            672.570344, 533.065947, 671.547162, 534.089129, 
            670.523981, 535.112310, 669.500799, 536.135492, 
            668.477618, 538.181855, 667.454436, 541.251399, 
            664.384892, 544.320943, 662.338529, 547.390488, 
            660.292166, 552.506395, 657.222622, 554.552758, 
            656.199440, 556.599121, 655.176259, 559.668665, 
            653.129896, 562.738209, 651.083533, 564.784572, 
            651.083533, 565.807754, 650.060352, 566.830935, 
            649.037170, 568.877298, 646.990807, 569.900480, 
            646.990807, 572.970024, 644.944444, 573.993205, 
            643.921263, 576.039568, 641.874900, 577.062750, 
            641.874900, 580.132294, 639.828537, 583.201839, 
            637.782174, 585.248201, 635.735811, 587.294564, 
            633.689448, 589.340927, 633.689448, 591.387290, 
            631.643086, 592.410472, 631.643086, 593.433653, 
            630.619904, 595.480016, 629.596723, 599.572742, 
            626.527178, 602.642286, 624.480815, 604.688649, 
            622.434452, 606.735012, 621.411271, 611.850919, 
            619.364908, 615.943645, 616.295364, 619.013189, 
            614.249001, 622.082734, 614.249001, 625.152278, 
            612.202638, 627.198641, 612.202638, 629.245004, 
            610.156275, 630.268185, 610.156275, 632.314548, 
            610.156275, 635.384093, 610.156275, 639.476819, 
            609.133094, 643.569544, 609.133094, 647.662270, 
            609.133094, 653.801359, 608.109912, 655.847722, 
            608.109912, 661.986811, 608.109912, 664.033173, 
            607.086731, 668.125899, 607.086731, 670.172262, 
            606.063549, 673.241807, 606.063549, 674.264988, 
            606.063549, 677.334532, 606.063549, 678.357714, 
            606.063549, 680.404077, 606.063549, 681.427258, 
            606.063549, 684.496803, 606.063549, 685.519984, 
            607.086731, 689.612710, 607.086731, 692.682254, 
            607.086731, 698.821343, 607.086731, 702.914069, 
            607.086731, 704.960432, 607.086731, 712.122702, 
            609.133094, 716.215428, 610.156275, 720.308153, 
            611.179456, 722.354516, 612.202638, 727.470424, 
            614.249001, 728.493605, 614.249001, 732.586331, 
            616.295364, 737.702238, 618.341727, 744.864508, 
            621.411271, 748.957234, 624.480815, 756.119504, 
            629.596723, 762.258593, 633.689448, 763.281775, 
            634.712630, 768.397682, 637.782174, 772.490408, 
            640.851719, 774.536771, 641.874900, 775.559952, 
            642.898082, 779.652678, 645.967626, 786.814948, 
            650.060352, 792.954037, 655.176259, 800.116307, 
            660.292166, 804.209033, 663.361711, 808.301759, 
            666.431255, 809.324940, 667.454436, 813.417666, 
            670.523981, 815.464029, 671.547162, 817.510392, 
            673.593525, 819.556755, 674.616707, 822.626299, 
            677.686251, 825.695843, 679.732614, 829.788569, 
            682.802158, 832.858114, 685.871703, 840.020384, 
            692.010791, 842.066747, 695.080336, 843.089928, 
            695.080336, 845.136291, 696.103517, 845.136291, 
            697.126699, 854.344924, 702.242606, 858.437650, 
            704.288969, 863.553557, 708.381695, 866.623102, 
            709.404876, 867.646283, 710.428058, 868.669464, 
            711.451239, -1.000000, -1.000000, 497.254596, 
            395.288169, 496.231415, 395.288169, 491.115508, 
            397.334532, 490.092326, 397.334532, 487.022782, 
            398.357714, 485.999600, 398.357714, 484.976419, 
            398.357714, 481.906875, 399.380895, 479.860512, 
            399.380895, 478.837330, 399.380895, 474.744604, 
            400.404077, 473.721423, 400.404077, 472.698241, 
            401.427258, 470.651878, 401.427258, 468.605516, 
            401.427258, 466.559153, 401.427258, 463.489608, 
            401.427258, 461.443245, 401.427258, 455.304157, 
            401.427258, 453.257794, 401.427258, 450.188249, 
            401.427258, 446.095524, 401.427258, 444.049161, 
            401.427258, 443.025979, 401.427258, 439.956435, 
            401.427258, 437.910072, 401.427258, 433.817346, 
            401.427258, 432.794165, 400.404077, 429.724620, 
            400.404077, 427.678257, 400.404077, 422.562350, 
            399.380895, 418.469624, 399.380895, 414.376898, 
            398.357714, 411.307354, 398.357714, 408.237810, 
            398.357714, 406.191447, 398.357714, 401.075540, 
            397.334532, 396.982814, 396.311351, 394.936451, 
            396.311351, 393.913269, 396.311351, 391.866906, 
            396.311351, 387.774181, 396.311351, 383.681455, 
            396.311351, 377.542366, 395.288169, 373.449640, 
            395.288169, 372.426459, 395.288169, 367.310552, 
            395.288169, 366.287370, 395.288169, 363.217826, 
            396.311351, 362.194644, 396.311351, 359.125100, 
            397.334532, 357.078737, 397.334532, 355.032374, 
            398.357714, 354.009193, 398.357714, 351.962830, 
            399.380895, 350.939648, 399.380895, 348.893285, 
            400.404077, 346.846922, 400.404077, 345.823741, 
            400.404077, 343.777378, 402.450440, 341.731015, 
            402.450440, 339.684652, 402.450440, 335.591926, 
            403.473621, 332.522382, 404.496803, 329.452838, 
            404.496803, 325.360112, 405.519984, 323.313749, 
            405.519984, 320.244205, 406.543165, 318.197842, 
            406.543165, 317.174660, 406.543165, 314.105116, 
            406.543165, 313.081934, 407.566347, 308.989209, 
