%YAML:1.0
    mask: !!opencv-matrix
        rows: 616
        cols: 2
        dt: f
        data: [ 404.208609, 631.758278, 402.089404, 
            631.758278, 389.374172, 635.996689, 385.135762, 
            635.996689, 374.539735, 638.115894, 370.301325, 
            640.235099, 366.062914, 640.235099, 363.943709, 
            642.354305, 361.824503, 642.354305, 361.824503, 
            644.473510, 357.586093, 644.473510, 357.586093, 
            646.592715, 355.466887, 646.592715, 353.347682, 
            646.592715, 351.228477, 648.711921, 349.109272, 
            648.711921, 346.990066, 650.831126, 344.870861, 
            650.831126, 342.751656, 652.950331, 340.632450, 
            652.950331, 338.513245, 655.069536, 336.394040, 
            655.069536, 334.274834, 655.069536, 332.155629, 
            657.188742, 327.917219, 659.307947, 325.798013, 
            659.307947, 325.798013, 661.427152, 323.678808, 
            661.427152, 321.559603, 661.427152, 319.440397, 
            661.427152, 315.201987, 665.665563, 310.963576, 
            667.784768, 308.844371, 667.784768, 306.725166, 
            669.903974, 300.367550, 676.261589, 296.129139, 
            680.500000, 289.771523, 684.738411, 283.413907, 
            686.857616, 279.175497, 691.096026, 274.937086, 
            693.215232, 272.817881, 695.334437, 268.579470, 
            697.453642, 266.460265, 699.572848, 266.460265, 
            701.692053, 266.460265, 703.811258, 266.460265, 
            705.930464, 268.579470, 705.930464, 272.817881, 
            708.049669, 274.937086, 710.168874, 277.056291, 
            710.168874, 279.175497, 710.168874, 283.413907, 
            710.168874, 287.652318, 712.288079, 289.771523, 
            712.288079, 294.009934, 712.288079, 298.248344, 
            714.407285, 300.367550, 714.407285, 304.605960, 
            714.407285, 306.725166, 716.526490, 310.963576, 
            716.526490, 313.082781, 716.526490, 315.201987, 
            716.526490, 317.321192, 716.526490, 321.559603, 
            716.526490, 323.678808, 716.526490, 327.917219, 
            716.526490, 330.036424, 716.526490, 334.274834, 
            716.526490, 336.394040, 718.645695, 338.513245, 
            718.645695, 340.632450, 718.645695, 342.751656, 
            718.645695, 346.990066, 718.645695, 349.109272, 
            718.645695, 351.228477, 718.645695, 353.347682, 
            718.645695, 378.778146, 718.645695, 380.897351, 
            718.645695, 383.016556, 716.526490, 385.135762, 
            714.407285, 387.254967, 712.288079, 387.254967, 
            710.168874, 389.374172, 708.049669, 389.374172, 
            705.930464, 389.374172, 703.811258, 389.374172, 
            701.692053, 389.374172, 699.572848, 391.493377, 
            699.572848, 391.493377, 697.453642, 391.493377, 
            695.334437, 393.612583, 693.215232, 393.612583, 
            691.096026, 393.612583, 686.857616, 395.731788, 
            686.857616, 395.731788, 684.738411, 395.731788, 
            682.619205, 397.850993, 682.619205, 399.970199, 
            678.380795, 399.970199, 674.142384, 402.089404, 
            672.023179, 402.089404, 669.903974, 402.089404, 
            667.784768, 402.089404, 665.665563, 402.089404, 
            663.546358, 402.089404, 659.307947, 402.089404, 
            657.188742, 402.089404, 655.069536, 402.089404, 
            652.950331, 402.089404, 650.831126, 402.089404, 
            648.711921, 402.089404, 646.592715, 402.089404, 
            644.473510, 402.089404, 642.354305, -1.000000, 
            -1.000000, 778.396907, 679.180412, 773.118557, 
            680.500000, 762.561856, 681.819588, 749.365979, 
            683.139175, 740.128866, 683.139175, 729.572165, 
            683.139175, 725.613402, 681.819588, 721.654639, 
            681.819588, 717.695876, 680.500000, 715.056701, 
            679.180412, 709.778351, 677.860825, 707.139175, 
            676.541237, 696.582474, 672.582474, 692.623711, 
            669.943299, 691.304124, 669.943299, 689.984536, 
            668.623711, 684.706186, 664.664948, 679.427835, 
            660.706186, 678.108247, 659.386598, 675.469072, 
            658.067010, 674.149485, 656.747423, 672.829897, 
            655.427835, 671.510309, 654.108247, 668.871134, 
            648.829897, 660.953608, 642.231959, 653.036082, 
            635.634021, 642.479381, 627.716495, 639.840206, 
            626.396907, 637.201031, 625.077320, 635.881443, 
            622.438144, 633.242268, 621.118557, 630.603093, 
            617.159794, 626.644330, 614.520619, 624.005155, 
            613.201031, 621.365979, 611.881443, 616.087629, 
            610.561856, 613.448454, 609.242268, 609.489691, 
            607.922680, 604.211340, 606.603093, 589.695876, 
            603.963918, 585.737113, 603.963918, 577.819588, 
            603.963918, 572.541237, 603.963918, 571.221649, 
            603.963918, 567.262887, 603.963918, 556.706186, 
            603.963918, 550.108247, 603.963918, 544.829897, 
            603.963918, 542.190722, 603.963918, 538.231959, 
            602.644330, 535.592784, 601.324742, 534.273196, 
            601.324742, 528.994845, 598.685567, 525.036082, 
            596.046392, 523.716495, 596.046392, 522.396907, 
            594.726804, 522.396907, 593.407216, 519.757732, 
            592.087629, 515.798969, 588.128866, 514.479381, 
            586.809278, 514.479381, 585.489691, 514.479381, 
            582.850515, 514.479381, 577.572165, 514.479381, 
            574.932990, 514.479381, 570.974227, 517.118557, 
            568.335052, 521.077320, 564.376289, 528.994845, 
            557.778351, 532.953608, 553.819588, 536.912371, 
            551.180412, 546.149485, 543.262887, 547.469072, 
            540.623711, 550.108247, 537.984536, 551.427835, 
            537.984536, 556.706186, 530.067010, 560.664948, 
            523.469072, 561.984536, 520.829897, 563.304124, 
            516.871134, 567.262887, 511.592784, 568.582474, 
            508.953608, 569.902062, 506.314433, 573.860825, 
            498.396907, 575.180412, 497.077320, 576.500000, 
            494.438144, 579.139175, 491.798969, 580.458763, 
            489.159794, 583.097938, 486.520619, 587.056701, 
            482.561856, 588.376289, 481.242268, 589.695876, 
            478.603093, 594.974227, 475.963918, 598.932990, 
            474.644330, 606.850515, 470.685567, 612.128866, 
            468.046392, 612.128866, 466.726804, 612.128866, 
            465.407216, 610.809278, 461.448454, 608.170103, 
            458.809278, 606.850515, 458.809278, 605.530928, 
            457.489691, 600.252577, 457.489691, 593.654639, 
            457.489691, 591.015464, 458.809278, 587.056701, 
            458.809278, 581.778351, 462.768041, 577.819588, 
            465.407216, 575.180412, 468.046392, 568.582474, 
            470.685567, 564.623711, 473.324742, 561.984536, 
            474.644330, 556.706186, 475.963918, 543.510309, 
            482.561856, 538.231959, 486.520619, 531.634021, 
            490.479381, 527.675258, 491.798969, 525.036082, 
            495.757732, 522.396907, 498.396907, 519.757732, 
            499.716495, 514.479381, 502.355670, 511.840206, 
            503.675258, 510.520619, 504.994845, 505.242268, 
            504.994845, 502.603093, 504.994845, 497.324742, 
            503.675258, 497.324742, 502.355670, 496.005155, 
            502.355670, 496.005155, 501.036082, 496.005155, 
            498.396907, 496.005155, 495.757732, 496.005155, 
            493.118557, 496.005155, 491.798969, 496.005155, 
            490.479381, 496.005155, 489.159794, 496.005155, 
            487.840206, 496.005155, 486.520619, 497.324742, 
            485.201031, 498.644330, 483.881443, 499.963918, 
            481.242268, 501.283505, 478.603093, 506.561856, 
            472.005155, 509.201031, 468.046392, 515.798969, 
            461.448454, 518.438144, 460.128866, 525.036082, 
