%YAML:1.0
    mask: !!opencv-matrix
        rows: 295
        cols: 2
        dt: f
        data: [ -1.000000, -1.000000, -1.000000, 
            -1.000000, 675.469072, 413.943299, 671.510309, 
            419.221649, 670.190722, 419.221649, 668.871134, 
            420.541237, 666.231959, 421.860825, 663.592784, 
            424.500000, 658.314433, 427.139175, 655.675258, 
            428.458763, 655.675258, 429.778351, 653.036082, 
            431.097938, 650.396907, 433.737113, 649.077320, 
            435.056701, 643.798969, 439.015464, 639.840206, 
            441.654639, 635.881443, 444.293814, 635.881443, 
            445.613402, 634.561856, 446.932990, 633.242268, 
            448.252577, 630.603093, 450.891753, 626.644330, 
            453.530928, 622.685567, 454.850515, 620.046392, 
            457.489691, 618.726804, 458.809278, 614.768041, 
            460.128866, 610.809278, 462.768041, 608.170103, 
            465.407216, 605.530928, 466.726804, 600.252577, 
            469.365979, 598.932990, 470.685567, 594.974227, 
            473.324742, 592.335052, 474.644330, 592.335052, 
            475.963918, 588.376289, 478.603093, 581.778351, 
            481.242268, 580.458763, 482.561856, 579.139175, 
            483.881443, 577.819588, 483.881443, 576.500000, 
            485.201031, 575.180412, 485.201031, 573.860825, 
            486.520619, 573.860825, 487.840206, 571.221649, 
            487.840206, 569.902062, 489.159794, 569.902062, 
            490.479381, 568.582474, 491.798969, 567.262887, 
            491.798969, 567.262887, 493.118557, 565.943299, 
            494.438144, 564.623711, 497.077320, 564.623711, 
            498.396907, 563.304124, 501.036082, 563.304124, 
            502.355670, 563.304124, 503.675258, 563.304124, 
            506.314433, 563.304124, 507.634021, 564.623711, 
            510.273196, 564.623711, 511.592784, 565.943299, 
            514.231959, 567.262887, 516.871134, 568.582474, 
            518.190722, 569.902062, 518.190722, 572.541237, 
            518.190722, 575.180412, 515.551546, 579.139175, 
            514.231959, 584.417526, 511.592784, 591.015464, 
            510.273196, 596.293814, 507.634021, 601.572165, 
            504.994845, 612.128866, 502.355670, 616.087629, 
            501.036082, 620.046392, 498.396907, 624.005155, 
            495.757732, 627.963918, 494.438144, 629.283505, 
            494.438144, 629.283505, 495.757732, 627.963918, 
            499.716495, 626.644330, 506.314433, 625.324742, 
            508.953608, 622.685567, 511.592784, 621.365979, 
            516.871134, 621.365979, 520.829897, 618.726804, 
            527.427835, 617.407216, 535.345361, 616.087629, 
            547.221649, 614.768041, 549.860825, 614.768041, 
            555.139175, 613.448454, 560.417526, 610.809278, 
            564.376289, 609.489691, 565.695876, 605.530928, 
            574.932990, 604.211340, 578.891753, 602.891753, 
            578.891753, 602.891753, 580.211340, 602.891753, 
            581.530928, 602.891753, 584.170103, 601.572165, 
            585.489691, 601.572165, 586.809278, 601.572165, 
            589.448454, 601.572165, 590.768041, 604.211340, 
            596.046392, 605.530928, 597.365979, 606.850515, 
            598.685567, 608.170103, 598.685567, 610.809278, 
            600.005155, 612.128866, 600.005155, 614.768041, 
            600.005155, 616.087629, 600.005155, 620.046392, 
            600.005155, 624.005155, 601.324742, 626.644330, 
            606.603093, 631.922680, 613.201031, 633.242268, 
            614.520619, 634.561856, 615.840206, 634.561856, 
            617.159794, 635.881443, 618.479381, 638.520619, 
            618.479381, 643.798969, 622.438144, 645.118557, 
            622.438144, 647.757732, 622.438144, 649.077320, 
            622.438144, 650.396907, 622.438144, 651.716495, 
            619.798969, 653.036082, 615.840206, 654.355670, 
            610.561856, 658.314433, 600.005155, 662.273196, 
            596.046392, 666.231959, 590.768041, 670.190722, 
            586.809278, 678.108247, 580.211340, 682.067010, 
            576.252577, 686.025773, 570.974227, 688.664948, 
            569.654639, 688.664948, 568.335052, 688.664948, 
            567.015464, 689.984536, 564.376289, 691.304124, 
            563.056701, 692.623711, 561.737113, 692.623711, 
            560.417526, 692.623711, 561.737113, 692.623711, 
            568.335052, 692.623711, 577.572165, 692.623711, 
            581.530928, 691.304124, 585.489691, 687.345361, 
            593.407216, 687.345361, 596.046392, 686.025773, 
            602.644330, 686.025773, 606.603093, 686.025773, 
            609.242268, 688.664948, 613.201031, 692.623711, 
            615.840206, 696.582474, 618.479381, 699.221649, 
            618.479381, 701.860825, 618.479381, 701.860825, 
            617.159794, 701.860825, 615.840206, 703.180412, 
            613.201031, 703.180412, 611.881443, 705.819588, 
            603.963918, 707.139175, 598.685567, 708.458763, 
            597.365979, 709.778351, 596.046392, 713.737113, 
            596.046392, 722.974227, 594.726804, 724.293814, 
            594.726804, 726.932990, 594.726804, 728.252577, 
            593.407216, 732.211340, 590.768041, 734.850515, 
            586.809278, 738.809278, 584.170103, 740.128866, 
            582.850515, 741.448454, 578.891753, 742.768041, 
            572.293814, 745.407216, 565.695876, 748.046392, 
            553.819588, 748.046392, 551.180412, 749.365979, 
            543.262887, 749.365979, 539.304124, 750.685567, 
            531.386598, 750.685567, 528.747423, 752.005155, 
            527.427835, 752.005155, 524.788660, 753.324742, 
            520.829897, 753.324742, 519.510309, 753.324742, 
            515.551546, 753.324742, 510.273196, 753.324742, 
            504.994845, 753.324742, 495.757732, 753.324742, 
            494.438144, 753.324742, 487.840206, 753.324742, 
            483.881443, 753.324742, 481.242268, 752.005155, 
            477.283505, 752.005155, 472.005155, 752.005155, 
            469.365979, 752.005155, 464.087629, 752.005155, 
            461.448454, 752.005155, 458.809278, 753.324742, 
            453.530928, 755.963918, 445.613402, 757.283505, 
            442.974227, 758.603093, 437.695876, 759.922680, 
            433.737113, 762.561856, 431.097938, 762.561856, 
            429.778351, 763.881443, 424.500000, 765.201031, 
            419.221649, 765.201031, 416.582474, 763.881443, 
            411.304124, 762.561856, 408.664948, 757.283505, 
            406.025773, 752.005155, 404.706186, 726.932990, 
            399.427835, 719.015464, 396.788660, 716.376289, 
            396.788660, -1.000000, -1.000000, 357.448454, 
            436.376289, 354.809278, 441.654639, 353.489691, 
            442.974227, 353.489691, 445.613402, 352.170103, 
            448.252577, 352.170103, 449.572165, 350.850515, 
            453.530928, 350.850515, 454.850515, 349.530928, 
            457.489691, 349.530928, 458.809278, 349.530928, 
            461.448454, 349.530928, 464.087629, 349.530928, 
            469.365979, 349.530928, 472.005155, 349.530928, 
            475.963918, 350.850515, 477.283505, 350.850515, 
            479.922680, 352.170103, 486.520619, 353.489691, 
            489.159794, 354.809278, 491.798969, 354.809278, 
            494.438144, 356.128866, 497.077320, 357.448454, 
            499.716495, 357.448454, 504.994845, 358.768041, 
            506.314433, 360.087629, 508.953608, 360.087629, 
            511.592784, 362.726804, 515.551546, 364.046392, 
            518.190722, 365.365979, 519.510309, 366.685567, 
            522.149485, 369.324742, 524.788660, 371.963918, 
            526.108247, 373.283505, 526.108247, 374.603093, 
            526.108247, 375.922680, 526.108247, 377.242268, 
            526.108247, 377.242268, 524.788660, 378.561856, 
            524.788660, 378.561856, 523.469072, 378.561856, 
            522.149485, 378.561856, 519.510309, 378.561856, 
