%YAML:1.0
    mask: !!opencv-matrix
        rows: 786
        cols: 2
        dt: f
        data: [ -1.000000, -1.000000, 635.201987, 
            714.407285, 641.559603, 714.407285, 645.798013, 
            712.288079, 658.513245, 705.930464, 666.990066, 
            701.692053, 669.109272, 701.692053, 673.347682, 
            699.572848, 675.466887, 697.453642, 677.586093, 
            695.334437, 679.705298, 693.215232, 681.824503, 
            693.215232, 683.943709, 691.096026, 686.062914, 
            688.976821, 688.182119, 688.976821, 690.301325, 
            686.857616, 692.420530, 684.738411, 694.539735, 
            682.619205, 696.658940, 682.619205, 698.778146, 
            680.500000, 700.897351, 680.500000, 703.016556, 
            680.500000, 703.016556, 678.380795, 705.135762, 
            676.261589, 707.254967, 676.261589, 707.254967, 
            674.142384, 709.374172, 674.142384, 711.493377, 
            674.142384, 713.612583, 672.023179, 715.731788, 
            672.023179, 717.850993, 669.903974, 719.970199, 
            667.784768, 722.089404, 667.784768, 724.208609, 
            667.784768, 726.327815, 665.665563, 728.447020, 
            665.665563, 730.566225, 665.665563, 730.566225, 
            663.546358, 732.685430, 663.546358, 734.804636, 
            661.427152, 736.923841, 659.307947, 739.043046, 
            659.307947, 741.162252, 657.188742, 743.281457, 
            655.069536, 745.400662, 655.069536, 745.400662, 
            652.950331, 747.519868, 650.831126, 749.639073, 
            648.711921, 751.758278, 648.711921, 753.877483, 
            648.711921, 755.996689, 648.711921, 758.115894, 
            646.592715, 760.235099, 646.592715, 762.354305, 
            644.473510, 764.473510, 644.473510, 766.592715, 
            644.473510, 768.711921, 644.473510, 770.831126, 
            646.592715, 772.950331, 646.592715, 777.188742, 
            648.711921, 777.188742, 650.831126, 779.307947, 
            650.831126, 783.546358, 652.950331, 785.665563, 
            655.069536, 789.903974, 655.069536, 789.903974, 
            657.188742, 792.023179, 657.188742, 794.142384, 
            657.188742, 796.261589, 657.188742, 800.500000, 
            657.188742, 802.619205, 657.188742, 804.738411, 
            657.188742, 806.857616, 657.188742, 808.976821, 
            657.188742, 811.096026, 657.188742, 813.215232, 
            657.188742, 815.334437, 657.188742, 817.453642, 
            657.188742, 819.572848, 657.188742, 821.692053, 
            657.188742, 823.811258, 657.188742, 825.930464, 
            657.188742, 828.049669, 657.188742, 832.288079, 
            657.188742, 836.526490, 657.188742, 838.645695, 
            657.188742, 840.764901, 657.188742, 840.764901, 
            659.307947, 842.884106, 659.307947, 845.003311, 
            659.307947, 847.122517, 659.307947, 849.241722, 
            661.427152, 851.360927, 663.546358, 853.480132, 
            663.546358, 855.599338, 663.546358, 857.718543, 
            665.665563, 861.956954, 667.784768, 864.076159, 
            667.784768, 866.195364, 667.784768, 868.314570, 
            667.784768, 870.433775, 669.903974, 872.552980, 
            669.903974, 874.672185, 672.023179, 876.791391, 
            672.023179, 878.910596, 674.142384, 883.149007, 
            674.142384, 883.149007, 676.261589, 885.268212, 
            676.261589, 887.387417, 678.380795, 891.625828, 
            678.380795, 891.625828, 680.500000, 895.864238, 
            682.619205, 897.983444, 682.619205, 900.102649, 
            682.619205, 902.221854, 684.738411, 904.341060, 
            686.857616, 908.579470, 686.857616, 912.817881, 
            688.976821, 917.056291, 691.096026, 925.533113, 
            695.334437, 931.890728, 697.453642, 934.009934, 
            697.453642, 938.248344, 699.572848, 940.367550, 
            701.692053, 944.605960, 701.692053, 946.725166, 
            703.811258, 948.844371, 703.811258, 950.963576, 
            705.930464, 950.963576, 708.049669, 950.963576, 
            710.168874, 950.963576, 712.288079, 950.963576, 
            714.407285, 950.963576, 716.526490, 950.963576, 
            718.645695, -1.000000, -1.000000, 806.857616, 
            133.745033, 806.857616, 135.864238, 808.976821, 
            135.864238, 808.976821, 137.983444, 811.096026, 
            140.102649, 811.096026, 142.221854, 811.096026, 
            144.341060, 811.096026, 146.460265, 811.096026, 
            148.579470, 811.096026, 150.698675, 811.096026, 
            152.817881, 811.096026, 154.937086, 811.096026, 
            157.056291, 811.096026, 159.175497, 811.096026, 
            161.294702, 811.096026, 163.413907, 808.976821, 
            165.533113, 806.857616, 167.652318, 806.857616, 
            171.890728, 804.738411, 171.890728, 804.738411, 
            174.009934, 802.619205, 174.009934, 800.500000, 
            178.248344, 798.380795, 180.367550, 798.380795, 
            182.486755, 796.261589, 184.605960, 796.261589, 
            186.725166, 794.142384, 186.725166, 794.142384, 
            188.844371, 792.023179, 193.082781, 792.023179, 
            195.201987, 792.023179, 199.440397, 792.023179, 
            201.559603, 792.023179, 203.678808, 789.903974, 
            203.678808, 789.903974, 205.798013, 789.903974, 
            207.917219, 789.903974, 210.036424, 789.903974, 
            212.155629, 789.903974, 214.274834, 789.903974, 
            216.394040, 789.903974, 218.513245, 789.903974, 
            220.632450, 789.903974, 222.751656, 787.784768, 
            222.751656, 787.784768, 224.870861, 787.784768, 
            226.990066, 787.784768, 229.109272, 785.665563, 
            231.228477, 785.665563, 233.347682, 785.665563, 
            237.586093, 783.546358, 239.705298, 783.546358, 
            241.824503, 783.546358, 243.943709, 783.546358, 
            246.062914, 781.427152, 248.182119, 781.427152, 
            250.301325, 779.307947, 254.539735, 779.307947, 
            256.658940, 779.307947, 258.778146, 779.307947, 
            260.897351, 779.307947, 263.016556, 779.307947, 
            265.135762, 779.307947, 267.254967, 779.307947, 
            269.374172, 779.307947, 271.493377, 779.307947, 
            273.612583, 779.307947, 275.731788, 779.307947, 
            279.970199, 779.307947, 282.089404, 779.307947, 
            284.208609, 779.307947, 288.447020, 779.307947, 
            290.566225, 781.427152, 290.566225, 783.546358, 
            292.685430, 783.546358, 294.804636, 785.665563, 
            294.804636, 785.665563, 296.923841, 787.784768, 
            296.923841, 787.784768, 299.043046, 789.903974, 
            299.043046, 792.023179, 299.043046, 794.142384, 
            299.043046, 798.380795, 299.043046, 800.500000, 
            299.043046, 800.500000, 296.923841, 802.619205, 
            294.804636, 804.738411, 290.566225, 804.738411, 
            288.447020, 804.738411, 286.327815, 806.857616, 
            284.208609, 806.857616, 282.089404, 806.857616, 
            279.970199, 806.857616, 275.731788, 806.857616, 
            273.612583, 806.857616, 271.493377, 806.857616, 
            269.374172, 808.976821, 267.254967, 808.976821, 
            263.016556, 808.976821, 260.897351, 811.096026, 
            258.778146, 811.096026, 256.658940, 811.096026, 
            254.539735, 811.096026, 252.420530, 811.096026, 
            250.301325, 813.215232, 250.301325, 813.215232, 
            248.182119, 813.215232, 246.062914, 813.215232, 
            243.943709, 813.215232, 241.824503, 813.215232, 
            239.705298, 815.334437, 237.586093, 815.334437, 
            235.466887, 817.453642, 233.347682, 817.453642, 
            231.228477, 817.453642, 229.109272, 819.572848, 
            226.990066, 819.572848, 224.870861, 821.692053, 
            220.632450, 823.811258, 218.513245, 823.811258, 
            216.394040, 825.930464, 212.155629, 828.049669, 
