%YAML:1.0
    mask: !!opencv-matrix
        rows: 596
        cols: 2
        dt: f
        data: [ 8.173861, 496.583133, 12.266587, 
            496.583133, 23.521583, 496.583133, 37.846123, 
            496.583133, 56.263389, 495.559952, 59.332934, 
            495.559952, 68.541567, 494.536771, 69.564748, 
            494.536771, 75.703837, 494.536771, 76.727018, 
            494.536771, 80.819744, 494.536771, 87.982014, 
            494.536771, 94.121103, 495.559952, 98.213829, 
            495.559952, 105.376099, 497.606315, 110.492006, 
            499.652678, 115.607914, 501.699041, 121.747002, 
            503.745404, 124.816547, 504.768585, 128.909273, 
            505.791767, 130.955635, 506.814948, 136.071543, 
            508.861311, 140.164269, 510.907674, 143.233813, 
            511.930855, 148.349720, 513.977218, 149.372902, 
            513.977218, 154.488809, 517.046763, 159.604716, 
            519.093125, 165.743805, 522.162670, 171.882894, 
            525.232214, 175.975620, 528.301759, 176.998801, 
            529.324940, 181.091527, 532.394484, 183.137890, 
            534.440847, 185.184253, 536.487210, 186.207434, 
            539.556755, 188.253797, 542.626299, 189.276978, 
            544.672662, 189.276978, 545.695843, 190.300160, 
            548.765388, 191.323341, 552.858114, 191.323341, 
            553.881295, 193.369704, 558.997202, 194.392886, 
            561.043565, 194.392886, 562.066747, 195.416067, 
            564.113110, 195.416067, 566.159472, 196.439249, 
            568.205835, 196.439249, 569.229017, 196.439249, 
            572.298561, 197.462430, 576.391287, 198.485612, 
            577.414468, 198.485612, 582.530376, 198.485612, 
            584.576739, 198.485612, 589.692646, 198.485612, 
            594.808553, 198.485612, 595.831735, 198.485612, 
            598.901279, 198.485612, 599.924460, 198.485612, 
            604.017186, 197.462430, 609.133094, 197.462430, 
            613.225819, 196.439249, 615.272182, 194.392886, 
            619.364908, 193.369704, 622.434452, 192.346523, 
            624.480815, 192.346523, 625.503997, 191.323341, 
            626.527178, 190.300160, 628.573541, 189.276978, 
            629.596723, 187.230616, 633.689448, 185.184253, 
            636.758993, 182.114708, 640.851719, 181.091527, 
            643.921263, 179.045164, 646.990807, 178.021982, 
            649.037170, 176.998801, 649.037170, 174.952438, 
            650.060352, 173.929257, 653.129896, 167.790168, 
            655.176259, 164.720624, 658.245803, 163.697442, 
            658.245803, 159.604716, 661.315348, 157.558353, 
            662.338529, 153.465627, 666.431255, 151.419265, 
            666.431255, 145.280176, 669.500799, 144.256994, 
            672.570344, 136.071543, 675.639888, 128.909273, 
            677.686251, 123.793365, 679.732614, 121.747002, 
            680.755795, 114.584732, 681.778977, 114.584732, 
            682.802158, 110.492006, 683.825340, 106.399281, 
            684.848521, 105.376099, 684.848521, 101.283373, 
            686.894884, 99.237010, 687.918066, 94.121103, 
            690.987610, 90.028377, 693.033973, 89.005196, 
            693.033973, 85.935651, 695.080336, 82.866107, 
            696.103517, 78.773381, 698.149880, 72.634293, 
            700.196243, 69.564748, 701.219424, 68.541567, 
            702.242606, 63.425659, 703.265787, 61.379297, 
            704.288969, 58.309752, 704.288969, 54.217026, 
            705.312150, 52.170663, 705.312150, 48.077938, 
            705.312150, 47.054756, 705.312150, 42.962030, 
            705.312150, 38.869305, 705.312150, 37.846123, 
            705.312150, 32.730216, 705.312150, 26.591127, 
            706.335332, 22.498401, 706.335332, 21.475220, 
            706.335332, 19.428857, 707.358513, 17.382494, 
            707.358513, 16.359313, 707.358513, 15.336131, 
            707.358513, -1.000000, -1.000000, 900.388090, 
            410.635891, 898.341727, 412.682254, 893.225819, 
            415.751799, 886.063549, 417.798161, 879.924460, 
            420.867706, 876.854916, 421.890887, 875.831735, 
            421.890887, 870.715827, 421.890887, 867.646283, 
            422.914069, 866.623102, 422.914069, 862.530376, 
            422.914069, 861.507194, 422.914069, 858.437650, 
            422.914069, 850.252198, 423.937250, 849.229017, 
            423.937250, 846.159472, 423.937250, 845.136291, 
            423.937250, 834.904476, 424.960432, 833.881295, 
            424.960432, 823.649480, 424.960432, 816.487210, 
            424.960432, 812.394484, 424.960432, 809.324940, 
            423.937250, 805.232214, 422.914069, 803.185851, 
            421.890887, 798.069944, 420.867706, 795.000400, 
            419.844524, 792.954037, 418.821343, 784.768585, 
            413.705436, 777.606315, 408.589528, 768.397682, 
            403.473621, 760.212230, 398.357714, 755.096323, 
            394.264988, 751.003597, 392.218625, 749.980416, 
            391.195444, 747.934053, 389.149081, 746.910871, 
            389.149081, 742.818145, 386.079536, 737.702238, 
            384.033173, 730.539968, 379.940448, 728.493605, 
            377.894085, 727.470424, 376.870903, 723.377698, 
            374.824540, 723.377698, 373.801359, 719.284972, 
            371.754996, 717.238609, 369.708633, 714.169065, 
            368.685452, 712.122702, 366.639089, 711.099520, 
            364.592726, 705.983613, 361.523181, 702.914069, 
            359.476819, 701.890887, 359.476819, 698.821343, 
            355.384093, 696.774980, 354.360911, 696.774980, 
            353.337730, 693.705436, 351.291367, 692.682254, 
            349.245004, 692.682254, 348.221823, 690.635891, 
            347.198641, 689.612710, 345.152278, 686.543165, 
            344.129097, 683.473621, 340.036371, 681.427258, 
            337.990008, 678.357714, 334.920464, 673.241807, 
            331.850919, 669.149081, 329.804556, 666.079536, 
            328.781375, 663.009992, 326.735012, 661.986811, 
            325.711831, 658.917266, 324.688649, 655.847722, 
            323.665468, 650.731815, 322.642286, 644.592726, 
            321.619105, 640.500000, 321.619105, 637.430456, 
            320.595923, 635.384093, 320.595923, 631.291367, 
            320.595923, 625.152278, 320.595923, 624.129097, 
            320.595923, 620.036371, 320.595923, 617.990008, 
            320.595923, 611.850919, 320.595923, 609.804556, 
            320.595923, 605.711831, 320.595923, 600.595923, 
            321.619105, 595.480016, 322.642286, 592.410472, 
            322.642286, 587.294564, 322.642286, 584.225020, 
            323.665468, 583.201839, 323.665468, 579.109113, 
            323.665468, 576.039568, 323.665468, 575.016387, 
            323.665468, 568.877298, 323.665468, 567.854117, 
            323.665468, 558.645484, 321.619105, 555.575939, 
            320.595923, 553.529576, 320.595923, 545.344125, 
            319.572742, 541.251399, 319.572742, 540.228217, 
            318.549560, 537.158673, 318.549560, 535.112310, 
            317.526379, 532.042766, 316.503197, 529.996403, 
            314.456835, 528.973221, 314.456835, 526.926859, 
            313.433653, 526.926859, 311.387290, 525.903677, 
            310.364109, 524.880496, 308.317746, 524.880496, 
            307.294564, 523.857314, 305.248201, 523.857314, 
            304.225020, 523.857314, 302.178657, 523.857314, 
            299.109113, 523.857314, 298.085931, 523.857314, 
            293.993205, 524.880496, 292.970024, 525.903677, 
            288.877298, 525.903677, 287.854117, 529.996403, 
            282.738209, 535.112310, 277.622302, 537.158673, 
            275.575939, 539.205036, 275.575939, 542.274580, 
            272.506395, 544.320943, 271.483213, 549.436851, 
            268.413669, 554.552758, 266.367306, 559.668665, 
            265.344125, 563.761391, 263.297762, 565.807754, 
            262.274580, 569.900480, 261.251399, 570.923661, 
