%YAML:1.0
    mask: !!opencv-matrix
        rows: 291
        cols: 2
        dt: f
        data: [ -1.000000, -1.000000, -1.000000, 
            -1.000000, 783.675258, 250.314433, 777.077320, 
            254.273196, 770.479381, 258.231959, 759.922680, 
            264.829897, 750.685567, 270.108247, 742.768041, 
            276.706186, 737.489691, 280.664948, 733.530928, 
            285.943299, 724.293814, 292.541237, 716.376289, 
            301.778351, 707.139175, 311.015464, 701.860825, 
            316.293814, 696.582474, 322.891753, 691.304124, 
            330.809278, 687.345361, 333.448454, 680.747423, 
            340.046392, 674.149485, 345.324742, 664.912371, 
            350.603093, 658.314433, 357.201031, 643.798969, 
            365.118557, 634.561856, 370.396907, 617.407216, 
            376.994845, 613.448454, 379.634021, 605.530928, 
            383.592784, 588.376289, 387.551546, 572.541237, 
            394.149485, 561.984536, 398.108247, 555.386598, 
            399.427835, 550.108247, 403.386598, 547.469072, 
            404.706186, 544.829897, 406.025773, 538.231959, 
            412.623711, 534.273196, 416.582474, 530.314433, 
            419.221649, 527.675258, 420.541237, 522.396907, 
            424.500000, 513.159794, 429.778351, 511.840206, 
            431.097938, 506.561856, 432.417526, 498.644330, 
            432.417526, 494.685567, 432.417526, 484.128866, 
            425.819588, 480.170103, 423.180412, 476.211340, 
            421.860825, 468.293814, 417.902062, 466.974227, 
            416.582474, 463.015464, 408.664948, 463.015464, 
            403.386598, 463.015464, 400.747423, 463.015464, 
            399.427835, 447.180412, 399.427835, 432.664948, 
            399.427835, 430.025773, 399.427835, 424.747423, 
            399.427835, 420.788660, 396.788660, 418.149485, 
            394.149485, 414.190722, 392.829897, 410.231959, 
            390.190722, 408.912371, 390.190722, 408.912371, 
            388.871134, 407.592784, 388.871134, 404.953608, 
            384.912371, 399.675258, 382.273196, 398.355670, 
            380.953608, 397.036082, 380.953608, 395.716495, 
            374.355670, 393.077320, 367.757732, 391.757732, 
            358.520619, 391.757732, 353.242268, 390.438144, 
            347.963918, 389.118557, 340.046392, 387.798969, 
            332.128866, 387.798969, 329.489691, 386.479381, 
            328.170103, 383.840206, 328.170103, 371.963918, 
            328.170103, 365.365979, 329.489691, 361.407216, 
            342.685567, 358.768041, 357.201031, 357.448454, 
            362.479381, 356.128866, 366.438144, 354.809278, 
            370.396907, 352.170103, 374.355670, 352.170103, 
            375.675258, 350.850515, 375.675258, 349.530928, 
            375.675258, 346.891753, 375.675258, 338.974227, 
            374.355670, 336.335052, 373.036082, 335.015464, 
            371.716495, 335.015464, 370.396907, 333.695876, 
            370.396907, 332.376289, 367.757732, 331.056701, 
            366.438144, 329.737113, 362.479381, 328.417526, 
            358.520619, 325.778351, 353.242268, 325.778351, 
            350.603093, 325.778351, 349.283505, 325.778351, 
            344.005155, 325.778351, 338.726804, 328.417526, 
            330.809278, 328.417526, 322.891753, 329.737113, 
            320.252577, 331.056701, 316.293814, 335.015464, 
            308.376289, 337.654639, 303.097938, 338.974227, 
            300.458763, 341.613402, 295.180412, 348.211340, 
            285.943299, 350.850515, 280.664948, 352.170103, 
            279.345361, 353.489691, 275.386598, 356.128866, 
            268.788660, 358.768041, 266.149485, 361.407216, 
            263.510309, 368.005155, 256.912371, 375.922680, 
            250.314433, 381.201031, 246.355670, 382.520619, 
            245.036082, 385.159794, 242.396907, 390.438144, 
            237.118557, 394.396907, 234.479381, 402.314433, 
            229.201031, 410.231959, 222.603093, 419.469072, 
            216.005155, 427.386598, 209.407216, 432.664948, 
            205.448454, 444.541237, 198.850515, 453.778351, 
            192.252577, 456.417526, 190.932990, 463.015464, 
            188.293814, 470.932990, 184.335052, 477.530928, 
            183.015464, 490.726804, 180.376289, 503.922680, 
            177.737113, 511.840206, 176.417526, 518.438144, 
            175.097938, 521.077320, 173.778351, 535.592784, 
            169.819588, 546.149485, 165.860825, 554.067010, 
            161.902062, 561.984536, 157.943299, 568.582474, 
            155.304124, 576.500000, 150.025773, 589.695876, 
            146.067010, 601.572165, 139.469072, 622.685567, 
            130.231959, 626.644330, 128.912371, 629.283505, 
            127.592784, 638.520619, 123.634021, 651.716495, 
            118.355670, 659.634021, 114.396907, 671.510309, 
            110.438144, 676.788660, 107.798969, 683.386598, 
            105.159794, 691.304124, 103.840206, 699.221649, 
            102.520619, 707.139175, 99.881443, 712.417526, 
            99.881443, 715.056701, 99.881443, 722.974227, 
            99.881443, 734.850515, 101.201031, 740.128866, 
            102.520619, 744.087629, 103.840206, 746.726804, 
            103.840206, 750.685567, 105.159794, 757.283505, 
            107.798969, 763.881443, 109.118557, 767.840206, 
            110.438144, 771.798969, 111.757732, 778.396907, 
            115.716495, 781.036082, 117.036082, 788.953608, 
            124.953608, 799.510309, 134.190722, 804.788660, 
            138.149485, 808.747423, 143.427835, 810.067010, 
            147.386598, 814.025773, 165.860825, 816.664948, 
            183.015464, 821.943299, 201.489691, 823.262887, 
            208.087629, 824.582474, 209.407216, -1.000000, 
            -1.000000, 329.737113, 169.819588, 324.458763, 
            169.819588, 315.221649, 173.778351, 304.664948, 
            177.737113, 303.345361, 177.737113, 302.025773, 
            179.056701, 298.067010, 180.376289, 296.747423, 
            181.695876, 295.427835, 183.015464, 288.829897, 
            186.974227, 287.510309, 188.293814, 286.190722, 
            190.932990, 283.551546, 198.850515, 283.551546, 
            205.448454, 282.231959, 213.365979, 282.231959, 
            218.644330, 282.231959, 227.881443, 284.871134, 
            233.159794, 286.190722, 238.438144, 287.510309, 
            241.077320, 292.788660, 250.314433, 295.427835, 
            252.953608, 296.747423, 256.912371, 302.025773, 
            266.149485, 303.345361, 267.469072, 304.664948, 
            270.108247, 308.623711, 274.067010, 309.943299, 
            275.386598, 309.943299, 276.706186, 311.262887, 
            278.025773, 311.262887, 280.664948, 312.582474, 
            281.984536, 315.221649, 283.304124, 316.541237, 
            283.304124, 321.819588, 284.623711, 327.097938, 
            283.304124, 335.015464, 275.386598, 336.335052, 
            274.067010, 340.293814, 270.108247, 346.891753, 
            266.149485, 354.809278, 262.190722, 361.407216, 
            256.912371, 368.005155, 251.634021, 371.963918, 
            247.675258, 379.881443, 243.716495, 386.479381, 
            238.438144, 395.716495, 233.159794, 398.355670, 
            230.520619, 402.314433, 225.242268, 406.273196, 
            219.963918, 410.231959, 213.365979, 414.190722, 
            210.726804, 418.149485, 208.087629, 435.304124, 
            197.530928, 445.860825, 192.252577, 455.097938, 
            186.974227, 464.335052, 184.335052, 472.252577, 
            181.695876, 476.211340, 181.695876, 480.170103, 
            180.376289, 482.809278, 179.056701, 484.128866, 
            176.417526, 485.448454, 173.778351, 485.448454, 
            171.139175, 485.448454, 168.500000, 484.128866, 
            164.541237, 482.809278, 161.902062, 480.170103, 
            157.943299, 477.530928, 156.623711, 474.891753, 
            153.984536, 472.252577, 151.345361, 469.613402, 
            150.025773, 463.015464, 146.067010, 455.097938, 
