%YAML:1.0
    mask: !!opencv-matrix
        rows: 283
        cols: 2
        dt: f
        data: [ -1.000000, -1.000000, -1.000000, 
            -1.000000, 716.376289, 328.170103, 717.695876, 
            334.768041, 719.015464, 336.087629, 720.335052, 
            338.726804, 721.654639, 341.365979, 722.974227, 
            342.685567, 724.293814, 344.005155, 725.613402, 
            346.644330, 725.613402, 349.283505, 726.932990, 
            351.922680, 726.932990, 355.881443, 728.252577, 
            357.201031, 729.572165, 362.479381, 730.891753, 
            366.438144, 730.891753, 367.757732, 732.211340, 
            370.396907, 733.530928, 373.036082, 734.850515, 
            378.314433, 734.850515, 379.634021, 736.170103, 
            384.912371, 737.489691, 388.871134, 737.489691, 
            390.190722, 737.489691, 396.788660, 738.809278, 
            399.427835, 738.809278, 403.386598, 738.809278, 
            406.025773, 738.809278, 407.345361, 738.809278, 
            409.984536, 738.809278, 413.943299, 740.128866, 
            420.541237, 740.128866, 421.860825, 740.128866, 
            424.500000, 741.448454, 425.819588, 741.448454, 
            427.139175, 742.768041, 427.139175, 742.768041, 
            428.458763, 746.726804, 428.458763, 749.365979, 
            428.458763, 753.324742, 427.139175, 758.603093, 
            424.500000, 761.242268, 423.180412, 765.201031, 
            419.221649, 766.520619, 419.221649, 767.840206, 
            417.902062, 773.118557, 412.623711, 775.757732, 
            411.304124, 778.396907, 407.345361, 781.036082, 
            404.706186, 784.994845, 396.788660, 786.314433, 
            392.829897, 786.314433, 391.510309, 787.634021, 
            388.871134, 788.953608, 386.231959, 790.273196, 
            380.953608, 790.273196, 379.634021, 792.912371, 
            376.994845, 792.912371, 375.675258, 794.231959, 
            375.675258, 794.231959, 374.355670, 795.551546, 
            373.036082, 798.190722, 369.077320, 799.510309, 
            367.757732, 800.829897, 365.118557, 800.829897, 
            363.798969, 802.149485, 361.159794, 803.469072, 
            357.201031, 803.469072, 355.881443, 804.788660, 
            351.922680, 804.788660, 347.963918, 804.788660, 
            346.644330, 798.190722, 337.407216, 795.551546, 
            333.448454, 794.231959, 332.128866, 792.912371, 
            329.489691, 792.912371, 326.850515, 791.592784, 
            324.211340, 791.592784, 322.891753, 790.273196, 
            320.252577, 787.634021, 318.932990, 786.314433, 
            317.613402, 784.994845, 317.613402, 782.355670, 
            316.293814, 781.036082, 316.293814, 779.716495, 
            314.974227, 778.396907, 314.974227, 777.077320, 
            314.974227, 771.798969, 314.974227, 765.201031, 
            314.974227, 761.242268, 314.974227, 758.603093, 
            314.974227, 757.283505, 314.974227, 755.963918, 
            314.974227, 753.324742, 314.974227, 749.365979, 
            316.293814, 748.046392, 316.293814, 744.087629, 
            316.293814, 741.448454, 317.613402, 740.128866, 
            317.613402, 737.489691, 318.932990, -1.000000, 
            -1.000000, 554.067010, 321.572165, 552.747423, 
            328.170103, 552.747423, 330.809278, 555.386598, 
            337.407216, 556.706186, 338.726804, 556.706186, 
            341.365979, 559.345361, 344.005155, 559.345361, 
            346.644330, 560.664948, 347.963918, 561.984536, 
            349.283505, 564.623711, 353.242268, 567.262887, 
            355.881443, 569.902062, 358.520619, 572.541237, 
            361.159794, 573.860825, 362.479381, 576.500000, 
            363.798969, 577.819588, 365.118557, 580.458763, 
            369.077320, 581.778351, 369.077320, 584.417526, 
            371.716495, 587.056701, 374.355670, 589.695876, 
            375.675258, 589.695876, 376.994845, 593.654639, 
            378.314433, 596.293814, 382.273196, 597.613402, 
            382.273196, 600.252577, 384.912371, 601.572165, 
            384.912371, 602.891753, 386.231959, 606.850515, 
            388.871134, 610.809278, 388.871134, 612.128866, 
            390.190722, 613.448454, 390.190722, 616.087629, 
            391.510309, 620.046392, 394.149485, 624.005155, 
            395.469072, 625.324742, 396.788660, 626.644330, 
            396.788660, 629.283505, 398.108247, 630.603093, 
            399.427835, 631.922680, 400.747423, 633.242268, 
            403.386598, 635.881443, 406.025773, 637.201031, 
            408.664948, 639.840206, 411.304124, 641.159794, 
            412.623711, 643.798969, 415.262887, 645.118557, 
            416.582474, 649.077320, 420.541237, 651.716495, 
            421.860825, 658.314433, 423.180412, 662.273196, 
            424.500000, 663.592784, 424.500000, 664.912371, 
            424.500000, 667.551546, 421.860825, 668.871134, 
            412.623711, 668.871134, 409.984536, 668.871134, 
            407.345361, 668.871134, 406.025773, 667.551546, 
            402.067010, 664.912371, 399.427835, 663.592784, 
            395.469072, 664.912371, 396.788660, 667.551546, 
            399.427835, 668.871134, 402.067010, 670.190722, 
            402.067010, 671.510309, 407.345361, 671.510309, 
            412.623711, 672.829897, 413.943299, 672.829897, 
            417.902062, 674.149485, 419.221649, 674.149485, 
            420.541237, 675.469072, 423.180412, 676.788660, 
            423.180412, 676.788660, 424.500000, 676.788660, 
            425.819588, 678.108247, 427.139175, 682.067010, 
            428.458763, 684.706186, 428.458763, 688.664948, 
            428.458763, 696.582474, 429.778351, 701.860825, 
            431.097938, 705.819588, 432.417526, 708.458763, 
            432.417526, 711.097938, 433.737113, 713.737113, 
            435.056701, 717.695876, 436.376289, 719.015464, 
            437.695876, 721.654639, 437.695876, 722.974227, 
            439.015464, 725.613402, 440.335052, 726.932990, 
            440.335052, 728.252577, 440.335052, 729.572165, 
            440.335052, 730.891753, 440.335052, 732.211340, 
            440.335052, 732.211340, 435.056701, 732.211340, 
            432.417526, 732.211340, 425.819588, 732.211340, 
            424.500000, 733.530928, 424.500000, 733.530928, 
            423.180412, 734.850515, 421.860825, 734.850515, 
            420.541237, 736.170103, 420.541237, 736.170103, 
            417.902062, 736.170103, 415.262887, 736.170103, 
            411.304124, 736.170103, 409.984536, 736.170103, 
            408.664948, 736.170103, 406.025773, 736.170103, 
            400.747423, 734.850515, 391.510309, 733.530928, 
            387.551546, 732.211340, 383.592784, 732.211340, 
            376.994845, 729.572165, 363.798969, 728.252577, 
            359.840206, 728.252577, 358.520619, 726.932990, 
            351.922680, 726.932990, 349.283505, 725.613402, 
            344.005155, 724.293814, 341.365979, 721.654639, 
            336.087629, 720.335052, 332.128866, 719.015464, 
            325.530928, 717.695876, 321.572165, 716.376289, 
            317.613402, 713.737113, 313.654639, 712.417526, 
            309.695876, 711.097938, 308.376289, 711.097938, 
            307.056701, 709.778351, 305.737113, 708.458763, 
            304.417526, 707.139175, 303.097938, 705.819588, 
            303.097938, 704.500000, 303.097938, 703.180412, 
            301.778351, 700.541237, 300.458763, 692.623711, 
            299.139175, 691.304124, 299.139175, 686.025773, 
            297.819588, 683.386598, 296.500000, 678.108247, 
            296.500000, 664.912371, 296.500000, 659.634021, 
            296.500000, 656.994845, 296.500000, 650.396907, 
            295.180412, 645.118557, 293.860825, 642.479381, 
            293.860825, 633.242268, 291.221649, 630.603093, 
            291.221649, 629.283505, 291.221649, 627.963918, 
            289.902062, 626.644330, 289.902062, 625.324742, 
            288.582474, 624.005155, 288.582474, 622.685567, 
