%YAML:1.0
    mask: !!opencv-matrix
        rows: 730
        cols: 2
        dt: f
        data: [ -1.000000, -1.000000, -1.000000, 
            -1.000000, 779.331943, 59.951728, 777.806317, 
            59.951728, 777.806317, 61.477354, 776.280691, 
            61.477354, 774.755066, 61.477354, 773.229440, 
            61.477354, 771.703814, 63.002980, 768.652563, 
            64.528605, 767.126937, 64.528605, 762.550060, 
            66.054231, 761.024434, 66.054231, 757.973182, 
            67.579857, 753.396305, 69.105483, 750.345054, 
            69.105483, 745.768176, 69.105483, 739.665673, 
            70.631108, 738.140048, 70.631108, 736.614422, 
            70.631108, 735.088796, 70.631108, 733.563170, 
            70.631108, 732.037545, 70.631108, 730.511919, 
            70.631108, 728.986293, 70.631108, 727.460667, 
            72.156734, 725.935042, 72.156734, 724.409416, 
            72.156734, 724.409416, 73.682360, 722.883790, 
            73.682360, 721.358164, 73.682360, 719.832539, 
            73.682360, 718.306913, 73.682360, 718.306913, 
            75.207986, 716.781287, 75.207986, 715.255662, 
            76.733611, 712.204410, 76.733611, 712.204410, 
            78.259237, 710.678784, 78.259237, 710.678784, 
            79.784863, 709.153159, 79.784863, 709.153159, 
            81.310489, 707.627533, 81.310489, 706.101907, 
            82.836114, 706.101907, 84.361740, 703.050656, 
            85.887366, 703.050656, 87.412992, 701.525030, 
            87.412992, 701.525030, 88.938617, 699.999404, 
            90.464243, 698.473778, 90.464243, 695.422527, 
            91.989869, 695.422527, 93.515495, 693.896901, 
            93.515495, 692.371275, 95.041120, 690.845650, 
            95.041120, 689.320024, 95.041120, 687.794398, 
            96.566746, 687.794398, 98.092372, 686.268772, 
            98.092372, 684.743147, 98.092372, 684.743147, 
            99.617998, 683.217521, 101.143623, 681.691895, 
            101.143623, 681.691895, 102.669249, 680.166269, 
            102.669249, 680.166269, 104.194875, 680.166269, 
            105.720501, 678.640644, 105.720501, 677.115018, 
            105.720501, 675.589392, 105.720501, 674.063766, 
            105.720501, 674.063766, 107.246126, 674.063766, 
            108.771752, 672.538141, 108.771752, 672.538141, 
            110.297378, 671.012515, 110.297378, 669.486889, 
            110.297378, 669.486889, 111.823004, 667.961263, 
            111.823004, 666.435638, 111.823004, 666.435638, 
            113.348629, 664.910012, 113.348629, 663.384386, 
            113.348629, 663.384386, 114.874255, 661.858760, 
            114.874255, 661.858760, 116.399881, 660.333135, 
            116.399881, 658.807509, 116.399881, 657.281883, 
            117.925507, 657.281883, 119.451132, 657.281883, 
            120.976758, 655.756257, 120.976758, 654.230632, 
            120.976758, 654.230632, 122.502384, 654.230632, 
            124.028010, 652.705006, 125.553635, 652.705006, 
            127.079261, 651.179380, 128.604887, 651.179380, 
            130.130513, 651.179380, 131.656138, 651.179380, 
            133.181764, 652.705006, 133.181764, 652.705006, 
            134.707390, 652.705006, 136.233015, 654.230632, 
            136.233015, 655.756257, 137.758641, 655.756257, 
            139.284267, 657.281883, 140.809893, 658.807509, 
            140.809893, 658.807509, 142.335518, 660.333135, 
            143.861144, 660.333135, 145.386770, 660.333135, 
            146.912396, 660.333135, 148.438021, 661.858760, 
            148.438021, 661.858760, 149.963647, 663.384386, 
            149.963647, 663.384386, 151.489273, 664.910012, 
            151.489273, 666.435638, 153.014899, 666.435638, 
            154.540524, 667.961263, 156.066150, 667.961263, 
            157.591776, 669.486889, 159.117402, 671.012515, 
            159.117402, 671.012515, 160.643027, 672.538141, 
            160.643027, 672.538141, 162.168653, 674.063766, 
            162.168653, 675.589392, 163.694279, 677.115018, 
            163.694279, 677.115018, 165.219905, 678.640644, 
            165.219905, 678.640644, 166.745530, 680.166269, 
            166.745530, 683.217521, 166.745530, 684.743147, 
            166.745530, 686.268772, 168.271156, 687.794398, 
            168.271156, 687.794398, 169.796782, 689.320024, 
            169.796782, 690.845650, 169.796782, 690.845650, 
            171.322408, 692.371275, 171.322408, 693.896901, 
            171.322408, 695.422527, 171.322408, 695.422527, 
            172.848033, 696.948153, 172.848033, 698.473778, 
            172.848033, 699.999404, 172.848033, 701.525030, 
            172.848033, 703.050656, 172.848033, 703.050656, 
            174.373659, 704.576281, 174.373659, 707.627533, 
            174.373659, 709.153159, 175.899285, 710.678784, 
            175.899285, 712.204410, 178.950536, 721.358164, 
            180.476162, 724.409416, 182.001788, 725.935042, 
            182.001788, 725.935042, 183.527414, 727.460667, 
            183.527414, 728.986293, 183.527414, 730.511919, 
            186.578665, 733.563170, 186.578665, 735.088796, 
            186.578665, 736.614422, 188.104291, 738.140048, 
            189.629917, 739.665673, 189.629917, 741.191299, 
            189.629917, 742.716925, 191.155542, 744.242551, 
            191.155542, 747.293802, 191.155542, 747.293802, 
            192.681168, 748.819428, 192.681168, 750.345054, 
            192.681168, 751.870679, 194.206794, 753.396305, 
            194.206794, 754.921931, 194.206794, 756.447557, 
            194.206794, 757.973182, 194.206794, 759.498808, 
            194.206794, 761.024434, 194.206794, 764.075685, 
            194.206794, 765.601311, 194.206794, 768.652563, 
            194.206794, 770.178188, 194.206794, 773.229440, 
            194.206794, 774.755066, 194.206794, 776.280691, 
            194.206794, 779.331943, 194.206794, 780.857569, 
            194.206794, 782.383194, 194.206794, 786.960072, 
            194.206794, 790.011323, 194.206794, 791.536949, 
            194.206794, 791.536949, 192.681168, 793.062574, 
            192.681168, 794.588200, 192.681168, 797.639452, 
            192.681168, 797.639452, 191.155542, 799.165077, 
            191.155542, 802.216329, 191.155542, 805.267580, 
            191.155542, 806.793206, 189.629917, 806.793206, 
            188.104291, 808.318832, 188.104291, 809.844458, 
            186.578665, 811.370083, 186.578665, 812.895709, 
            186.578665, 814.421335, 186.578665, 815.946961, 
            186.578665, 815.946961, 185.053039, 815.946961, 
            183.527414, 817.472586, 183.527414, 817.472586, 
            182.001788, 818.998212, 182.001788, 820.523838, 
            178.950536, 822.049464, 178.950536, 823.575089, 
            178.950536, 823.575089, 177.424911, 825.100715, 
            175.899285, 826.626341, 175.899285, 828.151967, 
            172.848033, 828.151967, 171.322408, 829.677592, 
            169.796782, 829.677592, 168.271156, 831.203218, 
            166.745530, 831.203218, 165.219905, 832.728844, 
            165.219905, 834.254470, 165.219905, 834.254470, 
            163.694279, 835.780095, 163.694279, 837.305721, 
            162.168653, 838.831347, 162.168653, 838.831347, 
            160.643027, 838.831347, 159.117402, 840.356973, 
            159.117402, 840.356973, 157.591776, 841.882598, 
            156.066150, 843.408224, 154.540524, 843.408224, 
            153.014899, 843.408224, 151.489273, 844.933850, 
            149.963647, 844.933850, 148.438021, 844.933850, 
            145.386770, 844.933850, 143.861144, 844.933850, 
            142.335518, 844.933850, 140.809893, 844.933850, 
            139.284267, 844.933850, 137.758641, 844.933850, 
            136.233015, 844.933850, 134.707390, 844.933850, 
            133.181764, 844.933850, 131.656138, 846.459476, 
            130.130513, 846.459476, 128.604887, 846.459476, 
