%YAML:1.0
    mask: !!opencv-matrix
        rows: 1099
        cols: 2
        dt: f
        data: [ 3.678808, 349.903974, 5.798013, 
            349.903974, 16.394040, 349.903974, 18.513245, 
            349.903974, 20.632450, 349.903974, 24.870861, 
            349.903974, 26.990066, 349.903974, 29.109272, 
            349.903974, 31.228477, 349.903974, 33.347682, 
            349.903974, 35.466887, 349.903974, 37.586093, 
            349.903974, 41.824503, 347.784768, 43.943709, 
            345.665563, 46.062914, 345.665563, 48.182119, 
            345.665563, 50.301325, 343.546358, 52.420530, 
            343.546358, 54.539735, 343.546358, 54.539735, 
            341.427152, 56.658940, 341.427152, 58.778146, 
            339.307947, 60.897351, 339.307947, 63.016556, 
            339.307947, 67.254967, 339.307947, 69.374172, 
            339.307947, 75.731788, 339.307947, 77.850993, 
            339.307947, 82.089404, 339.307947, 84.208609, 
            341.427152, 86.327815, 341.427152, 88.447020, 
            341.427152, 90.566225, 341.427152, 92.685430, 
            343.546358, 96.923841, 345.665563, 99.043046, 
            345.665563, 101.162252, 347.784768, 103.281457, 
            347.784768, 105.400662, 347.784768, 105.400662, 
            349.903974, 107.519868, 349.903974, 111.758278, 
            349.903974, 115.996689, 349.903974, 120.235099, 
            352.023179, 122.354305, 352.023179, 126.592715, 
            352.023179, 128.711921, 352.023179, 128.711921, 
            354.142384, 132.950331, 354.142384, 135.069536, 
            354.142384, 137.188742, 354.142384, 139.307947, 
            354.142384, 141.427152, 354.142384, 143.546358, 
            356.261589, 147.784768, 358.380795, 149.903974, 
            358.380795, 152.023179, 358.380795, 154.142384, 
            358.380795, 154.142384, 360.500000, 156.261589, 
            362.619205, 160.500000, 362.619205, 162.619205, 
            364.738411, 164.738411, 364.738411, 166.857616, 
            364.738411, 166.857616, 366.857616, 168.976821, 
            366.857616, 173.215232, 368.976821, 175.334437, 
            371.096026, 177.453642, 371.096026, 179.572848, 
            371.096026, 181.692053, 373.215232, 185.930464, 
            373.215232, 190.168874, 375.334437, 192.288079, 
            375.334437, 194.407285, 377.453642, 198.645695, 
            377.453642, 200.764901, 379.572848, 202.884106, 
            379.572848, 207.122517, 379.572848, 209.241722, 
            381.692053, 211.360927, 381.692053, 213.480132, 
            381.692053, 215.599338, 381.692053, 215.599338, 
            383.811258, 217.718543, 383.811258, 219.837748, 
            385.930464, 221.956954, 385.930464, 224.076159, 
            385.930464, 226.195364, 388.049669, 228.314570, 
            390.168874, 232.552980, 392.288079, 234.672185, 
            392.288079, 236.791391, 394.407285, 238.910596, 
            394.407285, 241.029801, 396.526490, 243.149007, 
            396.526490, 243.149007, 398.645695, 245.268212, 
            398.645695, 247.387417, 400.764901, 251.625828, 
            400.764901, 253.745033, 402.884106, 255.864238, 
            402.884106, 257.983444, 405.003311, 260.102649, 
            405.003311, 264.341060, 407.122517, 266.460265, 
            409.241722, 268.579470, 409.241722, 270.698675, 
            409.241722, 272.817881, 411.360927, 274.937086, 
            411.360927, 274.937086, 413.480132, 279.175497, 
            413.480132, 281.294702, 415.599338, 281.294702, 
            417.718543, 283.413907, 417.718543, 287.652318, 
            419.837748, 289.771523, 421.956954, 291.890728, 
            424.076159, 294.009934, 424.076159, 294.009934, 
            426.195364, 296.129139, 426.195364, 298.248344, 
            428.314570, 300.367550, 428.314570, 300.367550, 
            430.433775, 302.486755, 430.433775, 304.605960, 
            432.552980, 306.725166, 434.672185, 308.844371, 
            434.672185, 313.082781, 438.910596, 315.201987, 
            438.910596, 315.201987, 441.029801, 319.440397, 
            443.149007, 321.559603, 445.268212, 323.678808, 
            445.268212, 325.798013, 447.387417, 327.917219, 
            449.506623, 327.917219, 451.625828, 330.036424, 
            451.625828, 330.036424, 453.745033, 332.155629, 
            453.745033, 334.274834, 455.864238, 336.394040, 
            457.983444, 336.394040, 460.102649, 336.394040, 
            462.221854, 336.394040, 464.341060, 336.394040, 
            466.460265, 336.394040, 468.579470, 336.394040, 
            470.698675, 336.394040, 472.817881, 336.394040, 
            474.937086, 336.394040, 477.056291, 334.274834, 
            479.175497, 334.274834, 481.294702, 334.274834, 
            483.413907, 332.155629, 485.533113, 332.155629, 
            487.652318, 332.155629, 489.771523, 330.036424, 
            491.890728, 330.036424, 494.009934, 327.917219, 
            494.009934, 327.917219, 496.129139, 325.798013, 
            498.248344, 323.678808, 498.248344, 323.678808, 
            500.367550, 321.559603, 502.486755, 321.559603, 
            504.605960, 319.440397, 506.725166, 317.321192, 
            508.844371, 315.201987, 510.963576, 315.201987, 
            513.082781, 313.082781, 513.082781, 313.082781, 
            515.201987, 310.963576, 515.201987, 308.844371, 
            517.321192, 306.725166, 519.440397, 304.605960, 
            519.440397, 298.248344, 523.678808, 294.009934, 
            525.798013, 289.771523, 525.798013, 287.652318, 
            525.798013, 285.533113, 527.917219, 283.413907, 
            527.917219, 281.294702, 527.917219, 279.175497, 
            530.036424, 277.056291, 530.036424, 274.937086, 
            532.155629, 272.817881, 532.155629, 270.698675, 
            532.155629, 268.579470, 534.274834, 266.460265, 
            534.274834, 262.221854, 536.394040, 260.102649, 
            538.513245, 255.864238, 538.513245, 253.745033, 
            540.632450, 251.625828, 542.751656, 249.506623, 
            542.751656, 247.387417, 542.751656, 245.268212, 
            544.870861, 243.149007, 544.870861, 241.029801, 
            544.870861, 241.029801, 546.990066, 238.910596, 
            546.990066, 236.791391, 549.109272, 234.672185, 
            549.109272, 232.552980, 549.109272, 230.433775, 
            551.228477, 228.314570, 553.347682, 226.195364, 
            555.466887, 221.956954, 557.586093, 219.837748, 
            561.824503, 217.718543, 563.943709, 217.718543, 
            568.182119, 217.718543, 570.301325, 215.599338, 
            572.420530, 215.599338, 574.539735, 215.599338, 
            578.778146, 215.599338, 580.897351, 215.599338, 
            583.016556, 215.599338, 585.135762, 213.480132, 
            585.135762, 213.480132, 587.254967, 213.480132, 
            591.493377, 211.360927, 593.612583, 209.241722, 
            595.731788, 209.241722, 597.850993, 207.122517, 
            597.850993, 207.122517, 599.970199, 205.003311, 
            599.970199, 202.884106, 604.208609, 200.764901, 
            604.208609, 198.645695, 606.327815, 196.526490, 
            610.566225, 194.407285, 610.566225, 194.407285, 
            612.685430, 190.168874, 614.804636, 188.049669, 
            616.923841, 185.930464, 616.923841, 183.811258, 
            616.923841, 183.811258, 619.043046, 181.692053, 
            621.162252, 179.572848, 623.281457, 177.453642, 
            625.400662, 175.334437, 627.519868, 173.215232, 
            627.519868, 171.096026, 629.639073, 168.976821, 
            629.639073, 168.976821, 631.758278, 166.857616, 
            631.758278, 164.738411, 631.758278, 162.619205, 
            635.996689, 160.500000, 638.115894, 158.380795, 
            640.235099, 158.380795, 642.354305, 156.261589, 
            644.473510, 154.142384, 646.592715, 152.023179, 
            648.711921, 152.023179, 650.831126, 149.903974, 
            652.950331, 147.784768, 655.069536, 145.665563, 
