%YAML:1.0
    mask: !!opencv-matrix
        rows: 2078
        cols: 2
        dt: f
        data: [ 322.290568, 716.567146, 323.313749, 
            716.567146, 324.336930, 714.520783, 325.360112, 
            714.520783, 326.383293, 712.474420, 329.452838, 
            708.381695, 331.499201, 705.312150, 333.545564, 
            704.288969, 335.591926, 700.196243, 337.638289, 
            698.149880, 339.684652, 697.126699, 341.731015, 
            694.057154, 343.777378, 690.987610, 344.800560, 
            688.941247, 345.823741, 686.894884, 347.870104, 
            683.825340, 350.939648, 680.755795, 352.986011, 
            677.686251, 354.009193, 675.639888, 357.078737, 
            670.523981, 359.125100, 668.477618, 361.171463, 
            666.431255, 362.194644, 664.384892, 364.241007, 
            662.338529, 364.241007, 661.315348, 366.287370, 
            657.222622, 367.310552, 654.153078, 369.356914, 
            652.106715, 372.426459, 649.037170, 372.426459, 
            648.013989, 374.472822, 644.944444, 376.519185, 
            641.874900, 378.565548, 639.828537, 380.611910, 
            636.758993, 383.681455, 633.689448, 385.727818, 
            631.643086, 387.774181, 628.573541, 388.797362, 
            626.527178, 389.820544, 625.503997, 389.820544, 
            623.457634, 389.820544, 622.434452, 389.820544, 
            621.411271, 389.820544, 620.388090, 389.820544, 
            619.364908, 388.797362, 618.341727, 387.774181, 
            616.295364, 386.750999, 615.272182, 385.727818, 
            615.272182, 384.704636, 614.249001, 383.681455, 
            614.249001, 382.658273, 614.249001, 380.611910, 
            614.249001, 379.588729, 614.249001, 377.542366, 
            614.249001, 376.519185, 614.249001, 375.496003, 
            614.249001, 374.472822, 613.225819, 373.449640, 
            613.225819, 370.380096, 613.225819, 369.356914, 
            613.225819, 367.310552, 613.225819, 365.264189, 
            613.225819, 360.148281, 614.249001, 358.101918, 
            616.295364, 354.009193, 617.318545, 351.962830, 
            619.364908, 349.916467, 620.388090, 347.870104, 
            621.411271, 344.800560, 623.457634, 343.777378, 
            625.503997, 342.754197, 627.550360, 340.707834, 
            628.573541, 340.707834, 629.596723, 339.684652, 
            631.643086, 336.615108, 633.689448, 334.568745, 
            637.782174, 333.545564, 639.828537, 331.499201, 
            641.874900, 329.452838, 643.921263, 326.383293, 
            646.990807, 325.360112, 650.060352, 323.313749, 
            652.106715, 320.244205, 655.176259, 319.221023, 
            657.222622, 317.174660, 659.268985, 315.128297, 
            661.315348, 313.081934, 664.384892, 310.012390, 
            666.431255, 306.942846, 668.477618, 304.896483, 
            671.547162, 301.826938, 673.593525, 299.780576, 
            674.616707, 297.734213, 676.663070, 294.664668, 
            677.686251, 292.618305, 679.732614, 291.595124, 
            679.732614, 290.571942, 680.755795, 289.548761, 
            680.755795, 288.525580, 681.778977, 287.502398, 
            681.778977, 285.456035, 682.802158, 284.432854, 
            682.802158, 282.386491, 683.825340, 280.340128, 
            683.825340, 278.293765, 683.825340, 277.270584, 
            683.825340, 276.247402, 683.825340, 274.201039, 
            683.825340, 273.177858, 683.825340, 271.131495, 
            682.802158, 268.061950, 682.802158, 266.015588, 
            680.755795, 262.946043, 679.732614, 259.876499, 
            676.663070, 257.830136, 674.616707, 255.783773, 
            673.593525, 253.737410, 672.570344, 252.714229, 
            670.523981, 251.691047, 667.454436, 250.667866, 
            665.408074, 249.644684, 664.384892, 248.621503, 
            661.315348, 248.621503, 657.222622, 248.621503, 
            656.199440, 248.621503, 654.153078, 248.621503, 
            651.083533, 248.621503, 649.037170, 249.644684, 
            646.990807, 250.667866, 644.944444, 251.691047, 
            643.921263, 253.737410, 640.851719, 255.783773, 
            639.828537, 257.830136, 637.782174, 259.876499, 
            635.735811, 261.922862, 632.666267, 264.992406, 
            630.619904, 267.038769, 629.596723, 268.061950, 
            627.550360, 270.108313, 625.503997, 272.154676, 
            624.480815, 273.177858, 623.457634, 274.201039, 
            622.434452, 275.224221, 621.411271, 276.247402, 
            620.388090, 277.270584, 619.364908, 278.293765, 
            619.364908, 278.293765, 618.341727, 280.340128, 
            618.341727, 281.363309, 616.295364, 283.409672, 
            616.295364, 285.456035, 615.272182, 288.525580, 
            613.225819, 290.571942, 612.202638, 292.618305, 
            611.179456, 295.687850, 610.156275, 297.734213, 
            609.133094, 299.780576, 608.109912, 301.826938, 
            608.109912, 303.873301, 607.086731, 305.919664, 
            607.086731, 306.942846, 606.063549, 310.012390, 
            606.063549, 312.058753, 606.063549, 315.128297, 
            606.063549, 318.197842, 606.063549, 320.244205, 
            606.063549, 322.290568, 606.063549, 324.336930, 
            606.063549, 326.383293, 606.063549, 329.452838, 
            606.063549, 332.522382, 606.063549, 334.568745, 
            606.063549, 336.615108, 606.063549, 339.684652, 
            606.063549, 342.754197, 606.063549, 346.846922, 
            606.063549, 347.870104, 606.063549, 349.916467, 
            606.063549, 351.962830, 606.063549, 354.009193, 
            606.063549, 356.055556, 606.063549, 359.125100, 
            606.063549, 362.194644, 605.040368, 363.217826, 
            605.040368, 366.287370, 604.017186, 368.333733, 
            604.017186, 370.380096, 602.994005, 371.403277, 
            602.994005, 372.426459, 602.994005, 374.472822, 
            602.994005, 375.496003, 601.970823, 376.519185, 
            601.970823, 376.519185, 600.947642, 377.542366, 
            599.924460, 378.565548, 599.924460, 378.565548, 
            597.878098, 378.565548, 596.854916, 378.565548, 
            595.831735, 377.542366, 594.808553, 377.542366, 
            592.762190, 376.519185, 592.762190, 375.496003, 
            591.739009, 375.496003, 590.715827, 374.472822, 
            590.715827, 373.449640, 589.692646, 372.426459, 
            588.669464, 371.403277, 587.646283, 369.356914, 
            586.623102, 366.287370, 585.599920, 365.264189, 
            584.576739, 364.241007, 583.553557, 362.194644, 
            582.530376, 359.125100, 581.507194, 357.078737, 
            579.460831, 355.032374, 578.437650, 352.986011, 
            577.414468, 350.939648, 576.391287, 348.893285, 
            574.344924, 346.846922, 573.321743, 346.846922, 
            571.275380, 344.800560, 569.229017, 343.777378, 
            567.182654, 342.754197, 564.113110, 340.707834, 
            561.043565, 339.684652, 557.974021, 338.661471, 
            554.904476, 337.638289, 552.858114, 336.615108, 
            550.811751, 335.591926, 549.788569, 334.568745, 
            548.765388, 333.545564, 547.742206, 331.499201, 
            547.742206, 331.499201, 546.719025, 330.476019, 
            546.719025, 329.452838, 545.695843, 327.406475, 
            544.672662, 325.360112, 544.672662, 323.313749, 
            543.649480, 322.290568, 541.603118, 320.244205, 
            541.603118, 320.244205, 540.579936, 319.221023, 
            539.556755, 317.174660, 539.556755, 314.105116, 
            538.533573, 312.058753, 537.510392, 310.012390, 
            536.487210, 307.966027, 535.464029, 305.919664, 
            534.440847, 302.850120, 533.417666, 299.780576, 
            532.394484, 296.711031, 530.348122, 293.641487, 
            530.348122, 290.571942, 529.324940, 287.502398, 
            528.301759, 284.432854, 527.278577, 280.340128, 
            525.232214, 275.224221, 524.209033, 272.154676, 
