%YAML:1.0
    mask: !!opencv-matrix
        rows: 880
        cols: 2
        dt: f
        data: [ 3.678808, 646.592715, 5.798013, 
            646.592715, 16.394040, 640.235099, 20.632450, 
            638.115894, 22.751656, 638.115894, 22.751656, 
            635.996689, 24.870861, 635.996689, 24.870861, 
            633.877483, 26.990066, 631.758278, 29.109272, 
            629.639073, 31.228477, 629.639073, 33.347682, 
            627.519868, 33.347682, 625.400662, 35.466887, 
            625.400662, 37.586093, 625.400662, 39.705298, 
            623.281457, 43.943709, 621.162252, 46.062914, 
            621.162252, 48.182119, 619.043046, 50.301325, 
            619.043046, 52.420530, 616.923841, 56.658940, 
            614.804636, 58.778146, 612.685430, 60.897351, 
            612.685430, 63.016556, 610.566225, 65.135762, 
            610.566225, 67.254967, 608.447020, 69.374172, 
            608.447020, 71.493377, 608.447020, 73.612583, 
            606.327815, 75.731788, 606.327815, 77.850993, 
            604.208609, 79.970199, 604.208609, 84.208609, 
            599.970199, 88.447020, 597.850993, 92.685430, 
            593.612583, 94.804636, 591.493377, 96.923841, 
            591.493377, 99.043046, 589.374172, 101.162252, 
            587.254967, 103.281457, 585.135762, 105.400662, 
            583.016556, 107.519868, 583.016556, 109.639073, 
            580.897351, 111.758278, 578.778146, 113.877483, 
            576.658940, 118.115894, 576.658940, 122.354305, 
            576.658940, 122.354305, 574.539735, 126.592715, 
            574.539735, 130.831126, 574.539735, 139.307947, 
            570.301325, 143.546358, 568.182119, 147.784768, 
            568.182119, 149.903974, 568.182119, 152.023179, 
            568.182119, 154.142384, 568.182119, 154.142384, 
            566.062914, 156.261589, 566.062914, 160.500000, 
            566.062914, 164.738411, 563.943709, 166.857616, 
            561.824503, 173.215232, 559.705298, 179.572848, 
            559.705298, 183.811258, 559.705298, 185.930464, 
            559.705298, 188.049669, 559.705298, 192.288079, 
            557.586093, 194.407285, 557.586093, 196.526490, 
            557.586093, 198.645695, 555.466887, 200.764901, 
            555.466887, 202.884106, 555.466887, 205.003311, 
            555.466887, 207.122517, 555.466887, 209.241722, 
            555.466887, 211.360927, 555.466887, 213.480132, 
            555.466887, 215.599338, 555.466887, 217.718543, 
            555.466887, 219.837748, 555.466887, 221.956954, 
            555.466887, 224.076159, 555.466887, 226.195364, 
            557.586093, 230.433775, 557.586093, 232.552980, 
            557.586093, 234.672185, 559.705298, 236.791391, 
            559.705298, 238.910596, 561.824503, 241.029801, 
            563.943709, 245.268212, 566.062914, 247.387417, 
            568.182119, 249.506623, 570.301325, 251.625828, 
            570.301325, 257.983444, 572.420530, 260.102649, 
            574.539735, 262.221854, 574.539735, 264.341060, 
            574.539735, 266.460265, 576.658940, 268.579470, 
            576.658940, 272.817881, 576.658940, 272.817881, 
            578.778146, 277.056291, 580.897351, 279.175497, 
            580.897351, 281.294702, 583.016556, 283.413907, 
            583.016556, 285.533113, 585.135762, 287.652318, 
            585.135762, 287.652318, 587.254967, 289.771523, 
            587.254967, 291.890728, 587.254967, 294.009934, 
            589.374172, 296.129139, 589.374172, 298.248344, 
            591.493377, 300.367550, 593.612583, 302.486755, 
            593.612583, 302.486755, 595.731788, 304.605960, 
            597.850993, 306.725166, 602.089404, 308.844371, 
            604.208609, 310.963576, 610.566225, 310.963576, 
            612.685430, 313.082781, 616.923841, 313.082781, 
            619.043046, 315.201987, 623.281457, 315.201987, 
            625.400662, 317.321192, 627.519868, 317.321192, 
            629.639073, 317.321192, 631.758278, 317.321192, 
            638.115894, 317.321192, 642.354305, 317.321192, 
            644.473510, 315.201987, 646.592715, 315.201987, 
            648.711921, 315.201987, 650.831126, 313.082781, 
            650.831126, 313.082781, 652.950331, 310.963576, 
            655.069536, 310.963576, 657.188742, 308.844371, 
            661.427152, 308.844371, 663.546358, 306.725166, 
            665.665563, 306.725166, 667.784768, 304.605960, 
            672.023179, 302.486755, 672.023179, 302.486755, 
            676.261589, 300.367550, 676.261589, 300.367550, 
            680.500000, 298.248344, 682.619205, 296.129139, 
            684.738411, 296.129139, 686.857616, 296.129139, 
            691.096026, 294.009934, 693.215232, 294.009934, 
            695.334437, 294.009934, 697.453642, 294.009934, 
            699.572848, 291.890728, 701.692053, 289.771523, 
            703.811258, 289.771523, 705.930464, 287.652318, 
            705.930464, 287.652318, 708.049669, 287.652318, 
            710.168874, 279.175497, 712.288079, 274.937086, 
            712.288079, 270.698675, 714.407285, 268.579470, 
            714.407285, 262.221854, 714.407285, 255.864238, 
            714.407285, 251.625828, 714.407285, 243.149007, 
            716.526490, 241.029801, 716.526490, 236.791391, 
            716.526490, 230.433775, 716.526490, 215.599338, 
            716.526490, 207.122517, 716.526490, 198.645695, 
            716.526490, 190.168874, 716.526490, 183.811258, 
            716.526490, 181.692053, 716.526490, 179.572848, 
            716.526490, 177.453642, 716.526490, 173.215232, 
            716.526490, 160.500000, 716.526490, 154.142384, 
            716.526490, 149.903974, 716.526490, 147.784768, 
            716.526490, 145.665563, 716.526490, 143.546358, 
            716.526490, 141.427152, 716.526490, 139.307947, 
            716.526490, 132.950331, 716.526490, 130.831126, 
            716.526490, 122.354305, 716.526490, 111.758278, 
            716.526490, 105.400662, 718.645695, 52.420530, 
            718.645695, 48.182119, 718.645695, 46.062914, 
            716.526490, 43.943709, 716.526490, 41.824503, 
            716.526490, 37.586093, 714.407285, 31.228477, 
            712.288079, 24.870861, 712.288079, 1.559603, 
            703.811258, 1.559603, 661.427152, -1.000000, 
            -1.000000, 713.612583, 457.983444, 713.612583, 
            455.864238, 713.612583, 453.745033, 713.612583, 
            451.625828, 713.612583, 449.506623, 713.612583, 
            447.387417, 713.612583, 445.268212, 713.612583, 
            443.149007, 713.612583, 441.029801, 713.612583, 
            434.672185, 713.612583, 432.552980, 713.612583, 
            428.314570, 713.612583, 426.195364, 713.612583, 
            424.076159, 713.612583, 421.956954, 713.612583, 
            419.837748, 713.612583, 417.718543, 713.612583, 
            415.599338, 715.731788, 413.480132, 715.731788, 
            411.360927, 715.731788, 409.241722, 717.850993, 
            407.122517, 717.850993, 405.003311, 717.850993, 
            402.884106, 719.970199, 400.764901, 722.089404, 
            396.526490, 724.208609, 392.288079, 726.327815, 
            390.168874, 726.327815, 388.049669, 728.447020, 
            385.930464, 728.447020, 383.811258, 730.566225, 
            383.811258, 732.685430, 379.572848, 734.804636, 
            379.572848, 736.923841, 375.334437, 739.043046, 
            373.215232, 739.043046, 371.096026, 741.162252, 
            371.096026, 741.162252, 368.976821, 743.281457, 
            368.976821, 745.400662, 366.857616, 747.519868, 
            364.738411, 747.519868, 362.619205, 749.639073, 
            362.619205, 751.758278, 360.500000, 753.877483, 
            358.380795, 755.996689, 356.261589, 755.996689, 
            354.142384, 758.115894, 354.142384, 760.235099, 
            352.023179, 762.354305, 349.903974, 766.592715, 
            345.665563, 768.711921, 343.546358, 770.831126, 
