%YAML:1.0
    mask: !!opencv-matrix
        rows: 717
        cols: 2
        dt: f
        data: [ -1.000000, -1.000000, -1.000000, 
            -1.000000, 808.976821, 322.354305, 808.976821, 
            324.473510, 806.857616, 324.473510, 804.738411, 
            324.473510, 802.619205, 326.592715, 800.500000, 
            328.711921, 798.380795, 328.711921, 796.261589, 
            328.711921, 796.261589, 330.831126, 794.142384, 
            330.831126, 792.023179, 330.831126, 789.903974, 
            330.831126, 787.784768, 330.831126, 785.665563, 
            330.831126, 783.546358, 330.831126, 781.427152, 
            330.831126, 779.307947, 330.831126, 777.188742, 
            330.831126, 772.950331, 330.831126, 770.831126, 
            330.831126, 766.592715, 330.831126, 764.473510, 
            330.831126, 762.354305, 330.831126, 758.115894, 
            330.831126, 755.996689, 330.831126, 753.877483, 
            330.831126, 751.758278, 330.831126, 749.639073, 
            330.831126, 745.400662, 330.831126, 743.281457, 
            330.831126, 741.162252, 330.831126, 739.043046, 
            330.831126, 736.923841, 330.831126, 734.804636, 
            330.831126, 732.685430, 330.831126, 730.566225, 
            330.831126, 728.447020, 330.831126, 726.327815, 
            330.831126, 722.089404, 330.831126, 717.850993, 
            330.831126, 715.731788, 330.831126, 711.493377, 
            330.831126, 709.374172, 330.831126, 707.254967, 
            330.831126, 705.135762, 330.831126, 703.016556, 
            330.831126, 700.897351, 330.831126, 698.778146, 
            330.831126, 696.658940, 330.831126, 694.539735, 
            330.831126, 692.420530, 330.831126, 690.301325, 
            330.831126, 688.182119, 330.831126, 686.062914, 
            330.831126, 683.943709, 330.831126, 683.943709, 
            332.950331, 681.824503, 332.950331, 679.705298, 
            332.950331, 677.586093, 332.950331, 675.466887, 
            332.950331, 673.347682, 332.950331, 673.347682, 
            335.069536, 671.228477, 335.069536, 669.109272, 
            335.069536, 666.990066, 335.069536, 664.870861, 
            335.069536, 662.751656, 335.069536, 660.632450, 
            335.069536, 658.513245, 335.069536, 658.513245, 
            337.188742, 656.394040, 337.188742, 654.274834, 
            337.188742, 654.274834, 339.307947, 650.036424, 
            339.307947, 650.036424, 341.427152, 647.917219, 
            343.546358, 647.917219, 345.665563, 647.917219, 
            347.784768, 647.917219, 349.903974, 647.917219, 
            352.023179, 650.036424, 352.023179, 652.155629, 
            354.142384, 654.274834, 354.142384, 656.394040, 
            356.261589, 658.513245, 358.380795, 660.632450, 
            358.380795, 662.751656, 358.380795, 664.870861, 
            358.380795, 666.990066, 358.380795, 669.109272, 
            358.380795, 671.228477, 358.380795, 673.347682, 
            358.380795, 675.466887, 358.380795, 677.586093, 
            358.380795, 679.705298, 358.380795, 681.824503, 
            358.380795, 683.943709, 358.380795, 686.062914, 
            358.380795, 688.182119, 360.500000, 690.301325, 
            360.500000, 692.420530, 360.500000, 692.420530, 
            362.619205, 694.539735, 362.619205, 696.658940, 
            364.738411, 700.897351, 364.738411, 703.016556, 
            366.857616, 705.135762, 366.857616, 709.374172, 
            368.976821, 709.374172, 371.096026, 711.493377, 
            371.096026, 711.493377, 373.215232, 713.612583, 
            373.215232, 715.731788, 375.334437, 715.731788, 
            377.453642, 715.731788, 379.572848, 715.731788, 
            381.692053, 715.731788, 383.811258, 713.612583, 
            385.930464, 711.493377, 388.049669, 709.374172, 
            390.168874, 709.374172, 392.288079, 707.254967, 
            392.288079, 705.135762, 394.407285, 703.016556, 
            396.526490, 700.897351, 396.526490, 698.778146, 
            396.526490, 696.658940, 398.645695, 692.420530, 
            400.764901, 690.301325, 400.764901, 688.182119, 
            402.884106, 686.062914, 402.884106, 683.943709, 
            402.884106, 679.705298, 405.003311, 677.586093, 
            407.122517, 675.466887, 407.122517, 673.347682, 
            407.122517, 673.347682, 409.241722, 671.228477, 
            409.241722, 669.109272, 411.360927, 666.990066, 
            413.480132, 662.751656, 413.480132, 660.632450, 
            415.599338, 658.513245, 415.599338, 658.513245, 
            417.718543, 656.394040, 417.718543, 654.274834, 
            419.837748, 652.155629, 421.956954, 650.036424, 
            424.076159, 650.036424, 426.195364, 650.036424, 
            430.433775, 647.917219, 432.552980, 647.917219, 
            434.672185, 647.917219, 436.791391, 645.798013, 
            441.029801, 645.798013, 443.149007, 643.678808, 
            443.149007, 643.678808, 445.268212, 641.559603, 
            447.387417, 641.559603, 449.506623, 639.440397, 
            449.506623, 637.321192, 451.625828, 635.201987, 
            453.745033, 633.082781, 455.864238, 633.082781, 
            457.983444, 630.963576, 457.983444, 630.963576, 
            460.102649, 628.844371, 460.102649, 628.844371, 
            462.221854, 626.725166, 462.221854, 626.725166, 
            464.341060, 624.605960, 466.460265, 624.605960, 
            468.579470, 622.486755, 470.698675, 622.486755, 
            472.817881, 622.486755, 474.937086, 622.486755, 
            477.056291, 622.486755, 479.175497, 624.605960, 
            481.294702, 626.725166, 483.413907, 628.844371, 
            483.413907, 630.963576, 485.533113, 633.082781, 
            485.533113, 635.201987, 485.533113, 637.321192, 
            487.652318, 639.440397, 489.771523, 643.678808, 
            489.771523, 645.798013, 489.771523, 647.917219, 
            491.890728, 650.036424, 491.890728, 652.155629, 
            491.890728, 654.274834, 491.890728, 656.394040, 
            491.890728, 656.394040, 494.009934, 658.513245, 
            496.129139, 660.632450, 496.129139, 660.632450, 
            498.248344, 662.751656, 498.248344, 662.751656, 
            500.367550, 664.870861, 502.486755, 664.870861, 
            504.605960, 666.990066, 504.605960, 669.109272, 
            506.725166, 671.228477, 508.844371, 671.228477, 
            510.963576, 673.347682, 513.082781, 675.466887, 
            515.201987, 677.586093, 515.201987, 677.586093, 
            517.321192, 679.705298, 517.321192, 681.824503, 
            519.440397, 683.943709, 519.440397, 683.943709, 
            521.559603, 686.062914, 521.559603, 688.182119, 
            521.559603, 688.182119, 523.678808, 690.301325, 
            523.678808, 692.420530, 523.678808, 694.539735, 
            523.678808, 696.658940, 523.678808, 700.897351, 
            523.678808, 703.016556, 523.678808, 707.254967, 
            523.678808, 709.374172, 523.678808, 711.493377, 
            523.678808, 713.612583, 523.678808, 715.731788, 
            523.678808, 717.850993, 523.678808, 719.970199, 
            523.678808, 722.089404, 523.678808, 724.208609, 
            523.678808, 726.327815, 523.678808, 728.447020, 
            523.678808, 730.566225, 521.559603, 732.685430, 
            519.440397, 734.804636, 519.440397, 736.923841, 
            519.440397, 739.043046, 517.321192, 741.162252, 
            515.201987, 743.281457, 515.201987, 745.400662, 
            513.082781, 749.639073, 510.963576, 749.639073, 
            508.844371, 751.758278, 508.844371, 753.877483, 
            506.725166, 755.996689, 506.725166, 758.115894, 
            506.725166, 758.115894, 504.605960, 762.354305, 
            504.605960, 762.354305, 502.486755, 764.473510, 
            502.486755, 766.592715, 500.367550, 768.711921, 
            500.367550, 768.711921, 498.248344, 770.831126, 
            498.248344, 772.950331, 496.129139, 772.950331, 
