%YAML:1.0
    mask: !!opencv-matrix
        rows: 1043
        cols: 2
        dt: f
        data: [ 1.559603, 644.473510, 3.678808, 
            644.473510, 5.798013, 644.473510, 7.917219, 
            642.354305, 12.155629, 640.235099, 14.274834, 
            640.235099, 14.274834, 638.115894, 18.513245, 
            635.996689, 20.632450, 635.996689, 20.632450, 
            633.877483, 22.751656, 633.877483, 24.870861, 
            633.877483, 24.870861, 631.758278, 26.990066, 
            631.758278, 26.990066, 629.639073, 31.228477, 
            627.519868, 33.347682, 627.519868, 33.347682, 
            625.400662, 35.466887, 625.400662, 37.586093, 
            625.400662, 39.705298, 623.281457, 39.705298, 
            621.162252, 41.824503, 621.162252, 43.943709, 
            621.162252, 46.062914, 619.043046, 48.182119, 
            619.043046, 50.301325, 616.923841, 52.420530, 
            616.923841, 56.658940, 614.804636, 58.778146, 
            614.804636, 60.897351, 614.804636, 63.016556, 
            612.685430, 65.135762, 612.685430, 67.254967, 
            610.566225, 69.374172, 608.447020, 71.493377, 
            608.447020, 73.612583, 606.327815, 77.850993, 
            604.208609, 77.850993, 602.089404, 79.970199, 
            602.089404, 82.089404, 599.970199, 84.208609, 
            599.970199, 84.208609, 597.850993, 86.327815, 
            597.850993, 86.327815, 595.731788, 88.447020, 
            593.612583, 90.566225, 593.612583, 92.685430, 
            591.493377, 94.804636, 589.374172, 96.923841, 
            587.254967, 96.923841, 585.135762, 99.043046, 
            585.135762, 101.162252, 585.135762, 101.162252, 
            583.016556, 103.281457, 583.016556, 105.400662, 
            580.897351, 107.519868, 580.897351, 109.639073, 
            578.778146, 109.639073, 576.658940, 113.877483, 
            576.658940, 113.877483, 574.539735, 115.996689, 
            574.539735, 118.115894, 572.420530, 120.235099, 
            570.301325, 122.354305, 570.301325, 124.473510, 
            568.182119, 128.711921, 566.062914, 130.831126, 
            563.943709, 130.831126, 561.824503, 135.069536, 
            561.824503, 135.069536, 559.705298, 137.188742, 
            559.705298, 137.188742, 557.586093, 139.307947, 
            555.466887, 141.427152, 555.466887, 143.546358, 
            553.347682, 145.665563, 551.228477, 147.784768, 
            549.109272, 149.903974, 549.109272, 152.023179, 
            546.990066, 154.142384, 544.870861, 156.261589, 
            544.870861, 158.380795, 544.870861, 160.500000, 
            542.751656, 162.619205, 540.632450, 164.738411, 
            540.632450, 164.738411, 538.513245, 166.857616, 
            538.513245, 168.976821, 538.513245, 173.215232, 
            536.394040, 177.453642, 534.274834, 179.572848, 
            534.274834, 179.572848, 532.155629, 183.811258, 
            532.155629, 185.930464, 532.155629, 188.049669, 
            532.155629, 190.168874, 532.155629, 192.288079, 
            530.036424, 194.407285, 530.036424, 196.526490, 
            530.036424, 198.645695, 530.036424, 200.764901, 
            530.036424, 202.884106, 530.036424, 202.884106, 
            532.155629, 205.003311, 534.274834, 205.003311, 
            536.394040, 207.122517, 536.394040, 209.241722, 
            538.513245, 211.360927, 538.513245, 215.599338, 
            538.513245, 217.718543, 538.513245, 219.837748, 
            536.394040, 221.956954, 534.274834, 224.076159, 
            534.274834, 226.195364, 532.155629, 228.314570, 
            532.155629, 230.433775, 530.036424, 232.552980, 
            527.917219, 234.672185, 527.917219, 236.791391, 
            527.917219, 238.910596, 527.917219, 241.029801, 
            525.798013, 243.149007, 525.798013, 245.268212, 
            525.798013, 247.387417, 525.798013, 249.506623, 
            525.798013, 251.625828, 525.798013, 253.745033, 
            525.798013, 253.745033, 527.917219, 255.864238, 
            527.917219, 255.864238, 530.036424, 257.983444, 
            530.036424, 257.983444, 532.155629, 260.102649, 
            532.155629, 262.221854, 534.274834, 264.341060, 
            534.274834, 264.341060, 536.394040, 266.460265, 
            538.513245, 268.579470, 538.513245, 270.698675, 
            538.513245, 274.937086, 540.632450, 277.056291, 
            540.632450, 279.175497, 542.751656, 281.294702, 
            542.751656, 283.413907, 542.751656, 285.533113, 
            542.751656, 287.652318, 544.870861, 289.771523, 
            544.870861, 291.890728, 544.870861, 294.009934, 
            544.870861, 296.129139, 546.990066, 298.248344, 
            546.990066, 302.486755, 546.990066, 304.605960, 
            549.109272, 306.725166, 549.109272, 308.844371, 
            549.109272, 308.844371, 551.228477, 310.963576, 
            551.228477, 313.082781, 551.228477, 315.201987, 
            551.228477, 317.321192, 551.228477, 317.321192, 
            553.347682, 319.440397, 553.347682, 321.559603, 
            553.347682, 323.678808, 553.347682, 325.798013, 
            555.466887, 327.917219, 555.466887, 327.917219, 
            557.586093, 330.036424, 557.586093, 332.155629, 
            557.586093, 334.274834, 559.705298, 336.394040, 
            559.705298, 338.513245, 559.705298, 340.632450, 
            559.705298, 342.751656, 559.705298, 342.751656, 
            561.824503, 346.990066, 561.824503, 349.109272, 
            561.824503, 351.228477, 561.824503, 353.347682, 
            563.943709, 355.466887, 566.062914, 359.705298, 
            566.062914, 359.705298, 568.182119, 361.824503, 
            568.182119, 363.943709, 570.301325, 366.062914, 
            572.420530, 368.182119, 572.420530, 368.182119, 
            574.539735, 372.420530, 574.539735, 372.420530, 
            576.658940, 374.539735, 576.658940, 374.539735, 
            578.778146, 376.658940, 578.778146, 378.778146, 
            580.897351, 380.897351, 580.897351, 383.016556, 
            583.016556, 385.135762, 583.016556, 387.254967, 
            585.135762, 389.374172, 587.254967, 393.612583, 
            587.254967, 393.612583, 589.374172, 395.731788, 
            589.374172, 397.850993, 591.493377, 397.850993, 
            593.612583, 402.089404, 593.612583, 402.089404, 
            595.731788, 404.208609, 595.731788, 404.208609, 
            597.850993, 406.327815, 599.970199, 408.447020, 
            602.089404, 408.447020, 604.208609, 408.447020, 
            606.327815, 408.447020, 608.447020, 408.447020, 
            610.566225, 408.447020, 612.685430, 408.447020, 
            614.804636, 408.447020, 616.923841, 408.447020, 
            619.043046, 408.447020, 621.162252, 406.327815, 
            623.281457, 406.327815, 625.400662, 404.208609, 
            627.519868, 402.089404, 629.639073, 399.970199, 
            629.639073, 397.850993, 629.639073, 395.731788, 
            629.639073, 393.612583, 631.758278, 391.493377, 
            631.758278, 389.374172, 631.758278, 387.254967, 
            631.758278, 385.135762, 631.758278, 383.016556, 
            629.639073, 380.897351, 629.639073, 378.778146, 
            629.639073, 376.658940, 627.519868, 374.539735, 
            625.400662, 372.420530, 625.400662, 368.182119, 
            623.281457, 366.062914, 623.281457, 363.943709, 
            621.162252, 361.824503, 621.162252, 361.824503, 
            619.043046, 359.705298, 619.043046, 357.586093, 
            619.043046, 357.586093, 616.923841, 355.466887, 
            616.923841, 353.347682, 616.923841, 351.228477, 
            614.804636, 349.109272, 614.804636, 346.990066, 
            612.685430, 344.870861, 612.685430, 342.751656, 
            612.685430, 342.751656, 610.566225, 340.632450, 
            610.566225, 338.513245, 610.566225, 336.394040, 
            610.566225, 334.274834, 610.566225, 332.155629, 
            610.566225, 330.036424, 610.566225, 330.036424, 
