%YAML:1.0
    mask: !!opencv-matrix
        rows: 529
        cols: 2
        dt: f
        data: [ 427.519868, 608.447020, 425.400662, 
            608.447020, 423.281457, 610.566225, 423.281457, 
            612.685430, 419.043046, 614.804636, 416.923841, 
            616.923841, 414.804636, 619.043046, 412.685430, 
            621.162252, 410.566225, 623.281457, 408.447020, 
            625.400662, 406.327815, 627.519868, 404.208609, 
            629.639073, 402.089404, 631.758278, 399.970199, 
            633.877483, 397.850993, 635.996689, 395.731788, 
            638.115894, 393.612583, 640.235099, 393.612583, 
            642.354305, 391.493377, 642.354305, 389.374172, 
            644.473510, 389.374172, 646.592715, 385.135762, 
            652.950331, 383.016556, 655.069536, 380.897351, 
            659.307947, 378.778146, 663.546358, 378.778146, 
            665.665563, 376.658940, 667.784768, 374.539735, 
            667.784768, 374.539735, 669.903974, 372.420530, 
            669.903974, 372.420530, 672.023179, 372.420530, 
            674.142384, 370.301325, 676.261589, 370.301325, 
            678.380795, 368.182119, 678.380795, 366.062914, 
            682.619205, 363.943709, 684.738411, 363.943709, 
            686.857616, 359.705298, 688.976821, 359.705298, 
            691.096026, 357.586093, 691.096026, 357.586093, 
            693.215232, 355.466887, 693.215232, 355.466887, 
            695.334437, 353.347682, 695.334437, 351.228477, 
            699.572848, 349.109272, 701.692053, 346.990066, 
            703.811258, 346.990066, 705.930464, 344.870861, 
            705.930464, 342.751656, 708.049669, 340.632450, 
            708.049669, 338.513245, 710.168874, 336.394040, 
            710.168874, 334.274834, 712.288079, 334.274834, 
            714.407285, 340.632450, 718.645695, 344.870861, 
            718.645695, 353.347682, 718.645695, 399.970199, 
            718.645695, 402.089404, 716.526490, 404.208609, 
            716.526490, 406.327815, 714.407285, 406.327815, 
            712.288079, 408.447020, 712.288079, 408.447020, 
            710.168874, 410.566225, 710.168874, 410.566225, 
            708.049669, 412.685430, 705.930464, 412.685430, 
            703.811258, 412.685430, 701.692053, 414.804636, 
            699.572848, 414.804636, 697.453642, 416.923841, 
            695.334437, 416.923841, 693.215232, 419.043046, 
            691.096026, 419.043046, 688.976821, 419.043046, 
            686.857616, 421.162252, 684.738411, 421.162252, 
            682.619205, 421.162252, 680.500000, 421.162252, 
            678.380795, 421.162252, 676.261589, 423.281457, 
            676.261589, 425.400662, 672.023179, 425.400662, 
            669.903974, 427.519868, 669.903974, 427.519868, 
            667.784768, 427.519868, 665.665563, 429.639073, 
            663.546358, 431.758278, 661.427152, 431.758278, 
            659.307947, 433.877483, 657.188742, 433.877483, 
            652.950331, 433.877483, 650.831126, 435.996689, 
            648.711921, 435.996689, 646.592715, 435.996689, 
            644.473510, 435.996689, 642.354305, 438.115894, 
            640.235099, 438.115894, 638.115894, 438.115894, 
            635.996689, 440.235099, 631.758278, 440.235099, 
            629.639073, 440.235099, 627.519868, 440.235099, 
            625.400662, 440.235099, 623.281457, 440.235099, 
            621.162252, 440.235099, 619.043046, 440.235099, 
            616.923841, 440.235099, 614.804636, 440.235099, 
            612.685430, 440.235099, 610.566225, 440.235099, 
            608.447020, 440.235099, 606.327815, 438.115894, 
            606.327815, 435.996689, 606.327815, 433.877483, 
            606.327815, 431.758278, 606.327815, 429.639073, 
            606.327815, 427.519868, 606.327815, 425.400662, 
            606.327815, -1.000000, -1.000000, 766.592715, 
            716.526490, 766.592715, 718.645695, 764.473510, 
            716.526490, 762.354305, 714.407285, 758.115894, 
            712.288079, 758.115894, 710.168874, 753.877483, 
            708.049669, 751.758278, 701.692053, 749.639073, 
            701.692053, 747.519868, 699.572848, 745.400662, 
            697.453642, 743.281457, 695.334437, 743.281457, 
            693.215232, 739.043046, 691.096026, 739.043046, 
            688.976821, 736.923841, 686.857616, 734.804636, 
            682.619205, 732.685430, 682.619205, 732.685430, 
            680.500000, 730.566225, 680.500000, 730.566225, 
            678.380795, 728.447020, 674.142384, 726.327815, 
            674.142384, 726.327815, 672.023179, 724.208609, 
            672.023179, 724.208609, 669.903974, 722.089404, 
            669.903974, 719.970199, 665.665563, 717.850993, 
            665.665563, 713.612583, 661.427152, 711.493377, 
            659.307947, 707.254967, 659.307947, 705.135762, 
            657.188742, 703.016556, 655.069536, 700.897351, 
            655.069536, 694.539735, 652.950331, 694.539735, 
            650.831126, 692.420530, 650.831126, 690.301325, 
            650.831126, 688.182119, 650.831126, 683.943709, 
            650.831126, 683.943709, 648.711921, 681.824503, 
            648.711921, 679.705298, 648.711921, 673.347682, 
            650.831126, 671.228477, 652.950331, 666.990066, 
            655.069536, 660.632450, 661.427152, 658.513245, 
            665.665563, 656.394040, 667.784768, 656.394040, 
            669.903974, 656.394040, 672.023179, 656.394040, 
            676.261589, 656.394040, 678.380795, 656.394040, 
            680.500000, 656.394040, 682.619205, 660.632450, 
            686.857616, 662.751656, 691.096026, 664.870861, 
            693.215232, 671.228477, 697.453642, 671.228477, 
            699.572848, 677.586093, 703.811258, 683.943709, 
            708.049669, 694.539735, 712.288079, 707.254967, 
            718.645695, 713.612583, 718.645695, 855.599338, 
            718.645695, 853.480132, 718.645695, 853.480132, 
            716.526490, 851.360927, 716.526490, 845.003311, 
            708.049669, 838.645695, 699.572848, 834.407285, 
            697.453642, 832.288079, 693.215232, 830.168874, 
            691.096026, 830.168874, 688.976821, 830.168874, 
            686.857616, 828.049669, 686.857616, 825.930464, 
            688.976821, 823.811258, 691.096026, 821.692053, 
            695.334437, 819.572848, 697.453642, 817.453642, 
            697.453642, 817.453642, 699.572848, 815.334437, 
            701.692053, 815.334437, 703.811258, 813.215232, 
            703.811258, 813.215232, 705.930464, 811.096026, 
            705.930464, 808.976821, 708.049669, 808.976821, 
            710.168874, 806.857616, 710.168874, 802.619205, 
            710.168874, 798.380795, 712.288079, 792.023179, 
            714.407285, 785.665563, 714.407285, 781.427152, 
            714.407285, 775.069536, 714.407285, 770.831126, 
            714.407285, 768.711921, 712.288079, 766.592715, 
            710.168874, 764.473510, 710.168874, 762.354305, 
            708.049669, 760.235099, 705.930464, -1.000000, 
            -1.000000, 705.135762, 303.281457, 705.135762, 
            305.400662, 703.016556, 307.519868, 700.897351, 
            307.519868, 696.658940, 307.519868, 690.301325, 
            307.519868, 683.943709, 307.519868, 677.586093, 
            307.519868, 669.109272, 307.519868, 660.632450, 
            307.519868, 654.274834, 307.519868, 650.036424, 
            307.519868, 643.678808, 307.519868, 641.559603, 
            307.519868, 639.440397, 307.519868, 637.321192, 
            307.519868, 635.201987, 309.639073, 630.963576, 
            313.877483, 628.844371, 313.877483, 628.844371, 
            315.996689, 626.725166, 318.115894, 624.605960, 
            320.235099, 622.486755, 320.235099, 622.486755, 
            322.354305, 622.486755, 324.473510, 620.367550, 
            326.592715, 620.367550, 328.711921, 618.248344, 
            330.831126, 616.129139, 335.069536, 614.009934, 
