%YAML:1.0
    mask: !!opencv-matrix
        rows: 595
        cols: 2
        dt: f
        data: [ 20.632450, 718.645695, 22.751656, 
            718.645695, 22.751656, 716.526490, 24.870861, 
            716.526490, 24.870861, 714.407285, 26.990066, 
            714.407285, 29.109272, 712.288079, 29.109272, 
            710.168874, 31.228477, 710.168874, 31.228477, 
            708.049669, 33.347682, 708.049669, 35.466887, 
            708.049669, 37.586093, 708.049669, 39.705298, 
            708.049669, 41.824503, 708.049669, 43.943709, 
            708.049669, 46.062914, 708.049669, 48.182119, 
            708.049669, 50.301325, 710.168874, 56.658940, 
            710.168874, 58.778146, 710.168874, 63.016556, 
            710.168874, 65.135762, 710.168874, 69.374172, 
            710.168874, 79.970199, 705.930464, 82.089404, 
            705.930464, 86.327815, 701.692053, 88.447020, 
            699.572848, 92.685430, 699.572848, 92.685430, 
            697.453642, 94.804636, 697.453642, 94.804636, 
            695.334437, 96.923841, 695.334437, 99.043046, 
            695.334437, 101.162252, 695.334437, 103.281457, 
            695.334437, 103.281457, 693.215232, 107.519868, 
            693.215232, 109.639073, 693.215232, 111.758278, 
            693.215232, 113.877483, 691.096026, 115.996689, 
            691.096026, 118.115894, 688.976821, 122.354305, 
            688.976821, 126.592715, 688.976821, 128.711921, 
            686.857616, 132.950331, 684.738411, 135.069536, 
            684.738411, 137.188742, 684.738411, 139.307947, 
            684.738411, 141.427152, 684.738411, 141.427152, 
            682.619205, 145.665563, 682.619205, 147.784768, 
            682.619205, 149.903974, 682.619205, 149.903974, 
            680.500000, 152.023179, 680.500000, 162.619205, 
            678.380795, 166.857616, 678.380795, 168.976821, 
            678.380795, 171.096026, 678.380795, 173.215232, 
            678.380795, 175.334437, 676.261589, 185.930464, 
            676.261589, 192.288079, 676.261589, 196.526490, 
            676.261589, 198.645695, 676.261589, 205.003311, 
            676.261589, 209.241722, 676.261589, 211.360927, 
            676.261589, 213.480132, 676.261589, 215.599338, 
            676.261589, 219.837748, 676.261589, 221.956954, 
            676.261589, 224.076159, 676.261589, 226.195364, 
            676.261589, 228.314570, 676.261589, 228.314570, 
            678.380795, 230.433775, 678.380795, 230.433775, 
            680.500000, 232.552980, 682.619205, 232.552980, 
            684.738411, 232.552980, 686.857616, 234.672185, 
            688.976821, 234.672185, 691.096026, 236.791391, 
            691.096026, 236.791391, 693.215232, 236.791391, 
            695.334437, 238.910596, 697.453642, 241.029801, 
            697.453642, 241.029801, 699.572848, 243.149007, 
            699.572848, 243.149007, 701.692053, 245.268212, 
            701.692053, 247.387417, 703.811258, 249.506623, 
            703.811258, 255.864238, 705.930464, 257.983444, 
            708.049669, 260.102649, 708.049669, 262.221854, 
            708.049669, 264.341060, 710.168874, 266.460265, 
            712.288079, 268.579470, 714.407285, 272.817881, 
            714.407285, 272.817881, 716.526490, 274.937086, 
            716.526490, 277.056291, 718.645695, 96.923841, 
            718.645695, 92.685430, 718.645695, 90.566225, 
            718.645695, 86.327815, 718.645695, 82.089404, 
            718.645695, 79.970199, 718.645695, 77.850993, 
            716.526490, 75.731788, 716.526490, 73.612583, 
            716.526490, 71.493377, 716.526490, 69.374172, 
            716.526490, 67.254967, 716.526490, 65.135762, 
            716.526490, 60.897351, 716.526490, 56.658940, 
            716.526490, 52.420530, 714.407285, 50.301325, 
            714.407285, 48.182119, 714.407285, 46.062914, 
            714.407285, 43.943709, 714.407285, 41.824503, 
            714.407285, 39.705298, 714.407285, -1.000000, 
            -1.000000, 722.089404, 718.645695, 724.208609, 
            716.526490, 724.208609, 714.407285, 724.208609, 
            712.288079, 724.208609, 710.168874, 724.208609, 
            708.049669, 724.208609, 705.930464, 724.208609, 
            703.811258, 722.089404, 703.811258, 717.850993, 
            701.692053, 715.731788, 701.692053, 713.612583, 
            699.572848, 711.493377, 697.453642, 711.493377, 
            695.334437, 709.374172, 695.334437, 709.374172, 
            693.215232, 707.254967, 693.215232, 705.135762, 
            693.215232, 705.135762, 691.096026, 703.016556, 
            688.976821, 703.016556, 686.857616, 703.016556, 
            684.738411, 703.016556, 682.619205, 703.016556, 
            678.380795, 703.016556, 676.261589, 703.016556, 
            674.142384, 703.016556, 672.023179, 703.016556, 
            669.903974, 705.135762, 669.903974, 707.254967, 
            667.784768, 709.374172, 667.784768, 711.493377, 
            665.665563, 713.612583, 663.546358, 715.731788, 
            661.427152, 717.850993, 661.427152, 719.970199, 
            659.307947, 722.089404, 657.188742, 724.208609, 
            655.069536, 726.327815, 652.950331, 726.327815, 
            650.831126, 728.447020, 648.711921, 730.566225, 
            646.592715, 732.685430, 646.592715, 736.923841, 
            646.592715, 743.281457, 646.592715, 745.400662, 
            648.711921, 745.400662, 650.831126, 747.519868, 
            650.831126, 747.519868, 652.950331, 747.519868, 
            655.069536, 747.519868, 657.188742, 749.639073, 
            657.188742, 751.758278, 659.307947, 753.877483, 
            661.427152, 755.996689, 661.427152, 758.115894, 
            661.427152, 760.235099, 661.427152, 762.354305, 
            661.427152, 764.473510, 661.427152, 766.592715, 
            661.427152, 768.711921, 661.427152, 770.831126, 
            661.427152, 772.950331, 661.427152, 775.069536, 
            661.427152, 783.546358, 661.427152, 785.665563, 
            661.427152, 789.903974, 663.546358, 792.023179, 
            663.546358, 794.142384, 663.546358, 800.500000, 
            665.665563, 804.738411, 665.665563, 806.857616, 
            667.784768, 808.976821, 667.784768, 811.096026, 
            667.784768, 811.096026, 669.903974, 813.215232, 
            669.903974, 815.334437, 669.903974, 825.930464, 
            676.261589, 830.168874, 678.380795, 832.288079, 
            678.380795, 836.526490, 680.500000, 836.526490, 
            682.619205, 842.884106, 684.738411, 845.003311, 
            688.976821, 849.241722, 688.976821, 849.241722, 
            691.096026, 851.360927, 691.096026, 855.599338, 
            695.334437, 857.718543, 695.334437, 861.956954, 
            699.572848, 866.195364, 701.692053, 868.314570, 
            701.692053, 868.314570, 703.811258, 870.433775, 
            703.811258, 870.433775, 705.930464, 874.672185, 
            708.049669, 876.791391, 710.168874, 878.910596, 
            712.288079, 881.029801, 712.288079, 881.029801, 
            714.407285, 883.149007, 714.407285, 883.149007, 
            716.526490, 885.268212, 716.526490, 885.268212, 
            718.645695, -1.000000, -1.000000, 770.831126, 
            400.764901, 768.711921, 400.764901, 766.592715, 
            400.764901, 764.473510, 400.764901, 762.354305, 
            400.764901, 760.235099, 400.764901, 758.115894, 
            400.764901, 755.996689, 400.764901, 753.877483, 
            400.764901, 753.877483, 402.884106, 751.758278, 
            402.884106, 749.639073, 405.003311, 747.519868, 
            405.003311, 745.400662, 405.003311, 743.281457, 
            405.003311, 741.162252, 405.003311, 739.043046, 
            407.122517, 736.923841, 407.122517, 734.804636, 
            407.122517, 732.685430, 409.241722, 730.566225, 
            409.241722, 728.447020, 411.360927, 726.327815, 
            411.360927, 722.089404, 413.480132, 717.850993, 
