%YAML:1.0
    mask: !!opencv-matrix
        rows: 371
        cols: 2
        dt: f
        data: [ -1.000000, -1.000000, 674.264988, 
            718.613509, 675.288169, 718.613509, 675.288169, 
            717.590328, 676.311351, 717.590328, 677.334532, 
            715.543965, 678.357714, 714.520783, 679.380895, 
            712.474420, 680.404077, 711.451239, 681.427258, 
            710.428058, 684.496803, 707.358513, 684.496803, 
            706.335332, 685.519984, 706.335332, 686.543165, 
            705.312150, 688.589528, 703.265787, 691.659073, 
            702.242606, 692.682254, 700.196243, 696.774980, 
            698.149880, 698.821343, 698.149880, 700.867706, 
            697.126699, 702.914069, 696.103517, 702.914069, 
            695.080336, 705.983613, 695.080336, 707.006795, 
            694.057154, 709.053157, 694.057154, 712.122702, 
            693.033973, 715.192246, 692.010791, 719.284972, 
            692.010791, 723.377698, 690.987610, 726.447242, 
            690.987610, 729.516787, 690.987610, 730.539968, 
            689.964428, 734.632694, 689.964428, 738.725420, 
            689.964428, 741.794964, 689.964428, 745.887690, 
            689.964428, 746.910871, 689.964428, 747.934053, 
            689.964428, 748.957234, 689.964428, 752.026779, 
            689.964428, 755.096323, 689.964428, 758.165867, 
            689.964428, 760.212230, 689.964428, 761.235412, 
            689.964428, 764.304956, 689.964428, 767.374500, 
            689.964428, 769.420863, 689.964428, 772.490408, 
            690.987610, 773.513589, 690.987610, 774.536771, 
            692.010791, 776.583133, 693.033973, 778.629496, 
            694.057154, 780.675859, 695.080336, 781.699041, 
            695.080336, 781.699041, 696.103517, 786.814948, 
            699.173062, 789.884492, 700.196243, 795.000400, 
            702.242606, 798.069944, 704.288969, 799.093125, 
            704.288969, 802.162670, 706.335332, 803.185851, 
            707.358513, 805.232214, 708.381695, 806.255396, 
            708.381695, 807.278577, 709.404876, 808.301759, 
            709.404876, 808.301759, 710.428058, 809.324940, 
            710.428058, 810.348122, 712.474420, 812.394484, 
            713.497602, 813.417666, 714.520783, 814.440847, 
            715.543965, 815.464029, 715.543965, 815.464029, 
            716.567146, 816.487210, 716.567146, -1.000000, 
            -1.000000, 642.546363, 385.056355, 642.546363, 
            384.033173, 641.523181, 384.033173, 641.523181, 
            383.009992, 640.500000, 380.963629, 639.476819, 
            378.917266, 638.453637, 377.894085, 636.407274, 
            375.847722, 635.384093, 373.801359, 634.360911, 
            373.801359, 633.337730, 371.754996, 632.314548, 
            370.731815, 630.268185, 369.708633, 628.221823, 
            367.662270, 626.175460, 365.615907, 625.152278, 
            364.592726, 624.129097, 363.569544, 624.129097, 
            362.546363, 624.129097, 360.500000, 624.129097, 
            358.453637, 624.129097, 357.430456, 624.129097, 
            356.407274, 626.175460, 353.337730, 628.221823, 
            351.291367, 631.291367, 350.268185, 633.337730, 
            349.245004, 635.384093, 348.221823, 636.407274, 
            347.198641, 639.476819, 347.198641, 640.500000, 
            345.152278, 643.569544, 344.129097, 646.639089, 
            343.105915, 648.685452, 342.082734, 651.754996, 
            341.059552, 655.847722, 340.036371, 657.894085, 
            339.013189, 658.917266, 339.013189, 661.986811, 
            336.966827, 664.033173, 336.966827, 666.079536, 
            335.943645, 667.102718, 334.920464, 669.149081, 
            333.897282, 671.195444, 332.874101, 673.241807, 
            332.874101, 674.264988, 331.850919, 676.311351, 
            330.827738, 677.334532, 330.827738, 679.380895, 
            329.804556, 682.450440, 328.781375, 685.519984, 
            328.781375, 687.566347, 328.781375, 689.612710, 
            328.781375, 691.659073, 328.781375, 695.751799, 
            329.804556, 698.821343, 331.850919, 700.867706, 
            332.874101, 703.937250, 334.920464, 705.983613, 
            337.990008, 707.006795, 339.013189, 709.053157, 
            342.082734, 710.076339, 344.129097, 711.099520, 
            346.175460, 712.122702, 349.245004, 713.145883, 
            352.314548, 713.145883, 355.384093, 713.145883, 
            357.430456, 714.169065, 359.476819, 715.192246, 
            361.523181, 715.192246, 364.592726, 715.192246, 
            365.615907, 715.192246, 367.662270, 716.215428, 
            368.685452, 716.215428, 371.754996, 716.215428, 
            374.824540, 716.215428, 377.894085, 717.238609, 
            379.940448, 717.238609, 381.986811, 717.238609, 
            385.056355, 717.238609, 387.102718, 717.238609, 
            389.149081, 717.238609, 390.172262, 717.238609, 
            392.218625, 717.238609, 394.264988, 717.238609, 
            396.311351, 717.238609, 397.334532, 717.238609, 
            399.380895, 717.238609, 401.427258, 717.238609, 
            403.473621, 717.238609, 406.543165, 716.215428, 
            408.589528, 714.169065, 410.635891, 712.122702, 
            413.705436, 711.099520, 415.751799, 710.076339, 
            416.774980, 709.053157, 417.798161, 707.006795, 
            419.844524, 705.983613, 419.844524, 704.960432, 
            420.867706, 702.914069, 421.890887, 701.890887, 
            421.890887, 699.844524, 422.914069, 698.821343, 
            423.937250, 696.774980, 423.937250, 694.728617, 
            423.937250, 692.682254, 424.960432, 689.612710, 
            425.983613, 685.519984, 427.006795, 681.427258, 
            427.006795, 679.380895, 427.006795, 677.334532, 
            427.006795, 674.264988, 427.006795, 673.241807, 
            427.006795, 671.195444, 427.006795, 669.149081, 
            427.006795, 667.102718, 427.006795, 665.056355, 
            427.006795, 664.033173, 427.006795, 663.009992, 
            427.006795, 660.963629, 427.006795, 658.917266, 
            425.983613, 656.870903, 424.960432, 655.847722, 
            424.960432, 654.824540, 423.937250, 653.801359, 
            423.937250, 651.754996, 422.914069, 650.731815, 
            422.914069, 649.708633, 421.890887, 648.685452, 
            421.890887, 648.685452, 420.867706, 647.662270, 
            420.867706, 647.662270, 419.844524, 646.639089, 
            419.844524, 646.639089, 418.821343, 645.615907, 
            417.798161, 644.592726, 416.774980, 644.592726, 
            415.751799, 643.569544, 414.728617, 643.569544, 
            413.705436, 642.546363, 413.705436, 642.546363, 
            412.682254, 642.546363, 411.659073, 641.523181, 
            411.659073, 641.523181, 410.635891, 641.523181, 
            409.612710, 641.523181, 408.589528, 641.523181, 
            407.566347, 642.546363, 406.543165, 642.546363, 
            405.519984, 642.546363, 404.496803, 643.569544, 
            404.496803, 643.569544, 403.473621, 644.592726, 
            401.427258, 645.615907, 400.404077, 646.639089, 
            399.380895, 646.639089, 398.357714, 647.662270, 
            397.334532, 648.685452, 396.311351, 648.685452, 
            395.288169, 649.708633, 394.264988, 650.731815, 
            393.241807, 650.731815, 392.218625, -1.000000, 
            -1.000000, 514.648681, 399.380895, 513.625500, 
            398.357714, 513.625500, 397.334532, 511.579137, 
            396.311351, 510.555955, 395.288169, 509.532774, 
            394.264988, 508.509592, 394.264988, 507.486411, 
            394.264988, 507.486411, 393.241807, 505.440048, 
            393.241807, 504.416867, 393.241807, 503.393685, 
            393.241807, 502.370504, 393.241807, 501.347322, 
            392.218625, 500.324141, 392.218625, 498.277778, 
            392.218625, 495.208233, 391.195444, 494.185052, 
            391.195444, 493.161871, 391.195444, 492.138689, 
            391.195444, 491.115508, 391.195444, 490.092326, 
