%YAML:1.0
    mask: !!opencv-matrix
        rows: 1270
        cols: 2
        dt: f
        data: [ 95.144285, 651.083533, 95.144285, 
            650.060352, 97.190647, 649.037170, 102.306555, 
            646.990807, 106.399281, 642.898082, 108.445643, 
            639.828537, 111.515188, 638.805356, 114.584732, 
            635.735811, 118.677458, 632.666267, 119.700639, 
            632.666267, 122.770184, 630.619904, 124.816547, 
            626.527178, 127.886091, 624.480815, 133.001998, 
            620.388090, 136.071543, 618.341727, 137.094724, 
            616.295364, 139.141087, 614.249001, 140.164269, 
            614.249001, 141.187450, 612.202638, 142.210631, 
            610.156275, 145.280176, 608.109912, 146.303357, 
            607.086731, 147.326539, 607.086731, 150.396083, 
            602.994005, 154.488809, 599.924460, 156.535172, 
            598.901279, 158.581535, 596.854916, 161.651079, 
            592.762190, 164.720624, 588.669464, 165.743805, 
            586.623102, 167.790168, 583.553557, 168.813349, 
            581.507194, 169.836531, 580.484013, 171.882894, 
            578.437650, 173.929257, 577.414468, 175.975620, 
            575.368106, 179.045164, 573.321743, 180.068345, 
            572.298561, 181.091527, 570.252198, 183.137890, 
            568.205835, 184.161071, 566.159472, 185.184253, 
            565.136291, 186.207434, 564.113110, 186.207434, 
            563.089928, 188.253797, 561.043565, 189.276978, 
            558.997202, 190.300160, 557.974021, 191.323341, 
            556.950839, 193.369704, 553.881295, 194.392886, 
            551.834932, 196.439249, 549.788569, 197.462430, 
            548.765388, 198.485612, 546.719025, 199.508793, 
            544.672662, 201.555156, 541.603118, 203.601519, 
            539.556755, 205.647882, 535.464029, 207.694245, 
            532.394484, 208.717426, 531.371303, 209.740608, 
            530.348122, 210.763789, 527.278577, 211.786970, 
            526.255396, 212.810152, 524.209033, 213.833333, 
            522.162670, 213.833333, 521.139488, 214.856515, 
            520.116307, 215.879696, 517.046763, 217.926059, 
            515.000400, 219.972422, 512.954037, 220.995604, 
            509.884492, 224.065148, 506.814948, 227.134692, 
            502.722222, 229.181055, 500.675859, 229.181055, 
            499.652678, 232.250600, 495.559952, 234.296962, 
            492.490408, 235.320144, 491.467226, 239.412870, 
            487.374500, 240.436051, 483.281775, 242.482414, 
            479.189049, 242.482414, 478.165867, 242.482414, 
            476.119504, 243.505596, 475.096323, 244.528777, 
            473.049960, 245.551958, 472.026779, 245.551958, 
            469.980416, 247.598321, 467.934053, 251.691047, 
            463.841327, 252.714229, 462.818145, 255.783773, 
            460.771783, 256.806954, 458.725420, 258.853317, 
            457.702238, 259.876499, 457.702238, 261.922862, 
            456.679057, 262.946043, 456.679057, 263.969225, 
            456.679057, 266.015588, 455.655875, 268.061950, 
            455.655875, 269.085132, 455.655875, 270.108313, 
            454.632694, 272.154676, 453.609512, 274.201039, 
            450.539968, 281.363309, 445.424061, 286.479217, 
            438.261791, 287.502398, 437.238609, 288.525580, 
            436.215428, 289.548761, 435.192246, 290.571942, 
            434.169065, 293.641487, 431.099520, 294.664668, 
            430.076339, 295.687850, 429.053157, 297.734213, 
            427.006795, 299.780576, 427.006795, 299.780576, 
            425.983613, 300.803757, 425.983613, 302.850120, 
            425.983613, 304.896483, 425.983613, 306.942846, 
            424.960432, 308.989209, 424.960432, 310.012390, 
            424.960432, 310.012390, 423.937250, 312.058753, 
            423.937250, 313.081934, 423.937250, 314.105116, 
            423.937250, 317.174660, 424.960432, 319.221023, 
            425.983613, 320.244205, 428.029976, 321.267386, 
            428.029976, 322.290568, 429.053157, 324.336930, 
            429.053157, 325.360112, 430.076339, 326.383293, 
            431.099520, 327.406475, 431.099520, 329.452838, 
            432.122702, 332.522382, 432.122702, 335.591926, 
            431.099520, 336.615108, 430.076339, 338.661471, 
            429.053157, 341.731015, 427.006795, 342.754197, 
            425.983613, 344.800560, 423.937250, 347.870104, 
            420.867706, 348.893285, 420.867706, 350.939648, 
            419.844524, 351.962830, 419.844524, 354.009193, 
            418.821343, 355.032374, 418.821343, 356.055556, 
            418.821343, 359.125100, 418.821343, 362.194644, 
            419.844524, 366.287370, 419.844524, 369.356914, 
            420.867706, 372.426459, 420.867706, 375.496003, 
            421.890887, 376.519185, 421.890887, 379.588729, 
            423.937250, 384.704636, 424.960432, 388.797362, 
            428.029976, 393.913269, 430.076339, 398.005995, 
            432.122702, 401.075540, 433.145883, 404.145084, 
            435.192246, 404.145084, 436.215428, 407.214628, 
            438.261791, 409.260991, 439.284972, 410.284173, 
            441.331335, 411.307354, 442.354516, 412.330536, 
            444.400879, 413.353717, 446.447242, 413.353717, 
            448.493605, 413.353717, 449.516787, 413.353717, 
            450.539968, 413.353717, 451.563149, 413.353717, 
            453.609512, 412.330536, 453.609512, 410.284173, 
            453.609512, 409.260991, 454.632694, 408.237810, 
            454.632694, 405.168265, 455.655875, 400.052358, 
            455.655875, 399.029177, 456.679057, 394.936451, 
            457.702238, 391.866906, 457.702238, 386.750999, 
            457.702238, 385.727818, 457.702238, 383.681455, 
            457.702238, 382.658273, 457.702238, 378.565548, 
            456.679057, 373.449640, 456.679057, 370.380096, 
            456.679057, 369.356914, 456.679057, 367.310552, 
            456.679057, 366.287370, 456.679057, 365.264189, 
            457.702238, 363.217826, 458.725420, 362.194644, 
            459.748601, 362.194644, 460.771783, 362.194644, 
            461.794964, 362.194644, 462.818145, 362.194644, 
            463.841327, 362.194644, 465.887690, 365.264189, 
            468.957234, 368.333733, 471.003597, 370.380096, 
            472.026779, 372.426459, 473.049960, 373.449640, 
            475.096323, 374.472822, 478.165867, 374.472822, 
            480.212230, 374.472822, 481.235412, 374.472822, 
            482.258593, 374.472822, 484.304956, 373.449640, 
            484.304956, 373.449640, 485.328137, 372.426459, 
            485.328137, 371.403277, 486.351319, 370.380096, 
            486.351319, 369.356914, 486.351319, 368.333733, 
            486.351319, 367.310552, 487.374500, 366.287370, 
            487.374500, 365.264189, 487.374500, 363.217826, 
            487.374500, 362.194644, 486.351319, 361.171463, 
            485.328137, 359.125100, 483.281775, 357.078737, 
            483.281775, 354.009193, 483.281775, 351.962830, 
            483.281775, 350.939648, 483.281775, 349.916467, 
            483.281775, 347.870104, 484.304956, 346.846922, 
            485.328137, 344.800560, 487.374500, 343.777378, 
            490.444045, 342.754197, 492.490408, 341.731015, 
            496.583133, 340.707834, 498.629496, 340.707834, 
            500.675859, 339.684652, 502.722222, 339.684652, 
            504.768585, 340.707834, 506.814948, 341.731015, 
            506.814948, 343.777378, 507.838129, 344.800560, 
            507.838129, 347.870104, 507.838129, 349.916467, 
            507.838129, 351.962830, 505.791767, 354.009193, 
            505.791767, 355.032374, 504.768585, 357.078737, 
            504.768585, 358.101918, 502.722222, 360.148281, 
            501.699041, 362.194644, 500.675859, 364.241007, 
            499.652678, 365.264189, 499.652678, 366.287370, 
            499.652678, 368.333733, 498.629496, 370.380096, 
