%YAML:1.0
    mask: !!opencv-matrix
        rows: 180
        cols: 2
        dt: f
        data: [ -1.000000, -1.000000, -1.000000, 
            -1.000000, -1.000000, -1.000000, 345.572165, 
            189.613402, 349.530928, 197.530928, 352.170103, 
            204.128866, 354.809278, 212.046392, 357.448454, 
            217.324742, 357.448454, 218.644330, 360.087629, 
            218.644330, 364.046392, 223.922680, 370.644330, 
            230.520619, 385.159794, 238.438144, 393.077320, 
            245.036082, 398.355670, 247.675258, 404.953608, 
            255.592784, 407.592784, 256.912371, 415.510309, 
            264.829897, 418.149485, 266.149485, 423.427835, 
            272.747423, 428.706186, 276.706186, 433.984536, 
            280.664948, 437.943299, 283.304124, 437.943299, 
            284.623711, 439.262887, 287.262887, 443.221649, 
            291.221649, 445.860825, 293.860825, 445.860825, 
            295.180412, 451.139175, 299.139175, 452.458763, 
            299.139175, 457.737113, 303.097938, 459.056701, 
            304.417526, 461.695876, 305.737113, 465.654639, 
            308.376289, 468.293814, 308.376289, 470.932990, 
            308.376289, 473.572165, 308.376289, 478.850515, 
            308.376289, 486.768041, 308.376289, 490.726804, 
            308.376289, 494.685567, 308.376289, 497.324742, 
            309.695876, 501.283505, 311.015464, 503.922680, 
            312.335052, 507.881443, 314.974227, 507.881443, 
            316.293814, 511.840206, 318.932990, 513.159794, 
            318.932990, 515.798969, 320.252577, 523.716495, 
            320.252577, 528.994845, 320.252577, 531.634021, 
            320.252577, 539.551546, 320.252577, 543.510309, 
            320.252577, 544.829897, 320.252577, 547.469072, 
            320.252577, 547.469072, 321.572165, 550.108247, 
            324.211340, 551.427835, 325.530928, 551.427835, 
            326.850515, 551.427835, 329.489691, 551.427835, 
            333.448454, 550.108247, 334.768041, 550.108247, 
            338.726804, 548.788660, 342.685567, 548.788660, 
            345.324742, 548.788660, 349.283505, 548.788660, 
            351.922680, 550.108247, 358.520619, 552.747423, 
            362.479381, 554.067010, 363.798969, 558.025773, 
            369.077320, 558.025773, 370.396907, 560.664948, 
            371.716495, 561.984536, 371.716495, 563.304124, 
            373.036082, 564.623711, 373.036082, 565.943299, 
            373.036082, 571.221649, 371.716495, 573.860825, 
            370.396907, 579.139175, 366.438144, 585.737113, 
            359.840206, 587.056701, 358.520619, 592.335052, 
            357.201031, 593.654639, 355.881443, 598.932990, 
            355.881443, 601.572165, 355.881443, 602.891753, 
            355.881443, 602.891753, 354.561856, 604.211340, 
            354.561856, 604.211340, 351.922680, 602.891753, 
            346.644330, 601.572165, 340.046392, 601.572165, 
            334.768041, 601.572165, 332.128866, 601.572165, 
            324.211340, 601.572165, 314.974227, 601.572165, 
            309.695876, 601.572165, 307.056701, 602.891753, 
            301.778351, 602.891753, 295.180412, 604.211340, 
            287.262887, 604.211340, 285.943299, 604.211340, 
            276.706186, 604.211340, 268.788660, 604.211340, 
            262.190722, 602.891753, 252.953608, 601.572165, 
            243.716495, 601.572165, 238.438144, 598.932990, 
            229.201031, 597.613402, 226.561856, 594.974227, 
            216.005155, 591.015464, 206.768041, 589.695876, 
            202.809278, 587.056701, 197.530928, 587.056701, 
            194.891753, 584.417526, 186.974227, 584.417526, 
            183.015464, 583.097938, 181.695876, 583.097938, 
            179.056701, 581.778351, 179.056701, 581.778351, 
            176.417526, 579.139175, 172.458763, 579.139175, 
            169.819588, 576.500000, 165.860825, 575.180412, 
            164.541237, 573.860825, 163.221649, 569.902062, 
            161.902062, 563.304124, 159.262887, 559.345361, 
            157.943299, 552.747423, 155.304124, 543.510309, 
            150.025773, 536.912371, 146.067010, 534.273196, 
            144.747423, 530.314433, 142.108247, 526.355670, 
            140.788660, 525.036082, 140.788660, 523.716495, 
            140.788660, 519.757732, 139.469072, 514.479381, 
            138.149485, 507.881443, 135.510309, 501.283505, 
            132.871134, 498.644330, 131.551546, 486.768041, 
            127.592784, 481.489691, 124.953608, 480.170103, 
            123.634021, 477.530928, 122.314433, 473.572165, 
            120.994845, 472.252577, 120.994845, 470.932990, 
            119.675258, 469.613402, 119.675258, 466.974227, 
            118.355670, 465.654639, 118.355670, 463.015464, 
            118.355670, 459.056701, 117.036082, 457.737113, 
            117.036082, 455.097938, 115.716495, 451.139175, 
            114.396907, 447.180412, 113.077320, 441.902062, 
            110.438144, 439.262887, 109.118557, 436.623711, 
            107.798969, 432.664948, 106.479381, 431.345361, 
            106.479381, 428.706186, 105.159794, 422.108247, 
            102.520619, 418.149485, 101.201031, 414.190722, 
            101.201031, 412.871134, 99.881443, 411.551546, 
            99.881443, 408.912371, 98.561856, 403.634021, 
            97.242268, 402.314433, 97.242268, 393.077320, 
            95.922680, 390.438144, 95.922680, 390.438144, 
            94.603093, 383.840206, 94.603093, 379.881443, 
            95.922680, 378.561856, 98.561856, 377.242268, 
            99.881443]
