%YAML:1.0
    mask: !!opencv-matrix
        rows: 708
        cols: 2
        dt: f
        data: [ 366.062914, 646.592715, 363.943709, 
            648.711921, 359.705298, 650.831126, 357.586093, 
            652.950331, 353.347682, 655.069536, 349.109272, 
            655.069536, 342.751656, 659.307947, 338.513245, 
            661.427152, 334.274834, 661.427152, 330.036424, 
            661.427152, 325.798013, 663.546358, 321.559603, 
            665.665563, 319.440397, 665.665563, 317.321192, 
            665.665563, 317.321192, 667.784768, 315.201987, 
            667.784768, 313.082781, 669.903974, 310.963576, 
            672.023179, 308.844371, 674.142384, 308.844371, 
            676.261589, 306.725166, 680.500000, 306.725166, 
            682.619205, 304.605960, 682.619205, 304.605960, 
            684.738411, 304.605960, 686.857616, 302.486755, 
            688.976821, 302.486755, 691.096026, 302.486755, 
            693.215232, 302.486755, 695.334437, 302.486755, 
            697.453642, 302.486755, 699.572848, 302.486755, 
            701.692053, 302.486755, 703.811258, 302.486755, 
            705.930464, 302.486755, 708.049669, 302.486755, 
            712.288079, 304.605960, 714.407285, 308.844371, 
            714.407285, 313.082781, 714.407285, 319.440397, 
            716.526490, 323.678808, 716.526490, 327.917219, 
            716.526490, 332.155629, 716.526490, 334.274834, 
            716.526490, 336.394040, 716.526490, 338.513245, 
            716.526490, 340.632450, 716.526490, 342.751656, 
            716.526490, 344.870861, 716.526490, 346.990066, 
            716.526490, 349.109272, 716.526490, 353.347682, 
            716.526490, 355.466887, 716.526490, 357.586093, 
            716.526490, 361.824503, 716.526490, 368.182119, 
            716.526490, 370.301325, 716.526490, 372.420530, 
            714.407285, 376.658940, 714.407285, 378.778146, 
            714.407285, 380.897351, 714.407285, 380.897351, 
            710.168874, 380.897351, 708.049669, 380.897351, 
            705.930464, 380.897351, 703.811258, 380.897351, 
            701.692053, 380.897351, 699.572848, 380.897351, 
            697.453642, 380.897351, 693.215232, 380.897351, 
            691.096026, 378.778146, 686.857616, 378.778146, 
            680.500000, 378.778146, 676.261589, 376.658940, 
            669.903974, 376.658940, 665.665563, 374.539735, 
            661.427152, 374.539735, 659.307947, 372.420530, 
            655.069536, 372.420530, 650.831126, 372.420530, 
            646.592715, 372.420530, 642.354305, 372.420530, 
            640.235099, 370.301325, 640.235099, 370.301325, 
            638.115894, -1.000000, -1.000000, 650.036424, 
            568.182119, 654.274834, 566.062914, 656.394040, 
            563.943709, 660.632450, 555.466887, 664.870861, 
            549.109272, 666.990066, 544.870861, 673.347682, 
            536.394040, 675.466887, 532.155629, 677.586093, 
            527.917219, 681.824503, 521.559603, 683.943709, 
            519.440397, 686.062914, 517.321192, 688.182119, 
            515.201987, 690.301325, 513.082781, 692.420530, 
            510.963576, 694.539735, 510.963576, 694.539735, 
            508.844371, 696.658940, 506.725166, 698.778146, 
            504.605960, 700.897351, 502.486755, 703.016556, 
            500.367550, 705.135762, 498.248344, 707.254967, 
            498.248344, 707.254967, 496.129139, 709.374172, 
            496.129139, 713.612583, 494.009934, 715.731788, 
            494.009934, 722.089404, 494.009934, 726.327815, 
            491.890728, 732.685430, 491.890728, 736.923841, 
            491.890728, 741.162252, 489.771523, 743.281457, 
            489.771523, 749.639073, 489.771523, 751.758278, 
            489.771523, 753.877483, 489.771523, 755.996689, 
            489.771523, 760.235099, 489.771523, 762.354305, 
            489.771523, 766.592715, 489.771523, 768.711921, 
            489.771523, 775.069536, 489.771523, 777.188742, 
            489.771523, 779.307947, 489.771523, 781.427152, 
            487.652318, 783.546358, 487.652318, 785.665563, 
            485.533113, 787.784768, 485.533113, 789.903974, 
            485.533113, 792.023179, 485.533113, 794.142384, 
            483.413907, 796.261589, 483.413907, 798.380795, 
            483.413907, 800.500000, 481.294702, 802.619205, 
            481.294702, 802.619205, 479.175497, 804.738411, 
            479.175497, 806.857616, 479.175497, 808.976821, 
            479.175497, 808.976821, 477.056291, 811.096026, 
            477.056291, 817.453642, 477.056291, 819.572848, 
            477.056291, 823.811258, 477.056291, 825.930464, 
            477.056291, 825.930464, 474.937086, 828.049669, 
            474.937086, 830.168874, 474.937086, 834.407285, 
            474.937086, 840.764901, 474.937086, 845.003311, 
            477.056291, 849.241722, 481.294702, 853.480132, 
            483.413907, 859.837748, 487.652318, 864.076159, 
            491.890728, 868.314570, 496.129139, 872.552980, 
            500.367550, 874.672185, 502.486755, 881.029801, 
            508.844371, 883.149007, 510.963576, 885.268212, 
            513.082781, 887.387417, 515.201987, 889.506623, 
            517.321192, 891.625828, 521.559603, 895.864238, 
            523.678808, 895.864238, 525.798013, 897.983444, 
            527.917219, 902.221854, 532.155629, 904.341060, 
            536.394040, 912.817881, 542.751656, 917.056291, 
            546.990066, 919.175497, 549.109272, 927.652318, 
            551.228477, 929.771523, 553.347682, 934.009934, 
            557.586093, 942.486755, 563.943709, 944.605960, 
            566.062914, 948.844371, 568.182119, 953.082781, 
            570.301325, 957.321192, 574.539735, 965.798013, 
            578.778146, 967.917219, 580.897351, 972.155629, 
            585.135762, 974.274834, 585.135762, 976.394040, 
            587.254967, 978.513245, 589.374172, 982.751656, 
            593.612583, 984.870861, 595.731788, 989.109272, 
            599.970199, 991.228477, 602.089404, 997.586093, 
            604.208609, 997.586093, 606.327815, 1001.824503, 
            608.447020, 1006.062914, 612.685430, 1012.420530, 
            619.043046, 1014.539735, 619.043046, 1016.658940, 
            621.162252, 1018.778146, 623.281457, 1023.016556, 
            627.519868, 1025.135762, 627.519868, 1027.254967, 
            629.639073, 1029.374172, 629.639073, 1033.612583, 
            633.877483, 1035.731788, 633.877483, 1035.731788, 
            635.996689, 1039.970199, 638.115894, 1042.089404, 
            642.354305, 1044.208609, 642.354305, 1046.327815, 
            646.592715, 1048.447020, 648.711921, 1050.566225, 
            650.831126, 1050.566225, 652.950331, 1052.685430, 
            652.950331, 1052.685430, 655.069536, 1054.804636, 
            655.069536, 1054.804636, 657.188742, 1056.923841, 
            661.427152, 1059.043046, 661.427152, 1061.162252, 
            665.665563, 1065.400662, 669.903974, 1065.400662, 
            672.023179, 1067.519868, 672.023179, 1067.519868, 
            674.142384, 1069.639073, 674.142384, 1071.758278, 
            678.380795, 1073.877483, 678.380795, 1073.877483, 
            680.500000, 1075.996689, 680.500000, 1075.996689, 
            682.619205, 1080.235099, 682.619205, 1080.235099, 
            684.738411, 1082.354305, 684.738411, 1082.354305, 
            686.857616, 1084.473510, 686.857616, 1086.592715, 
            688.976821, 1090.831126, 691.096026, 1092.950331, 
            693.215232, 1095.069536, 693.215232, 1095.069536, 
            695.334437, 1099.307947, 695.334437, 1101.427152, 
            697.453642, 1103.546358, 697.453642, 1105.665563, 
            699.572848, 1105.665563, 701.692053, 1107.784768, 
            701.692053, 1109.903974, 703.811258, 1112.023179, 
            703.811258, 1112.023179, 705.930464, 1112.023179, 
            708.049669, 1114.142384, 708.049669, 1114.142384, 
