%YAML:1.0
    mask: !!opencv-matrix
        rows: 349
        cols: 2
        dt: f
        data: [ 5.118557, 683.139175, 5.118557, 
            677.860825, 7.757732, 672.582474, 13.036082, 
            664.664948, 15.675258, 662.025773, 23.592784, 
            656.747423, 31.510309, 654.108247, 38.108247, 
            651.469072, 52.623711, 646.190722, 64.500000, 
            642.231959, 68.458763, 642.231959, 73.737113, 
            639.592784, 76.376289, 639.592784, 88.252577, 
            636.953608, 92.211340, 636.953608, 101.448454, 
            636.953608, 105.407216, 636.953608, 109.365979, 
            636.953608, 119.922680, 636.953608, 127.840206, 
            636.953608, 131.798969, 636.953608, 133.118557, 
            636.953608, 139.716495, 635.634021, 139.716495, 
            634.314433, 139.716495, 632.994845, 129.159794, 
            623.757732, 125.201031, 621.118557, 119.922680, 
            618.479381, 112.005155, 614.520619, 97.489691, 
            607.922680, 92.211340, 606.603093, 89.572165, 
            603.963918, 86.932990, 602.644330, 82.974227, 
            601.324742, 64.500000, 592.087629, 57.902062, 
            588.128866, 53.943299, 586.809278, 43.386598, 
            585.489691, 40.747423, 584.170103, 34.149485, 
            582.850515, 28.871134, 582.850515, 24.912371, 
            582.850515, 23.592784, 582.850515, 13.036082, 
            582.850515, 11.716495, 582.850515, 10.396907, 
            582.850515, 9.077320, 582.850515, 7.757732, 
            582.850515, 7.757732, 584.170103, -1.000000, 
            -1.000000, -1.000000, -1.000000, 839.097938, 
            239.757732, 832.500000, 241.077320, 823.262887, 
            242.396907, 819.304124, 243.716495, 816.664948, 
            246.355670, 811.386598, 247.675258, 807.427835, 
            248.994845, 804.788660, 250.314433, 800.829897, 
            251.634021, 795.551546, 252.953608, 794.231959, 
            254.273196, 788.953608, 255.592784, 784.994845, 
            256.912371, 779.716495, 258.231959, 775.757732, 
            259.551546, 773.118557, 260.871134, 770.479381, 
            260.871134, 763.881443, 263.510309, 755.963918, 
            264.829897, 752.005155, 266.149485, 746.726804, 
            267.469072, 738.809278, 270.108247, 732.211340, 
            272.747423, 722.974227, 280.664948, 721.654639, 
            281.984536, 720.335052, 284.623711, 717.695876, 
            288.582474, 716.376289, 289.902062, 715.056701, 
            291.221649, 709.778351, 299.139175, 707.139175, 
            300.458763, 704.500000, 305.737113, 703.180412, 
            307.056701, 700.541237, 313.654639, 696.582474, 
            320.252577, 696.582474, 324.211340, 695.262887, 
            325.530928, 695.262887, 328.170103, 693.943299, 
            334.768041, 692.623711, 338.726804, 692.623711, 
            344.005155, 692.623711, 345.324742, 692.623711, 
            346.644330, 692.623711, 347.963918, 693.943299, 
            349.283505, 695.262887, 349.283505, 696.582474, 
            349.283505, 697.902062, 349.283505, 703.180412, 
            349.283505, 704.500000, 349.283505, 708.458763, 
            345.324742, 712.417526, 342.685567, 713.737113, 
            341.365979, 715.056701, 340.046392, 716.376289, 
            340.046392, 717.695876, 338.726804, 720.335052, 
            337.407216, 721.654639, 337.407216, 722.974227, 
            337.407216, 726.932990, 337.407216, 729.572165, 
            338.726804, 730.891753, 340.046392, 736.170103, 
            342.685567, 738.809278, 344.005155, 741.448454, 
            345.324742, 745.407216, 347.963918, 746.726804, 
            349.283505, 749.365979, 350.603093, 754.644330, 
            354.561856, 755.963918, 354.561856, 757.283505, 
            355.881443, 758.603093, 357.201031, 762.561856, 
            359.840206, 765.201031, 359.840206, 771.798969, 
            363.798969, 777.077320, 365.118557, 782.355670, 
            366.438144, 786.314433, 369.077320, 790.273196, 
            371.716495, 791.592784, 371.716495, 792.912371, 
            371.716495, 795.551546, 371.716495, 800.829897, 
            371.716495, 804.788660, 371.716495, 810.067010, 
            373.036082, 816.664948, 374.355670, 819.304124, 
            374.355670, 821.943299, 374.355670, 823.262887, 
            374.355670, 828.541237, 374.355670, 832.500000, 
            371.716495, 833.819588, 371.716495, 840.417526, 
            370.396907, 843.056701, 369.077320, 848.335052, 
            367.757732, 849.654639, 367.757732, 852.293814, 
            366.438144, 856.252577, 363.798969, 858.891753, 
            362.479381, 861.530928, 361.159794, 866.809278, 
            359.840206, 868.128866, 358.520619, 869.448454, 
            358.520619, 870.768041, 357.201031, 873.407216, 
            354.561856, 877.365979, 353.242268, 878.685567, 
            351.922680, 883.963918, 347.963918, 886.603093, 
            346.644330, 893.201031, 341.365979, 895.840206, 
            340.046392, 899.798969, 337.407216, 901.118557, 
            336.087629, 901.118557, 332.128866, 902.438144, 
            326.850515, 903.757732, 324.211340, 906.396907, 
            320.252577, 907.716495, 317.613402, 910.355670, 
            312.335052, 911.675258, 311.015464, 911.675258, 
            309.695876, 912.994845, 308.376289, 914.314433, 
            303.097938, 915.634021, 301.778351, 916.953608, 
            296.500000, 918.273196, 295.180412, 919.592784, 
            292.541237, 919.592784, 289.902062, 916.953608, 
            276.706186, 914.314433, 271.427835, 914.314433, 
            270.108247, 912.994845, 267.469072, 906.396907, 
            262.190722, 898.479381, 255.592784, 891.881443, 
            250.314433, 890.561856, 248.994845, 889.242268, 
            246.355670, -1.000000, -1.000000, 457.737113, 
            316.293814, 464.335052, 321.572165, 468.293814, 
            326.850515, 474.891753, 332.128866, 478.850515, 
            334.768041, 481.489691, 336.087629, 481.489691, 
            337.407216, 482.809278, 337.407216, 485.448454, 
            338.726804, 488.087629, 341.365979, 489.407216, 
            341.365979, 492.046392, 344.005155, 493.365979, 
            345.324742, 496.005155, 345.324742, 499.963918, 
            345.324742, 507.881443, 345.324742, 510.520619, 
            345.324742, 521.077320, 345.324742, 526.355670, 
            345.324742, 527.675258, 345.324742, 528.994845, 
            345.324742, 531.634021, 345.324742, 532.953608, 
            345.324742, 534.273196, 345.324742, 536.912371, 
            347.963918, 539.551546, 347.963918, 544.829897, 
            349.283505, 547.469072, 350.603093, 548.788660, 
            350.603093, 551.427835, 350.603093, 552.747423, 
            350.603093, 554.067010, 351.922680, 559.345361, 
            354.561856, 561.984536, 355.881443, 565.943299, 
            358.520619, 571.221649, 359.840206, 575.180412, 
            359.840206, 576.500000, 359.840206, 577.819588, 
            359.840206, 579.139175, 359.840206, 581.778351, 
            359.840206, 583.097938, 359.840206, 584.417526, 
            359.840206, 584.417526, 358.520619, 584.417526, 
            355.881443, 584.417526, 354.561856, 584.417526, 
            351.922680, 584.417526, 345.324742, 585.737113, 
            342.685567, 587.056701, 341.365979, 587.056701, 
            340.046392, 589.695876, 338.726804, 591.015464, 
            338.726804, 592.335052, 336.087629, 593.654639, 
            336.087629, 596.293814, 336.087629, 597.613402, 
            336.087629, 600.252577, 336.087629, 604.211340, 
            336.087629, 608.170103, 340.046392, 610.809278, 
            342.685567, 613.448454, 346.644330, 614.768041, 
            349.283505, 616.087629, 351.922680, 617.407216, 
            353.242268, 618.726804, 354.561856, 618.726804, 
            355.881443, 624.005155, 358.520619, 625.324742, 
            358.520619, 626.644330, 358.520619, 627.963918, 
