%YAML:1.0
    mask: !!opencv-matrix
        rows: 599
        cols: 2
        dt: f
        data: [ 283.413907, 686.857616, 281.294702, 
            688.976821, 279.175497, 691.096026, 277.056291, 
            691.096026, 274.937086, 693.215232, 270.698675, 
            695.334437, 270.698675, 697.453642, 268.579470, 
            697.453642, 268.579470, 699.572848, 266.460265, 
            699.572848, 264.341060, 699.572848, 262.221854, 
            701.692053, 257.983444, 703.811258, 255.864238, 
            705.930464, 253.745033, 705.930464, 249.506623, 
            705.930464, 247.387417, 708.049669, 245.268212, 
            708.049669, 241.029801, 710.168874, 236.791391, 
            710.168874, 234.672185, 710.168874, 232.552980, 
            712.288079, 230.433775, 712.288079, 230.433775, 
            714.407285, 230.433775, 716.526490, 230.433775, 
            718.645695, 279.175497, 718.645695, 279.175497, 
            716.526490, 279.175497, 714.407285, 279.175497, 
            712.288079, 279.175497, 710.168874, 279.175497, 
            708.049669, 279.175497, 705.930464, 279.175497, 
            703.811258, 279.175497, 699.572848, 279.175497, 
            697.453642, 279.175497, 695.334437, 279.175497, 
            693.215232, 277.056291, 691.096026, 277.056291, 
            688.976821, 277.056291, 686.857616, -1.000000, 
            -1.000000, 626.725166, 665.665563, 628.844371, 
            665.665563, 630.963576, 663.546358, 635.201987, 
            661.427152, 637.321192, 659.307947, 639.440397, 
            657.188742, 641.559603, 655.069536, 643.678808, 
            655.069536, 643.678808, 652.950331, 645.798013, 
            652.950331, 647.917219, 648.711921, 650.036424, 
            648.711921, 652.155629, 648.711921, 654.274834, 
            648.711921, 656.394040, 648.711921, 658.513245, 
            648.711921, 660.632450, 648.711921, 662.751656, 
            650.831126, 664.870861, 652.950331, 666.990066, 
            652.950331, 669.109272, 655.069536, 671.228477, 
            655.069536, 671.228477, 657.188742, 673.347682, 
            657.188742, 675.466887, 657.188742, 677.586093, 
            657.188742, 677.586093, 659.307947, 679.705298, 
            661.427152, 683.943709, 661.427152, 686.062914, 
            661.427152, 686.062914, 663.546358, 688.182119, 
            663.546358, 690.301325, 663.546358, 692.420530, 
            663.546358, 694.539735, 665.665563, 696.658940, 
            667.784768, 698.778146, 667.784768, 700.897351, 
            667.784768, 703.016556, 669.903974, 705.135762, 
            669.903974, 707.254967, 672.023179, 711.493377, 
            674.142384, 713.612583, 674.142384, 715.731788, 
            674.142384, 717.850993, 676.261589, 719.970199, 
            676.261589, 719.970199, 678.380795, 724.208609, 
            678.380795, 726.327815, 680.500000, 728.447020, 
            680.500000, 730.566225, 680.500000, 732.685430, 
            682.619205, 734.804636, 682.619205, 736.923841, 
            684.738411, 739.043046, 684.738411, 741.162252, 
            684.738411, 741.162252, 686.857616, 743.281457, 
            686.857616, 745.400662, 686.857616, 747.519868, 
            688.976821, 749.639073, 688.976821, 749.639073, 
            691.096026, 751.758278, 691.096026, 753.877483, 
            693.215232, 758.115894, 695.334437, 760.235099, 
            697.453642, 762.354305, 699.572848, 764.473510, 
            699.572848, 766.592715, 701.692053, 768.711921, 
            703.811258, 770.831126, 705.930464, 775.069536, 
            705.930464, 775.069536, 708.049669, 777.188742, 
            708.049669, 777.188742, 710.168874, 779.307947, 
            712.288079, 781.427152, 714.407285, 783.546358, 
            714.407285, 783.546358, 716.526490, 785.665563, 
            716.526490, 785.665563, 718.645695, 673.347682, 
            718.645695, 673.347682, 716.526490, 671.228477, 
            714.407285, 669.109272, 712.288079, 666.990066, 
            710.168874, 666.990066, 708.049669, 664.870861, 
            708.049669, 664.870861, 705.930464, 662.751656, 
            705.930464, 660.632450, 701.692053, 658.513245, 
            699.572848, 658.513245, 697.453642, 656.394040, 
            697.453642, 656.394040, 693.215232, 654.274834, 
            693.215232, 652.155629, 688.976821, 650.036424, 
            686.857616, 650.036424, 684.738411, 647.917219, 
            682.619205, 645.798013, 680.500000, 643.678808, 
            678.380795, 643.678808, 676.261589, 641.559603, 
            674.142384, 639.440397, 672.023179, 639.440397, 
            669.903974, 639.440397, 667.784768, 637.321192, 
            667.784768, -1.000000, -1.000000, 819.572848, 
            337.188742, 817.453642, 337.188742, 815.334437, 
            337.188742, 813.215232, 337.188742, 811.096026, 
            337.188742, 808.976821, 337.188742, 804.738411, 
            337.188742, 802.619205, 337.188742, 800.500000, 
            339.307947, 798.380795, 341.427152, 796.261589, 
            343.546358, 794.142384, 343.546358, 792.023179, 
            345.665563, 789.903974, 347.784768, 789.903974, 
            349.903974, 787.784768, 349.903974, 787.784768, 
            352.023179, 785.665563, 352.023179, 783.546358, 
            354.142384, 781.427152, 354.142384, 779.307947, 
            354.142384, 779.307947, 356.261589, 777.188742, 
            356.261589, 777.188742, 358.380795, 775.069536, 
            358.380795, 772.950331, 358.380795, 770.831126, 
            358.380795, 768.711921, 360.500000, 766.592715, 
            360.500000, 764.473510, 362.619205, 764.473510, 
            364.738411, 762.354305, 364.738411, 760.235099, 
            364.738411, 760.235099, 366.857616, 758.115894, 
            366.857616, 758.115894, 368.976821, 758.115894, 
            371.096026, 758.115894, 373.215232, 758.115894, 
            375.334437, 755.996689, 375.334437, 755.996689, 
            379.572848, 753.877483, 381.692053, 753.877483, 
            383.811258, 753.877483, 385.930464, 753.877483, 
            388.049669, 753.877483, 390.168874, 753.877483, 
            392.288079, 753.877483, 394.407285, 755.996689, 
            394.407285, 755.996689, 396.526490, 758.115894, 
            396.526490, 758.115894, 398.645695, 760.235099, 
            400.764901, 762.354305, 402.884106, 764.473510, 
            402.884106, 766.592715, 405.003311, 768.711921, 
            407.122517, 772.950331, 407.122517, 775.069536, 
            409.241722, 775.069536, 411.360927, 779.307947, 
            411.360927, 781.427152, 413.480132, 783.546358, 
            413.480132, 785.665563, 415.599338, 787.784768, 
            415.599338, 789.903974, 417.718543, 792.023179, 
            417.718543, 794.142384, 417.718543, 796.261589, 
            417.718543, 800.500000, 417.718543, 802.619205, 
            419.837748, 806.857616, 419.837748, 811.096026, 
            421.956954, 815.334437, 421.956954, 821.692053, 
            424.076159, 825.930464, 424.076159, 830.168874, 
            424.076159, 832.288079, 424.076159, 836.526490, 
            426.195364, 840.764901, 426.195364, 842.884106, 
            426.195364, 845.003311, 426.195364, 847.122517, 
            426.195364, 849.241722, 426.195364, 851.360927, 
            428.314570, 855.599338, 430.433775, 857.718543, 
            430.433775, 861.956954, 432.552980, 864.076159, 
            432.552980, 866.195364, 432.552980, 868.314570, 
            432.552980, 870.433775, 434.672185, 872.552980, 
            434.672185, 878.910596, 434.672185, 883.149007, 
            436.791391, 889.506623, 438.910596, 891.625828, 
            438.910596, 893.745033, 438.910596, 895.864238, 
            438.910596, 897.983444, 438.910596, 900.102649, 
            438.910596, 902.221854, 438.910596, 904.341060, 
            438.910596, 906.460265, 438.910596, 908.579470, 
            438.910596, 912.817881, 436.791391, 914.937086, 
