%YAML:1.0
    mask: !!opencv-matrix
        rows: 478
        cols: 2
        dt: f
        data: [ -1.000000, -1.000000, 850.252198, 
            714.520783, 850.252198, 713.497602, 850.252198, 
            711.451239, 850.252198, 708.381695, 849.229017, 
            705.312150, 849.229017, 704.288969, 848.205835, 
            702.242606, 846.159472, 698.149880, 844.113110, 
            693.033973, 841.043565, 689.964428, 841.043565, 
            687.918066, 838.997202, 685.871703, 836.950839, 
            683.825340, 835.927658, 682.802158, 834.904476, 
            681.778977, 833.881295, 680.755795, 831.834932, 
            677.686251, 830.811751, 677.686251, 828.765388, 
            676.663070, 827.742206, 674.616707, 825.695843, 
            673.593525, 823.649480, 672.570344, 821.603118, 
            671.547162, 820.579936, 670.523981, 818.533573, 
            669.500799, 812.394484, 664.384892, 809.324940, 
            662.338529, 807.278577, 662.338529, 801.139488, 
            659.268985, 799.093125, 658.245803, 791.930855, 
            656.199440, 786.814948, 654.153078, 785.791767, 
            654.153078, 780.675859, 653.129896, 778.629496, 
            653.129896, 774.536771, 653.129896, 773.513589, 
            653.129896, 767.374500, 653.129896, 760.212230, 
            653.129896, 758.165867, 654.153078, 753.049960, 
            654.153078, 746.910871, 654.153078, 745.887690, 
            654.153078, 742.818145, 654.153078, 740.771783, 
            654.153078, 735.655875, 652.106715, 734.632694, 
            652.106715, 734.632694, 651.083533, 733.609512, 
            651.083533, 733.609512, 649.037170, 732.586331, 
            639.828537, 731.563149, 634.712630, 731.563149, 
            633.689448, 730.539968, 625.503997, 730.539968, 
            621.411271, 730.539968, 620.388090, 729.516787, 
            617.318545, 729.516787, 615.272182, 729.516787, 
            614.249001, 729.516787, 613.225819, 728.493605, 
            610.156275, 728.493605, 608.109912, 728.493605, 
            602.994005, 728.493605, 601.970823, 728.493605, 
            600.947642, 728.493605, 597.878098, 728.493605, 
            595.831735, 728.493605, 594.808553, 728.493605, 
            593.785372, 728.493605, 591.739009, 728.493605, 
            588.669464, 729.516787, 586.623102, 732.586331, 
            584.576739, 735.655875, 582.530376, 737.702238, 
            580.484013, 742.818145, 578.437650, 747.934053, 
            576.391287, 748.957234, 576.391287, 753.049960, 
            575.368106, 755.096323, 575.368106, 759.189049, 
            573.321743, 761.235412, 573.321743, 764.304956, 
            572.298561, 765.328137, 572.298561, 771.467226, 
            568.205835, 776.583133, 564.113110, 780.675859, 
            563.089928, 781.699041, 562.066747, 783.745404, 
            561.043565, 785.791767, 561.043565, 789.884492, 
            561.043565, 790.907674, 561.043565, 791.930855, 
            561.043565, 792.954037, 561.043565, 795.000400, 
            561.043565, 797.046763, 561.043565, 798.069944, 
            561.043565, 799.093125, 561.043565, 801.139488, 
            561.043565, 803.185851, 561.043565, 805.232214, 
            561.043565, 806.255396, 561.043565, 809.324940, 
            561.043565, 810.348122, 561.043565, 813.417666, 
            561.043565, 814.440847, 561.043565, 818.533573, 
            562.066747, 820.579936, 562.066747, 821.603118, 
            562.066747, 823.649480, 563.089928, 824.672662, 
            563.089928, 825.695843, 564.113110, 829.788569, 
            567.182654, 830.811751, 567.182654, 835.927658, 
            570.252198, 836.950839, 571.275380, 840.020384, 
            573.321743, 844.113110, 575.368106, 844.113110, 
            577.414468, 849.229017, 579.460831, 849.229017, 
            580.484013, 851.275380, 581.507194, 852.298561, 
            582.530376, 855.368106, 585.599920, 858.437650, 
            588.669464, 860.484013, 589.692646, 863.553557, 
            591.739009, 864.576739, 592.762190, 867.646283, 
            595.831735, 870.715827, 598.901279, 872.762190, 
            600.947642, 873.785372, 600.947642, 877.878098, 
            602.994005, 877.878098, 604.017186, 880.947642, 
            606.063549, 882.994005, 607.086731, 884.017186, 
            608.109912, 887.086731, 610.156275, 889.133094, 
            610.156275, 893.225819, 612.202638, 895.272182, 
            613.225819, 899.364908, 615.272182, 901.411271, 
            616.295364, 902.434452, 618.341727, 906.527178, 
            619.364908, 907.550360, 620.388090, 910.619904, 
            621.411271, 911.643086, 621.411271, 915.735811, 
            623.457634, 917.782174, 624.480815, 918.805356, 
            625.503997, 922.898082, 628.573541, 923.921263, 
            628.573541, 925.967626, 629.596723, 928.013989, 
            631.643086, 930.060352, 631.643086, 932.106715, 
            633.689448, 933.129896, 633.689448, 935.176259, 
            634.712630, 935.176259, 635.735811, 938.245803, 
            638.805356, 941.315348, 639.828537, 941.315348, 
            640.851719, 943.361711, 642.898082, 944.384892, 
            642.898082, 947.454436, 646.990807, 949.500799, 
            648.013989, 950.523981, 649.037170, 951.547162, 
            650.060352, 952.570344, 651.083533, 954.616707, 
            653.129896, 955.639888, 655.176259, 958.709432, 
            659.268985, 959.732614, 660.292166, 960.755795, 
            663.361711, 961.778977, 663.361711, 962.802158, 
            666.431255, 962.802158, 667.454436, 964.848521, 
            670.523981, 965.871703, 670.523981, 966.894884, 
            672.570344, 967.918066, 674.616707, 968.941247, 
            675.639888, 968.941247, 676.663070, 969.964428, 
            677.686251, 970.987610, 680.755795, 972.010791, 
            680.755795, 973.033973, 682.802158, 974.057154, 
            683.825340, 974.057154, 684.848521, 975.080336, 
            684.848521, 977.126699, 687.918066, 978.149880, 
            688.941247, 978.149880, 689.964428, 980.196243, 
            692.010791, 980.196243, 693.033973, 982.242606, 
            695.080336, 983.265787, 697.126699, 984.288969, 
            699.173062, 985.312150, 700.196243, 987.358513, 
            701.219424, 988.381695, 703.265787, 988.381695, 
            704.288969, 989.404876, 705.312150, 990.428058, 
            707.358513, 991.451239, 708.381695, 991.451239, 
            709.404876, 992.474420, 710.428058, 992.474420, 
            711.451239, 993.497602, 712.474420, 993.497602, 
            713.497602, 994.520783, 714.520783, 994.520783, 
            715.543965, -1.000000, -1.000000, 606.735012, 
            495.559952, 607.758193, 495.559952, 609.804556, 
            495.559952, 610.827738, 495.559952, 613.897282, 
            494.536771, 617.990008, 494.536771, 620.036371, 
            494.536771, 627.198641, 493.513589, 634.360911, 
            492.490408, 637.430456, 490.444045, 638.453637, 
            490.444045, 640.500000, 489.420863, 643.569544, 
            488.397682, 645.615907, 487.374500, 647.662270, 
            486.351319, 649.708633, 485.328137, 650.731815, 
            484.304956, 654.824540, 482.258593, 657.894085, 
            482.258593, 658.917266, 481.235412, 661.986811, 
            480.212230, 664.033173, 479.189049, 665.056355, 
            478.165867, 666.079536, 477.142686, 668.125899, 
            476.119504, 670.172262, 475.096323, 672.218625, 
            475.096323, 672.218625, 474.073141, 675.288169, 
            473.049960, 678.357714, 472.026779, 680.404077, 
            471.003597, 681.427258, 471.003597, 683.473621, 
            471.003597, 684.496803, 469.980416, 686.543165, 
            469.980416, 687.566347, 468.957234, 688.589528, 
            468.957234, 689.612710, 468.957234, 691.659073, 
            468.957234, 691.659073, 467.934053, 694.728617, 
            467.934053, 696.774980, 467.934053, 698.821343, 
