%YAML:1.0
    mask: !!opencv-matrix
        rows: 491
        cols: 2
        dt: f
        data: [ 472.252577, 717.448454, 476.211340, 
            709.530928, 477.530928, 708.211340, 477.530928, 
            706.891753, 476.211340, 704.252577, 476.211340, 
            702.932990, 474.891753, 702.932990, 474.891753, 
            701.613402, 473.572165, 700.293814, 469.613402, 
            697.654639, 468.293814, 696.335052, 466.974227, 
            695.015464, 464.335052, 695.015464, 457.737113, 
            695.015464, 453.778351, 696.335052, 448.500000, 
            698.974227, 443.221649, 701.613402, 439.262887, 
            702.932990, 437.943299, 702.932990, 436.623711, 
            704.252577, 432.664948, 705.572165, 432.664948, 
            706.891753, 431.345361, 706.891753, 430.025773, 
            706.891753, 430.025773, 708.211340, 428.706186, 
            708.211340, 427.386598, 704.252577, 426.067010, 
            701.613402, 426.067010, 700.293814, 424.747423, 
            698.974227, 423.427835, 696.335052, 423.427835, 
            693.695876, 422.108247, 692.376289, 420.788660, 
            689.737113, 420.788660, 688.417526, 420.788660, 
            687.097938, 420.788660, 685.778351, 420.788660, 
            684.458763, 422.108247, 684.458763, 423.427835, 
            684.458763, 426.067010, 683.139175, 427.386598, 
            683.139175, 430.025773, 683.139175, 433.984536, 
            683.139175, 437.943299, 683.139175, 439.262887, 
            683.139175, 444.541237, 683.139175, 445.860825, 
            681.819588, 448.500000, 681.819588, 449.819588, 
            681.819588, 451.139175, 680.500000, 452.458763, 
            680.500000, 453.778351, 679.180412, 453.778351, 
            677.860825, 453.778351, 675.221649, 452.458763, 
            672.582474, 451.139175, 671.262887, 448.500000, 
            668.623711, 445.860825, 664.664948, 445.860825, 
            663.345361, 445.860825, 662.025773, 444.541237, 
            660.706186, 443.221649, 659.386598, 441.902062, 
            658.067010, 439.262887, 655.427835, 437.943299, 
            654.108247, 436.623711, 654.108247, 433.984536, 
            652.788660, 432.664948, 652.788660, 431.345361, 
            652.788660, 430.025773, 652.788660, 424.747423, 
            652.788660, 423.427835, 651.469072, 414.190722, 
            650.149485, 408.912371, 648.829897, 403.634021, 
            648.829897, 402.314433, 648.829897, 395.716495, 
            648.829897, 390.438144, 648.829897, 387.798969, 
            648.829897, 386.479381, 648.829897, 385.159794, 
            648.829897, 379.881443, 648.829897, 374.603093, 
            648.829897, 371.963918, 648.829897, 370.644330, 
            647.510309, 369.324742, 647.510309, 366.685567, 
            647.510309, 365.365979, 646.190722, 364.046392, 
            646.190722, 361.407216, 646.190722, 360.087629, 
            644.871134, 357.448454, 644.871134, 354.809278, 
            644.871134, 350.850515, 644.871134, 341.613402, 
            646.190722, 340.293814, 646.190722, 337.654639, 
            647.510309, 333.695876, 648.829897, 331.056701, 
            650.149485, 328.417526, 651.469072, 324.458763, 
            652.788660, 319.180412, 654.108247, 315.221649, 
            655.427835, 312.582474, 656.747423, 307.304124, 
            659.386598, 303.345361, 662.025773, 295.427835, 
            667.304124, 291.469072, 669.943299, 288.829897, 
            671.262887, 284.871134, 673.902062, 283.551546, 
            675.221649, 282.231959, 677.860825, 279.592784, 
            679.180412, 278.273196, 680.500000, 275.634021, 
            683.139175, 274.314433, 683.139175, 272.994845, 
            684.458763, 269.036082, 689.737113, 267.716495, 
            691.056701, 263.757732, 693.695876, 262.438144, 
            697.654639, 261.118557, 698.974227, 258.479381, 
            702.932990, 257.159794, 705.572165, 255.840206, 
            708.211340, 253.201031, 710.850515, 253.201031, 
            713.489691, 253.201031, 714.809278, 253.201031, 
            716.128866, 253.201031, 717.448454, 386.479381, 
            718.768041, 385.159794, 717.448454, 382.520619, 
            717.448454, 379.881443, 716.128866, 378.561856, 
            714.809278, 375.922680, 713.489691, 374.603093, 
            712.170103, 371.963918, 709.530928, 370.644330, 
            709.530928, 369.324742, 708.211340, 366.685567, 
            706.891753, 365.365979, 702.932990, 365.365979, 
            700.293814, 365.365979, 698.974227, 365.365979, 
            697.654639, 368.005155, 696.335052, 370.644330, 
            693.695876, 371.963918, 693.695876, 374.603093, 
            693.695876, 378.561856, 693.695876, 379.881443, 
            693.695876, 382.520619, 693.695876, 385.159794, 
            693.695876, 387.798969, 693.695876, 390.438144, 
            697.654639, 391.757732, 698.974227, 393.077320, 
            698.974227, 393.077320, 701.613402, 394.396907, 
            702.932990, 394.396907, 704.252577, 395.716495, 
            706.891753, 397.036082, 709.530928, 397.036082, 
            710.850515, 398.355670, 712.170103, 398.355670, 
            714.809278, 399.675258, 716.128866, 399.675258, 
            718.768041, -1.000000, -1.000000, -1.000000, 
            -1.000000, 750.685567, 318.932990, 748.046392, 
            324.211340, 745.407216, 326.850515, 744.087629, 
            328.170103, 742.768041, 329.489691, 740.128866, 
            330.809278, 740.128866, 332.128866, 738.809278, 
            333.448454, 737.489691, 336.087629, 736.170103, 
            337.407216, 736.170103, 338.726804, 736.170103, 
            340.046392, 736.170103, 341.365979, 736.170103, 
            342.685567, 736.170103, 344.005155, 737.489691, 
            345.324742, 738.809278, 346.644330, 741.448454, 
            346.644330, 744.087629, 347.963918, 745.407216, 
            347.963918, 746.726804, 347.963918, 753.324742, 
            347.963918, 766.520619, 345.324742, 767.840206, 
            345.324742, 769.159794, 345.324742, 769.159794, 
            344.005155, 770.479381, 344.005155, 769.159794, 
            345.324742, 762.561856, 347.963918, 757.283505, 
            351.922680, 754.644330, 353.242268, 753.324742, 
            354.561856, 752.005155, 354.561856, 749.365979, 
            358.520619, 748.046392, 361.159794, 745.407216, 
            363.798969, 744.087629, 365.118557, 742.768041, 
            366.438144, 741.448454, 367.757732, 741.448454, 
            369.077320, 738.809278, 371.716495, 738.809278, 
            373.036082, 737.489691, 375.675258, 736.170103, 
            378.314433, 736.170103, 382.273196, 736.170103, 
            383.592784, 737.489691, 384.912371, 738.809278, 
            386.231959, 740.128866, 387.551546, 741.448454, 
            388.871134, 744.087629, 388.871134, 746.726804, 
            388.871134, 748.046392, 388.871134, 750.685567, 
            388.871134, 753.324742, 388.871134, 754.644330, 
            388.871134, 759.922680, 387.551546, 761.242268, 
            387.551546, 762.561856, 387.551546, 763.881443, 
            388.871134, 763.881443, 390.190722, 766.520619, 
            392.829897, 769.159794, 394.149485, 771.798969, 
            396.788660, 773.118557, 398.108247, 775.757732, 
            399.427835, 777.077320, 400.747423, 784.994845, 
            403.386598, 788.953608, 404.706186, 788.953608, 
            406.025773, 791.592784, 407.345361, 792.912371, 
            408.664948, 794.231959, 408.664948, 799.510309, 
            412.623711, 800.829897, 412.623711, 802.149485, 
            412.623711, 804.788660, 413.943299, 807.427835, 
            413.943299, 812.706186, 415.262887, 814.025773, 
            415.262887, 815.345361, 415.262887, 816.664948, 
            415.262887, 817.984536, 416.582474, 819.304124, 
            416.582474, 820.623711, 416.582474, 823.262887, 
            416.582474, 824.582474, 416.582474, 827.221649, 
