%YAML:1.0
    mask: !!opencv-matrix
        rows: 653
        cols: 2
        dt: f
        data: [ 4.081135, 606.063549, 5.104317, 
            607.086731, 6.127498, 607.086731, 7.150679, 
            608.109912, 10.220224, 610.156275, 12.266587, 
            612.202638, 15.336131, 615.272182, 18.405675, 
            618.341727, 21.475220, 621.411271, 23.521583, 
            623.457634, 26.591127, 626.527178, 30.683853, 
            629.596723, 32.730216, 630.619904, 34.776579, 
            632.666267, 35.799760, 633.689448, 38.869305, 
            635.735811, 41.938849, 637.782174, 43.985212, 
            641.874900, 45.008393, 641.874900, 48.077938, 
            644.944444, 52.170663, 650.060352, 54.217026, 
            652.106715, 54.217026, 654.153078, 57.286571, 
            658.245803, 61.379297, 662.338529, 65.472022, 
            666.431255, 65.472022, 667.454436, 67.518385, 
            668.477618, 69.564748, 670.523981, 71.611111, 
            672.570344, 73.657474, 675.639888, 74.680655, 
            675.639888, 76.727018, 678.709432, 78.773381, 
            679.732614, 79.796563, 681.778977, 80.819744, 
            683.825340, 82.866107, 685.871703, 83.889289, 
            687.918066, 83.889289, 688.941247, 84.912470, 
            690.987610, 84.912470, 692.010791, 84.912470, 
            694.057154, 86.958833, 695.080336, 86.958833, 
            696.103517, 86.958833, 698.149880, 86.958833, 
            699.173062, 86.958833, 701.219424, 84.912470, 
            703.265787, 83.889289, 704.288969, 81.842926, 
            707.358513, 80.819744, 707.358513, 79.796563, 
            709.404876, 77.750200, 709.404876, 76.727018, 
            710.428058, 74.680655, 711.451239, 73.657474, 
            712.474420, 70.587930, 712.474420, 65.472022, 
            712.474420, 61.379297, 712.474420, 54.217026, 
            712.474420, 51.147482, 712.474420, 46.031575, 
            712.474420, 45.008393, 712.474420, 40.915667, 
            712.474420, 35.799760, 712.474420, 31.707034, 
            713.497602, 28.637490, 713.497602, 26.591127, 
            713.497602, 21.475220, 713.497602, 18.405675, 
            713.497602, 15.336131, 714.520783, 14.312950, 
            714.520783, 13.289768, 715.543965, 12.266587, 
            715.543965, 11.243405, 715.543965, 10.220224, 
            715.543965, 9.197042, 715.543965, 8.173861, 
            715.543965, 7.150679, 715.543965, 6.127498, 
            715.543965, 5.104317, 715.543965, 4.081135, 
            715.543965, 3.057954, 715.543965, 2.034772, 
            715.543965, -1.000000, -1.000000, 641.523181, 
            716.567146, 640.500000, 716.567146, 639.476819, 
            716.567146, 638.453637, 714.520783, 635.384093, 
            711.451239, 635.384093, 707.358513, 635.384093, 
            705.312150, 635.384093, 704.288969, 635.384093, 
            702.242606, 635.384093, 700.196243, 635.384093, 
            699.173062, 635.384093, 697.126699, 635.384093, 
            695.080336, 637.430456, 690.987610, 639.476819, 
            687.918066, 641.523181, 685.871703, 645.615907, 
            682.802158, 650.731815, 679.732614, 652.778177, 
            678.709432, 657.894085, 675.639888, 660.963629, 
            675.639888, 666.079536, 673.593525, 669.149081, 
            673.593525, 672.218625, 673.593525, 673.241807, 
            674.616707, 677.334532, 676.663070, 681.427258, 
            677.686251, 684.496803, 679.732614, 688.589528, 
            681.778977, 692.682254, 683.825340, 693.705436, 
            683.825340, 696.774980, 686.894884, 698.821343, 
            686.894884, 699.844524, 687.918066, 701.890887, 
            687.918066, 703.937250, 688.941247, 708.029976, 
            688.941247, 711.099520, 688.941247, 712.122702, 
            688.941247, 714.169065, 688.941247, 717.238609, 
            688.941247, 720.308153, 689.964428, 723.377698, 
            689.964428, 725.424061, 689.964428, 729.516787, 
            689.964428, 732.586331, 689.964428, 733.609512, 
            689.964428, 734.632694, 688.941247, 737.702238, 
            685.871703, 738.725420, 684.848521, 739.748601, 
            684.848521, 741.794964, 680.755795, 742.818145, 
            677.686251, 742.818145, 674.616707, 742.818145, 
            672.570344, 741.794964, 670.523981, 740.771783, 
            669.500799, 739.748601, 668.477618, 737.702238, 
            666.431255, 736.679057, 664.384892, 734.632694, 
            662.338529, 733.609512, 660.292166, 732.586331, 
            659.268985, 731.563149, 658.245803, 729.516787, 
            657.222622, 728.493605, 657.222622, 727.470424, 
            657.222622, 725.424061, 657.222622, 724.400879, 
            656.199440, 723.377698, 655.176259, 722.354516, 
            655.176259, 719.284972, 653.129896, 716.215428, 
            653.129896, 715.192246, 652.106715, 713.145883, 
            651.083533, 710.076339, 651.083533, 708.029976, 
            651.083533, 703.937250, 651.083533, 698.821343, 
            650.060352, 697.798161, 650.060352, 695.751799, 
            650.060352, 694.728617, 650.060352, 692.682254, 
            650.060352, 689.612710, 650.060352, 687.566347, 
            651.083533, 686.543165, 651.083533, 684.496803, 
            652.106715, 683.473621, 652.106715, 682.450440, 
            652.106715, 680.404077, 652.106715, 680.404077, 
            653.129896, 676.311351, 653.129896, 673.241807, 
            654.153078, 671.195444, 655.176259, 667.102718, 
            656.199440, 664.033173, 656.199440, 663.009992, 
            656.199440, 660.963629, 657.222622, 659.940448, 
            657.222622, 657.894085, 657.222622, 656.870903, 
            658.245803, 654.824540, 658.245803, 653.801359, 
            658.245803, 652.778177, 658.245803, 650.731815, 
            658.245803, 648.685452, 658.245803, 645.615907, 
            657.222622, 644.592726, 656.199440, 641.523181, 
            652.106715, 640.500000, 650.060352, 640.500000, 
            649.037170, 640.500000, 645.967626, 640.500000, 
            640.851719, 640.500000, 637.782174, 642.546363, 
            632.666267, 645.615907, 625.503997, 646.639089, 
            623.457634, 647.662270, 622.434452, 651.754996, 
            617.318545, 652.778177, 616.295364, 653.801359, 
            615.272182, 655.847722, 614.249001, 655.847722, 
            613.225819, 658.917266, 611.179456, 658.917266, 
            610.156275, 661.986811, 607.086731, 665.056355, 
            605.040368, 665.056355, 604.017186, 668.125899, 
            601.970823, 670.172262, 599.924460, 672.218625, 
            597.878098, 673.241807, 596.854916, 674.264988, 
            595.831735, 676.311351, 593.785372, 677.334532, 
            592.762190, 678.357714, 592.762190, 681.427258, 
            589.692646, 684.496803, 586.623102, 691.659073, 
            581.507194, 694.728617, 578.437650, 697.798161, 
            575.368106, 700.867706, 573.321743, 704.960432, 
            568.205835, 707.006795, 565.136291, 710.076339, 
            563.089928, 712.122702, 561.043565, 712.122702, 
            560.020384, 716.215428, 554.904476, 720.308153, 
            551.834932, 721.331335, 551.834932, 723.377698, 
            548.765388, 724.400879, 547.742206, 725.424061, 
            547.742206, 726.447242, 546.719025, 727.470424, 
            545.695843, 730.539968, 543.649480, 732.586331, 
            542.626299, 733.609512, 542.626299, 736.679057, 
            541.603118, 736.679057, 540.579936, 740.771783, 
            539.556755, 745.887690, 537.510392, 746.910871, 
            537.510392, 749.980416, 535.464029, 753.049960, 
            534.440847, 756.119504, 533.417666, 757.142686, 
            532.394484, 759.189049, 532.394484, 763.281775, 
            532.394484, 767.374500, 532.394484, 773.513589, 
            532.394484, 780.675859, 532.394484, 788.861311, 
            532.394484, 792.954037, 532.394484, 793.977218, 
            532.394484, 799.093125, 533.417666, 800.116307, 
