%YAML:1.0
    mask: !!opencv-matrix
        rows: 419
        cols: 2
        dt: f
        data: [ 325.778351, 669.943299, 331.056701, 
            676.541237, 335.015464, 680.500000, 350.850515, 
            696.335052, 356.128866, 701.613402, 365.365979, 
            712.170103, 370.644330, 717.448454, 544.829897, 
            717.448454, 544.829897, 710.850515, 543.510309, 
            704.252577, 539.551546, 693.695876, 536.912371, 
            687.097938, 535.592784, 685.778351, 534.273196, 
            683.139175, 531.634021, 677.860825, 530.314433, 
            675.221649, 528.994845, 672.582474, 526.355670, 
            665.984536, 526.355670, 663.345361, 526.355670, 
            662.025773, 525.036082, 660.706186, 525.036082, 
            658.067010, 521.077320, 652.788660, 521.077320, 
            650.149485, 518.438144, 648.829897, 517.118557, 
            646.190722, 514.479381, 644.871134, 509.201031, 
            640.912371, 505.242268, 639.592784, 499.963918, 
            638.273196, 496.005155, 638.273196, 486.768041, 
            635.634021, 480.170103, 634.314433, 469.613402, 
            631.675258, 463.015464, 631.675258, 456.417526, 
            627.716495, 445.860825, 625.077320, 441.902062, 
            623.757732, 440.582474, 622.438144, 437.943299, 
            621.118557, 436.623711, 621.118557, 435.304124, 
            619.798969, 432.664948, 619.798969, 430.025773, 
            617.159794, 427.386598, 617.159794, 420.788660, 
            615.840206, 419.469072, 615.840206, 414.190722, 
            615.840206, 412.871134, 615.840206, 411.551546, 
            615.840206, 407.592784, 615.840206, 406.273196, 
            615.840206, 404.953608, 615.840206, -1.000000, 
            -1.000000, 923.551546, 689.737113, 918.273196, 
            687.097938, 914.314433, 683.139175, 910.355670, 
            677.860825, 907.716495, 675.221649, 905.077320, 
            673.902062, 902.438144, 671.262887, 893.201031, 
            667.304124, 886.603093, 664.664948, 882.644330, 
            662.025773, 881.324742, 662.025773, 873.407216, 
            659.386598, 865.489691, 656.747423, 860.211340, 
            652.788660, 844.376289, 639.592784, 840.417526, 
            636.953608, 839.097938, 634.314433, 833.819588, 
            630.355670, 832.500000, 627.716495, 824.582474, 
            619.798969, 820.623711, 613.201031, 820.623711, 
            611.881443, 819.304124, 609.242268, 808.747423, 
            600.005155, 806.108247, 597.365979, 800.829897, 
            592.087629, 799.510309, 590.768041, 794.231959, 
            588.128866, 790.273196, 584.170103, 784.994845, 
            580.211340, 782.355670, 577.572165, 781.036082, 
            574.932990, 775.757732, 569.654639, 769.159794, 
            559.097938, 767.840206, 557.778351, 766.520619, 
            557.778351, 766.520619, 555.139175, 763.881443, 
            555.139175, 761.242268, 552.500000, 759.922680, 
            549.860825, 759.922680, 548.541237, 758.603093, 
            547.221649, 758.603093, 544.582474, 759.922680, 
            543.262887, 761.242268, 543.262887, 762.561856, 
            541.943299, 770.479381, 539.304124, 769.159794, 
            537.984536, 763.881443, 535.345361, 759.922680, 
            531.386598, 752.005155, 527.427835, 752.005155, 
            526.108247, 750.685567, 526.108247, 749.365979, 
            524.788660, 745.407216, 522.149485, 744.087629, 
            519.510309, 744.087629, 518.190722, 745.407216, 
            518.190722, 750.685567, 515.551546, 753.324742, 
            512.912371, 761.242268, 504.994845, 763.881443, 
            499.716495, 765.201031, 498.396907, 774.438144, 
            491.798969, 778.396907, 489.159794, 788.953608, 
            482.561856, 794.231959, 478.603093, 803.469072, 
            474.644330, 807.427835, 473.324742, 814.025773, 
            473.324742, 816.664948, 470.685567, 817.984536, 
            470.685567, 827.221649, 466.726804, 833.819588, 
            465.407216, 836.458763, 465.407216, 841.737113, 
            464.087629, 843.056701, 464.087629, 850.974227, 
            464.087629, 858.891753, 464.087629, 865.489691, 
            464.087629, 869.448454, 464.087629, 873.407216, 
            465.407216, 878.685567, 466.726804, 883.963918, 
            468.046392, 893.201031, 470.685567, 899.798969, 
            473.324742, 907.716495, 477.283505, 912.994845, 
            481.242268, 915.634021, 483.881443, 918.273196, 
            485.201031, 922.231959, 490.479381, 924.871134, 
            495.757732, 926.190722, 498.396907, 927.510309, 
            501.036082, 930.149485, 504.994845, 931.469072, 
            507.634021, 934.108247, 511.592784, 938.067010, 
            518.190722, 947.304124, 535.345361, 949.943299, 
            539.304124, 952.582474, 543.262887, 955.221649, 
            552.500000, 956.541237, 553.819588, 959.180412, 
            556.458763, 959.180412, 561.737113, 960.500000, 
            563.056701, 961.819588, 565.695876, 964.458763, 
            570.974227, 964.458763, 572.293814, 965.778351, 
            576.252577, 967.097938, 577.572165, 973.695876, 
            590.768041, 978.974227, 596.046392, 984.252577, 
            602.644330, 985.572165, 605.283505, 988.211340, 
            607.922680, 990.850515, 609.242268, 996.128866, 
            613.201031, 998.768041, 617.159794, 998.768041, 
            618.479381, 992.170103, 623.757732, 975.015464, 
            630.355670, 969.737113, 632.994845, 964.458763, 
            636.953608, 959.180412, 642.231959, 959.180412, 
            643.551546, -1.000000, -1.000000, 692.623711, 
            208.087629, 680.747423, 208.087629, 668.871134, 
            208.087629, 658.314433, 208.087629, 650.396907, 
            208.087629, 647.757732, 208.087629, 646.438144, 
            208.087629, 646.438144, 209.407216, 645.118557, 
            209.407216, 639.840206, 213.365979, 629.283505, 
            217.324742, 621.365979, 221.283505, 614.768041, 
            226.561856, 606.850515, 230.520619, 604.211340, 
            231.840206, 600.252577, 237.118557, 598.932990, 
            239.757732, 597.613402, 242.396907, 592.335052, 
            247.675258, 587.056701, 252.953608, 583.097938, 
            260.871134, 580.458763, 263.510309, 580.458763, 
            264.829897, 579.139175, 268.788660, 579.139175, 
            272.747423, 579.139175, 280.664948, 579.139175, 
            283.304124, 579.139175, 284.623711, 580.458763, 
            284.623711, 581.778351, 285.943299, 581.778351, 
            284.623711, 583.097938, 283.304124, 592.335052, 
            275.386598, 594.974227, 274.067010, 596.293814, 
            274.067010, 597.613402, 274.067010, 598.932990, 
            274.067010, 600.252577, 274.067010, 601.572165, 
            275.386598, 604.211340, 279.345361, 605.530928, 
            281.984536, 605.530928, 283.304124, 605.530928, 
            284.623711, 606.850515, 287.262887, 608.170103, 
            288.582474, 608.170103, 289.902062, 609.489691, 
            289.902062, 610.809278, 289.902062, 612.128866, 
            291.221649, 613.448454, 291.221649, 614.768041, 
            291.221649, 616.087629, 291.221649, 618.726804, 
            289.902062, 621.365979, 285.943299, 622.685567, 
            284.623711, 627.963918, 280.664948, 627.963918, 
            281.984536, 627.963918, 285.943299, 627.963918, 
            288.582474, 627.963918, 289.902062, 627.963918, 
            292.541237, 627.963918, 293.860825, 627.963918, 
            295.180412, 630.603093, 299.139175, 631.922680, 
            300.458763, 633.242268, 301.778351, 633.242268, 
            303.097938, 633.242268, 304.417526, 635.881443, 
            305.737113, 637.201031, 305.737113, 638.520619, 
            305.737113, 639.840206, 305.737113, 641.159794, 
            303.097938, 643.798969, 297.819588, 649.077320, 
            291.221649, 651.716495, 288.582474, 658.314433, 
