%YAML:1.0
    mask: !!opencv-matrix
        rows: 309
        cols: 2
        dt: f
        data: [ -1.000000, -1.000000, -1.000000, 
            -1.000000, 745.407216, 278.025773, 737.489691, 
            281.984536, 729.572165, 285.943299, 724.293814, 
            289.902062, 713.737113, 297.819588, 711.097938, 
            299.139175, 705.819588, 303.097938, 697.902062, 
            308.376289, 695.262887, 309.695876, 691.304124, 
            311.015464, 683.386598, 314.974227, 680.747423, 
            314.974227, 674.149485, 318.932990, 670.190722, 
            321.572165, 666.231959, 322.891753, 663.592784, 
            324.211340, 660.953608, 325.530928, 658.314433, 
            326.850515, 654.355670, 329.489691, 650.396907, 
            330.809278, 646.438144, 333.448454, 639.840206, 
            336.087629, 637.201031, 338.726804, 635.881443, 
            340.046392, 635.881443, 341.365979, 634.561856, 
            342.685567, 634.561856, 344.005155, 635.881443, 
            344.005155, 637.201031, 344.005155, 638.520619, 
            344.005155, 639.840206, 344.005155, 642.479381, 
            344.005155, 645.118557, 344.005155, 649.077320, 
            344.005155, 653.036082, 342.685567, 658.314433, 
            338.726804, 664.912371, 336.087629, 671.510309, 
            334.768041, 676.788660, 333.448454, 689.984536, 
            330.809278, 695.262887, 330.809278, 697.902062, 
            330.809278, 697.902062, 334.768041, 697.902062, 
            337.407216, 691.304124, 342.685567, 686.025773, 
            346.644330, 678.108247, 354.561856, 672.829897, 
            358.520619, 670.190722, 362.479381, 667.551546, 
            366.438144, 666.231959, 370.396907, 663.592784, 
            376.994845, 660.953608, 379.634021, 660.953608, 
            380.953608, 660.953608, 382.273196, 660.953608, 
            383.592784, 660.953608, 384.912371, 660.953608, 
            386.231959, 662.273196, 386.231959, 662.273196, 
            384.912371, 667.551546, 375.675258, 671.510309, 
            369.077320, 686.025773, 355.881443, 691.304124, 
            351.922680, 700.541237, 347.963918, 708.458763, 
            344.005155, 711.097938, 344.005155, 711.097938, 
            345.324742, 711.097938, 347.963918, 711.097938, 
            351.922680, 711.097938, 358.520619, 711.097938, 
            361.159794, 711.097938, 369.077320, 707.139175, 
            375.675258, 704.500000, 380.953608, 701.860825, 
            383.592784, 700.541237, 386.231959, 697.902062, 
            390.190722, 697.902062, 394.149485, 696.582474, 
            400.747423, 695.262887, 403.386598, 693.943299, 
            408.664948, 693.943299, 411.304124, 693.943299, 
            409.984536, 693.943299, 408.664948, 701.860825, 
            398.108247, 716.376289, 382.273196, 720.335052, 
            378.314433, 725.613402, 374.355670, 728.252577, 
            371.716495, 730.891753, 370.396907, 730.891753, 
            371.716495, 730.891753, 373.036082, 730.891753, 
            376.994845, 730.891753, 378.314433, 730.891753, 
            383.592784, 730.891753, 388.871134, 730.891753, 
            400.747423, 730.891753, 403.386598, 730.891753, 
            404.706186, 729.572165, 406.025773, 729.572165, 
            407.345361, 729.572165, 408.664948, 729.572165, 
            409.984536, 729.572165, 411.304124, 729.572165, 
            416.582474, 729.572165, 420.541237, 729.572165, 
            421.860825, 729.572165, 423.180412, 729.572165, 
            424.500000, 730.891753, 424.500000, 730.891753, 
            421.860825, 733.530928, 420.541237, 733.530928, 
            417.902062, 740.128866, 407.345361, 742.768041, 
            403.386598, 745.407216, 394.149485, 749.365979, 
            384.912371, 752.005155, 376.994845, 753.324742, 
            374.355670, 757.283505, 371.716495, 758.603093, 
            371.716495, 759.922680, 371.716495, 759.922680, 
            373.036082, 762.561856, 376.994845, 763.881443, 
            384.912371, 766.520619, 395.469072, 769.159794, 
            404.706186, 769.159794, 407.345361, 770.479381, 
            412.623711, 771.798969, 412.623711, 771.798969, 
            413.943299, 771.798969, 415.262887, 771.798969, 
            413.943299, 771.798969, 412.623711, 773.118557, 
            411.304124, 774.438144, 406.025773, 777.077320, 
            400.747423, 777.077320, 396.788660, 778.396907, 
            392.829897, 779.716495, 384.912371, 781.036082, 
            370.396907, 781.036082, 367.757732, 781.036082, 
            365.118557, 782.355670, 362.479381, 782.355670, 
            358.520619, 783.675258, 355.881443, 783.675258, 
            350.603093, 783.675258, 344.005155, 783.675258, 
            336.087629, 783.675258, 330.809278, 784.994845, 
            317.613402, 784.994845, 311.015464, 786.314433, 
            308.376289, 786.314433, 305.737113, 786.314433, 
            304.417526, 786.314433, 301.778351, 786.314433, 
            297.819588, 786.314433, 296.500000, 782.355670, 
            289.902062, 779.716495, 287.262887, 778.396907, 
            284.623711, 775.757732, 280.664948, 773.118557, 
            280.664948, -1.000000, -1.000000, 443.221649, 
            262.190722, 444.541237, 271.427835, 445.860825, 
            283.304124, 447.180412, 288.582474, 449.819588, 
            301.778351, 451.139175, 308.376289, 452.458763, 
            314.974227, 452.458763, 324.211340, 453.778351, 
            332.128866, 455.097938, 337.407216, 457.737113, 
            347.963918, 459.056701, 350.603093, 459.056701, 
            354.561856, 461.695876, 361.159794, 464.335052, 
            365.118557, 466.974227, 373.036082, 468.293814, 
            374.355670, 470.932990, 376.994845, 473.572165, 
            382.273196, 476.211340, 386.231959, 477.530928, 
            386.231959, 480.170103, 387.551546, 481.489691, 
            390.190722, 484.128866, 391.510309, 486.768041, 
            391.510309, 493.365979, 394.149485, 496.005155, 
            395.469072, 497.324742, 395.469072, 498.644330, 
            395.469072, 499.963918, 395.469072, 499.963918, 
            394.149485, 499.963918, 391.510309, 499.963918, 
            390.190722, 499.963918, 382.273196, 499.963918, 
            374.355670, 498.644330, 369.077320, 496.005155, 
            359.840206, 493.365979, 349.283505, 493.365979, 
            341.365979, 493.365979, 336.087629, 493.365979, 
            330.809278, 493.365979, 328.170103, 493.365979, 
            326.850515, 493.365979, 321.572165, 493.365979, 
            320.252577, 494.685567, 320.252577, 496.005155, 
            320.252577, 499.963918, 320.252577, 501.283505, 
            321.572165, 505.242268, 322.891753, 507.881443, 
            325.530928, 515.798969, 334.768041, 517.118557, 
            336.087629, 518.438144, 344.005155, 518.438144, 
            346.644330, 521.077320, 354.561856, 522.396907, 
            357.201031, 525.036082, 363.798969, 526.355670, 
            366.438144, 527.675258, 373.036082, 528.994845, 
            374.355670, 531.634021, 383.592784, 532.953608, 
            384.912371, 532.953608, 386.231959, 534.273196, 
            387.551546, 535.592784, 388.871134, 535.592784, 
            390.190722, 539.551546, 392.829897, 543.510309, 
            395.469072, 546.149485, 396.788660, 546.149485, 
            395.469072, 546.149485, 392.829897, 546.149485, 
            379.634021, 547.469072, 373.036082, 547.469072, 
            357.201031, 544.829897, 345.324742, 540.871134, 
            336.087629, 539.551546, 330.809278, 539.551546, 
            328.170103, 539.551546, 329.489691, 539.551546, 
            332.128866, 542.190722, 336.087629, 552.747423, 
            350.603093, 558.025773, 358.520619, 563.304124, 
            365.118557, 565.943299, 371.716495, 568.582474, 
            375.675258, 568.582474, 376.994845, 568.582474, 
            375.675258, 568.582474, 373.036082, 569.902062, 
            366.438144, 572.541237, 362.479381, 575.180412, 
