%YAML:1.0
    mask: !!opencv-matrix
        rows: 728
        cols: 2
        dt: f
        data: [ 415.510309, 642.231959, 420.788660, 
            642.231959, 426.067010, 640.912371, 431.345361, 
            640.912371, 439.262887, 640.912371, 441.902062, 
            640.912371, 445.860825, 640.912371, 452.458763, 
            639.592784, 456.417526, 639.592784, 459.056701, 
            638.273196, 460.376289, 638.273196, 464.335052, 
            638.273196, 469.613402, 636.953608, 472.252577, 
            636.953608, 478.850515, 634.314433, 481.489691, 
            634.314433, 482.809278, 632.994845, 486.768041, 
            631.675258, 490.726804, 630.355670, 492.046392, 
            630.355670, 494.685567, 630.355670, 496.005155, 
            629.036082, 503.922680, 627.716495, 505.242268, 
            627.716495, 509.201031, 626.396907, 511.840206, 
            626.396907, 515.798969, 625.077320, 517.118557, 
            625.077320, 521.077320, 625.077320, 525.036082, 
            625.077320, 531.634021, 625.077320, 532.953608, 
            625.077320, 534.273196, 625.077320, 539.551546, 
            625.077320, 542.190722, 625.077320, 543.510309, 
            625.077320, 546.149485, 625.077320, 550.108247, 
            626.396907, 554.067010, 626.396907, 558.025773, 
            627.716495, 559.345361, 627.716495, 561.984536, 
            627.716495, 563.304124, 627.716495, 564.623711, 
            627.716495, 565.943299, 626.396907, 565.943299, 
            625.077320, 565.943299, 622.438144, 564.623711, 
            622.438144, 564.623711, 621.118557, 564.623711, 
            619.798969, 564.623711, 618.479381, 564.623711, 
            617.159794, 563.304124, 615.840206, 563.304124, 
            614.520619, 561.984536, 613.201031, 561.984536, 
            611.881443, 560.664948, 610.561856, 560.664948, 
            609.242268, 559.345361, 607.922680, 555.386598, 
            603.963918, 551.427835, 601.324742, 548.788660, 
            600.005155, 543.510309, 597.365979, 540.871134, 
            596.046392, 538.231959, 594.726804, 536.912371, 
            594.726804, 535.592784, 594.726804, 534.273196, 
            594.726804, 534.273196, 593.407216, 534.273196, 
            592.087629, 534.273196, 590.768041, 535.592784, 
            590.768041, 536.912371, 589.448454, 538.231959, 
            589.448454, 539.551546, 588.128866, 540.871134, 
            588.128866, 542.190722, 588.128866, 544.829897, 
            588.128866, 546.149485, 588.128866, 547.469072, 
            588.128866, 548.788660, 588.128866, 548.788660, 
            586.809278, 550.108247, 586.809278, 551.427835, 
            586.809278, 551.427835, 585.489691, 552.747423, 
            584.170103, 552.747423, 582.850515, 554.067010, 
            581.530928, 554.067010, 577.572165, 554.067010, 
            576.252577, 554.067010, 573.613402, 554.067010, 
            570.974227, 554.067010, 568.335052, 554.067010, 
            564.376289, 554.067010, 563.056701, 554.067010, 
            560.417526, 552.747423, 555.139175, 552.747423, 
            553.819588, 551.427835, 548.541237, 550.108247, 
            543.262887, 550.108247, 537.984536, 548.788660, 
            534.025773, 548.788660, 531.386598, 547.469072, 
            524.788660, 546.149485, 523.469072, 544.829897, 
            519.510309, 544.829897, 518.190722, 543.510309, 
            514.231959, 543.510309, 511.592784, 542.190722, 
            510.273196, 540.871134, 506.314433, 539.551546, 
            503.675258, 539.551546, 502.355670, 539.551546, 
            501.036082, 539.551546, 499.716495, 538.231959, 
            499.716495, 535.592784, 498.396907, 532.953608, 
            497.077320, 527.675258, 495.757732, 522.396907, 
            493.118557, 518.438144, 491.798969, 514.479381, 
            490.479381, 513.159794, 490.479381, 510.520619, 
            489.159794, 509.201031, 489.159794, 506.561856, 
            487.840206, 503.922680, 487.840206, 502.603093, 
            487.840206, 501.283505, 486.520619, 499.963918, 
            486.520619, 498.644330, 486.520619, 496.005155, 
            486.520619, 493.365979, 486.520619, 488.087629, 
            486.520619, 484.128866, 486.520619, 480.170103, 
            486.520619, 476.211340, 487.840206, 468.293814, 
            490.479381, 466.974227, 490.479381, 461.695876, 
            493.118557, 457.737113, 494.438144, 452.458763, 
            497.077320, 447.180412, 499.716495, 441.902062, 
            503.675258, 439.262887, 504.994845, 437.943299, 
            506.314433, 436.623711, 506.314433, 426.067010, 
            514.231959, 422.108247, 516.871134, 418.149485, 
            519.510309, 414.190722, 523.469072, 407.592784, 
            527.427835, 400.994845, 534.025773, 393.077320, 
            539.304124, 391.757732, 540.623711, 389.118557, 
            541.943299, 386.479381, 543.262887, 386.479381, 
            544.582474, 385.159794, 545.902062, 382.520619, 
            547.221649, 381.201031, 547.221649, 381.201031, 
            548.541237, 381.201031, 549.860825, 382.520619, 
            551.180412, 385.159794, 552.500000, 387.798969, 
            553.819588, 391.757732, 556.458763, 393.077320, 
            556.458763, 398.355670, 560.417526, 400.994845, 
            561.737113, 403.634021, 564.376289, 406.273196, 
            568.335052, 408.912371, 570.974227, 410.231959, 
            576.252577, 411.551546, 580.211340, 411.551546, 
            586.809278, 412.871134, 590.768041, 414.190722, 
            596.046392, 415.510309, 601.324742, 415.510309, 
            605.283505, 416.829897, 607.922680, 416.829897, 
            609.242268, 416.829897, 610.561856, 416.829897, 
            611.881443, 418.149485, 611.881443, 418.149485, 
            613.201031, -1.000000, -1.000000, 734.850515, 
            713.489691, 734.850515, 708.211340, 736.170103, 
            702.932990, 736.170103, 695.015464, 736.170103, 
            691.056701, 736.170103, 681.819588, 736.170103, 
            671.262887, 736.170103, 668.623711, 736.170103, 
            665.984536, 736.170103, 663.345361, 736.170103, 
            662.025773, 736.170103, 659.386598, 736.170103, 
            658.067010, 736.170103, 656.747423, 730.891753, 
            658.067010, 726.932990, 662.025773, 720.335052, 
            668.623711, 717.695876, 671.262887, 713.737113, 
            675.221649, 712.417526, 675.221649, 707.139175, 
            677.860825, 704.500000, 679.180412, 703.180412, 
            679.180412, 701.860825, 679.180412, 699.221649, 
            679.180412, 693.943299, 677.860825, 692.623711, 
            676.541237, 691.304124, 671.262887, 691.304124, 
            665.984536, 691.304124, 659.386598, 691.304124, 
            658.067010, 692.623711, 655.427835, 693.943299, 
            652.788660, 696.582474, 647.510309, 699.221649, 
            643.551546, 701.860825, 638.273196, 703.180412, 
            636.953608, 705.819588, 631.675258, 709.778351, 
            629.036082, 712.417526, 627.716495, 715.056701, 
            625.077320, 715.056701, 623.757732, 719.015464, 
            622.438144, 724.293814, 621.118557, 730.891753, 
            618.479381, 736.170103, 614.520619, 737.489691, 
            614.520619, 738.809278, 611.881443, 740.128866, 
            610.561856, 740.128866, 609.242268, 741.448454, 
            607.922680, 742.768041, 601.324742, 742.768041, 
            600.005155, 744.087629, 597.365979, 744.087629, 
            593.407216, 744.087629, 589.448454, 746.726804, 
            582.850515, 748.046392, 578.891753, 750.685567, 
            576.252577, 753.324742, 573.613402, 757.283505, 
            568.335052, 758.603093, 567.015464, 759.922680, 
            564.376289, 761.242268, 563.056701, 762.561856, 
            560.417526, 765.201031, 556.458763, 766.520619, 
            555.139175, 769.159794, 552.500000, 770.479381, 
            551.180412, 773.118557, 549.860825, 775.757732, 
