%YAML:1.0
    mask: !!opencv-matrix
        rows: 1092
        cols: 2
        dt: f
        data: [ 375.496003, 712.474420, 377.542366, 
            712.474420, 378.565548, 711.451239, 380.611910, 
            711.451239, 385.727818, 711.451239, 388.797362, 
            711.451239, 390.843725, 711.451239, 393.913269, 
            711.451239, 398.005995, 710.428058, 400.052358, 
            710.428058, 402.098721, 709.404876, 404.145084, 
            709.404876, 406.191447, 708.381695, 407.214628, 
            707.358513, 409.260991, 707.358513, 410.284173, 
            706.335332, 412.330536, 705.312150, 413.353717, 
            703.265787, 415.400080, 701.219424, 416.423261, 
            700.196243, 416.423261, 699.173062, 418.469624, 
            697.126699, 418.469624, 696.103517, 419.492806, 
            694.057154, 419.492806, 693.033973, 420.515987, 
            690.987610, 421.539169, 688.941247, 421.539169, 
            686.894884, 421.539169, 685.871703, 421.539169, 
            684.848521, 421.539169, 683.825340, 420.515987, 
            682.802158, 419.492806, 680.755795, 418.469624, 
            680.755795, 416.423261, 679.732614, 415.400080, 
            678.709432, 414.376898, 677.686251, 413.353717, 
            676.663070, 412.330536, 675.639888, 411.307354, 
            675.639888, 410.284173, 675.639888, 409.260991, 
            675.639888, 407.214628, 675.639888, 406.191447, 
            675.639888, 404.145084, 675.639888, 403.121902, 
            675.639888, 402.098721, 675.639888, 400.052358, 
            675.639888, 399.029177, 675.639888, 398.005995, 
            675.639888, 396.982814, 675.639888, 395.959632, 
            675.639888, 393.913269, 676.663070, 391.866906, 
            676.663070, 390.843725, 676.663070, 388.797362, 
            676.663070, 387.774181, 676.663070, 385.727818, 
            677.686251, 384.704636, 677.686251, 380.611910, 
            677.686251, 378.565548, 677.686251, 377.542366, 
            677.686251, 374.472822, 677.686251, 371.403277, 
            677.686251, 368.333733, 677.686251, 363.217826, 
            676.663070, 360.148281, 676.663070, 357.078737, 
            676.663070, 354.009193, 676.663070, 352.986011, 
            676.663070, 349.916467, 676.663070, 346.846922, 
            676.663070, 344.800560, 676.663070, 341.731015, 
            676.663070, 340.707834, 676.663070, 336.615108, 
            676.663070, 334.568745, 675.639888, 331.499201, 
            674.616707, 328.429656, 673.593525, 325.360112, 
            673.593525, 321.267386, 671.547162, 320.244205, 
            671.547162, 316.151479, 671.547162, 313.081934, 
            670.523981, 310.012390, 670.523981, 306.942846, 
            670.523981, 304.896483, 670.523981, 302.850120, 
            670.523981, 301.826938, 670.523981, 298.757394, 
            670.523981, 294.664668, 670.523981, 292.618305, 
            670.523981, 289.548761, 671.547162, 286.479217, 
            671.547162, 284.432854, 673.593525, 283.409672, 
            673.593525, 282.386491, 673.593525, 280.340128, 
            673.593525, 278.293765, 674.616707, 276.247402, 
            674.616707, 273.177858, 674.616707, 270.108313, 
            674.616707, 267.038769, 674.616707, 263.969225, 
            675.639888, 260.899680, 676.663070, 257.830136, 
            676.663070, 255.783773, 676.663070, 254.760592, 
            676.663070, 251.691047, 677.686251, 249.644684, 
            677.686251, 246.575140, 677.686251, 244.528777, 
            677.686251, 241.459233, 677.686251, 239.412870, 
            678.709432, 238.389688, 678.709432, 235.320144, 
            678.709432, 233.273781, 678.709432, 232.250600, 
            679.732614, 230.204237, 679.732614, 227.134692, 
            679.732614, 224.065148, 679.732614, 223.041966, 
            679.732614, 220.995604, 679.732614, 218.949241, 
            679.732614, 216.902878, 679.732614, 214.856515, 
            679.732614, 213.833333, 679.732614, 212.810152, 
            679.732614, 210.763789, 679.732614, 209.740608, 
            679.732614, 207.694245, 680.755795, 206.671063, 
            680.755795, 203.601519, 680.755795, 200.531974, 
            681.778977, 198.485612, 681.778977, 195.416067, 
            683.825340, 193.369704, 685.871703, 191.323341, 
            686.894884, 190.300160, 688.941247, 189.276978, 
            689.964428, 189.276978, 690.987610, 188.253797, 
            693.033973, 187.230616, 694.057154, 187.230616, 
            695.080336, 185.184253, 696.103517, 184.161071, 
            697.126699, 184.161071, 698.149880, 183.137890, 
            699.173062, 183.137890, 700.196243, 181.091527, 
            701.219424, 181.091527, 702.242606, 180.068345, 
            704.288969, 179.045164, 704.288969, 179.045164, 
            705.312150, 178.021982, 705.312150, 178.021982, 
            706.335332, 176.998801, 707.358513, 175.975620, 
            707.358513, 175.975620, 708.381695, 173.929257, 
            709.404876, 172.906075, 710.428058, 172.906075, 
            711.451239, -1.000000, -1.000000, 872.762190, 
            438.261791, 870.715827, 437.238609, 868.669464, 
            437.238609, 865.599920, 437.238609, 861.507194, 
            435.192246, 859.460831, 435.192246, 855.368106, 
            434.169065, 854.344924, 432.122702, 851.275380, 
            430.076339, 849.229017, 429.053157, 846.159472, 
            427.006795, 843.089928, 423.937250, 841.043565, 
            422.914069, 835.927658, 418.821343, 829.788569, 
            412.682254, 824.672662, 407.566347, 820.579936, 
            404.496803, 817.510392, 400.404077, 815.464029, 
            399.380895, 813.417666, 396.311351, 810.348122, 
            394.264988, 808.301759, 392.218625, 807.278577, 
            392.218625, 804.209033, 388.125899, 802.162670, 
            387.102718, 800.116307, 385.056355, 797.046763, 
            383.009992, 795.000400, 381.986811, 792.954037, 
            379.940448, 788.861311, 376.870903, 786.814948, 
            374.824540, 782.722222, 373.801359, 778.629496, 
            370.731815, 776.583133, 369.708633, 775.559952, 
            369.708633, 773.513589, 367.662270, 771.467226, 
            366.639089, 769.420863, 365.615907, 768.397682, 
            364.592726, 767.374500, 363.569544, 766.351319, 
            360.500000, 765.328137, 358.453637, 765.328137, 
            357.430456, 765.328137, 356.407274, 764.304956, 
            355.384093, 764.304956, 352.314548, 764.304956, 
            351.291367, 765.328137, 349.245004, 766.351319, 
            348.221823, 767.374500, 347.198641, 768.397682, 
            346.175460, 770.444045, 344.129097, 772.490408, 
            344.129097, 774.536771, 343.105915, 776.583133, 
            343.105915, 778.629496, 343.105915, 781.699041, 
            344.129097, 784.768585, 346.175460, 786.814948, 
            348.221823, 790.907674, 352.314548, 792.954037, 
            354.360911, 795.000400, 356.407274, 796.023581, 
            357.430456, 798.069944, 358.453637, 799.093125, 
            358.453637, 800.116307, 359.476819, 802.162670, 
            359.476819, 803.185851, 359.476819, 806.255396, 
            360.500000, 808.301759, 360.500000, 810.348122, 
            360.500000, 814.440847, 360.500000, 816.487210, 
            360.500000, 819.556755, 360.500000, 822.626299, 
            360.500000, 826.719025, 360.500000, 829.788569, 
            360.500000, 831.834932, 359.476819, 832.858114, 
            358.453637, 835.927658, 358.453637, 837.974021, 
            357.430456, 841.043565, 356.407274, 844.113110, 
            355.384093, 845.136291, 354.360911, 848.205835, 
            352.314548, 849.229017, 351.291367, 851.275380, 
            350.268185, 853.321743, 348.221823, 855.368106, 
            347.198641, 857.414468, 345.152278, 858.437650, 
            343.105915, 861.507194, 341.059552, 862.530376, 
            340.036371, 863.553557, 337.990008, 864.576739, 
