%YAML:1.0
    mask: !!opencv-matrix
        rows: 781
        cols: 2
        dt: f
        data: [ -1.000000, -1.000000, 796.023581, 
            711.451239, 795.000400, 711.451239, 793.977218, 
            711.451239, 789.884492, 711.451239, 784.768585, 
            708.381695, 776.583133, 701.219424, 773.513589, 
            697.126699, 769.420863, 690.987610, 765.328137, 
            684.848521, 763.281775, 678.709432, 760.212230, 
            670.523981, 760.212230, 666.431255, 758.165867, 
            661.315348, 757.142686, 657.222622, 756.119504, 
            653.129896, 753.049960, 648.013989, 751.003597, 
            642.898082, 751.003597, 641.874900, 751.003597, 
            637.782174, 748.957234, 635.735811, 747.934053, 
            630.619904, 746.910871, 627.550360, 746.910871, 
            621.411271, 744.864508, 618.341727, 744.864508, 
            615.272182, 744.864508, 612.202638, 744.864508, 
            609.133094, 744.864508, 606.063549, 744.864508, 
            601.970823, 743.841327, 595.831735, 743.841327, 
            592.762190, 742.818145, 589.692646, 742.818145, 
            586.623102, 742.818145, 583.553557, 742.818145, 
            582.530376, 741.794964, 580.484013, 741.794964, 
            577.414468, 740.771783, 574.344924, 739.748601, 
            571.275380, 739.748601, 570.252198, 738.725420, 
            568.205835, 738.725420, 566.159472, 738.725420, 
            565.136291, 737.702238, 564.113110, 733.609512, 
            561.043565, 732.586331, 558.997202, 730.539968, 
            555.927658, 729.516787, 554.904476, 728.493605, 
            552.858114, 727.470424, 551.834932, 727.470424, 
            550.811751, 727.470424, 548.765388, 727.470424, 
            547.742206, 727.470424, 543.649480, 728.493605, 
            542.626299, 728.493605, 540.579936, 729.516787, 
            538.533573, 730.539968, 537.510392, 730.539968, 
            536.487210, 729.516787, 535.464029, 729.516787, 
            534.440847, 725.424061, 533.417666, 723.377698, 
            532.394484, 720.308153, 531.371303, 718.261791, 
            531.371303, 716.215428, 531.371303, 715.192246, 
            530.348122, 714.169065, 529.324940, 712.122702, 
            528.301759, 711.099520, 527.278577, 710.076339, 
            525.232214, 709.053157, 522.162670, 709.053157, 
            520.116307, 708.029976, 519.093125, 708.029976, 
            518.069944, 707.006795, 516.023581, 705.983613, 
            513.977218, 705.983613, 512.954037, 704.960432, 
            511.930855, 704.960432, 510.907674, 704.960432, 
            508.861311, 707.006795, 507.838129, 708.029976, 
            504.768585, 711.099520, 502.722222, 712.122702, 
            502.722222, 713.145883, 501.699041, 716.215428, 
            500.675859, 717.238609, 500.675859, 718.261791, 
            500.675859, 721.331335, 499.652678, 722.354516, 
            499.652678, 724.400879, 499.652678, 726.447242, 
            499.652678, 727.470424, 498.629496, 729.516787, 
            498.629496, 733.609512, 495.559952, 735.655875, 
            494.536771, 737.702238, 493.513589, 739.748601, 
            491.467226, 741.794964, 490.444045, 743.841327, 
            488.397682, 746.910871, 486.351319, 749.980416, 
            484.304956, 753.049960, 484.304956, 758.165867, 
            481.235412, 761.235412, 480.212230, 763.281775, 
            478.165867, 766.351319, 478.165867, 770.444045, 
            476.119504, 772.490408, 475.096323, 775.559952, 
            475.096323, 780.675859, 473.049960, 784.768585, 
            473.049960, 792.954037, 469.980416, 797.046763, 
            468.957234, 800.116307, 467.934053, 801.139488, 
            467.934053, 803.185851, 467.934053, 804.209033, 
            467.934053, 806.255396, 467.934053, 807.278577, 
            468.957234, 809.324940, 471.003597, 812.394484, 
            475.096323, 812.394484, 476.119504, 815.464029, 
            478.165867, 817.510392, 479.189049, 820.579936, 
            480.212230, 821.603118, 481.235412, 824.672662, 
            483.281775, 826.719025, 485.328137, 829.788569, 
            486.351319, 831.834932, 488.397682, 832.858114, 
            488.397682, 834.904476, 488.397682, 835.927658, 
            488.397682, 837.974021, 488.397682, 841.043565, 
            488.397682, 844.113110, 487.374500, 846.159472, 
            487.374500, 848.205835, 486.351319, 850.252198, 
            486.351319, 852.298561, 486.351319, 857.414468, 
            486.351319, 862.530376, 484.304956, 866.623102, 
            484.304956, 868.669464, 484.304956, 869.692646, 
            484.304956, 870.715827, 484.304956, 871.739009, 
            486.351319, 874.808553, 491.467226, 876.854916, 
            495.559952, 878.901279, 500.675859, 881.970823, 
            503.745404, 882.994005, 504.768585, 884.017186, 
            506.814948, 886.063549, 508.861311, 888.109912, 
            510.907674, 890.156275, 512.954037, 893.225819, 
            517.046763, 894.249001, 518.069944, 895.272182, 
            520.116307, 896.295364, 522.162670, 898.341727, 
            523.185851, 899.364908, 523.185851, 900.388090, 
            523.185851, 901.411271, 523.185851, 902.434452, 
            523.185851, 904.480815, 523.185851, 905.503997, 
            523.185851, 906.527178, 523.185851, 908.573541, 
            527.278577, 909.596723, 530.348122, 909.596723, 
            531.371303, 909.596723, 534.440847, 909.596723, 
            537.510392, 910.619904, 540.579936, 911.643086, 
            544.672662, 914.712630, 549.788569, 914.712630, 
            550.811751, 915.735811, 553.881295, 916.758993, 
            556.950839, 917.782174, 560.020384, 918.805356, 
            562.066747, 920.851719, 564.113110, 921.874900, 
            566.159472, 922.898082, 567.182654, 924.944444, 
            570.252198, 925.967626, 572.298561, 929.037170, 
            577.414468, 929.037170, 579.460831, 931.083533, 
            582.530376, 931.083533, 584.576739, 932.106715, 
            587.646283, 934.153078, 589.692646, 935.176259, 
            591.739009, 937.222622, 594.808553, 939.268985, 
            597.878098, 942.338529, 601.970823, 943.361711, 
            605.040368, 945.408074, 606.063549, 947.454436, 
            611.179456, 949.500799, 614.249001, 951.547162, 
            619.364908, 953.593525, 622.434452, 954.616707, 
            625.503997, 956.663070, 629.596723, 957.686251, 
            633.689448, 959.732614, 635.735811, 960.755795, 
            640.851719, 961.778977, 643.921263, 963.825340, 
            646.990807, 964.848521, 651.083533, 966.894884, 
            654.153078, 968.941247, 658.245803, 968.941247, 
            661.315348, 970.987610, 665.408074, 972.010791, 
            668.477618, 973.033973, 673.593525, 974.057154, 
            676.663070, 975.080336, 679.732614, 976.103517, 
            683.825340, 978.149880, 686.894884, 978.149880, 
            687.918066, 979.173062, 690.987610, 981.219424, 
            693.033973, 983.265787, 696.103517, 986.335332, 
            699.173062, 987.358513, 702.242606, 987.358513, 
            703.265787, 987.358513, 704.288969, -1.000000, 
            -1.000000, 741.794964, 275.575939, 740.771783, 
            276.599121, 739.748601, 277.622302, 737.702238, 
            278.645484, 736.679057, 280.691847, 734.632694, 
            282.738209, 732.586331, 284.784572, 730.539968, 
            286.830935, 729.516787, 288.877298, 727.470424, 
            290.923661, 727.470424, 292.970024, 725.424061, 
            295.016387, 725.424061, 296.039568, 725.424061, 
            298.085931, 724.400879, 300.132294, 724.400879, 
            303.201839, 724.400879, 307.294564, 724.400879, 
            309.340927, 726.447242, 313.433653, 729.516787, 
            316.503197, 729.516787, 318.549560, 731.563149, 
            321.619105, 734.632694, 322.642286, 736.679057, 
            325.711831, 738.725420, 327.758193, 739.748601, 
