%YAML:1.0
    mask: !!opencv-matrix
        rows: 839
        cols: 2
        dt: f
        data: [ -1.000000, -1.000000, 713.612583, 
            712.288079, 713.612583, 710.168874, 713.612583, 
            708.049669, 715.731788, 705.930464, 715.731788, 
            703.811258, 715.731788, 701.692053, 715.731788, 
            699.572848, 715.731788, 697.453642, 715.731788, 
            695.334437, 715.731788, 693.215232, 713.612583, 
            691.096026, 711.493377, 688.976821, 711.493377, 
            686.857616, 709.374172, 686.857616, 709.374172, 
            684.738411, 707.254967, 682.619205, 705.135762, 
            680.500000, 703.016556, 680.500000, 703.016556, 
            678.380795, 700.897351, 678.380795, 700.897351, 
            676.261589, 698.778146, 676.261589, 698.778146, 
            672.023179, 696.658940, 672.023179, 694.539735, 
            669.903974, 692.420530, 667.784768, 692.420530, 
            665.665563, 692.420530, 663.546358, 690.301325, 
            663.546358, 690.301325, 661.427152, 690.301325, 
            659.307947, 688.182119, 659.307947, 688.182119, 
            657.188742, 686.062914, 655.069536, 686.062914, 
            652.950331, 683.943709, 652.950331, 683.943709, 
            648.711921, 681.824503, 646.592715, 679.705298, 
            644.473510, 679.705298, 640.235099, 677.586093, 
            640.235099, 675.466887, 638.115894, 675.466887, 
            635.996689, 673.347682, 633.877483, 671.228477, 
            629.639073, 669.109272, 629.639073, 669.109272, 
            627.519868, 669.109272, 625.400662, 666.990066, 
            623.281457, 666.990066, 621.162252, 666.990066, 
            619.043046, 666.990066, 616.923841, 666.990066, 
            614.804636, 666.990066, 612.685430, 664.870861, 
            612.685430, 664.870861, 610.566225, 662.751656, 
            608.447020, 660.632450, 606.327815, 660.632450, 
            604.208609, 658.513245, 604.208609, 658.513245, 
            602.089404, 656.394040, 602.089404, 656.394040, 
            599.970199, 654.274834, 599.970199, 654.274834, 
            597.850993, 652.155629, 595.731788, 650.036424, 
            595.731788, 647.917219, 593.612583, 645.798013, 
            591.493377, 643.678808, 591.493377, 641.559603, 
            589.374172, 641.559603, 587.254967, 639.440397, 
            587.254967, 637.321192, 585.135762, 635.201987, 
            585.135762, 635.201987, 583.016556, 633.082781, 
            580.897351, 630.963576, 580.897351, 628.844371, 
            578.778146, 626.725166, 578.778146, 624.605960, 
            578.778146, 622.486755, 576.658940, 618.248344, 
            574.539735, 616.129139, 574.539735, 614.009934, 
            574.539735, 614.009934, 572.420530, 611.890728, 
            572.420530, 609.771523, 572.420530, 607.652318, 
            570.301325, 605.533113, 570.301325, 603.413907, 
            570.301325, 601.294702, 568.182119, 599.175497, 
            566.062914, 597.056291, 566.062914, 594.937086, 
            563.943709, 592.817881, 563.943709, 590.698675, 
            561.824503, 588.579470, 561.824503, 588.579470, 
            559.705298, 586.460265, 557.586093, 584.341060, 
            557.586093, 584.341060, 555.466887, 582.221854, 
            555.466887, 580.102649, 553.347682, 577.983444, 
            551.228477, 575.864238, 549.109272, 573.745033, 
            549.109272, 573.745033, 546.990066, 571.625828, 
            546.990066, 569.506623, 542.751656, 569.506623, 
            540.632450, 569.506623, 538.513245, 569.506623, 
            536.394040, 567.387417, 534.274834, 567.387417, 
            532.155629, 567.387417, 530.036424, 567.387417, 
            527.917219, 565.268212, 525.798013, 565.268212, 
            523.678808, 565.268212, 521.559603, 565.268212, 
            519.440397, 565.268212, 517.321192, 565.268212, 
            515.201987, 565.268212, 513.082781, 565.268212, 
            510.963576, 565.268212, 508.844371, 565.268212, 
            506.725166, 567.387417, 506.725166, 569.506623, 
            504.605960, 571.625828, 504.605960, 573.745033, 
            504.605960, 575.864238, 504.605960, 577.983444, 
            502.486755, 582.221854, 502.486755, 586.460265, 
            502.486755, 588.579470, 502.486755, 590.698675, 
            502.486755, 592.817881, 502.486755, 594.937086, 
            502.486755, 597.056291, 502.486755, 599.175497, 
            502.486755, 601.294702, 502.486755, 603.413907, 
            502.486755, 605.533113, 502.486755, 607.652318, 
            504.605960, 609.771523, 506.725166, 611.890728, 
            506.725166, 614.009934, 506.725166, 616.129139, 
            508.844371, 618.248344, 508.844371, 620.367550, 
            508.844371, 622.486755, 510.963576, 624.605960, 
            513.082781, 626.725166, 513.082781, 628.844371, 
            513.082781, 630.963576, 515.201987, 633.082781, 
            515.201987, 635.201987, 515.201987, 635.201987, 
            517.321192, 639.440397, 519.440397, 641.559603, 
            519.440397, 643.678808, 519.440397, 645.798013, 
            521.559603, 647.917219, 521.559603, 650.036424, 
            521.559603, 650.036424, 523.678808, 652.155629, 
            523.678808, 654.274834, 523.678808, 656.394040, 
            523.678808, 658.513245, 523.678808, 660.632450, 
            525.798013, 662.751656, 525.798013, 664.870861, 
            525.798013, 666.990066, 525.798013, 669.109272, 
            525.798013, 671.228477, 525.798013, 673.347682, 
            525.798013, 675.466887, 525.798013, 677.586093, 
            525.798013, 679.705298, 525.798013, 681.824503, 
            525.798013, 683.943709, 525.798013, 686.062914, 
            525.798013, 688.182119, 525.798013, 690.301325, 
            525.798013, 692.420530, 525.798013, 694.539735, 
            525.798013, 696.658940, 525.798013, 698.778146, 
            525.798013, 700.897351, 525.798013, 703.016556, 
            525.798013, 705.135762, 525.798013, 707.254967, 
            525.798013, 709.374172, 525.798013, 711.493377, 
            523.678808, 713.612583, 523.678808, 715.731788, 
            523.678808, 717.850993, 521.559603, 719.970199, 
            521.559603, 722.089404, 521.559603, 724.208609, 
            519.440397, 726.327815, 517.321192, 728.447020, 
            517.321192, 730.566225, 517.321192, 732.685430, 
            515.201987, 734.804636, 515.201987, 736.923841, 
            513.082781, 739.043046, 510.963576, 739.043046, 
            508.844371, 739.043046, 506.725166, 739.043046, 
            504.605960, 739.043046, 502.486755, 739.043046, 
            500.367550, 739.043046, 498.248344, 736.923841, 
            496.129139, 736.923841, 494.009934, 734.804636, 
            494.009934, 732.685430, 491.890728, 732.685430, 
            489.771523, 730.566225, 489.771523, 730.566225, 
            487.652318, 728.447020, 485.533113, 726.327815, 
            483.413907, 724.208609, 481.294702, 719.970199, 
            479.175497, 717.850993, 477.056291, 715.731788, 
            477.056291, 713.612583, 474.937086, 711.493377, 
            474.937086, 709.374172, 474.937086, 707.254967, 
            472.817881, 705.135762, 472.817881, 703.016556, 
            472.817881, 700.897351, 470.698675, 698.778146, 
            470.698675, 698.778146, 468.579470, 696.658940, 
            468.579470, 694.539735, 466.460265, 692.420530, 
            466.460265, 690.301325, 464.341060, 688.182119, 
            464.341060, 683.943709, 462.221854, 683.943709, 
            460.102649, 681.824503, 460.102649, 679.705298, 
            457.983444, 677.586093, 455.864238, 675.466887, 
            453.745033, 673.347682, 453.745033, 673.347682, 
            451.625828, 671.228477, 451.625828, 669.109272, 
            449.506623, 669.109272, 447.387417, 666.990066, 
            445.268212, 666.990066, 443.149007, 666.990066, 
            441.029801, 666.990066, 438.910596, 666.990066, 
