%YAML:1.0
    mask: !!opencv-matrix
        rows: 323
        cols: 2
        dt: f
        data: [ -1.000000, -1.000000, -1.000000, 
            -1.000000, 703.180412, 404.706186, 696.582474, 
            412.623711, 688.664948, 416.582474, 682.067010, 
            421.860825, 678.108247, 424.500000, 674.149485, 
            427.139175, 671.510309, 428.458763, 670.190722, 
            431.097938, 668.871134, 432.417526, 667.551546, 
            433.737113, 667.551546, 435.056701, 666.231959, 
            436.376289, 666.231959, 439.015464, 664.912371, 
            442.974227, 664.912371, 445.613402, 667.551546, 
            446.932990, 668.871134, 448.252577, 674.149485, 
            449.572165, 675.469072, 449.572165, 678.108247, 
            449.572165, 679.427835, 449.572165, 682.067010, 
            449.572165, 683.386598, 449.572165, 683.386598, 
            450.891753, 683.386598, 454.850515, 683.386598, 
            457.489691, 682.067010, 460.128866, 680.747423, 
            461.448454, 680.747423, 464.087629, 680.747423, 
            466.726804, 680.747423, 468.046392, 680.747423, 
            469.365979, 680.747423, 472.005155, 680.747423, 
            473.324742, 680.747423, 474.644330, 680.747423, 
            478.603093, 682.067010, 485.201031, 682.067010, 
            487.840206, 683.386598, 490.479381, 683.386598, 
            491.798969, 683.386598, 493.118557, 684.706186, 
            494.438144, 686.025773, 494.438144, 687.345361, 
            493.118557, 688.664948, 491.798969, 689.984536, 
            491.798969, 691.304124, 491.798969, 692.623711, 
            491.798969, 693.943299, 491.798969, 696.582474, 
            493.118557, 697.902062, 493.118557, 699.221649, 
            494.438144, 700.541237, 495.757732, 705.819588, 
            497.077320, 708.458763, 497.077320, 709.778351, 
            497.077320, 711.097938, 497.077320, 717.695876, 
            497.077320, 719.015464, 497.077320, 720.335052, 
            497.077320, 721.654639, 497.077320, 722.974227, 
            494.438144, 726.932990, 490.479381, 728.252577, 
            489.159794, 729.572165, 489.159794, 730.891753, 
            487.840206, 732.211340, 487.840206, 733.530928, 
            487.840206, 734.850515, 489.159794, 736.170103, 
            490.479381, 736.170103, 491.798969, 737.489691, 
            491.798969, 737.489691, 493.118557, 738.809278, 
            493.118557, 741.448454, 493.118557, 744.087629, 
            491.798969, 746.726804, 490.479381, 754.644330, 
            485.201031, 755.963918, 483.881443, 757.283505, 
            481.242268, 759.922680, 481.242268, 759.922680, 
            479.922680, 762.561856, 478.603093, 767.840206, 
            475.963918, 773.118557, 473.324742, 774.438144, 
            472.005155, 778.396907, 470.685567, 779.716495, 
            470.685567, 783.675258, 469.365979, 791.592784, 
            466.726804, 792.912371, 465.407216, 794.231959, 
            464.087629, 796.871134, 464.087629, 796.871134, 
            462.768041, 798.190722, 461.448454, 799.510309, 
            460.128866, 800.829897, 457.489691, 803.469072, 
            449.572165, 803.469072, 446.932990, 804.788660, 
            441.654639, 804.788660, 440.335052, 804.788660, 
            437.695876, 804.788660, 435.056701, 804.788660, 
            433.737113, 804.788660, 429.778351, 804.788660, 
            428.458763, 804.788660, 425.819588, 804.788660, 
            423.180412, 804.788660, 421.860825, 802.149485, 
            419.221649, 800.829897, 415.262887, 799.510309, 
            412.623711, 792.912371, 402.067010, 790.273196, 
            400.747423, 786.314433, 396.788660, 782.355670, 
            394.149485, 774.438144, 391.510309, 770.479381, 
            391.510309, 765.201031, 391.510309, 763.881443, 
            391.510309, 750.685567, 392.829897, 746.726804, 
            394.149485, 738.809278, 398.108247, 736.170103, 
            399.427835, 736.170103, 400.747423, 734.850515, 
            400.747423, 730.891753, 402.067010, 729.572165, 
            403.386598, 728.252577, 403.386598, 726.932990, 
            404.706186, -1.000000, -1.000000, 530.314433, 
            417.902062, 527.675258, 423.180412, 527.675258, 
            424.500000, 526.355670, 427.139175, 525.036082, 
            429.778351, 523.716495, 431.097938, 522.396907, 
            432.417526, 522.396907, 433.737113, 521.077320, 
            436.376289, 521.077320, 437.695876, 519.757732, 
            441.654639, 519.757732, 442.974227, 518.438144, 
            444.293814, 518.438144, 445.613402, 518.438144, 
            446.932990, 518.438144, 449.572165, 518.438144, 
            450.891753, 518.438144, 452.211340, 519.757732, 
            454.850515, 519.757732, 456.170103, 521.077320, 
            458.809278, 521.077320, 460.128866, 522.396907, 
            462.768041, 525.036082, 465.407216, 525.036082, 
            466.726804, 527.675258, 468.046392, 530.314433, 
            472.005155, 531.634021, 473.324742, 534.273196, 
            475.963918, 535.592784, 477.283505, 536.912371, 
            478.603093, 539.551546, 481.242268, 540.871134, 
            482.561856, 542.190722, 482.561856, 543.510309, 
            482.561856, 543.510309, 483.881443, 544.829897, 
            483.881443, 547.469072, 485.201031, 548.788660, 
            485.201031, 550.108247, 486.520619, 552.747423, 
            487.840206, 555.386598, 487.840206, 556.706186, 
            489.159794, 558.025773, 489.159794, 559.345361, 
            489.159794, 560.664948, 490.479381, 561.984536, 
            490.479381, 563.304124, 490.479381, 563.304124, 
            491.798969, 564.623711, 491.798969, 568.582474, 
            493.118557, 569.902062, 493.118557, 571.221649, 
            493.118557, 573.860825, 493.118557, 576.500000, 
            493.118557, 576.500000, 494.438144, 577.819588, 
            494.438144, 579.139175, 494.438144, 579.139175, 
            495.757732, 583.097938, 497.077320, 585.737113, 
            498.396907, 587.056701, 498.396907, 589.695876, 
            499.716495, 593.654639, 499.716495, 594.974227, 
            501.036082, 597.613402, 501.036082, 598.932990, 
            501.036082, 600.252577, 501.036082, 602.891753, 
            501.036082, 604.211340, 499.716495, 605.530928, 
            498.396907, 606.850515, 497.077320, 606.850515, 
            495.757732, 606.850515, 494.438144, 605.530928, 
            494.438144, 605.530928, 493.118557, 604.211340, 
            491.798969, 604.211340, 490.479381, 604.211340, 
            489.159794, 602.891753, 489.159794, 602.891753, 
            487.840206, 602.891753, 485.201031, 602.891753, 
            483.881443, 602.891753, 482.561856, 602.891753, 
            481.242268, 604.211340, 481.242268, 606.850515, 
            479.922680, 608.170103, 478.603093, 609.489691, 
            478.603093, 610.809278, 478.603093, 612.128866, 
            477.283505, 613.448454, 477.283505, 614.768041, 
            477.283505, 616.087629, 477.283505, 617.407216, 
            481.242268, 617.407216, 482.561856, 618.726804, 
            483.881443, 620.046392, 485.201031, 620.046392, 
            486.520619, 620.046392, 487.840206, 621.365979, 
            489.159794, 622.685567, 490.479381, 624.005155, 
            491.798969, 625.324742, 493.118557, 627.963918, 
            494.438144, 630.603093, 494.438144, 631.922680, 
            494.438144, 633.242268, 494.438144, 634.561856, 
            494.438144, 635.881443, 493.118557, 637.201031, 
            493.118557, 638.520619, 491.798969, 639.840206, 
            490.479381, 641.159794, 490.479381, 641.159794, 
            489.159794, 642.479381, 489.159794, 642.479381, 
            487.840206, 643.798969, 487.840206, 643.798969, 
            486.520619, 645.118557, 486.520619, 645.118557, 
            485.201031, 645.118557, 483.881443, 645.118557, 
            482.561856, 645.118557, 479.922680, 645.118557, 
            478.603093, 645.118557, 477.283505, 645.118557, 
