%YAML:1.0
    mask: !!opencv-matrix
        rows: 483
        cols: 2
        dt: f
        data: [ -1.000000, -1.000000, -1.000000, 
            -1.000000, 653.369296, 56.091647, 652.379350, 
            56.091647, 651.389404, 56.091647, 645.449729, 
            56.091647, 643.469838, 56.091647, 638.520108, 
            56.091647, 636.540217, 56.091647, 630.600541, 
            55.101701, 628.620650, 55.101701, 627.630704, 
            55.101701, 626.640758, 55.101701, 616.741299, 
            54.111756, 614.761408, 54.111756, 608.821732, 
            52.131864, 607.831787, 52.131864, 599.912220, 
            49.162026, 594.962490, 46.192189, 593.972544, 
            45.202243, 591.002707, 42.232405, 590.012761, 
            41.242459, 589.022815, 40.252514, 582.093194, 
            37.282676, 581.103248, 36.292730, 579.123357, 
            35.302784, 578.133411, 35.302784, 576.153519, 
            34.312838, 574.173627, 34.312838, 572.193735, 
            34.312838, 571.203790, 34.312838, 563.284223, 
            32.332947, 561.304331, 32.332947, 560.314385, 
            32.332947, 558.334493, 34.312838, 557.344548, 
            35.302784, 556.354602, 37.282676, 556.354602, 
            38.272622, 556.354602, 39.262568, 555.364656, 
            39.262568, 555.364656, 40.252514, 555.364656, 
            41.242459, 555.364656, 42.232405, 555.364656, 
            43.222351, 555.364656, 44.212297, 555.364656, 
            45.202243, 557.344548, 47.182135, 557.344548, 
            48.172080, 558.334493, 49.162026, 558.334493, 
            50.151972, 558.334493, 51.141918, 558.334493, 
            52.131864, 559.324439, 52.131864, 559.324439, 
            54.111756, 560.314385, 54.111756, 560.314385, 
            56.091647, 560.314385, 60.051431, 560.314385, 
            61.041377, 561.304331, 62.031323, 562.294277, 
            64.011214, 563.284223, 66.981052, 563.284223, 
            68.960944, 566.254060, 69.950889, 567.244006, 
            69.950889, 570.213844, 72.920727, 570.213844, 
            73.910673, 571.203790, 73.910673, 572.193735, 
            73.910673, 573.183681, 73.910673, 574.173627, 
            73.910673, 575.163573, 73.910673, 576.153519, 
            74.900619, 577.143465, 75.890565, 578.133411, 
            76.880510, 578.133411, 77.870456, 579.123357, 
            77.870456, 579.123357, 78.860402, 580.113302, 
            78.860402, 581.103248, 78.860402, 581.103248, 
            79.850348, 582.093194, 79.850348, 582.093194, 
            80.840294, 583.083140, 81.830240, 584.073086, 
            82.820186, 585.063032, 83.810131, 585.063032, 
            84.800077, 586.052978, 85.790023, 587.042923, 
            86.779969, 588.032869, 87.769915, 588.032869, 
            88.759861, 589.022815, 88.759861, 589.022815, 
            89.749807, 590.012761, 90.739753, 591.002707, 
            90.739753, 591.002707, 91.729698, 591.992653, 
            91.729698, 591.992653, 92.719644, 591.992653, 
            93.709590, 591.002707, 93.709590, 586.052978, 
            96.679428, 585.063032, 96.679428, 584.073086, 
            97.669374, 577.143465, 101.629157, 575.163573, 
            102.619103, 574.173627, 102.619103, 573.183681, 
            102.619103, 573.183681, 103.609049, 567.244006, 
            108.558778, 566.254060, 109.548724, 565.264114, 
            111.528616, 564.274169, 111.528616, 563.284223, 
            113.508507, 559.324439, 120.438128, 559.324439, 
            122.418020, 558.334493, 124.397912, 556.354602, 
            129.347641, 555.364656, 129.347641, 555.364656, 
            131.327533, 554.374710, 136.277262, 551.404872, 
            144.196829, 549.424981, 148.156613, 549.424981, 
            149.146558, 548.435035, 150.136504, 548.435035, 
            151.126450, 547.445089, 152.116396, 547.445089, 
            153.106342, 547.445089, 154.096288, 547.445089, 
            157.066125, 547.445089, 158.056071, 547.445089, 
            161.025909, 547.445089, 165.975638, 547.445089, 
            166.965584, 547.445089, 168.945476, 549.424981, 
            170.925367, 549.424981, 171.915313, 550.414927, 
            173.895205, 551.404872, 181.814772, 551.404872, 
            184.784609, 551.404872, 185.774555, 552.394818, 
            186.764501, 552.394818, 187.754447, 553.384764, 
            188.744393, 553.384764, 189.734339, 553.384764, 
            190.724285, 553.384764, 192.704176, 553.384764, 
            193.694122, 554.374710, 193.694122, 554.374710, 
            194.684068, 555.364656, 194.684068, 556.354602, 
            197.653906, 558.334493, 198.643852, 559.324439, 
            198.643852, 560.314385, 198.643852, 561.304331, 
            198.643852, 561.304331, 199.633797, 562.294277, 
            199.633797, 563.284223, 199.633797, 564.274169, 
            199.633797, 565.264114, 199.633797, 567.244006, 
            199.633797, 568.233952, 199.633797, 570.213844, 
            199.633797, 573.183681, 197.653906, 573.183681, 
            196.663960, 575.163573, 195.674014, 575.163573, 
            194.684068, 577.143465, 192.704176, 578.133411, 
            192.704176, 580.113302, 190.724285, 581.103248, 
            190.724285, 584.073086, 188.744393, 585.063032, 
            188.744393, 585.063032, 187.754447, 586.052978, 
            187.754447, 586.052978, 186.764501, 587.042923, 
            185.774555, 588.032869, 185.774555, 590.012761, 
            183.794664, 591.002707, 183.794664, 591.992653, 
            183.794664, 592.982599, 183.794664, 594.962490, 
            183.794664, 595.952436, 183.794664, 597.932328, 
            183.794664, 598.922274, 183.794664, 598.922274, 
            184.784609, 600.902166, 187.754447, 601.892111, 
            187.754447, 605.851895, 190.724285, 605.851895, 
            191.714230, 606.841841, 191.714230, 607.831787, 
            191.714230, 612.781516, 192.704176, 612.781516, 
            193.694122, 616.741299, 194.684068, 617.731245, 
            195.674014, 620.701083, 197.653906, 621.691029, 
            197.653906, 624.660866, 199.633797, 625.650812, 
            200.623743, 628.620650, 202.603635, 629.610596, 
            202.603635, 630.600541, 202.603635, 632.580433, 
            202.603635, 634.560325, 202.603635, 637.530162, 
            202.603635, 641.489946, 202.603635, 642.479892, 
            202.603635, 644.459783, 202.603635, 645.449729, 
            202.603635, 647.429621, 204.583527, 648.419567, 
            204.583527, 650.399459, 204.583527, 650.399459, 
            205.573473, 651.389404, 205.573473, 653.369296, 
            205.573473, 654.359242, 206.563418, 655.349188, 
            206.563418, 657.329080, 206.563418, 658.319026, 
            206.563418, 661.288863, 206.563418, 662.278809, 
            206.563418, 664.258701, 206.563418, 668.218484, 
            206.563418, 674.158159, 205.573473, 679.107889, 
            204.583527, 681.087780, 203.593581, 694.947022, 
            199.633797, 696.926914, 197.653906, 704.846481, 
            193.694122, 705.836427, 192.704176, 707.816319, 
            190.724285, 708.806265, 188.744393, 710.786156, 
            186.764501, 711.776102, 184.784609, 714.745940, 
            181.814772, 714.745940, 180.824826, 717.715777, 
            179.834880, 718.705723, 178.844934, 719.695669, 
            178.844934, 719.695669, 177.854988, 719.695669, 
            176.865043, 721.675561, 174.885151, 724.645398, 
            170.925367, 732.564965, 163.005800, 732.564965, 
            161.025909, 738.504640, 149.146558, 739.494586, 
            148.156613, 740.484532, 145.186775, 740.484532, 
            142.216937, 738.504640, 140.237046, 737.514695, 
            140.237046, 736.524749, 137.267208, 734.544857, 
            133.307425, 733.554911, 132.317479, 732.564965, 
            131.327533, 731.575019, 130.337587, 731.575019, 
            129.347641, 731.575019, 124.397912, 731.575019, 
            122.418020, 731.575019, 121.428074, 730.585073, 
