%YAML:1.0
    mask: !!opencv-matrix
        rows: 296
        cols: 2
        dt: f
        data: [ 146.314433, 713.489691, 146.314433, 
            712.170103, 146.314433, 708.211340, 146.314433, 
            705.572165, 146.314433, 676.541237, 150.273196, 
            668.623711, 156.871134, 656.747423, 164.788660, 
            642.231959, 168.747423, 638.273196, 171.386598, 
            635.634021, 181.943299, 629.036082, 183.262887, 
            626.396907, 185.902062, 625.077320, 187.221649, 
            625.077320, 189.860825, 635.634021, 189.860825, 
            638.273196, 188.541237, 654.108247, 188.541237, 
            684.458763, 188.541237, 689.737113, 189.860825, 
            691.056701, 189.860825, 691.056701, 210.974227, 
            639.592784, 212.293814, 638.273196, 221.530928, 
            629.036082, 247.922680, 603.963918, 253.201031, 
            598.685567, 262.438144, 590.768041, 266.396907, 
            588.128866, 267.716495, 588.128866, 271.675258, 
            584.170103, 272.994845, 588.128866, 272.994845, 
            589.448454, 282.231959, 602.644330, 283.551546, 
            602.644330, 295.427835, 603.963918, 309.943299, 
            588.128866, 323.139175, 577.572165, 328.417526, 
            576.252577, 332.376289, 574.932990, 333.695876, 
            573.613402, 335.015464, 573.613402, 336.335052, 
            573.613402, 338.974227, 574.932990, 340.293814, 
            577.572165, 341.613402, 581.530928, 341.613402, 
            586.809278, 337.654639, 594.726804, 337.654639, 
            596.046392, 331.056701, 605.283505, 331.056701, 
            609.242268, 345.572165, 602.644330, 350.850515, 
            597.365979, 362.726804, 589.448454, 366.685567, 
            589.448454, 369.324742, 590.768041, 370.644330, 
            593.407216, 369.324742, 602.644330, 364.046392, 
            615.840206, 357.448454, 634.314433, 356.128866, 
            636.953608, 348.211340, 655.427835, 342.932990, 
            677.860825, 341.613402, 680.500000, 338.974227, 
            684.458763, 337.654639, 687.097938, 336.335052, 
            691.056701, 336.335052, 692.376289, 331.056701, 
            697.654639, 328.417526, 702.932990, 325.778351, 
            706.891753, 325.778351, 708.211340, 325.778351, 
            709.530928, 324.458763, 710.850515, 324.458763, 
            712.170103, 323.139175, 714.809278, -1.000000, 
            -1.000000, 759.922680, 717.448454, 759.922680, 
            716.128866, 759.922680, 693.695876, 758.603093, 
            689.737113, 757.283505, 681.819588, 757.283505, 
            680.500000, 755.963918, 671.262887, 753.324742, 
            656.747423, 749.365979, 643.551546, 748.046392, 
            642.231959, 748.046392, 640.912371, 748.046392, 
            639.592784, 749.365979, 634.314433, 749.365979, 
            629.036082, 749.365979, 629.036082, 749.365979, 
            626.396907, 749.365979, 623.757732, 750.685567, 
            617.159794, 753.324742, 609.242268, 755.963918, 
            606.603093, 759.922680, 602.644330, 766.520619, 
            600.005155, 769.159794, 600.005155, 770.479381, 
            603.963918, 774.438144, 611.881443, 775.757732, 
            613.201031, 787.634021, 638.273196, 795.551546, 
            652.788660, 795.551546, 655.427835, 803.469072, 
            675.221649, 810.067010, 698.974227, 811.386598, 
            698.974227, 812.706186, 701.613402, 814.025773, 
            702.932990, 814.025773, 701.613402, 814.025773, 
            700.293814, 814.025773, 687.097938, 814.025773, 
            665.984536, 814.025773, 651.469072, 814.025773, 
            636.953608, 812.706186, 629.036082, 812.706186, 
            618.479381, 812.706186, 614.520619, 812.706186, 
            613.201031, 812.706186, 610.561856, 812.706186, 
            609.242268, 812.706186, 607.922680, 812.706186, 
            606.603093, 812.706186, 603.963918, 812.706186, 
            600.005155, 812.706186, 592.087629, 812.706186, 
            590.768041, 812.706186, 586.809278, 817.984536, 
            582.850515, 824.582474, 582.850515, 832.500000, 
            592.087629, 843.056701, 611.881443, 844.376289, 
            611.881443, 848.335052, 634.314433, 848.335052, 
            635.634021, 850.974227, 654.108247, 852.293814, 
            664.664948, 852.293814, 675.221649, 853.613402, 
            679.180412, 854.932990, 680.500000, 854.932990, 
            679.180412, 854.932990, 673.902062, 854.932990, 
            671.262887, 854.932990, 660.706186, 854.932990, 
            654.108247, 854.932990, 642.231959, 857.572165, 
            622.438144, 857.572165, 619.798969, 858.891753, 
            611.881443, 861.530928, 605.283505, 865.489691, 
            603.963918, 868.128866, 603.963918, 872.087629, 
            603.963918, 873.407216, 603.963918, 876.046392, 
            606.603093, 880.005155, 613.201031, 881.324742, 
            625.077320, 889.242268, 650.149485, 889.242268, 
            651.469072, 891.881443, 662.025773, 894.520619, 
            679.180412, 895.840206, 685.778351, 895.840206, 
            688.417526, 897.159794, 689.737113, 898.479381, 
            693.695876, 899.798969, 696.335052, 901.118557, 
            698.974227, 902.438144, 700.293814, 903.757732, 
            702.932990, 905.077320, 704.252577, 906.396907, 
            705.572165, 909.036082, 705.572165, 914.314433, 
            702.932990, 914.314433, 679.180412, 914.314433, 
            675.221649, 914.314433, 671.262887, 916.953608, 
            663.345361, 919.592784, 658.067010, 923.551546, 
            652.788660, 927.510309, 652.788660, 930.149485, 
            656.747423, 934.108247, 667.304124, 934.108247, 
            671.262887, 935.427835, 677.860825, 935.427835, 
            688.417526, 935.427835, 692.376289, 935.427835, 
            693.695876, 936.747423, 695.015464, 936.747423, 
            696.335052, 938.067010, 698.974227, 938.067010, 
            701.613402, 939.386598, 705.572165, 939.386598, 
            708.211340, 939.386598, 708.211340, 939.386598, 
            709.530928, 939.386598, 710.850515, 939.386598, 
            712.170103, 939.386598, 712.170103, 939.386598, 
            713.489691, -1.000000, -1.000000, 717.695876, 
            196.211340, 716.376289, 196.211340, 715.056701, 
            196.211340, 699.221649, 208.087629, 682.067010, 
            219.963918, 667.551546, 233.159794, 660.953608, 
            238.438144, 660.953608, 239.757732, 655.675258, 
            246.355670, 654.355670, 250.314433, 651.716495, 
            256.912371, 651.716495, 259.551546, 655.675258, 
            259.551546, 668.871134, 259.551546, 692.623711, 
            245.036082, 707.139175, 241.077320, 708.458763, 
            241.077320, 712.417526, 246.355670, 705.819588, 
            295.180412, 705.819588, 296.500000, 705.819588, 
            301.778351, 708.458763, 305.737113, 720.335052, 
            293.860825, 730.891753, 275.386598, 736.170103, 
            279.345361, 736.170103, 285.943299, 742.768041, 
            321.572165, 748.046392, 325.530928, 769.159794, 
            311.015464, 774.438144, 307.056701, 783.675258, 
            324.211340, 783.675258, 301.778351, 787.634021, 
            297.819588, 794.231959, 304.417526, 798.190722, 
            307.056701, 803.469072, 278.025773, 782.355670, 
            229.201031, 774.438144, 213.365979, 767.840206, 
            194.891753, 766.520619, 194.891753, 763.881443, 
            194.891753, 754.644330, 190.932990, 750.685567, 
            189.613402, -1.000000, -1.000000, 406.273196, 
            227.881443, 404.953608, 227.881443, 390.438144, 
            248.994845, 389.118557, 251.634021, 379.881443, 
            267.469072, 366.685567, 284.623711, 361.407216, 
            297.819588, 357.448454, 309.695876, 356.128866, 
            318.932990, 356.128866, 320.252577, 354.809278, 
            324.211340, 361.407216, 321.572165, 378.561856, 
            309.695876, 383.840206, 303.097938, 383.840206, 
