%YAML:1.0
    mask: !!opencv-matrix
        rows: 207
        cols: 2
        dt: f
        data: [ -1.000000, -1.000000, -1.000000, 
            -1.000000, 711.097938, 413.943299, 711.097938, 
            419.221649, 711.097938, 423.180412, 711.097938, 
            429.778351, 711.097938, 432.417526, 709.778351, 
            436.376289, 709.778351, 442.974227, 708.458763, 
            446.932990, 708.458763, 450.891753, 708.458763, 
            453.530928, 708.458763, 454.850515, 707.139175, 
            458.809278, 705.819588, 461.448454, 705.819588, 
            462.768041, 704.500000, 462.768041, 701.860825, 
            464.087629, 699.221649, 465.407216, 696.582474, 
            465.407216, 693.943299, 466.726804, 692.623711, 
            468.046392, 691.304124, 469.365979, 689.984536, 
            470.685567, 688.664948, 472.005155, 687.345361, 
            475.963918, 686.025773, 478.603093, 686.025773, 
            479.922680, 684.706186, 482.561856, 684.706186, 
            483.881443, 683.386598, 485.201031, 680.747423, 
            487.840206, 679.427835, 489.159794, 675.469072, 
            490.479381, 670.190722, 491.798969, 655.675258, 
            498.396907, 655.675258, 501.036082, 654.355670, 
            503.675258, 651.716495, 506.314433, 651.716495, 
            508.953608, 651.716495, 511.592784, 651.716495, 
            512.912371, 654.355670, 516.871134, 655.675258, 
            520.829897, 658.314433, 524.788660, 659.634021, 
            527.427835, 662.273196, 528.747423, 662.273196, 
            530.067010, 666.231959, 532.706186, 668.871134, 
            536.664948, 671.510309, 539.304124, 676.788660, 
            543.262887, 682.067010, 544.582474, 688.664948, 
            547.221649, 695.262887, 547.221649, 699.221649, 
            547.221649, 701.860825, 547.221649, 707.139175, 
            545.902062, 711.097938, 544.582474, 712.417526, 
            544.582474, 716.376289, 544.582474, 719.015464, 
            543.262887, 721.654639, 541.943299, 729.572165, 
            539.304124, 778.396907, 489.159794, 779.716495, 
            485.201031, 779.716495, 483.881443, 781.036082, 
            482.561856, 782.355670, 479.922680, 783.675258, 
            478.603093, 784.994845, 475.963918, 784.994845, 
            473.324742, 784.994845, 472.005155, 784.994845, 
            466.726804, 781.036082, 461.448454, 779.716495, 
            458.809278, 778.396907, 452.211340, 777.077320, 
            449.572165, 775.757732, 446.932990, 775.757732, 
            442.974227, 773.118557, 436.376289, 773.118557, 
            433.737113, 771.798969, 431.097938, 769.159794, 
            425.819588, 766.520619, 423.180412, 765.201031, 
            421.860825, 762.561856, 420.541237, 757.283505, 
            416.582474, 750.685567, 411.304124, 748.046392, 
            409.984536, 744.087629, 409.984536, 742.768041, 
            408.664948, 741.448454, 408.664948, 738.809278, 
            408.664948, 736.170103, 407.345361, 730.891753, 
            407.345361, 726.932990, 407.345361, 720.335052, 
            407.345361, 717.695876, 408.664948, -1.000000, 
            -1.000000, 430.025773, 411.304124, 427.386598, 
            416.582474, 423.427835, 427.139175, 423.427835, 
            432.417526, 423.427835, 440.335052, 423.427835, 
            445.613402, 423.427835, 454.850515, 423.427835, 
            462.768041, 427.386598, 474.644330, 430.025773, 
            481.242268, 432.664948, 486.520619, 432.664948, 
            489.159794, 437.943299, 495.757732, 440.582474, 
            499.716495, 445.860825, 507.634021, 451.139175, 
            512.912371, 460.376289, 520.829897, 464.335052, 
            524.788660, 473.572165, 532.706186, 482.809278, 
            539.304124, 486.768041, 541.943299, 489.407216, 
            543.262887, 490.726804, 544.582474, 494.685567, 
            547.221649, 501.283505, 551.180412, 506.561856, 
            553.819588, 514.479381, 559.097938, 518.438144, 
            560.417526, 526.355670, 561.737113, 531.634021, 
            563.056701, 532.953608, 563.056701, 535.592784, 
            564.376289, 539.551546, 564.376289, 542.190722, 
            564.376289, 550.108247, 564.376289, 555.386598, 
            563.056701, 556.706186, 561.737113, 558.025773, 
            559.097938, 559.345361, 556.458763, 560.664948, 
            555.139175, 563.304124, 552.500000, 564.623711, 
            549.860825, 568.582474, 545.902062, 569.902062, 
            543.262887, 571.221649, 540.623711, 572.541237, 
            539.304124, 573.860825, 537.984536, 575.180412, 
            536.664948, 576.500000, 536.664948, 576.500000, 
            535.345361, 577.819588, 531.386598, 577.819588, 
            527.427835, 577.819588, 524.788660, 579.139175, 
            522.149485, 579.139175, 520.829897, 580.458763, 
            518.190722, 583.097938, 515.551546, 585.737113, 
            511.592784, 587.056701, 507.634021, 587.056701, 
            506.314433, 588.376289, 506.314433, 588.376289, 
            502.355670, 587.056701, 501.036082, 587.056701, 
            499.716495, 585.737113, 495.757732, 584.417526, 
            493.118557, 583.097938, 491.798969, 580.458763, 
            487.840206, 576.500000, 482.561856, 575.180412, 
            479.922680, 572.541237, 477.283505, 565.943299, 
            469.365979, 565.943299, 468.046392, 563.304124, 
            464.087629, 560.664948, 461.448454, 560.664948, 
            460.128866, 556.706186, 456.170103, 555.386598, 
            454.850515, 551.427835, 448.252577, 548.788660, 
            445.613402, 547.469072, 441.654639, 543.510309, 
            437.695876, 539.551546, 433.737113, 536.912371, 
            429.778351, 534.273196, 428.458763, 534.273196, 
            427.139175, 531.634021, 425.819588, 527.675258, 
            421.860825, 526.355670, 420.541237, 525.036082, 
            419.221649, 523.716495, 417.902062, 522.396907, 
            416.582474, 519.757732, 413.943299, 518.438144, 
            412.623711, 518.438144, 411.304124, 513.159794, 
            408.664948, 509.201031, 407.345361, 503.922680, 
            406.025773, 498.644330, 403.386598, 496.005155, 
            400.747423, 490.726804, 399.427835, 488.087629, 
            398.108247, 477.530928, 396.788660, 473.572165, 
            396.788660, 470.932990, 395.469072, 463.015464, 
            395.469072, 461.695876, 395.469072]
