%YAML:1.0
    mask: !!opencv-matrix
        rows: 214
        cols: 2
        dt: f
        data: [ 338.974227, 718.768041, 346.891753, 
            717.448454, 353.489691, 714.809278, 366.685567, 
            710.850515, 369.324742, 709.530928, 375.922680, 
            709.530928, 378.561856, 709.530928, 379.881443, 
            709.530928, 381.201031, 708.211340, 385.159794, 
            706.891753, 389.118557, 706.891753, 390.438144, 
            706.891753, 398.355670, 706.891753, 399.675258, 
            706.891753, 403.634021, 706.891753, 407.592784, 
            706.891753, 411.551546, 706.891753, 414.190722, 
            706.891753, 418.149485, 706.891753, 419.469072, 
            706.891753, 423.427835, 706.891753, 426.067010, 
            706.891753, 427.386598, 706.891753, 428.706186, 
            708.211340, 433.984536, 710.850515, 440.582474, 
            716.128866, 443.221649, 717.448454, -1.000000, 
            -1.000000, -1.000000, -1.000000, 812.706186, 
            222.603093, 807.427835, 225.242268, 798.190722, 
            226.561856, 788.953608, 230.520619, 786.314433, 
            231.840206, 781.036082, 234.479381, 777.077320, 
            237.118557, 774.438144, 239.757732, 773.118557, 
            241.077320, 770.479381, 242.396907, 769.159794, 
            245.036082, 767.840206, 247.675258, 763.881443, 
            252.953608, 758.603093, 256.912371, 753.324742, 
            260.871134, 749.365979, 266.149485, 744.087629, 
            270.108247, 741.448454, 272.747423, 740.128866, 
            272.747423, 737.489691, 278.025773, 734.850515, 
            280.664948, 732.211340, 281.984536, 729.572165, 
            284.623711, 728.252577, 284.623711, 726.932990, 
            287.262887, 724.293814, 289.902062, 722.974227, 
            291.221649, 721.654639, 292.541237, 720.335052, 
            293.860825, 719.015464, 295.180412, 717.695876, 
            299.139175, 716.376289, 300.458763, 716.376289, 
            301.778351, 716.376289, 303.097938, 717.695876, 
            303.097938, 719.015464, 304.417526, 721.654639, 
            305.737113, 724.293814, 307.056701, 726.932990, 
            309.695876, 734.850515, 311.015464, 748.046392, 
            313.654639, 755.963918, 314.974227, 761.242268, 
            316.293814, 767.840206, 317.613402, 769.159794, 
            317.613402, 775.757732, 318.932990, 778.396907, 
            318.932990, 782.355670, 318.932990, 786.314433, 
            318.932990, 791.592784, 318.932990, 795.551546, 
            318.932990, 796.871134, 318.932990, 800.829897, 
            318.932990, 804.788660, 321.572165, 808.747423, 
            321.572165, 810.067010, 322.891753, 814.025773, 
            322.891753, 828.541237, 325.530928, 832.500000, 
            326.850515, 833.819588, 326.850515, 835.139175, 
            328.170103, 836.458763, 328.170103, 837.778351, 
            328.170103, 839.097938, 328.170103, 841.737113, 
            326.850515, 844.376289, 325.530928, 847.015464, 
            321.572165, 849.654639, 317.613402, 849.654639, 
            316.293814, 850.974227, 314.974227, 852.293814, 
            311.015464, 856.252577, 305.737113, 862.850515, 
            295.180412, 864.170103, 291.221649, 865.489691, 
            287.262887, 866.809278, 283.304124, 866.809278, 
            281.984536, 866.809278, 279.345361, 868.128866, 
            274.067010, 868.128866, 264.829897, 868.128866, 
            263.510309, 868.128866, 260.871134, 868.128866, 
            248.994845, 865.489691, 239.757732, 860.211340, 
            231.840206, 858.891753, 230.520619, 857.572165, 
            229.201031, -1.000000, -1.000000, 365.365979, 
            140.788660, 360.087629, 148.706186, 354.809278, 
            153.984536, 348.211340, 157.943299, 344.252577, 
            161.902062, 342.932990, 163.221649, 340.293814, 
            164.541237, 338.974227, 165.860825, 338.974227, 
            169.819588, 337.654639, 173.778351, 337.654639, 
            175.097938, 337.654639, 180.376289, 337.654639, 
            184.335052, 341.613402, 197.530928, 344.252577, 
            208.087629, 346.891753, 214.685567, 349.530928, 
            222.603093, 352.170103, 229.201031, 354.809278, 
            233.159794, 356.128866, 235.798969, 358.768041, 
            238.438144, 364.046392, 242.396907, 373.283505, 
            247.675258, 383.840206, 251.634021, 400.994845, 
            258.231959, 407.592784, 259.551546, 410.231959, 
            259.551546, 420.788660, 260.871134, 427.386598, 
            260.871134, 431.345361, 260.871134, 437.943299, 
            260.871134, 440.582474, 260.871134, 449.819588, 
            266.149485, 453.778351, 271.427835, 457.737113, 
            276.706186, 461.695876, 279.345361, 463.015464, 
            280.664948, 464.335052, 281.984536, 465.654639, 
            283.304124, 469.613402, 283.304124, 472.252577, 
            283.304124, 473.572165, 284.623711, 478.850515, 
            291.221649, 480.170103, 292.541237, 482.809278, 
            293.860825, 485.448454, 296.500000, 488.087629, 
            300.458763, 490.726804, 301.778351, 492.046392, 
            301.778351, 493.365979, 301.778351, 494.685567, 
            300.458763, 497.324742, 296.500000, 498.644330, 
            291.221649, 498.644330, 287.262887, 498.644330, 
            285.943299, 498.644330, 279.345361, 498.644330, 
            278.025773, 498.644330, 271.427835, 498.644330, 
            259.551546, 498.644330, 250.314433, 499.963918, 
            243.716495, 499.963918, 239.757732, 501.283505, 
            234.479381, 502.603093, 226.561856, 502.603093, 
            223.922680, 505.242268, 221.283505, 506.561856, 
            217.324742, 507.881443, 213.365979, 509.201031, 
            209.407216, 509.201031, 204.128866, 509.201031, 
            201.489691, 509.201031, 198.850515, 509.201031, 
            196.211340, 506.561856, 193.572165, 502.603093, 
            189.613402, 501.283505, 188.293814, 498.644330, 
            185.654639, 496.005155, 183.015464, 494.685567, 
            181.695876, 492.046392, 179.056701, 488.087629, 
            175.097938, 480.170103, 168.500000, 474.891753, 
            161.902062, 472.252577, 157.943299, 469.613402, 
            153.984536, 468.293814, 152.664948, 459.056701, 
            146.067010, 448.500000, 140.788660, 443.221649, 
            139.469072, 440.582474, 139.469072, 436.623711, 
            138.149485, 431.345361, 136.829897, 424.747423, 
            135.510309, 423.427835, 134.190722, 412.871134, 
            132.871134, 410.231959, 132.871134, 408.912371, 
            131.551546]
