%YAML:1.0
    mask: !!opencv-matrix
        rows: 442
        cols: 2
        dt: f
        data: [ 36.822942, 679.732614, 36.822942, 
            678.709432, 36.822942, 675.639888, 36.822942, 
            671.547162, 36.822942, 667.454436, 36.822942, 
            666.431255, 37.846123, 660.292166, 38.869305, 
            657.222622, 39.892486, 651.083533, 41.938849, 
            648.013989, 42.962030, 644.944444, 43.985212, 
            641.874900, 45.008393, 640.851719, 47.054756, 
            639.828537, 48.077938, 635.735811, 49.101119, 
            634.712630, 50.124301, 633.689448, 50.124301, 
            632.666267, 52.170663, 630.619904, 52.170663, 
            629.596723, 54.217026, 627.550360, 56.263389, 
            624.480815, 59.332934, 622.434452, 60.356115, 
            619.364908, 62.402478, 618.341727, 65.472022, 
            615.272182, 67.518385, 612.202638, 71.611111, 
            607.086731, 73.657474, 604.017186, 76.727018, 
            599.924460, 78.773381, 597.878098, 79.796563, 
            594.808553, 80.819744, 592.762190, 81.842926, 
            589.692646, 82.866107, 585.599920, 83.889289, 
            585.599920, 84.912470, 583.553557, 84.912470, 
            582.530376, 86.958833, 579.460831, 87.982014, 
            576.391287, 89.005196, 574.344924, 89.005196, 
            573.321743, 91.051559, 568.205835, 93.097922, 
            565.136291, 93.097922, 563.089928, 96.167466, 
            560.020384, 96.167466, 557.974021, 96.167466, 
            556.950839, 96.167466, 555.927658, 97.190647, 
            553.881295, 98.213829, 552.858114, 98.213829, 
            551.834932, 99.237010, 549.788569, 100.260192, 
            547.742206, 102.306555, 544.672662, 103.329736, 
            541.603118, 104.352918, 537.510392, 104.352918, 
            536.487210, 106.399281, 532.394484, 106.399281, 
            531.371303, 108.445643, 527.278577, 109.468825, 
            525.232214, 109.468825, 524.209033, 110.492006, 
            521.139488, 110.492006, 520.116307, 112.538369, 
            517.046763, 112.538369, 516.023581, 112.538369, 
            513.977218, 113.561551, 511.930855, 114.584732, 
            509.884492, 115.607914, 507.838129, 116.631095, 
            506.814948, 116.631095, 505.791767, 118.677458, 
            502.722222, 120.723821, 499.652678, 124.816547, 
            494.536771, 126.862910, 492.490408, 127.886091, 
            491.467226, 129.932454, 490.444045, 133.001998, 
            485.328137, 135.048361, 484.304956, 138.117906, 
            481.235412, 139.141087, 481.235412, 140.164269, 
            479.189049, 143.233813, 477.142686, 145.280176, 
            477.142686, 146.303357, 476.119504, 147.326539, 
            475.096323, 150.396083, 474.073141, 154.488809, 
            471.003597, 160.627898, 466.910871, 166.766986, 
            465.887690, 168.813349, 463.841327, 173.929257, 
            462.818145, 178.021982, 460.771783, 179.045164, 
            460.771783, 183.137890, 460.771783, 188.253797, 
            457.702238, 193.369704, 456.679057, 194.392886, 
            456.679057, 197.462430, 455.655875, 198.485612, 
            455.655875, 203.601519, 452.586331, 206.671063, 
            452.586331, 207.694245, 451.563149, 210.763789, 
            450.539968, 214.856515, 448.493605, 222.018785, 
            445.424061, 226.111511, 443.377698, 229.181055, 
            442.354516, 231.227418, 441.331335, 235.320144, 
            439.284972, 235.320144, 438.261791, 238.389688, 
            438.261791, 239.412870, 437.238609, 243.505596, 
            435.192246, 247.598321, 434.169065, 248.621503, 
            434.169065, 250.667866, 433.145883, 251.691047, 
            433.145883, 254.760592, 432.122702, 258.853317, 
            432.122702, 260.899680, 432.122702, 263.969225, 
            432.122702, 269.085132, 432.122702, 274.201039, 
            432.122702, 282.386491, 432.122702, 286.479217, 
            432.122702, 290.571942, 432.122702, 291.595124, 
            432.122702, 293.641487, 432.122702, 295.687850, 
            432.122702, 299.780576, 432.122702, 301.826938, 
            432.122702, 306.942846, 433.145883, 310.012390, 
            433.145883, 311.035572, 433.145883, 318.197842, 
            434.169065, 319.221023, 435.192246, 324.336930, 
            435.192246, 325.360112, 435.192246, 330.476019, 
            436.215428, 331.499201, 436.215428, 337.638289, 
            438.261791, 341.731015, 439.284972, 342.754197, 
            439.284972, 342.754197, 440.308153, 342.754197, 
            443.377698, 342.754197, 444.400879, 341.731015, 
            445.424061, 339.684652, 446.447242, 338.661471, 
            447.470424, 338.661471, 448.493605, 338.661471, 
            450.539968, 337.638289, 454.632694, 337.638289, 
            457.702238, 338.661471, 457.702238, 339.684652, 
            457.702238, 343.777378, 459.748601, 347.870104, 
            461.794964, 351.962830, 463.841327, 354.009193, 
            464.864508, 357.078737, 466.910871, 358.101918, 
            467.934053, 359.125100, 468.957234, 359.125100, 
            471.003597, 359.125100, 472.026779, 359.125100, 
            473.049960, 359.125100, 476.119504, 357.078737, 
            479.189049, 354.009193, 483.281775, 349.916467, 
            489.420863, 345.823741, 493.513589, 343.777378, 
            495.559952, 342.754197, 497.606315, 337.638289, 
            499.652678, 336.615108, 501.699041, 335.591926, 
            501.699041, 332.522382, 503.745404, 329.452838, 
            506.814948, 325.360112, 510.907674, 322.290568, 
            512.954037, 321.267386, 513.977218, 320.244205, 
            515.000400, 319.221023, 516.023581, 318.197842, 
            516.023581, 317.174660, 518.069944, 316.151479, 
            519.093125, 316.151479, 520.116307, 315.128297, 
            520.116307, 315.128297, 521.139488, 315.128297, 
            522.162670, 315.128297, 523.185851, 314.105116, 
            525.232214, 312.058753, 528.301759, 310.012390, 
            531.371303, 308.989209, 532.394484, 307.966027, 
            532.394484, 306.942846, 533.417666, 300.803757, 
            535.464029, 298.757394, 536.487210, 297.734213, 
            536.487210, 295.687850, 537.510392, 293.641487, 
            538.533573, 292.618305, 538.533573, 290.571942, 
            539.556755, 288.525580, 541.603118, 287.502398, 
            542.626299, 286.479217, 543.649480, 286.479217, 
            545.695843, 285.456035, 547.742206, 285.456035, 
            549.788569, 285.456035, 550.811751, 285.456035, 
            551.834932, 285.456035, 552.858114, 286.479217, 
            553.881295, 286.479217, 554.904476, 286.479217, 
            555.927658, 286.479217, 558.997202, 285.456035, 
            561.043565, 284.432854, 562.066747, 283.409672, 
            563.089928, 282.386491, 564.113110, 281.363309, 
            565.136291, 280.340128, 566.159472, 279.316946, 
            566.159472, 278.293765, 566.159472, 276.247402, 
            566.159472, 274.201039, 566.159472, 273.177858, 
            566.159472, 272.154676, 566.159472, 271.131495, 
            567.182654, 268.061950, 568.205835, 267.038769, 
            569.229017, 266.015588, 569.229017, 264.992406, 
            569.229017, 263.969225, 569.229017, 263.969225, 
            570.252198, 262.946043, 571.275380, 261.922862, 
            572.298561, 260.899680, 572.298561, 259.876499, 
            573.321743, 259.876499, 575.368106, 258.853317, 
            576.391287, 256.806954, 579.460831, 256.806954, 
            580.484013, 254.760592, 583.553557, 253.737410, 
            584.576739, 253.737410, 586.623102, 250.667866, 
            590.715827, 246.575140, 596.854916, 245.551958, 
            598.901279, 243.505596, 602.994005, 242.482414, 
            604.017186, 242.482414, 606.063549, 241.459233, 
            608.109912, 240.436051, 610.156275, 238.389688, 
            615.272182, 236.343325, 620.388090, 234.296962, 
