%YAML:1.0
    mask: !!opencv-matrix
        rows: 126
        cols: 2
        dt: f
        data: [ -1.000000, -1.000000, -1.000000, 
            -1.000000, 596.293814, 313.654639, 596.293814, 
            321.572165, 596.293814, 333.448454, 596.293814, 
            338.726804, 598.932990, 345.324742, 600.252577, 
            350.603093, 601.572165, 355.881443, 601.572165, 
            359.840206, 602.891753, 361.159794, 604.211340, 
            366.438144, 606.850515, 373.036082, 608.170103, 
            375.675258, 609.489691, 382.273196, 610.809278, 
            383.592784, 612.128866, 386.231959, 613.448454, 
            390.190722, 614.768041, 392.829897, 617.407216, 
            398.108247, 617.407216, 404.706186, 617.407216, 
            406.025773, 617.407216, 407.345361, 617.407216, 
            411.304124, 612.128866, 417.902062, 608.170103, 
            421.860825, 605.530928, 424.500000, 604.211340, 
            424.500000, 601.572165, 428.458763, 598.932990, 
            431.097938, 597.613402, 432.417526, 594.974227, 
            435.056701, 594.974227, 436.376289, 593.654639, 
            439.015464, 592.335052, 441.654639, 592.335052, 
            442.974227, 591.015464, 445.613402, 591.015464, 
            446.932990, 591.015464, 449.572165, 591.015464, 
            453.530928, 593.654639, 456.170103, 598.932990, 
            458.809278, 606.850515, 461.448454, 608.170103, 
            462.768041, 616.087629, 465.407216, 618.726804, 
            466.726804, 624.005155, 470.685567, 626.644330, 
            474.644330, 630.603093, 478.603093, 634.561856, 
            485.201031, 634.561856, 486.520619, 637.201031, 
            491.798969, 639.840206, 497.077320, 643.798969, 
            497.077320, 647.757732, 497.077320, 650.396907, 
            497.077320, 651.716495, 497.077320, 653.036082, 
            497.077320, 654.355670, 495.757732, 658.314433, 
            493.118557, 660.953608, 491.798969, 664.912371, 
            485.201031, 666.231959, 483.881443, 670.190722, 
            478.603093, 672.829897, 474.644330, 675.469072, 
            469.365979, 678.108247, 465.407216, 683.386598, 
            457.489691, 686.025773, 452.211340, 687.345361, 
            449.572165, 691.304124, 441.654639, 692.623711, 
            437.695876, 695.262887, 432.417526, 696.582474, 
            425.819588, 696.582474, 421.860825, 696.582474, 
            419.221649, 696.582474, 416.582474, 696.582474, 
            408.664948, 696.582474, 406.025773, 696.582474, 
            402.067010, 696.582474, 398.108247, 696.582474, 
            395.469072, 696.582474, 391.510309, 696.582474, 
            388.871134, 696.582474, 386.231959, 696.582474, 
            383.592784, 696.582474, 379.634021, 696.582474, 
            378.314433, 696.582474, 371.716495, 695.262887, 
            367.757732, 695.262887, 362.479381, 693.943299, 
            350.603093, 691.304124, 346.644330, 691.304124, 
            344.005155, 688.664948, 336.087629, 687.345361, 
            334.768041, 687.345361, 332.128866, 687.345361, 
            330.809278, 687.345361, 326.850515, 687.345361, 
            324.211340, 687.345361, 320.252577, 687.345361, 
            316.293814, 687.345361, 313.654639, 687.345361, 
            312.335052, 686.025773, 311.015464, 682.067010, 
            308.376289, 679.427835, 307.056701, 674.149485, 
            303.097938, 670.190722, 300.458763, 667.551546, 
            300.458763, 664.912371, 299.139175, 662.273196, 
            299.139175, 660.953608, 299.139175, 654.355670, 
            297.819588, 650.396907, 297.819588, 649.077320, 
            297.819588, 645.118557, 297.819588, 633.242268, 
            297.819588, 625.324742, 297.819588, 617.407216, 
            297.819588, 612.128866, 297.819588, 604.211340, 
            297.819588, 602.891753, 297.819588, 598.932990, 
            297.819588, 597.613402, 299.139175, -1.000000, 
            -1.000000]
