%YAML:1.0
    mask: !!opencv-matrix
        rows: 1651
        cols: 2
        dt: f
        data: [ 198.760870, 2.934783, 197.369565, 
            2.934783, 195.978261, 2.934783, 194.586957, 
            2.934783, 193.195652, 4.326087, 190.413043, 
            7.108696, 186.239130, 11.282609, 182.065217, 
            15.456522, 179.282609, 19.630435, 177.891304, 
            21.021739, 176.500000, 23.804348, 175.108696, 
            26.586957, 172.326087, 29.369565, 172.326087, 
            32.152174, 170.934783, 33.543478, 170.934783, 
            34.934783, 169.543478, 37.717391, 169.543478, 
            40.500000, 168.152174, 41.891304, 166.760870, 
            44.673913, 166.760870, 46.065217, 166.760870, 
            47.456522, 166.760870, 48.847826, 166.760870, 
            50.239130, 165.369565, 51.630435, 165.369565, 
            53.021739, 163.978261, 55.804348, 162.586957, 
            58.586957, 162.586957, 59.978261, 159.804348, 
            62.760870, 158.413043, 65.543478, 158.413043, 
            66.934783, 158.413043, 68.326087, 158.413043, 
            69.717391, 157.021739, 71.108696, 155.630435, 
            72.500000, 154.239130, 73.891304, 151.456522, 
            78.065217, 151.456522, 79.456522, 150.065217, 
            82.239130, 150.065217, 86.413043, 147.282609, 
            89.195652, 145.891304, 91.978261, 145.891304, 
            94.760870, 145.891304, 96.152174, 144.500000, 
            98.934783, 143.108696, 98.934783, 143.108696, 
            100.326087, 141.717391, 103.108696, 141.717391, 
            104.500000, 140.326087, 108.673913, 138.934783, 
            108.673913, 138.934783, 111.456522, 137.543478, 
            115.630435, 137.543478, 117.021739, 137.543478, 
            118.413043, 137.543478, 119.804348, 137.543478, 
            121.195652, 134.760870, 122.586957, 134.760870, 
            125.369565, 134.760870, 128.152174, 133.369565, 
            128.152174, 133.369565, 130.934783, 133.369565, 
            132.326087, 133.369565, 133.717391, 133.369565, 
            137.891304, 130.586957, 140.673913, 129.195652, 
            142.065217, 129.195652, 144.847826, 129.195652, 
            146.239130, 127.804348, 146.239130, 127.804348, 
            149.021739, 126.413043, 151.804348, 125.021739, 
            154.586957, 125.021739, 155.978261, 125.021739, 
            157.369565, 125.021739, 158.760870, 125.021739, 
            160.152174, 125.021739, 161.543478, 125.021739, 
            162.934783, 125.021739, 165.717391, 123.630435, 
            168.500000, 123.630435, 169.891304, 122.239130, 
            174.065217, 122.239130, 175.456522, 122.239130, 
            176.847826, 122.239130, 179.630435, 122.239130, 
            181.021739, 122.239130, 182.413043, 122.239130, 
            183.804348, 122.239130, 185.195652, 122.239130, 
            186.586957, 122.239130, 187.978261, 122.239130, 
            190.760870, 122.239130, 192.152174, 122.239130, 
            193.543478, 122.239130, 194.934783, 122.239130, 
            196.326087, 122.239130, 199.108696, 123.630435, 
            199.108696, 123.630435, 203.282609, 123.630435, 
            204.673913, 123.630435, 206.065217, 125.021739, 
            208.847826, 125.021739, 211.630435, 125.021739, 
            214.413043, 125.021739, 215.804348, 125.021739, 
            217.195652, 125.021739, 218.586957, 125.021739, 
            219.978261, 126.413043, 221.369565, 127.804348, 
            222.760870, 129.195652, 225.543478, 130.586957, 
            226.934783, 131.978261, 226.934783, 133.369565, 
            228.326087, 134.760870, 228.326087, 136.152174, 
            229.717391, 137.543478, 231.108696, 138.934783, 
            231.108696, 140.326087, 231.108696, 141.717391, 
            232.500000, 143.108696, 232.500000, 144.500000, 
            232.500000, 145.891304, 232.500000, 148.673913, 
            232.500000, 150.065217, 232.500000, 152.847826, 
            232.500000, 154.239130, 232.500000, 155.630435, 
            232.500000, 157.021739, 232.500000, 158.413043, 
            232.500000, 159.804348, 232.500000, 161.195652, 
            232.500000, 162.586957, 232.500000, 163.978261, 
            232.500000, 165.369565, 232.500000, 166.760870, 
            232.500000, 168.152174, 232.500000, 169.543478, 
            232.500000, 170.934783, 232.500000, 173.717391, 
            232.500000, 175.108696, 232.500000, 177.891304, 
            232.500000, 180.673913, 231.108696, 182.065217, 
            229.717391, 184.847826, 228.326087, 187.630435, 
            226.934783, 190.413043, 225.543478, 194.586957, 
            224.152174, 195.978261, 222.760870, 198.760870, 
            222.760870, 200.152174, 221.369565, 201.543478, 
            221.369565, 204.326087, 219.978261, 205.717391, 
            217.195652, 208.500000, 217.195652, 211.282609, 
            214.413043, 212.673913, 213.021739, 214.065217, 
            213.021739, 215.456522, 213.021739, 218.239130, 
            211.630435, 219.630435, 210.239130, 225.195652, 
            206.065217, 226.586957, 206.065217, 226.586957, 
            204.673913, 227.978261, 204.673913, 230.760870, 
            201.891304, 232.152174, 201.891304, 233.543478, 
            200.500000, 234.934783, 200.500000, 237.717391, 
            197.717391, 241.891304, 196.326087, 243.282609, 
            193.543478, 246.065217, 192.152174, 248.847826, 
            189.369565, 250.239130, 189.369565, 253.021739, 
            186.586957, 255.804348, 185.195652, 257.195652, 
            185.195652, 258.586957, 183.804348, 261.369565, 
            181.021739, 264.152174, 179.630435, 264.152174, 
            178.239130, 266.934783, 178.239130, 268.326087, 
            176.847826, 269.717391, 175.456522, 272.500000, 
            172.673913, 275.282609, 172.673913, 275.282609, 
            171.282609, 276.673913, 169.891304, 279.456522, 
            168.500000, 280.847826, 168.500000, 280.847826, 
            167.108696, 283.630435, 167.108696, 285.021739, 
            165.717391, 286.413043, 164.326087, 289.195652, 
            164.326087, 291.978261, 162.934783, 294.760870, 
            161.543478, 296.152174, 161.543478, 297.543478, 
            161.543478, 303.108696, 160.152174, 305.891304, 
            160.152174, 307.282609, 158.760870, 308.673913, 
            158.760870, 310.065217, 158.760870, 312.847826, 
            158.760870, 314.239130, 158.760870, 315.630435, 
            158.760870, 317.021739, 158.760870, 318.413043, 
            158.760870, 319.804348, 158.760870, 321.195652, 
            158.760870, 322.586957, 158.760870, 323.978261, 
            158.760870, 326.760870, 158.760870, 328.152174, 
            158.760870, 332.326087, 158.760870, 335.108696, 
            158.760870, 336.500000, 158.760870, 340.673913, 
            158.760870, 344.847826, 158.760870, 346.239130, 
            158.760870, 349.021739, 158.760870, 350.413043, 
            158.760870, 351.804348, 158.760870, 353.195652, 
            158.760870, 357.369565, 158.760870, 358.760870, 
            158.760870, 360.152174, 158.760870, 361.543478, 
            160.152174, 362.934783, 161.543478, 365.717391, 
            162.934783, 365.717391, 164.326087, 368.500000, 
            164.326087, 369.891304, 165.717391, 372.673913, 
            165.717391, 374.065217, 165.717391, 375.456522, 
            168.500000, 375.456522, 171.282609, 375.456522, 
            172.673913, 375.456522, 174.065217, 375.456522, 
            175.456522, 375.456522, 176.847826, 375.456522, 
            179.630435, 375.456522, 181.021739, 375.456522, 
            183.804348, 375.456522, 185.195652, 375.456522, 
            186.586957, 375.456522, 187.978261, 375.456522, 
            189.369565, 375.456522, 190.760870, 375.456522, 
            192.152174, 375.456522, 193.543478, 375.456522, 
            194.934783, 375.456522, 196.326087, 375.456522, 
            197.717391, 374.065217, 199.108696, 371.282609, 
