%YAML:1.0
    mask: !!opencv-matrix
        rows: 1019
        cols: 2
        dt: f
        data: [ 422.760870, 719.456522, 424.152174, 
            718.065217, 425.543478, 716.673913, 426.934783, 
            715.282609, 428.326087, 713.891304, 431.108696, 
            712.500000, 432.500000, 712.500000, 433.891304, 
            711.108696, 435.282609, 709.717391, 438.065217, 
            709.717391, 440.847826, 708.326087, 442.239130, 
            708.326087, 443.630435, 706.934783, 445.021739, 
            706.934783, 445.021739, 705.543478, 446.413043, 
            705.543478, 447.804348, 705.543478, 449.195652, 
            705.543478, 450.586957, 705.543478, 451.978261, 
            705.543478, 453.369565, 705.543478, 454.760870, 
            705.543478, 457.543478, 705.543478, 458.934783, 
            705.543478, 460.326087, 705.543478, 461.717391, 
            704.152174, 464.500000, 704.152174, 465.891304, 
            704.152174, 468.673913, 704.152174, 470.065217, 
            702.760870, 471.456522, 702.760870, 474.239130, 
            701.369565, 475.630435, 701.369565, 478.413043, 
            701.369565, 481.195652, 701.369565, 485.369565, 
            698.586957, 488.152174, 698.586957, 490.934783, 
            698.586957, 496.500000, 698.586957, 499.282609, 
            697.195652, 502.065217, 697.195652, 506.239130, 
            695.804348, 510.413043, 695.804348, 511.804348, 
            695.804348, 514.586957, 695.804348, 517.369565, 
            694.413043, 517.369565, 693.021739, 518.760870, 
            693.021739, 520.152174, 693.021739, 518.760870, 
            694.413043, 518.760870, 695.804348, 515.978261, 
            698.586957, 514.586957, 699.978261, 513.195652, 
            701.369565, 513.195652, 702.760870, 511.804348, 
            702.760870, 511.804348, 704.152174, 510.413043, 
            706.934783, 510.413043, 708.326087, 509.021739, 
            709.717391, 507.630435, 712.500000, 507.630435, 
            713.891304, 506.239130, 713.891304, 506.239130, 
            715.282609, 503.456522, 716.673913, 503.456522, 
            718.065217, 502.065217, 718.065217, 502.065217, 
            719.456522, -1.000000, -1.000000, 842.934783, 
            713.891304, 841.543478, 712.500000, 841.543478, 
            711.108696, 841.543478, 709.717391, 841.543478, 
            706.934783, 841.543478, 705.543478, 841.543478, 
            702.760870, 840.152174, 701.369565, 838.760870, 
            699.978261, 837.369565, 699.978261, 835.978261, 
            698.586957, 835.978261, 697.195652, 833.195652, 
            695.804348, 833.195652, 694.413043, 833.195652, 
            693.021739, 831.804348, 693.021739, 831.804348, 
            691.630435, 831.804348, 690.239130, 831.804348, 
            688.847826, 831.804348, 687.456522, 830.413043, 
            686.065217, 829.021739, 684.673913, 827.630435, 
            683.282609, 827.630435, 681.891304, 827.630435, 
            679.108696, 827.630435, 677.717391, 826.239130, 
            674.934783, 826.239130, 673.543478, 826.239130, 
            672.152174, 824.847826, 672.152174, 824.847826, 
            670.760870, 823.456522, 669.369565, 823.456522, 
            667.978261, 822.065217, 667.978261, 822.065217, 
            666.586957, 820.673913, 665.195652, 819.282609, 
            665.195652, 817.891304, 663.804348, 816.500000, 
            663.804348, 813.717391, 663.804348, 812.326087, 
            662.413043, 810.934783, 661.021739, 809.543478, 
            661.021739, 808.152174, 661.021739, 805.369565, 
            659.630435, 803.978261, 659.630435, 802.586957, 
            658.239130, 801.195652, 658.239130, 799.804348, 
            658.239130, 797.021739, 656.847826, 795.630435, 
            656.847826, 792.847826, 656.847826, 791.456522, 
            655.456522, 788.673913, 655.456522, 787.282609, 
            654.065217, 785.891304, 652.673913, 784.500000, 
            652.673913, 784.500000, 651.282609, 783.108696, 
            651.282609, 781.717391, 649.891304, 780.326087, 
            648.500000, 780.326087, 647.108696, 778.934783, 
            647.108696, 777.543478, 647.108696, 776.152174, 
            647.108696, 774.760870, 645.717391, 774.760870, 
            644.326087, 773.369565, 644.326087, 771.978261, 
            642.934783, 770.586957, 642.934783, 769.195652, 
            641.543478, 767.804348, 640.152174, 766.413043, 
            640.152174, 763.630435, 638.760870, 762.239130, 
            637.369565, 760.847826, 637.369565, 760.847826, 
            635.978261, 759.456522, 635.978261, 758.065217, 
            634.586957, 755.282609, 633.195652, 753.891304, 
            631.804348, 752.500000, 631.804348, 752.500000, 
            630.413043, 751.108696, 629.021739, 751.108696, 
            627.630435, 751.108696, 624.847826, 751.108696, 
            623.456522, 751.108696, 620.673913, 751.108696, 
            619.282609, 751.108696, 617.891304, 751.108696, 
            616.500000, 751.108696, 615.108696, 751.108696, 
            613.717391, 751.108696, 612.326087, 751.108696, 
            610.934783, 751.108696, 609.543478, 751.108696, 
            608.152174, 751.108696, 606.760870, 752.500000, 
            605.369565, 755.282609, 603.978261, 758.065217, 
            603.978261, 759.456522, 603.978261, 762.239130, 
            602.586957, 763.630435, 602.586957, 767.804348, 
            601.195652, 769.195652, 599.804348, 770.586957, 
            599.804348, 771.978261, 599.804348, 773.369565, 
            599.804348, 774.760870, 599.804348, 776.152174, 
            599.804348, 777.543478, 599.804348, 778.934783, 
            599.804348, 780.326087, 599.804348, 781.717391, 
            599.804348, 783.108696, 599.804348, 785.891304, 
            599.804348, 787.282609, 599.804348, 790.065217, 
            599.804348, 791.456522, 599.804348, 794.239130, 
            599.804348, 795.630435, 599.804348, 797.021739, 
            599.804348, 798.413043, 599.804348, 799.804348, 
            599.804348, 801.195652, 599.804348, 803.978261, 
            598.413043, 805.369565, 598.413043, 808.152174, 
            598.413043, 809.543478, 597.021739, 812.326087, 
            597.021739, 813.717391, 595.630435, 816.500000, 
            595.630435, 816.500000, 594.239130, 817.891304, 
            594.239130, 819.282609, 594.239130, 820.673913, 
            592.847826, 820.673913, 591.456522, 820.673913, 
            590.065217, 820.673913, 588.673913, 820.673913, 
            587.282609, 820.673913, 585.891304, 819.282609, 
            584.500000, 819.282609, 583.108696, 817.891304, 
            581.717391, 817.891304, 580.326087, 816.500000, 
            580.326087, 815.108696, 578.934783, 813.717391, 
            578.934783, 813.717391, 577.543478, 813.717391, 
            576.152174, 813.717391, 574.760870, 813.717391, 
            573.369565, 813.717391, 571.978261, 813.717391, 
            570.586957, 813.717391, 569.195652, 813.717391, 
            567.804348, 812.326087, 567.804348, 812.326087, 
            566.413043, 810.934783, 565.021739, 809.543478, 
            565.021739, 808.152174, 563.630435, 805.369565, 
            562.239130, 805.369565, 560.847826, 803.978261, 
            560.847826, 802.586957, 560.847826, 801.195652, 
            560.847826, 799.804348, 560.847826, 798.413043, 
            560.847826, 797.021739, 560.847826, 797.021739, 
            559.456522, 797.021739, 558.065217, 797.021739, 
            556.673913, 797.021739, 555.282609, 797.021739, 
            553.891304, 797.021739, 552.500000, 797.021739, 
            551.108696, 797.021739, 549.717391, 797.021739, 
            548.326087, 797.021739, 546.934783, 795.630435, 
            545.543478, 795.630435, 542.760870, 795.630435, 
            541.369565, 795.630435, 538.586957, 795.630435, 
            537.195652, 795.630435, 535.804348, 797.021739, 
            535.804348, 798.413043, 535.804348, 799.804348, 
