%YAML:1.0
    mask: !!opencv-matrix
        rows: 380
        cols: 2
        dt: f
        data: [ -1.000000, -1.000000, -1.000000, 
            -1.000000, 655.847722, 305.248201, 654.824540, 
            304.225020, 653.801359, 304.225020, 652.778177, 
            304.225020, 651.754996, 304.225020, 649.708633, 
            304.225020, 646.639089, 303.201839, 643.569544, 
            303.201839, 640.500000, 303.201839, 635.384093, 
            302.178657, 633.337730, 302.178657, 630.268185, 
            302.178657, 628.221823, 301.155476, 626.175460, 
            301.155476, 623.105915, 301.155476, 620.036371, 
            301.155476, 615.943645, 301.155476, 613.897282, 
            300.132294, 610.827738, 300.132294, 608.781375, 
            300.132294, 605.711831, 300.132294, 602.642286, 
            301.155476, 599.572742, 301.155476, 595.480016, 
            301.155476, 594.456835, 301.155476, 593.433653, 
            302.178657, 590.364109, 302.178657, 590.364109, 
            303.201839, 587.294564, 303.201839, 586.271383, 
            304.225020, 585.248201, 304.225020, 584.225020, 
            305.248201, 584.225020, 306.271383, 583.201839, 
            307.294564, 583.201839, 308.317746, 582.178657, 
            310.364109, 581.155476, 311.387290, 581.155476, 
            312.410472, 581.155476, 313.433653, 580.132294, 
            313.433653, 580.132294, 314.456835, 580.132294, 
            315.480016, 580.132294, 316.503197, 581.155476, 
            316.503197, 582.178657, 317.526379, 583.201839, 
            317.526379, 583.201839, 319.572742, 584.225020, 
            320.595923, 585.248201, 320.595923, 586.271383, 
            320.595923, 587.294564, 320.595923, 588.317746, 
            320.595923, 589.340927, 320.595923, 591.387290, 
            320.595923, 592.410472, 320.595923, 594.456835, 
            320.595923, 597.526379, 320.595923, 598.549560, 
            320.595923, 600.595923, 320.595923, 602.642286, 
            320.595923, 603.665468, 320.595923, 605.711831, 
            320.595923, 606.735012, 320.595923, 607.758193, 
            320.595923, 608.781375, 320.595923, 609.804556, 
            320.595923, 609.804556, 321.619105, 609.804556, 
            323.665468, 609.804556, 324.688649, 609.804556, 
            325.711831, 608.781375, 326.735012, 607.758193, 
            327.758193, 606.735012, 328.781375, 605.711831, 
            328.781375, 605.711831, 329.804556, 602.642286, 
            330.827738, 599.572742, 331.850919, 597.526379, 
            333.897282, 596.503197, 334.920464, 594.456835, 
            334.920464, 593.433653, 336.966827, 592.410472, 
            337.990008, 591.387290, 337.990008, 590.364109, 
            339.013189, 589.340927, 339.013189, 589.340927, 
            340.036371, 588.317746, 340.036371, 587.294564, 
            341.059552, 586.271383, 342.082734, 585.248201, 
            343.105915, 585.248201, 344.129097, 584.225020, 
            345.152278, 583.201839, 347.198641, 583.201839, 
            348.221823, 582.178657, 349.245004, 582.178657, 
            351.291367, 582.178657, 352.314548, 582.178657, 
            353.337730, 581.155476, 354.360911, 581.155476, 
            355.384093, 581.155476, 356.407274, 581.155476, 
            357.430456, 581.155476, 358.453637, 581.155476, 
            359.476819, 581.155476, 362.546363, 581.155476, 
            363.569544, 581.155476, 365.615907, 581.155476, 
            367.662270, 581.155476, 369.708633, 582.178657, 
            370.731815, 582.178657, 371.754996, 583.201839, 
            373.801359, 583.201839, 375.847722, 585.248201, 
            377.894085, 585.248201, 378.917266, 586.271383, 
            380.963629, 586.271383, 381.986811, 588.317746, 
            384.033173, 589.340927, 387.102718, 591.387290, 
            389.149081, 592.410472, 392.218625, 593.433653, 
            393.241807, 595.480016, 395.288169, 595.480016, 
            396.311351, 596.503197, 396.311351, 596.503197, 
            397.334532, 598.549560, 398.357714, 600.595923, 
            399.380895, 602.642286, 400.404077, 603.665468, 
            400.404077, 604.688649, 401.427258, 605.711831, 
            402.450440, 606.735012, 402.450440, 607.758193, 
            403.473621, 608.781375, 404.496803, 609.804556, 
            405.519984, 611.850919, 406.543165, 613.897282, 
            408.589528, 615.943645, 409.612710, 617.990008, 
            409.612710, 619.013189, 410.635891, 621.059552, 
            411.659073, 623.105915, 411.659073, 626.175460, 
            412.682254, 627.198641, 412.682254, 628.221823, 
            413.705436, 631.291367, 413.705436, 633.337730, 
            414.728617, 636.407274, 414.728617, 638.453637, 
            414.728617, 642.546363, 414.728617, 644.592726, 
            415.751799, 646.639089, 415.751799, 649.708633, 
            415.751799, 652.778177, 414.728617, 653.801359, 
            414.728617, 657.894085, 412.682254, 660.963629, 
            411.659073, 663.009992, 411.659073, 668.125899, 
            409.612710, 671.195444, 407.566347, 675.288169, 
            406.543165, 676.311351, 405.519984, 680.404077, 
            404.496803, 682.450440, 402.450440, 685.519984, 
            400.404077, 687.566347, 399.380895, 689.612710, 
            397.334532, 691.659073, 395.288169, 693.705436, 
            394.264988, 695.751799, 392.218625, 696.774980, 
            390.172262, 696.774980, 389.149081, 698.821343, 
            387.102718, 699.844524, 384.033173, 701.890887, 
            380.963629, 702.914069, 378.917266, 703.937250, 
            376.870903, 704.960432, 375.847722, 707.006795, 
            373.801359, 707.006795, 371.754996, 709.053157, 
            369.708633, 710.076339, 366.639089, 711.099520, 
            364.592726, 711.099520, 362.546363, 712.122702, 
            360.500000, 712.122702, 358.453637, 714.169065, 
            356.407274, 714.169065, 354.360911, 714.169065, 
            352.314548, 714.169065, 350.268185, 715.192246, 
            349.245004, 715.192246, 347.198641, 715.192246, 
            346.175460, 715.192246, 345.152278, 715.192246, 
            344.129097, 715.192246, 343.105915, 715.192246, 
            342.082734, 715.192246, 341.059552, 715.192246, 
            340.036371, 716.215428, 337.990008, 716.215428, 
            335.943645, 715.192246, 333.897282, 715.192246, 
            331.850919, 714.169065, 329.804556, 713.145883, 
            328.781375, 712.122702, 327.758193, 711.099520, 
            325.711831, 710.076339, 324.688649, 709.053157, 
            322.642286, 708.029976, 322.642286, 705.983613, 
            319.572742, 703.937250, 317.526379, 702.914069, 
            316.503197, 700.867706, 314.456835, 699.844524, 
            312.410472, 698.821343, 311.387290, 697.798161, 
            310.364109, 696.774980, 310.364109, 695.751799, 
            310.364109, 695.751799, 309.340927, 694.728617, 
            308.317746, 693.705436, 308.317746, 693.705436, 
            307.294564, 692.682254, 306.271383, -1.000000, 
            -1.000000, 425.631894, 337.990008, 425.631894, 
            339.013189, 425.631894, 340.036371, 425.631894, 
            341.059552, 424.608713, 342.082734, 423.585532, 
            346.175460, 423.585532, 351.291367, 423.585532, 
            354.360911, 423.585532, 356.407274, 423.585532, 
            360.500000, 423.585532, 362.546363, 424.608713, 
            363.569544, 424.608713, 364.592726, 425.631894, 
            365.615907, 426.655076, 367.662270, 427.678257, 
            368.685452, 429.724620, 371.754996, 431.770983, 
            373.801359, 432.794165, 375.847722, 434.840528, 
            376.870903, 436.886890, 378.917266, 439.956435, 
            381.986811, 443.025979, 384.033173, 445.072342, 
            387.102718, 446.095524, 388.125899, 446.095524, 
            389.149081, 449.165068, 391.195444, 451.211431, 
            391.195444, 453.257794, 393.241807, 456.327338, 
            394.264988, 460.420064, 394.264988, 465.535971, 
