%YAML:1.0
    mask: !!opencv-matrix
        rows: 1168
        cols: 2
        dt: f
        data: [ 188.253797, 692.010791, 189.276978, 
            692.010791, 190.300160, 692.010791, 193.369704, 
            689.964428, 199.508793, 687.918066, 204.624700, 
            685.871703, 205.647882, 684.848521, 209.740608, 
            682.802158, 212.810152, 680.755795, 216.902878, 
            678.709432, 218.949241, 677.686251, 220.995604, 
            676.663070, 225.088329, 675.639888, 226.111511, 
            675.639888, 229.181055, 675.639888, 231.227418, 
            674.616707, 234.296962, 674.616707, 239.412870, 
            674.616707, 241.459233, 674.616707, 248.621503, 
            673.593525, 253.737410, 673.593525, 256.806954, 
            672.570344, 256.806954, 671.547162, 262.946043, 
            669.500799, 266.015588, 668.477618, 268.061950, 
            667.454436, 272.154676, 666.431255, 274.201039, 
            666.431255, 277.270584, 664.384892, 281.363309, 
            662.338529, 282.386491, 662.338529, 284.432854, 
            662.338529, 287.502398, 662.338529, 292.618305, 
            661.315348, 294.664668, 661.315348, 297.734213, 
            660.292166, 300.803757, 659.268985, 304.896483, 
            658.245803, 307.966027, 657.222622, 313.081934, 
            654.153078, 317.174660, 652.106715, 320.244205, 
            650.060352, 323.313749, 649.037170, 325.360112, 
            649.037170, 329.452838, 646.990807, 333.545564, 
            644.944444, 333.545564, 643.921263, 336.615108, 
            643.921263, 339.684652, 641.874900, 342.754197, 
            640.851719, 345.823741, 638.805356, 347.870104, 
            637.782174, 350.939648, 635.735811, 352.986011, 
            633.689448, 354.009193, 632.666267, 357.078737, 
            629.596723, 363.217826, 624.480815, 364.241007, 
            623.457634, 367.310552, 621.411271, 369.356914, 
            620.388090, 370.380096, 619.364908, 375.496003, 
            617.318545, 377.542366, 616.295364, 381.635092, 
            615.272182, 382.658273, 614.249001, 384.704636, 
            613.225819, 385.727818, 613.225819, 388.797362, 
            612.202638, 389.820544, 611.179456, 392.890088, 
            611.179456, 394.936451, 609.133094, 395.959632, 
            609.133094, 400.052358, 608.109912, 404.145084, 
            607.086731, 409.260991, 606.063549, 412.330536, 
            604.017186, 415.400080, 601.970823, 419.492806, 
            601.970823, 423.585532, 600.947642, 425.631894, 
            599.924460, 428.701439, 598.901279, 429.724620, 
            598.901279, 431.770983, 598.901279, 433.817346, 
            598.901279, 436.886890, 597.878098, 439.956435, 
            597.878098, 440.979616, 596.854916, 443.025979, 
            595.831735, 444.049161, 594.808553, 447.118705, 
            592.762190, 448.141886, 591.739009, 450.188249, 
            590.715827, 452.234612, 587.646283, 455.304157, 
            586.623102, 456.327338, 585.599920, 458.373701, 
            583.553557, 459.396882, 582.530376, 460.420064, 
            581.507194, 462.466427, 578.437650, 463.489608, 
            576.391287, 463.489608, 575.368106, 463.489608, 
            574.344924, 464.512790, 571.275380, 464.512790, 
            570.252198, 464.512790, 569.229017, 464.512790, 
            568.205835, 464.512790, 567.182654, 463.489608, 
            566.159472, 462.466427, 565.136291, 461.443245, 
            562.066747, 461.443245, 561.043565, 460.420064, 
            561.043565, 459.396882, 560.020384, 457.350520, 
            557.974021, 456.327338, 557.974021, 454.280975, 
            556.950839, 453.257794, 556.950839, 450.188249, 
            555.927658, 449.165068, 554.904476, 448.141886, 
            554.904476, 447.118705, 554.904476, 446.095524, 
            554.904476, 443.025979, 554.904476, 439.956435, 
            554.904476, 437.910072, 554.904476, 436.886890, 
            555.927658, 435.863709, 555.927658, 433.817346, 
            555.927658, 432.794165, 556.950839, 430.747802, 
            556.950839, 427.678257, 556.950839, 424.608713, 
            557.974021, 423.585532, 557.974021, 420.515987, 
            558.997202, 413.353717, 558.997202, 410.284173, 
            560.020384, 405.168265, 561.043565, 404.145084, 
            561.043565, 399.029177, 561.043565, 395.959632, 
            563.089928, 391.866906, 563.089928, 388.797362, 
            564.113110, 386.750999, 565.136291, 383.681455, 
            565.136291, 379.588729, 567.182654, 375.496003, 
            568.205835, 371.403277, 570.252198, 368.333733, 
            570.252198, 367.310552, 570.252198, 364.241007, 
            570.252198, 361.171463, 571.275380, 358.101918, 
            571.275380, 357.078737, 571.275380, 355.032374, 
            571.275380, 354.009193, 571.275380, 352.986011, 
            571.275380, 351.962830, 570.252198, 351.962830, 
            569.229017, 350.939648, 568.205835, 350.939648, 
            567.182654, 350.939648, 565.136291, 350.939648, 
            562.066747, 349.916467, 558.997202, 349.916467, 
            556.950839, 349.916467, 554.904476, 349.916467, 
            551.834932, 348.893285, 550.811751, 348.893285, 
            549.788569, 348.893285, 547.742206, 347.870104, 
            545.695843, 347.870104, 543.649480, 347.870104, 
            541.603118, 348.893285, 538.533573, 348.893285, 
            535.464029, 348.893285, 533.417666, 349.916467, 
            529.324940, 350.939648, 525.232214, 351.962830, 
            522.162670, 351.962830, 520.116307, 352.986011, 
            520.116307, 352.986011, 519.093125, 354.009193, 
            517.046763, 355.032374, 515.000400, 356.055556, 
            512.954037, 357.078737, 510.907674, 357.078737, 
            509.884492, 359.125100, 507.838129, 360.148281, 
            506.814948, 361.171463, 505.791767, 363.217826, 
            503.745404, 366.287370, 501.699041, 366.287370, 
            500.675859, 369.356914, 499.652678, 371.403277, 
            497.606315, 372.426459, 496.583133, 373.449640, 
            496.583133, 374.472822, 496.583133, 374.472822, 
            495.559952, 375.496003, 494.536771, 377.542366, 
            493.513589, 379.588729, 492.490408, 383.681455, 
            491.467226, 388.797362, 489.420863, 392.890088, 
            488.397682, 395.959632, 488.397682, 398.005995, 
            488.397682, 399.029177, 488.397682, 401.075540, 
            488.397682, 402.098721, 488.397682, 403.121902, 
            488.397682, 406.191447, 490.444045, 407.214628, 
            491.467226, 409.260991, 493.513589, 410.284173, 
            495.559952, 413.353717, 496.583133, 415.400080, 
            499.652678, 417.446443, 501.699041, 419.492806, 
            502.722222, 422.562350, 504.768585, 425.631894, 
            506.814948, 426.655076, 507.838129, 428.701439, 
            509.884492, 429.724620, 510.907674, 432.794165, 
            512.954037, 434.840528, 513.977218, 434.840528, 
            515.000400, 435.863709, 516.023581, 436.886890, 
            516.023581, 439.956435, 517.046763, 442.002798, 
            517.046763, 445.072342, 517.046763, 447.118705, 
            517.046763, 449.165068, 517.046763, 451.211431, 
            516.023581, 452.234612, 515.000400, 453.257794, 
            513.977218, 454.280975, 512.954037, 455.304157, 
            510.907674, 455.304157, 507.838129, 455.304157, 
            506.814948, 455.304157, 504.768585, 455.304157, 
            501.699041, 454.280975, 498.629496, 453.257794, 
            496.583133, 453.257794, 495.559952, 453.257794, 
            494.536771, 453.257794, 493.513589, 453.257794, 
            492.490408, 451.211431, 491.467226, 451.211431, 
            489.420863, 450.188249, 486.351319, 448.141886, 
            484.304956, 448.141886, 482.258593, 447.118705, 
            481.235412, 446.095524, 479.189049, 444.049161, 
            478.165867, 443.025979, 475.096323, 440.979616, 
