%YAML:1.0
    mask: !!opencv-matrix
        rows: 999
        cols: 2
        dt: f
        data: [ 24.870861, 710.168874, 26.990066, 
            708.049669, 35.466887, 703.811258, 35.466887, 
            701.692053, 39.705298, 699.572848, 41.824503, 
            697.453642, 41.824503, 695.334437, 43.943709, 
            693.215232, 43.943709, 691.096026, 43.943709, 
            688.976821, 46.062914, 688.976821, 46.062914, 
            686.857616, 46.062914, 684.738411, 48.182119, 
            680.500000, 48.182119, 676.261589, 50.301325, 
            674.142384, 50.301325, 672.023179, 52.420530, 
            669.903974, 52.420530, 667.784768, 54.539735, 
            665.665563, 54.539735, 661.427152, 54.539735, 
            659.307947, 56.658940, 659.307947, 56.658940, 
            657.188742, 56.658940, 655.069536, 58.778146, 
            652.950331, 58.778146, 650.831126, 58.778146, 
            648.711921, 60.897351, 646.592715, 60.897351, 
            644.473510, 63.016556, 642.354305, 63.016556, 
            640.235099, 63.016556, 638.115894, 63.016556, 
            635.996689, 63.016556, 633.877483, 65.135762, 
            631.758278, 65.135762, 629.639073, 67.254967, 
            627.519868, 67.254967, 625.400662, 67.254967, 
            623.281457, 67.254967, 621.162252, 67.254967, 
            619.043046, 69.374172, 616.923841, 69.374172, 
            612.685430, 69.374172, 610.566225, 71.493377, 
            610.566225, 71.493377, 608.447020, 73.612583, 
            608.447020, 73.612583, 606.327815, 73.612583, 
            604.208609, 75.731788, 602.089404, 75.731788, 
            599.970199, 77.850993, 597.850993, 82.089404, 
            593.612583, 86.327815, 589.374172, 88.447020, 
            587.254967, 90.566225, 585.135762, 92.685430, 
            583.016556, 94.804636, 580.897351, 96.923841, 
            578.778146, 99.043046, 576.658940, 99.043046, 
            574.539735, 101.162252, 572.420530, 103.281457, 
            572.420530, 103.281457, 570.301325, 105.400662, 
            568.182119, 105.400662, 566.062914, 107.519868, 
            566.062914, 107.519868, 563.943709, 109.639073, 
            563.943709, 111.758278, 561.824503, 113.877483, 
            559.705298, 113.877483, 557.586093, 115.996689, 
            557.586093, 115.996689, 555.466887, 118.115894, 
            555.466887, 120.235099, 555.466887, 120.235099, 
            553.347682, 122.354305, 553.347682, 124.473510, 
            551.228477, 126.592715, 549.109272, 128.711921, 
            549.109272, 128.711921, 546.990066, 130.831126, 
            546.990066, 132.950331, 546.990066, 132.950331, 
            544.870861, 135.069536, 544.870861, 137.188742, 
            542.751656, 137.188742, 540.632450, 139.307947, 
            540.632450, 139.307947, 538.513245, 141.427152, 
            538.513245, 143.546358, 536.394040, 143.546358, 
            534.274834, 145.665563, 532.155629, 147.784768, 
            530.036424, 149.903974, 527.917219, 149.903974, 
            525.798013, 152.023179, 525.798013, 152.023179, 
            523.678808, 154.142384, 521.559603, 154.142384, 
            519.440397, 156.261589, 517.321192, 158.380795, 
            517.321192, 158.380795, 515.201987, 160.500000, 
            513.082781, 160.500000, 510.963576, 162.619205, 
            510.963576, 162.619205, 508.844371, 164.738411, 
            508.844371, 166.857616, 506.725166, 168.976821, 
            504.605960, 171.096026, 502.486755, 171.096026, 
            500.367550, 173.215232, 500.367550, 175.334437, 
            498.248344, 177.453642, 498.248344, 177.453642, 
            496.129139, 179.572848, 496.129139, 179.572848, 
            494.009934, 181.692053, 494.009934, 183.811258, 
            494.009934, 185.930464, 491.890728, 188.049669, 
            491.890728, 190.168874, 491.890728, 192.288079, 
            491.890728, 194.407285, 489.771523, 196.526490, 
            489.771523, 198.645695, 489.771523, 200.764901, 
            489.771523, 200.764901, 487.652318, 202.884106, 
            487.652318, 205.003311, 487.652318, 207.122517, 
            487.652318, 209.241722, 487.652318, 211.360927, 
            487.652318, 215.599338, 487.652318, 217.718543, 
            487.652318, 219.837748, 489.771523, 221.956954, 
            489.771523, 224.076159, 491.890728, 226.195364, 
            491.890728, 226.195364, 494.009934, 228.314570, 
            496.129139, 230.433775, 496.129139, 232.552980, 
            496.129139, 234.672185, 494.009934, 238.910596, 
            491.890728, 241.029801, 491.890728, 241.029801, 
            489.771523, 243.149007, 489.771523, 243.149007, 
            487.652318, 245.268212, 487.652318, 247.387417, 
            487.652318, 249.506623, 487.652318, 251.625828, 
            487.652318, 253.745033, 487.652318, 257.983444, 
            487.652318, 260.102649, 487.652318, 262.221854, 
            487.652318, 264.341060, 487.652318, 266.460265, 
            487.652318, 268.579470, 487.652318, 272.817881, 
            487.652318, 274.937086, 487.652318, 277.056291, 
            489.771523, 279.175497, 489.771523, 281.294702, 
            489.771523, 283.413907, 491.890728, 285.533113, 
            491.890728, 287.652318, 491.890728, 289.771523, 
            491.890728, 291.890728, 491.890728, 291.890728, 
            494.009934, 296.129139, 494.009934, 298.248344, 
            494.009934, 298.248344, 496.129139, 302.486755, 
            496.129139, 304.605960, 496.129139, 306.725166, 
            496.129139, 308.844371, 496.129139, 310.963576, 
            498.248344, 313.082781, 498.248344, 315.201987, 
            498.248344, 317.321192, 498.248344, 317.321192, 
            500.367550, 319.440397, 500.367550, 321.559603, 
            500.367550, 323.678808, 500.367550, 325.798013, 
            500.367550, 325.798013, 502.486755, 327.917219, 
            504.605960, 332.155629, 504.605960, 334.274834, 
            504.605960, 338.513245, 506.725166, 340.632450, 
            508.844371, 342.751656, 508.844371, 344.870861, 
            508.844371, 346.990066, 510.963576, 349.109272, 
            510.963576, 353.347682, 513.082781, 355.466887, 
            515.201987, 357.586093, 515.201987, 359.705298, 
            517.321192, 359.705298, 519.440397, 361.824503, 
            519.440397, 363.943709, 521.559603, 366.062914, 
            521.559603, 366.062914, 523.678808, 370.301325, 
            523.678808, 370.301325, 525.798013, 372.420530, 
            527.917219, 374.539735, 527.917219, 376.658940, 
            530.036424, 376.658940, 532.155629, 376.658940, 
            534.274834, 374.539735, 536.394040, 372.420530, 
            536.394040, 368.182119, 536.394040, 366.062914, 
            536.394040, 363.943709, 536.394040, 361.824503, 
            536.394040, 359.705298, 536.394040, 357.586093, 
            536.394040, 355.466887, 538.513245, 353.347682, 
            538.513245, 351.228477, 538.513245, 349.109272, 
            538.513245, 346.990066, 538.513245, 344.870861, 
            538.513245, 342.751656, 538.513245, 336.394040, 
            542.751656, 334.274834, 542.751656, 332.155629, 
            542.751656, 330.036424, 544.870861, 327.917219, 
            544.870861, 327.917219, 546.990066, 325.798013, 
            546.990066, 323.678808, 546.990066, 323.678808, 
            549.109272, 321.559603, 551.228477, 319.440397, 
            551.228477, 317.321192, 553.347682, 315.201987, 
            553.347682, 315.201987, 555.466887, 313.082781, 
            557.586093, 310.963576, 559.705298, 308.844371, 
            559.705298, 308.844371, 561.824503, 306.725166, 
            561.824503, 306.725166, 563.943709, 304.605960, 
            566.062914, 302.486755, 568.182119, 300.367550, 
            568.182119, 300.367550, 570.301325, 298.248344, 
            570.301325, 298.248344, 572.420530, 296.129139, 
            572.420530, 296.129139, 574.539735, 294.009934, 
