%YAML:1.0
    mask: !!opencv-matrix
        rows: 200
        cols: 2
        dt: f
        data: [ -1.000000, -1.000000, -1.000000, 
            -1.000000, 680.747423, 231.840206, 675.469072, 
            239.757732, 668.871134, 247.675258, 664.912371, 
            254.273196, 663.592784, 255.592784, 656.994845, 
            264.829897, 654.355670, 267.469072, 649.077320, 
            275.386598, 645.118557, 283.304124, 642.479381, 
            288.582474, 641.159794, 293.860825, 638.520619, 
            296.500000, 637.201031, 301.778351, 637.201031, 
            304.417526, 638.520619, 312.335052, 639.840206, 
            314.974227, 641.159794, 317.613402, 643.798969, 
            322.891753, 643.798969, 324.211340, 651.716495, 
            330.809278, 656.994845, 333.448454, 666.231959, 
            338.726804, 676.788660, 341.365979, 684.706186, 
            344.005155, 692.623711, 346.644330, 705.819588, 
            349.283505, 711.097938, 350.603093, 717.695876, 
            353.242268, 729.572165, 355.881443, 737.489691, 
            358.520619, 742.768041, 361.159794, 752.005155, 
            363.798969, 758.603093, 365.118557, 762.561856, 
            366.438144, 771.798969, 366.438144, 779.716495, 
            366.438144, 781.036082, 366.438144, 784.994845, 
            366.438144, 788.953608, 365.118557, 794.231959, 
            362.479381, 796.871134, 358.520619, 799.510309, 
            351.922680, 804.788660, 344.005155, 806.108247, 
            340.046392, 808.747423, 329.489691, 810.067010, 
            326.850515, 810.067010, 322.891753, 810.067010, 
            320.252577, 810.067010, 313.654639, 808.747423, 
            309.695876, 807.427835, 307.056701, 799.510309, 
            293.860825, 796.871134, 288.582474, 792.912371, 
            280.664948, 791.592784, 279.345361, 791.592784, 
            276.706186, 788.953608, 271.427835, 788.953608, 
            270.108247, 786.314433, 264.829897, 784.994845, 
            262.190722, 783.675258, 260.871134, 781.036082, 
            258.231959, 777.077320, 255.592784, 773.118557, 
            250.314433, 771.798969, 248.994845, 770.479381, 
            248.994845, 767.840206, 247.675258, 766.520619, 
            246.355670, 759.922680, 243.716495, 758.603093, 
            243.716495, 752.005155, 243.716495, 750.685567, 
            243.716495, 740.128866, 239.757732, 733.530928, 
            238.438144, 717.695876, 233.159794, 713.737113, 
            233.159794, 712.417526, 233.159794, 711.097938, 
            233.159794, -1.000000, -1.000000, 317.860825, 
            292.541237, 312.582474, 295.180412, 309.943299, 
            297.819588, 296.747423, 311.015464, 294.108247, 
            314.974227, 288.829897, 320.252577, 286.190722, 
            324.211340, 284.871134, 325.530928, 280.912371, 
            329.489691, 276.953608, 333.448454, 271.675258, 
            337.407216, 270.355670, 338.726804, 267.716495, 
            342.685567, 265.077320, 345.324742, 263.757732, 
            346.644330, 261.118557, 350.603093, 254.520619, 
            355.881443, 251.881443, 358.520619, 246.603093, 
            363.798969, 245.283505, 365.118557, 245.283505, 
            367.757732, 245.283505, 370.396907, 245.283505, 
            371.716495, 245.283505, 373.036082, 249.242268, 
            382.273196, 250.561856, 383.592784, 251.881443, 
            390.190722, 253.201031, 395.469072, 255.840206, 
            398.108247, 257.159794, 399.427835, 261.118557, 
            402.067010, 262.438144, 403.386598, 265.077320, 
            406.025773, 267.716495, 408.664948, 270.355670, 
            409.984536, 271.675258, 411.304124, 274.314433, 
            411.304124, 279.592784, 409.984536, 283.551546, 
            408.664948, 290.149485, 406.025773, 296.747423, 
            404.706186, 300.706186, 404.706186, 305.984536, 
            404.706186, 308.623711, 404.706186, 316.541237, 
            406.025773, 319.180412, 406.025773, 320.500000, 
            406.025773, 321.819588, 406.025773, 324.458763, 
            406.025773, 325.778351, 406.025773, 328.417526, 
            406.025773, 335.015464, 402.067010, 344.252577, 
            396.788660, 349.530928, 394.149485, 352.170103, 
            392.829897, 357.448454, 390.190722, 362.726804, 
            387.551546, 368.005155, 384.912371, 371.963918, 
            382.273196, 379.881443, 379.634021, 382.520619, 
            378.314433, 386.479381, 376.994845, 389.118557, 
            375.675258, 395.716495, 373.036082, 399.675258, 
            371.716495, 402.314433, 371.716495, 407.592784, 
            367.757732, 410.231959, 366.438144, 410.231959, 
            365.118557, 411.551546, 365.118557, 412.871134, 
            363.798969, 414.190722, 363.798969, 415.510309, 
            362.479381, 418.149485, 361.159794, 420.788660, 
            361.159794, 422.108247, 361.159794, 428.706186, 
            365.118557, 432.664948, 366.438144, 433.984536, 
            367.757732, 437.943299, 370.396907, 441.902062, 
            371.716495, 443.221649, 371.716495, 447.180412, 
            371.716495, 451.139175, 371.716495, 455.097938, 
            371.716495, 457.737113, 371.716495, 459.056701, 
            370.396907, 459.056701, 367.757732, 459.056701, 
            365.118557, 459.056701, 363.798969, 459.056701, 
            362.479381, 456.417526, 353.242268, 452.458763, 
            349.283505, 452.458763, 346.644330, 448.500000, 
            342.685567, 444.541237, 337.407216, 437.943299, 
            328.170103, 436.623711, 325.530928, 430.025773, 
            317.613402, 426.067010, 313.654639, 422.108247, 
            311.015464, 416.829897, 308.376289, 412.871134, 
            304.417526, 410.231959, 303.097938, 410.231959, 
            301.778351, 404.953608, 299.139175, 403.634021, 
            297.819588, 399.675258, 295.180412, 397.036082, 
            293.860825, 390.438144, 291.221649, 385.159794, 
            288.582474, 377.242268, 287.262887, 374.603093, 
            287.262887, 373.283505, 285.943299, 371.963918, 
            285.943299, 365.365979, 284.623711, 358.768041, 
            283.304124, 354.809278, 283.304124, 353.489691, 
            283.304124]
