%YAML:1.0
    mask: !!opencv-matrix
        rows: 1183
        cols: 2
        dt: f
        data: [ -1.000000, -1.000000, 639.440397, 
            589.374172, 641.559603, 589.374172, 641.559603, 
            587.254967, 641.559603, 585.135762, 641.559603, 
            583.016556, 641.559603, 580.897351, 641.559603, 
            578.778146, 641.559603, 576.658940, 641.559603, 
            572.420530, 641.559603, 570.301325, 641.559603, 
            568.182119, 641.559603, 566.062914, 641.559603, 
            563.943709, 641.559603, 561.824503, 641.559603, 
            559.705298, 641.559603, 557.586093, 641.559603, 
            555.466887, 641.559603, 553.347682, 641.559603, 
            551.228477, 641.559603, 549.109272, 641.559603, 
            546.990066, 641.559603, 544.870861, 643.678808, 
            542.751656, 643.678808, 538.513245, 643.678808, 
            536.394040, 645.798013, 536.394040, 645.798013, 
            534.274834, 645.798013, 532.155629, 645.798013, 
            530.036424, 647.917219, 527.917219, 647.917219, 
            525.798013, 650.036424, 523.678808, 650.036424, 
            521.559603, 650.036424, 519.440397, 650.036424, 
            517.321192, 652.155629, 515.201987, 652.155629, 
            513.082781, 652.155629, 510.963576, 652.155629, 
            508.844371, 654.274834, 506.725166, 654.274834, 
            504.605960, 656.394040, 500.367550, 656.394040, 
            498.248344, 656.394040, 496.129139, 658.513245, 
            494.009934, 658.513245, 491.890728, 658.513245, 
            489.771523, 658.513245, 487.652318, 660.632450, 
            485.533113, 662.751656, 483.413907, 662.751656, 
            481.294702, 664.870861, 479.175497, 664.870861, 
            477.056291, 666.990066, 474.937086, 669.109272, 
            472.817881, 671.228477, 470.698675, 671.228477, 
            468.579470, 673.347682, 468.579470, 673.347682, 
            466.460265, 675.466887, 466.460265, 675.466887, 
            464.341060, 677.586093, 462.221854, 679.705298, 
            462.221854, 681.824503, 460.102649, 683.943709, 
            460.102649, 686.062914, 457.983444, 688.182119, 
            457.983444, 690.301325, 455.864238, 692.420530, 
            455.864238, 694.539735, 455.864238, 696.658940, 
            455.864238, 698.778146, 453.745033, 700.897351, 
            453.745033, 703.016556, 453.745033, 705.135762, 
            453.745033, 707.254967, 453.745033, 709.374172, 
            453.745033, 711.493377, 453.745033, 713.612583, 
            453.745033, 715.731788, 453.745033, 717.850993, 
            451.625828, 719.970199, 451.625828, 724.208609, 
            451.625828, 728.447020, 449.506623, 732.685430, 
            449.506623, 734.804636, 449.506623, 739.043046, 
            447.387417, 741.162252, 447.387417, 743.281457, 
            447.387417, 745.400662, 447.387417, 747.519868, 
            445.268212, 749.639073, 445.268212, 751.758278, 
            445.268212, 751.758278, 443.149007, 753.877483, 
            443.149007, 755.996689, 443.149007, 758.115894, 
            443.149007, 762.354305, 443.149007, 764.473510, 
            443.149007, 768.711921, 443.149007, 770.831126, 
            443.149007, 772.950331, 443.149007, 775.069536, 
            443.149007, 777.188742, 443.149007, 779.307947, 
            443.149007, 781.427152, 443.149007, 783.546358, 
            443.149007, 785.665563, 443.149007, 787.784768, 
            443.149007, 789.903974, 443.149007, 796.261589, 
            443.149007, 800.500000, 443.149007, 802.619205, 
            443.149007, 804.738411, 445.268212, 806.857616, 
            445.268212, 811.096026, 447.387417, 815.334437, 
            449.506623, 817.453642, 451.625828, 819.572848, 
            451.625828, 819.572848, 453.745033, 823.811258, 
            453.745033, 825.930464, 455.864238, 828.049669, 
            457.983444, 830.168874, 457.983444, 830.168874, 
            460.102649, 832.288079, 460.102649, 834.407285, 
            462.221854, 836.526490, 462.221854, 836.526490, 
            464.341060, 840.764901, 464.341060, 842.884106, 
            464.341060, 845.003311, 466.460265, 847.122517, 
            468.579470, 849.241722, 470.698675, 851.360927, 
            470.698675, 853.480132, 472.817881, 855.599338, 
            472.817881, 855.599338, 474.937086, 857.718543, 
            474.937086, 861.956954, 477.056291, 864.076159, 
            479.175497, 866.195364, 479.175497, 870.433775, 
            481.294702, 874.672185, 483.413907, 878.910596, 
            483.413907, 881.029801, 485.533113, 883.149007, 
            487.652318, 885.268212, 487.652318, 887.387417, 
            487.652318, 889.506623, 489.771523, 891.625828, 
            489.771523, 893.745033, 491.890728, 897.983444, 
            494.009934, 900.102649, 494.009934, 900.102649, 
            496.129139, 902.221854, 496.129139, 904.341060, 
            496.129139, 906.460265, 498.248344, 908.579470, 
            498.248344, 908.579470, 500.367550, 910.698675, 
            500.367550, 912.817881, 500.367550, 914.937086, 
            502.486755, 917.056291, 502.486755, 919.175497, 
            502.486755, 921.294702, 502.486755, 923.413907, 
            504.605960, 925.533113, 506.725166, 927.652318, 
            506.725166, 929.771523, 506.725166, 934.009934, 
            508.844371, 938.248344, 510.963576, 940.367550, 
            513.082781, 942.486755, 513.082781, 944.605960, 
            513.082781, 944.605960, 515.201987, 946.725166, 
            515.201987, 948.844371, 515.201987, 948.844371, 
            517.321192, 953.082781, 517.321192, 955.201987, 
            519.440397, 957.321192, 519.440397, 957.321192, 
            521.559603, 961.559603, 521.559603, 961.559603, 
            523.678808, 963.678808, 523.678808, 965.798013, 
            523.678808, 967.917219, 525.798013, 967.917219, 
            527.917219, 970.036424, 527.917219, 970.036424, 
            530.036424, 970.036424, 532.155629, 972.155629, 
            532.155629, 972.155629, 534.274834, 972.155629, 
            536.394040, 972.155629, 538.513245, 972.155629, 
            540.632450, 970.036424, 540.632450, 970.036424, 
            542.751656, 967.917219, 542.751656, 965.798013, 
            542.751656, 965.798013, 544.870861, 963.678808, 
            544.870861, 961.559603, 544.870861, 959.440397, 
            546.990066, 957.321192, 546.990066, 955.201987, 
            549.109272, 953.082781, 549.109272, 950.963576, 
            549.109272, 948.844371, 549.109272, 948.844371, 
            551.228477, 946.725166, 553.347682, 944.605960, 
            553.347682, 942.486755, 555.466887, 940.367550, 
            555.466887, 938.248344, 557.586093, 936.129139, 
            557.586093, 936.129139, 559.705298, 934.009934, 
            561.824503, 931.890728, 561.824503, 931.890728, 
            563.943709, 929.771523, 563.943709, 927.652318, 
            566.062914, 925.533113, 568.182119, 923.413907, 
            570.301325, 921.294702, 570.301325, 921.294702, 
            572.420530, 917.056291, 572.420530, 917.056291, 
            574.539735, 914.937086, 574.539735, 912.817881, 
            574.539735, 912.817881, 576.658940, 908.579470, 
            578.778146, 906.460265, 578.778146, 904.341060, 
            580.897351, 902.221854, 580.897351, 900.102649, 
            583.016556, 897.983444, 585.135762, 895.864238, 
            585.135762, 895.864238, 587.254967, 893.745033, 
            587.254967, 891.625828, 589.374172, 889.506623, 
            591.493377, 887.387417, 593.612583, 885.268212, 
            593.612583, 885.268212, 595.731788, 883.149007, 
            595.731788, 883.149007, 597.850993, 881.029801, 
            599.970199, 881.029801, 602.089404, 878.910596, 
            602.089404, 876.791391, 604.208609, 876.791391, 
            606.327815, 874.672185, 606.327815, 874.672185, 
            608.447020, 872.552980, 608.447020, 872.552980, 
