%YAML:1.0
    mask: !!opencv-matrix
        rows: 581
        cols: 2
        dt: f
        data: [ -1.000000, -1.000000, 740.771783, 
            459.748601, 739.748601, 459.748601, 737.702238, 
            459.748601, 735.655875, 459.748601, 728.493605, 
            462.818145, 716.215428, 465.887690, 708.029976, 
            469.980416, 702.914069, 472.026779, 698.821343, 
            473.049960, 695.751799, 475.096323, 691.659073, 
            478.165867, 687.566347, 480.212230, 683.473621, 
            484.304956, 679.380895, 488.397682, 675.288169, 
            491.467226, 670.172262, 497.606315, 666.079536, 
            505.791767, 661.986811, 511.930855, 659.940448, 
            518.069944, 658.917266, 520.116307, 657.894085, 
            523.185851, 656.870903, 530.348122, 656.870903, 
            532.394484, 656.870903, 537.510392, 655.847722, 
            543.649480, 654.824540, 548.765388, 654.824540, 
            552.858114, 654.824540, 556.950839, 652.778177, 
            563.089928, 652.778177, 565.136291, 652.778177, 
            569.229017, 652.778177, 573.321743, 652.778177, 
            575.368106, 651.754996, 578.437650, 651.754996, 
            581.507194, 651.754996, 585.599920, 651.754996, 
            586.623102, 651.754996, 587.646283, 650.731815, 
            591.739009, 650.731815, 593.785372, 650.731815, 
            595.831735, 649.708633, 597.878098, 649.708633, 
            599.924460, 648.685452, 600.947642, 648.685452, 
            602.994005, 647.662270, 602.994005, 647.662270, 
            604.017186, 644.592726, 605.040368, 641.523181, 
            605.040368, 638.453637, 605.040368, 632.314548, 
            601.970823, 629.245004, 599.924460, 625.152278, 
            597.878098, 622.082734, 595.831735, 617.990008, 
            594.808553, 612.874101, 593.785372, 607.758193, 
            593.785372, 603.665468, 593.785372, 598.549560, 
            593.785372, 594.456835, 594.808553, 591.387290, 
            595.831735, 590.364109, 595.831735, 587.294564, 
            595.831735, 586.271383, 595.831735, 584.225020, 
            595.831735, 582.178657, 596.854916, 581.155476, 
            596.854916, 580.132294, 597.878098, 579.109113, 
            597.878098, 578.085931, 596.854916, 576.039568, 
            594.808553, 569.900480, 590.715827, 565.807754, 
            587.646283, 564.784572, 586.623102, 563.761391, 
            585.599920, 563.761391, 584.576739, 563.761391, 
            582.530376, 563.761391, 581.507194, 563.761391, 
            577.414468, 564.784572, 575.368106, 566.830935, 
            571.275380, 570.923661, 568.205835, 573.993205, 
            565.136291, 576.039568, 563.089928, 579.109113, 
            558.997202, 581.155476, 556.950839, 584.225020, 
            553.881295, 586.271383, 551.834932, 588.317746, 
            548.765388, 589.340927, 547.742206, 590.364109, 
            544.672662, 591.387290, 540.579936, 592.410472, 
            539.556755, 591.387290, 536.487210, 590.364109, 
            534.440847, 588.317746, 532.394484, 586.271383, 
            530.348122, 584.225020, 529.324940, 581.155476, 
            527.278577, 578.085931, 527.278577, 576.039568, 
            526.255396, 575.016387, 526.255396, 575.016387, 
            527.278577, 572.970024, 531.371303, 570.923661, 
            534.440847, 569.900480, 538.533573, 569.900480, 
            539.556755, 568.877298, 543.649480, 567.854117, 
            546.719025, 567.854117, 548.765388, 566.830935, 
            550.811751, 565.807754, 553.881295, 564.784572, 
            555.927658, 564.784572, 556.950839, 563.761391, 
            556.950839, 562.738209, 557.974021, 561.715028, 
            557.974021, 560.691847, 558.997202, 558.645484, 
            558.997202, 557.622302, 558.997202, 555.575939, 
            558.997202, 554.552758, 558.997202, 554.552758, 
            557.974021, 554.552758, 556.950839, 552.506395, 
            554.904476, 551.483213, 554.904476, 550.460032, 
            553.881295, 549.436851, 553.881295, 548.413669, 
            553.881295, 547.390488, 552.858114, 545.344125, 
            552.858114, 544.320943, 550.811751, 544.320943, 
            549.788569, 543.297762, 548.765388, 542.274580, 
            545.695843, 542.274580, 542.626299, 542.274580, 
            539.556755, 542.274580, 538.533573, 542.274580, 
            535.464029, 543.297762, 532.394484, 544.320943, 
            526.255396, 545.344125, 522.162670, 547.390488, 
            519.093125, 548.413669, 516.023581, 549.436851, 
            512.954037, 550.460032, 511.930855, 550.460032, 
            510.907674, 551.483213, 508.861311, 551.483213, 
            506.814948, 552.506395, 504.768585, 553.529576, 
            502.722222, 553.529576, 501.699041, 553.529576, 
            498.629496, 554.552758, 493.513589, 555.575939, 
            490.444045, 556.599121, 486.351319, 558.645484, 
            484.304956, 558.645484, 481.235412, 559.668665, 
            480.212230, 561.715028, 475.096323, 562.738209, 
            474.073141, 562.738209, 472.026779, 565.807754, 
            469.980416, 565.807754, 467.934053, 566.830935, 
            465.887690, 567.854117, 463.841327, 569.900480, 
            461.794964, 570.923661, 456.679057, 571.946843, 
            453.609512, 572.970024, 451.563149, 575.016387, 
            449.516787, 576.039568, 445.424061, 578.085931, 
            443.377698, 579.109113, 440.308153, 581.155476, 
            439.284972, 581.155476, 438.261791, 583.201839, 
            437.238609, 584.225020, 436.215428, 585.248201, 
            436.215428, 586.271383, 436.215428, 588.317746, 
            436.215428, 588.317746, 435.192246, 590.364109, 
            435.192246, 593.433653, 434.169065, 596.503197, 
            434.169065, 599.572742, 434.169065, 600.595923, 
            434.169065, 602.642286, 433.145883, 605.711831, 
            433.145883, 608.781375, 433.145883, 611.850919, 
            432.122702, 613.897282, 430.076339, 614.920464, 
            429.053157, 616.966827, 428.029976, 619.013189, 
            424.960432, 621.059552, 423.937250, 622.082734, 
            421.890887, 624.129097, 420.867706, 626.175460, 
            420.867706, 629.245004, 418.821343, 631.291367, 
            418.821343, 633.337730, 418.821343, 636.407274, 
            418.821343, 640.500000, 418.821343, 645.615907, 
            420.867706, 650.731815, 422.914069, 654.824540, 
            423.937250, 659.940448, 425.983613, 664.033173, 
            427.006795, 667.102718, 427.006795, 668.125899, 
            427.006795, 670.172262, 427.006795, 671.195444, 
            425.983613, 672.218625, 425.983613, 673.241807, 
            422.914069, 674.264988, 419.844524, 675.288169, 
            418.821343, 675.288169, 416.774980, 676.311351, 
            412.682254, 677.334532, 410.635891, 678.357714, 
            408.589528, 680.404077, 405.519984, 681.427258, 
            401.427258, 684.496803, 398.357714, 685.519984, 
            395.288169, 690.635891, 391.195444, 691.659073, 
            387.102718, 693.705436, 386.079536, 694.728617, 
            385.056355, 694.728617, 384.033173, 695.751799, 
            384.033173, 696.774980, 388.125899, 697.798161, 
            394.264988, 698.821343, 397.334532, 699.844524, 
            399.380895, 701.890887, 401.427258, 702.914069, 
            402.450440, 703.937250, 404.496803, 705.983613, 
            406.543165, 707.006795, 408.589528, 708.029976, 
            411.659073, 710.076339, 413.705436, 711.099520, 
            416.774980, 713.145883, 419.844524, 714.169065, 
            422.914069, 715.192246, 424.960432, 716.215428, 
            427.006795, 717.238609, 431.099520, 719.284972, 
            432.122702, 720.308153, 433.145883, 720.308153, 
            434.169065, 722.354516, 436.215428, 723.377698, 
            438.261791, 725.424061, 439.284972, 725.424061, 
            440.308153, 727.470424, 442.354516, 728.493605, 
