%YAML:1.0
    mask: !!opencv-matrix
        rows: 651
        cols: 2
        dt: f
        data: [ -1.000000, -1.000000, 729.516787, 
            556.950839, 730.539968, 556.950839, 732.586331, 
            556.950839, 735.655875, 557.974021, 739.748601, 
            560.020384, 747.934053, 563.089928, 751.003597, 
            564.113110, 753.049960, 564.113110, 754.073141, 
            564.113110, 755.096323, 564.113110, 756.119504, 
            564.113110, 757.142686, 565.136291, 758.165867, 
            565.136291, 759.189049, 565.136291, 760.212230, 
            564.113110, 761.235412, 561.043565, 762.258593, 
            560.020384, 763.281775, 552.858114, 764.304956, 
            545.695843, 764.304956, 540.579936, 765.328137, 
            537.510392, 767.374500, 532.394484, 769.420863, 
            527.278577, 770.444045, 525.232214, 772.490408, 
            522.162670, 774.536771, 519.093125, 775.559952, 
            513.977218, 778.629496, 507.838129, 779.652678, 
            504.768585, 782.722222, 500.675859, 784.768585, 
            498.629496, 788.861311, 496.583133, 792.954037, 
            492.490408, 796.023581, 489.420863, 800.116307, 
            487.374500, 802.162670, 484.304956, 806.255396, 
            482.258593, 810.348122, 478.165867, 815.464029, 
            474.073141, 817.510392, 472.026779, 820.579936, 
            468.957234, 822.626299, 467.934053, 824.672662, 
            465.887690, 827.742206, 464.864508, 830.811751, 
            463.841327, 833.881295, 461.794964, 835.927658, 
            460.771783, 838.997202, 458.725420, 841.043565, 
            457.702238, 845.136291, 455.655875, 846.159472, 
            454.632694, 849.229017, 453.609512, 851.275380, 
            452.586331, 853.321743, 452.586331, 856.391287, 
            451.563149, 858.437650, 450.539968, 860.484013, 
            450.539968, 862.530376, 448.493605, 864.576739, 
            447.470424, 866.623102, 447.470424, 866.623102, 
            446.447242, 866.623102, 445.424061, 866.623102, 
            443.377698, 864.576739, 440.308153, 862.530376, 
            438.261791, 858.437650, 434.169065, 856.391287, 
            433.145883, 854.344924, 432.122702, 852.298561, 
            431.099520, 850.252198, 430.076339, 849.229017, 
            429.053157, 847.182654, 428.029976, 844.113110, 
            425.983613, 843.089928, 423.937250, 838.997202, 
            420.867706, 836.950839, 419.844524, 834.904476, 
            417.798161, 831.834932, 415.751799, 829.788569, 
            413.705436, 827.742206, 411.659073, 825.695843, 
            409.612710, 824.672662, 408.589528, 822.626299, 
            407.566347, 820.579936, 405.519984, 819.556755, 
            404.496803, 816.487210, 402.450440, 814.440847, 
            401.427258, 811.371303, 399.380895, 809.324940, 
            397.334532, 807.278577, 395.288169, 805.232214, 
            393.241807, 802.162670, 392.218625, 798.069944, 
            389.149081, 796.023581, 387.102718, 795.000400, 
            385.056355, 791.930855, 381.986811, 787.838129, 
            379.940448, 786.814948, 377.894085, 784.768585, 
            376.870903, 782.722222, 374.824540, 780.675859, 
            373.801359, 779.652678, 372.778177, 777.606315, 
            371.754996, 776.583133, 370.731815, 774.536771, 
            368.685452, 771.467226, 367.662270, 770.444045, 
            366.639089, 768.397682, 364.592726, 767.374500, 
            363.569544, 764.304956, 361.523181, 762.258593, 
            360.500000, 761.235412, 359.476819, 759.189049, 
            358.453637, 758.165867, 357.430456, 756.119504, 
            356.407274, 755.096323, 355.384093, 754.073141, 
            355.384093, 753.049960, 355.384093, 752.026779, 
            355.384093, 751.003597, 355.384093, 748.957234, 
            355.384093, 747.934053, 355.384093, 746.910871, 
            355.384093, 745.887690, 355.384093, 744.864508, 
            356.407274, 741.794964, 357.430456, 740.771783, 
            358.453637, 737.702238, 359.476819, 736.679057, 
            359.476819, 735.655875, 360.500000, 734.632694, 
            360.500000, 733.609512, 360.500000, 731.563149, 
            360.500000, 729.516787, 360.500000, 727.470424, 
            360.500000, 726.447242, 360.500000, 725.424061, 
            360.500000, 722.354516, 360.500000, 719.284972, 
            360.500000, 716.215428, 360.500000, 713.145883, 
            359.476819, 712.122702, 359.476819, 710.076339, 
            359.476819, 709.053157, 359.476819, 707.006795, 
            359.476819, 705.983613, 359.476819, 704.960432, 
            360.500000, 702.914069, 361.523181, 700.867706, 
            362.546363, 699.844524, 363.569544, 697.798161, 
            365.615907, 695.751799, 366.639089, 694.728617, 
            367.662270, 692.682254, 368.685452, 690.635891, 
            371.754996, 689.612710, 372.778177, 688.589528, 
            372.778177, 687.566347, 374.824540, 686.543165, 
            375.847722, 685.519984, 378.917266, 683.473621, 
            380.963629, 682.450440, 381.986811, 682.450440, 
            383.009992, 679.380895, 386.079536, 678.357714, 
            388.125899, 676.311351, 390.172262, 675.288169, 
            392.218625, 673.241807, 395.288169, 669.149081, 
            398.357714, 667.102718, 401.427258, 665.056355, 
            403.473621, 663.009992, 404.496803, 661.986811, 
            406.543165, 660.963629, 408.589528, 659.940448, 
            409.612710, 658.917266, 410.635891, 657.894085, 
            411.659073, 657.894085, 412.682254, 656.870903, 
            413.705436, 655.847722, 414.728617, 654.824540, 
            416.774980, 653.801359, 419.844524, 651.754996, 
            423.937250, 650.731815, 425.983613, 649.708633, 
            427.006795, 649.708633, 430.076339, 647.662270, 
            432.122702, 646.639089, 434.169065, 644.592726, 
            438.261791, 644.592726, 440.308153, 643.569544, 
            443.377698, 642.546363, 446.447242, 641.523181, 
            447.470424, 641.523181, 449.516787, 641.523181, 
            451.563149, 641.523181, 453.609512, 640.500000, 
            453.609512, 640.500000, 456.679057, 640.500000, 
            459.748601, 639.476819, 461.794964, 638.453637, 
            465.887690, 638.453637, 469.980416, 638.453637, 
            475.096323, 638.453637, 479.189049, 638.453637, 
            484.304956, 639.476819, 487.374500, 640.500000, 
            489.420863, 642.546363, 489.420863, 643.569544, 
            489.420863, 647.662270, 489.420863, 651.754996, 
            487.374500, 654.824540, 486.351319, 656.870903, 
            485.328137, 657.894085, 485.328137, 658.917266, 
            485.328137, 659.940448, 485.328137, 659.940448, 
            486.351319, 660.963629, 487.374500, 660.963629, 
            488.397682, 661.986811, 488.397682, 663.009992, 
            490.444045, 664.033173, 491.467226, 664.033173, 
            492.490408, 664.033173, 493.513589, 664.033173, 
            494.536771, 664.033173, 496.583133, 664.033173, 
            497.606315, 661.986811, 499.652678, 660.963629, 
            501.699041, 657.894085, 503.745404, 656.870903, 
            506.814948, 654.824540, 508.861311, 654.824540, 
            509.884492, 653.801359, 512.954037, 653.801359, 
            515.000400, 653.801359, 516.023581, 653.801359, 
            518.069944, 653.801359, 519.093125, 653.801359, 
            520.116307, 653.801359, 521.139488, 654.824540, 
            522.162670, 656.870903, 523.185851, 659.940448, 
            525.232214, 663.009992, 527.278577, 666.079536, 
            528.301759, 667.102718, 529.324940, 669.149081, 
            530.348122, -1.000000, -1.000000, 776.583133, 
            359.476819, 776.583133, 358.453637, 775.559952, 
            355.384093, 775.559952, 353.337730, 775.559952, 
            352.314548, 775.559952, 351.291367, 775.559952, 
            350.268185, 776.583133, 349.245004, 777.606315, 
