%YAML:1.0
    mask: !!opencv-matrix
        rows: 431
        cols: 2
        dt: f
        data: [ -1.000000, -1.000000, -1.000000, 
            -1.000000, 681.824503, 324.473510, 679.705298, 
            324.473510, 677.586093, 324.473510, 673.347682, 
            326.592715, 671.228477, 326.592715, 669.109272, 
            328.711921, 664.870861, 332.950331, 660.632450, 
            335.069536, 658.513245, 337.188742, 656.394040, 
            337.188742, 654.274834, 337.188742, 654.274834, 
            339.307947, 652.155629, 341.427152, 650.036424, 
            341.427152, 647.917219, 343.546358, 645.798013, 
            343.546358, 643.678808, 343.546358, 641.559603, 
            345.665563, 639.440397, 345.665563, 637.321192, 
            345.665563, 635.201987, 347.784768, 630.963576, 
            349.903974, 628.844371, 349.903974, 626.725166, 
            349.903974, 624.605960, 349.903974, 622.486755, 
            352.023179, 620.367550, 352.023179, 618.248344, 
            352.023179, 616.129139, 354.142384, 614.009934, 
            354.142384, 611.890728, 354.142384, 609.771523, 
            354.142384, 607.652318, 354.142384, 605.533113, 
            354.142384, 605.533113, 356.261589, 603.413907, 
            356.261589, 599.175497, 356.261589, 599.175497, 
            358.380795, 597.056291, 358.380795, 594.937086, 
            358.380795, 592.817881, 358.380795, 588.579470, 
            360.500000, 586.460265, 362.619205, 584.341060, 
            362.619205, 584.341060, 364.738411, 584.341060, 
            366.857616, 582.221854, 368.976821, 582.221854, 
            371.096026, 582.221854, 373.215232, 582.221854, 
            375.334437, 584.341060, 377.453642, 586.460265, 
            377.453642, 586.460265, 379.572848, 588.579470, 
            379.572848, 588.579470, 381.692053, 590.698675, 
            383.811258, 592.817881, 385.930464, 594.937086, 
            385.930464, 594.937086, 388.049669, 597.056291, 
            388.049669, 597.056291, 390.168874, 599.175497, 
            392.288079, 601.294702, 394.407285, 601.294702, 
            396.526490, 603.413907, 398.645695, 603.413907, 
            400.764901, 605.533113, 400.764901, 605.533113, 
            402.884106, 607.652318, 405.003311, 609.771523, 
            407.122517, 611.890728, 409.241722, 616.129139, 
            413.480132, 618.248344, 415.599338, 620.367550, 
            417.718543, 624.605960, 417.718543, 626.725166, 
            419.837748, 628.844371, 419.837748, 633.082781, 
            421.956954, 637.321192, 424.076159, 639.440397, 
            424.076159, 643.678808, 424.076159, 645.798013, 
            424.076159, 647.917219, 424.076159, 650.036424, 
            424.076159, 652.155629, 424.076159, 654.274834, 
            426.195364, 656.394040, 426.195364, 658.513245, 
            426.195364, 660.632450, 428.314570, 664.870861, 
            428.314570, 666.990066, 428.314570, 669.109272, 
            428.314570, 671.228477, 428.314570, 673.347682, 
            428.314570, 675.466887, 428.314570, 677.586093, 
            428.314570, 677.586093, 430.433775, 679.705298, 
            430.433775, 683.943709, 430.433775, 686.062914, 
            430.433775, 690.301325, 430.433775, 692.420530, 
            430.433775, 694.539735, 430.433775, 696.658940, 
            430.433775, 700.897351, 430.433775, 705.135762, 
            430.433775, 709.374172, 428.314570, 711.493377, 
            428.314570, 713.612583, 428.314570, 713.612583, 
            426.195364, 715.731788, 426.195364, 717.850993, 
            426.195364, 719.970199, 424.076159, 719.970199, 
            421.956954, 722.089404, 421.956954, 724.208609, 
            421.956954, 726.327815, 421.956954, 728.447020, 
            419.837748, 732.685430, 417.718543, 734.804636, 
            415.599338, 736.923841, 415.599338, 739.043046, 
            413.480132, 741.162252, 413.480132, 741.162252, 
            411.360927, 743.281457, 411.360927, 745.400662, 
            409.241722, 747.519868, 409.241722, 747.519868, 
            407.122517, 749.639073, 407.122517, 751.758278, 
            405.003311, 753.877483, 405.003311, 755.996689, 
            405.003311, 755.996689, 402.884106, 760.235099, 
            400.764901, 764.473510, 398.645695, 766.592715, 
            396.526490, 768.711921, 394.407285, 770.831126, 
            394.407285, 770.831126, 392.288079, 772.950331, 
            392.288079, 772.950331, 390.168874, 775.069536, 
            388.049669, 777.188742, 388.049669, 779.307947, 
            385.930464, 779.307947, 383.811258, 781.427152, 
            381.692053, 781.427152, 379.572848, 783.546358, 
            379.572848, 783.546358, 377.453642, 785.665563, 
            377.453642, 785.665563, 373.215232, 787.784768, 
            371.096026, 787.784768, 368.976821, 787.784768, 
            366.857616, 787.784768, 364.738411, 789.903974, 
            364.738411, 789.903974, 362.619205, 789.903974, 
            360.500000, 789.903974, 358.380795, 792.023179, 
            358.380795, 792.023179, 356.261589, 792.023179, 
            354.142384, 792.023179, 352.023179, 792.023179, 
            349.903974, 792.023179, 347.784768, 792.023179, 
            345.665563, 792.023179, 343.546358, 792.023179, 
            339.307947, 789.903974, 339.307947, 789.903974, 
            337.188742, 787.784768, 337.188742, 785.665563, 
            332.950331, 785.665563, 330.831126, 781.427152, 
            328.711921, 781.427152, 326.592715, 779.307947, 
            326.592715, 779.307947, 324.473510, 775.069536, 
            322.354305, 772.950331, 320.235099, 770.831126, 
            318.115894, 768.711921, 318.115894, 766.592715, 
            315.996689, 764.473510, 315.996689, 762.354305, 
            315.996689, 760.235099, 315.996689, 755.996689, 
            315.996689, 751.758278, 315.996689, 749.639073, 
            315.996689, 743.281457, 313.877483, 739.043046, 
            313.877483, 736.923841, 313.877483, 732.685430, 
            313.877483, 726.327815, 313.877483, 724.208609, 
            313.877483, 719.970199, 313.877483, 717.850993, 
            313.877483, 715.731788, 313.877483, 711.493377, 
            313.877483, 709.374172, 313.877483, 707.254967, 
            313.877483, 705.135762, 313.877483, 700.897351, 
            315.996689, 698.778146, 315.996689, 696.658940, 
            315.996689, 692.420530, 318.115894, 690.301325, 
            320.235099, 688.182119, 322.354305, 683.943709, 
            322.354305, 681.824503, 324.473510, 679.705298, 
            324.473510, 679.705298, 326.592715, -1.000000, 
            -1.000000, 378.778146, 282.089404, 376.658940, 
            282.089404, 374.539735, 284.208609, 372.420530, 
            288.447020, 370.301325, 288.447020, 368.182119, 
            290.566225, 366.062914, 292.685430, 361.824503, 
            294.804636, 359.705298, 294.804636, 355.466887, 
            296.923841, 353.347682, 299.043046, 351.228477, 
            301.162252, 349.109272, 301.162252, 346.990066, 
            301.162252, 344.870861, 301.162252, 342.751656, 
            303.281457, 338.513245, 303.281457, 336.394040, 
            303.281457, 332.155629, 305.400662, 330.036424, 
            305.400662, 327.917219, 305.400662, 325.798013, 
            305.400662, 321.559603, 305.400662, 317.321192, 
            305.400662, 315.201987, 305.400662, 315.201987, 
            307.519868, 313.082781, 307.519868, 310.963576, 
            307.519868, 308.844371, 307.519868, 306.725166, 
            307.519868, 306.725166, 309.639073, 302.486755, 
            311.758278, 300.367550, 311.758278, 298.248344, 
            311.758278, 298.248344, 313.877483, 296.129139, 
            313.877483, 294.009934, 315.996689, 289.771523, 
            318.115894, 289.771523, 320.235099, 287.652318, 
            320.235099, 287.652318, 322.354305, 285.533113, 
            322.354305, 285.533113, 324.473510, 283.413907, 
            326.592715, 281.294702, 326.592715, 279.175497, 
