%YAML:1.0
    mask: !!opencv-matrix
        rows: 1081
        cols: 2
        dt: f
        data: [ -1.000000, -1.000000, 788.673913, 
            716.673913, 788.673913, 715.282609, 788.673913, 
            711.108696, 788.673913, 709.717391, 790.065217, 
            705.543478, 790.065217, 702.760870, 790.065217, 
            699.978261, 790.065217, 698.586957, 790.065217, 
            697.195652, 790.065217, 695.804348, 790.065217, 
            694.413043, 788.673913, 694.413043, 783.108696, 
            686.065217, 781.717391, 684.673913, 781.717391, 
            681.891304, 780.326087, 681.891304, 778.934783, 
            680.500000, 777.543478, 680.500000, 776.152174, 
            680.500000, 776.152174, 679.108696, 774.760870, 
            679.108696, 773.369565, 679.108696, 773.369565, 
            677.717391, 771.978261, 677.717391, 771.978261, 
            676.326087, 770.586957, 676.326087, 770.586957, 
            674.934783, 770.586957, 673.543478, 770.586957, 
            672.152174, 770.586957, 670.760870, 770.586957, 
            669.369565, 770.586957, 667.978261, 770.586957, 
            665.195652, 770.586957, 663.804348, 770.586957, 
            662.413043, 771.978261, 662.413043, 771.978261, 
            661.021739, 771.978261, 659.630435, 771.978261, 
            658.239130, 771.978261, 656.847826, 771.978261, 
            655.456522, 773.369565, 654.065217, 773.369565, 
            652.673913, 773.369565, 651.282609, 773.369565, 
            649.891304, 773.369565, 648.500000, 771.978261, 
            648.500000, 769.195652, 649.891304, 762.239130, 
            649.891304, 760.847826, 649.891304, 753.891304, 
            651.282609, 751.108696, 651.282609, 748.326087, 
            654.065217, 746.934783, 654.065217, 744.152174, 
            654.065217, 744.152174, 655.456522, 742.760870, 
            655.456522, 741.369565, 655.456522, 739.978261, 
            655.456522, 737.195652, 655.456522, 734.413043, 
            655.456522, 733.021739, 656.847826, 731.630435, 
            656.847826, 730.239130, 658.239130, 728.847826, 
            658.239130, 727.456522, 658.239130, 726.065217, 
            658.239130, 724.673913, 658.239130, 721.891304, 
            658.239130, 720.500000, 658.239130, 717.717391, 
            658.239130, 716.326087, 659.630435, 714.934783, 
            659.630435, 713.543478, 659.630435, 709.369565, 
            661.021739, 707.978261, 662.413043, 705.195652, 
            663.804348, 702.413043, 663.804348, 701.021739, 
            663.804348, 699.630435, 663.804348, 698.239130, 
            663.804348, 696.847826, 663.804348, 696.847826, 
            662.413043, 695.456522, 662.413043, 695.456522, 
            661.021739, 695.456522, 659.630435, 695.456522, 
            658.239130, 695.456522, 656.847826, 695.456522, 
            654.065217, 695.456522, 652.673913, 698.239130, 
            649.891304, 698.239130, 648.500000, 699.630435, 
            647.108696, 701.021739, 645.717391, 702.413043, 
            644.326087, 703.804348, 644.326087, 703.804348, 
            642.934783, 705.195652, 642.934783, 705.195652, 
            641.543478, 706.586957, 640.152174, 707.978261, 
            638.760870, 709.369565, 638.760870, 710.760870, 
            637.369565, 710.760870, 635.978261, 712.152174, 
            635.978261, 712.152174, 634.586957, 713.543478, 
            633.195652, 714.934783, 633.195652, 714.934783, 
            631.804348, 716.326087, 631.804348, 716.326087, 
            630.413043, 717.717391, 629.021739, 719.108696, 
            627.630435, 719.108696, 626.239130, 717.717391, 
            626.239130, 714.934783, 624.847826, 706.586957, 
            622.065217, 703.804348, 620.673913, 695.456522, 
            620.673913, 692.673913, 620.673913, 688.500000, 
            617.891304, 687.108696, 617.891304, 685.717391, 
            617.891304, 684.326087, 616.500000, 681.543478, 
            615.108696, 675.978261, 612.326087, 674.586957, 
            610.934783, 673.195652, 610.934783, 673.195652, 
            609.543478, 671.804348, 609.543478, 670.413043, 
            608.152174, 669.021739, 608.152174, 669.021739, 
            606.760870, 669.021739, 605.369565, 667.630435, 
            605.369565, 667.630435, 603.978261, 667.630435, 
            602.586957, 666.239130, 601.195652, 666.239130, 
            599.804348, 664.847826, 598.413043, 664.847826, 
            597.021739, 664.847826, 595.630435, 664.847826, 
            594.239130, 664.847826, 592.847826, 664.847826, 
            591.456522, 663.456522, 590.065217, 663.456522, 
            588.673913, 663.456522, 587.282609, 663.456522, 
            585.891304, 663.456522, 584.500000, 663.456522, 
            581.717391, 663.456522, 580.326087, 663.456522, 
            578.934783, 663.456522, 577.543478, 663.456522, 
            576.152174, 663.456522, 574.760870, 663.456522, 
            573.369565, 663.456522, 571.978261, 663.456522, 
            570.586957, 663.456522, 569.195652, 663.456522, 
            567.804348, 664.847826, 567.804348, 664.847826, 
            566.413043, 666.239130, 566.413043, 666.239130, 
            565.021739, 667.630435, 565.021739, 667.630435, 
            563.630435, 669.021739, 563.630435, 669.021739, 
            562.239130, 670.413043, 560.847826, 671.804348, 
            560.847826, 673.195652, 559.456522, 674.586957, 
            558.065217, 674.586957, 556.673913, 675.978261, 
            555.282609, 680.152174, 553.891304, 680.152174, 
            552.500000, 684.326087, 551.108696, 685.717391, 
            551.108696, 687.108696, 551.108696, 689.891304, 
            551.108696, 691.282609, 551.108696, 692.673913, 
            551.108696, 694.065217, 552.500000, 695.456522, 
            552.500000, 701.021739, 556.673913, 703.804348, 
            558.065217, 705.195652, 559.456522, 709.369565, 
            562.239130, 710.760870, 563.630435, 714.934783, 
            566.413043, 716.326087, 567.804348, 721.891304, 
            569.195652, 721.891304, 570.586957, 726.065217, 
            571.978261, 727.456522, 571.978261, 730.239130, 
            573.369565, 731.630435, 573.369565, 737.195652, 
            574.760870, 737.195652, 576.152174, 742.760870, 
            577.543478, 744.152174, 578.934783, 746.934783, 
            580.326087, 748.326087, 580.326087, 749.717391, 
            580.326087, 751.108696, 581.717391, 752.500000, 
            581.717391, 753.891304, 583.108696, 755.282609, 
            583.108696, 756.673913, 583.108696, 758.065217, 
            583.108696, 759.456522, 583.108696, 760.847826, 
            583.108696, 762.239130, 584.500000, 763.630435, 
            584.500000, 765.021739, 584.500000, 766.413043, 
            584.500000, 767.804348, 584.500000, 769.195652, 
            584.500000, 771.978261, 584.500000, 773.369565, 
            584.500000, 776.152174, 584.500000, 777.543478, 
            584.500000, 778.934783, 584.500000, 780.326087, 
            584.500000, 781.717391, 584.500000, 783.108696, 
            584.500000, 784.500000, 584.500000, 785.891304, 
            584.500000, 787.282609, 584.500000, 788.673913, 
            583.108696, 790.065217, 581.717391, 791.456522, 
            581.717391, 792.847826, 581.717391, 794.239130, 
            580.326087, 795.630435, 580.326087, 797.021739, 
            580.326087, 797.021739, 578.934783, 798.413043, 
            578.934783, 799.804348, 577.543478, 801.195652, 
            577.543478, 801.195652, 576.152174, 802.586957, 
            576.152174, 803.978261, 576.152174, 805.369565, 
            576.152174, 805.369565, 574.760870, 806.760870, 
            574.760870, 808.152174, 573.369565, 809.543478, 
            570.586957, 809.543478, 569.195652, 809.543478, 
            567.804348, 809.543478, 566.413043, 809.543478, 
            565.021739, 809.543478, 563.630435, 809.543478, 
            562.239130, 809.543478, 559.456522, 808.152174, 
