%YAML:1.0
    mask: !!opencv-matrix
        rows: 687
        cols: 2
        dt: f
        data: [ 363.943709, 626.460265, 361.824503, 
            626.460265, 359.705298, 626.460265, 355.466887, 
            626.460265, 353.347682, 626.460265, 351.228477, 
            626.460265, 349.109272, 628.579470, 346.990066, 
            628.579470, 344.870861, 630.698675, 342.751656, 
            630.698675, 340.632450, 632.817881, 338.513245, 
            634.937086, 336.394040, 634.937086, 332.155629, 
            637.056291, 330.036424, 639.175497, 327.917219, 
            639.175497, 315.201987, 647.652318, 310.963576, 
            647.652318, 302.486755, 651.890728, 300.367550, 
            654.009934, 298.248344, 656.129139, 296.129139, 
            656.129139, 294.009934, 658.248344, 289.771523, 
            660.367550, 287.652318, 660.367550, 283.413907, 
            662.486755, 281.294702, 662.486755, 279.175497, 
            664.605960, 274.937086, 666.725166, 270.698675, 
            666.725166, 264.341060, 670.963576, 257.983444, 
            673.082781, 247.387417, 677.321192, 245.268212, 
            679.440397, 241.029801, 679.440397, 238.910596, 
            683.678808, 228.314570, 685.798013, 226.195364, 
            687.917219, 224.076159, 690.036424, 221.956954, 
            692.155629, 221.956954, 694.274834, 219.837748, 
            694.274834, 219.837748, 696.394040, 219.837748, 
            698.513245, 217.718543, 698.513245, 217.718543, 
            700.632450, 217.718543, 704.870861, 217.718543, 
            706.990066, 215.599338, 711.228477, 215.599338, 
            713.347682, 213.480132, 715.466887, 209.241722, 
            717.586093, 205.003311, 719.705298, 402.089404, 
            719.705298, 406.327815, 719.705298, 406.327815, 
            717.586093, 408.447020, 717.586093, 408.447020, 
            715.466887, 408.447020, 713.347682, 406.327815, 
            713.347682, 404.208609, 711.228477, 399.970199, 
            709.109272, 397.850993, 709.109272, 395.731788, 
            709.109272, 393.612583, 709.109272, 391.493377, 
            709.109272, 389.374172, 709.109272, 385.135762, 
            709.109272, 383.016556, 709.109272, 380.897351, 
            709.109272, 378.778146, 711.228477, 376.658940, 
            711.228477, 374.539735, 713.347682, 372.420530, 
            713.347682, 368.182119, 713.347682, 363.943709, 
            713.347682, 359.705298, 713.347682, 355.466887, 
            715.466887, 349.109272, 717.586093, 346.990066, 
            717.586093, 344.870861, 717.586093, 342.751656, 
            717.586093, 340.632450, 717.586093, 334.274834, 
            717.586093, 332.155629, 717.586093, 327.917219, 
            717.586093, 325.798013, 717.586093, 323.678808, 
            717.586093, 321.559603, 717.586093, 319.440397, 
            715.466887, 319.440397, 713.347682, 321.559603, 
            709.109272, 323.678808, 709.109272, 323.678808, 
            706.990066, 325.798013, 704.870861, 327.917219, 
            702.751656, 327.917219, 700.632450, 330.036424, 
            700.632450, 330.036424, 698.513245, 332.155629, 
            698.513245, 332.155629, 696.394040, 334.274834, 
            694.274834, 336.394040, 692.155629, 338.513245, 
            690.036424, 338.513245, 687.917219, 340.632450, 
            685.798013, 340.632450, 683.678808, 342.751656, 
            683.678808, 344.870861, 681.559603, 344.870861, 
            679.440397, 346.990066, 677.321192, 349.109272, 
            673.082781, 351.228477, 673.082781, 351.228477, 
            670.963576, 353.347682, 666.725166, 355.466887, 
            662.486755, 357.586093, 662.486755, 357.586093, 
            660.367550, 357.586093, 658.248344, 359.705298, 
            656.129139, 359.705298, 654.009934, 361.824503, 
            654.009934, 363.943709, 651.890728, 363.943709, 
            649.771523, 366.062914, 647.652318, 366.062914, 
            645.533113, 366.062914, 643.413907, 366.062914, 
            641.294702, 368.182119, 639.175497, 368.182119, 
            637.056291, 368.182119, 634.937086, 368.182119, 
            632.817881, -1.000000, -1.000000, 544.076159, 
            588.314570, 546.195364, 588.314570, 550.433775, 
            588.314570, 552.552980, 586.195364, 554.672185, 
            586.195364, 558.910596, 581.956954, 561.029801, 
            581.956954, 561.029801, 579.837748, 563.149007, 
            577.718543, 565.268212, 577.718543, 567.387417, 
            575.599338, 569.506623, 575.599338, 571.625828, 
            573.480132, 573.745033, 571.360927, 575.864238, 
            569.241722, 580.102649, 567.122517, 582.221854, 
            567.122517, 584.341060, 567.122517, 586.460265, 
            565.003311, 590.698675, 565.003311, 592.817881, 
            565.003311, 594.937086, 565.003311, 597.056291, 
            565.003311, 599.175497, 565.003311, 601.294702, 
            565.003311, 605.533113, 565.003311, 609.771523, 
            567.122517, 611.890728, 567.122517, 614.009934, 
            567.122517, 614.009934, 569.241722, 618.248344, 
            569.241722, 618.248344, 571.360927, 620.367550, 
            573.480132, 622.486755, 573.480132, 624.605960, 
            575.599338, 626.725166, 577.718543, 626.725166, 
            579.837748, 630.963576, 579.837748, 630.963576, 
            581.956954, 633.082781, 581.956954, 633.082781, 
            584.076159, 635.201987, 584.076159, 635.201987, 
            586.195364, 637.321192, 588.314570, 639.440397, 
            590.433775, 641.559603, 592.552980, 641.559603, 
            594.672185, 643.678808, 594.672185, 643.678808, 
            596.791391, 647.917219, 596.791391, 650.036424, 
            598.910596, 652.155629, 601.029801, 654.274834, 
            603.149007, 656.394040, 603.149007, 658.513245, 
            605.268212, 660.632450, 605.268212, 664.870861, 
            607.387417, 664.870861, 609.506623, 669.109272, 
            611.625828, 673.347682, 611.625828, 677.586093, 
            613.745033, 681.824503, 615.864238, 688.182119, 
            620.102649, 690.301325, 620.102649, 690.301325, 
            622.221854, 692.420530, 622.221854, 694.539735, 
            622.221854, 694.539735, 624.341060, 696.658940, 
            624.341060, 698.778146, 626.460265, 698.778146, 
            628.579470, 703.016556, 630.698675, 705.135762, 
            632.817881, 705.135762, 634.937086, 707.254967, 
            634.937086, 709.374172, 637.056291, 711.493377, 
            637.056291, 711.493377, 639.175497, 713.612583, 
            639.175497, 713.612583, 641.294702, 715.731788, 
            643.413907, 717.850993, 645.533113, 717.850993, 
            647.652318, 719.970199, 649.771523, 719.970199, 
            651.890728, 722.089404, 656.129139, 724.208609, 
            656.129139, 724.208609, 658.248344, 726.327815, 
            660.367550, 726.327815, 662.486755, 728.447020, 
            664.605960, 730.566225, 664.605960, 730.566225, 
            666.725166, 732.685430, 668.844371, 732.685430, 
            670.963576, 734.804636, 673.082781, 734.804636, 
            675.201987, 736.923841, 677.321192, 739.043046, 
            677.321192, 739.043046, 679.440397, 741.162252, 
            683.678808, 743.281457, 685.798013, 743.281457, 
            687.917219, 743.281457, 690.036424, 743.281457, 
            692.155629, 743.281457, 694.274834, 743.281457, 
            696.394040, 743.281457, 698.513245, 743.281457, 
            700.632450, 743.281457, 704.870861, 741.162252, 
            706.990066, 739.043046, 709.109272, 739.043046, 
            711.228477, 736.923841, 711.228477, 734.804636, 
            713.347682, 734.804636, 717.586093, 732.685430, 
            717.586093, 732.685430, 719.705298, 730.566225, 
            719.705298, 501.692053, 719.705298, 497.453642, 
            717.586093, 495.334437, 715.466887, 493.215232, 
            715.466887, 491.096026, 713.347682, 488.976821, 
