%YAML:1.0
    mask: !!opencv-matrix
        rows: 509
        cols: 2
        dt: f
        data: [ -1.000000, -1.000000, -1.000000, 
            -1.000000, 896.295364, 389.149081, 897.318545, 
            392.218625, 900.388090, 399.380895, 905.503997, 
            409.612710, 907.550360, 413.705436, 908.573541, 
            416.774980, 909.596723, 419.844524, 911.643086, 
            422.914069, 913.689448, 424.960432, 913.689448, 
            425.983613, 914.712630, 429.053157, 916.758993, 
            433.145883, 917.782174, 434.169065, 917.782174, 
            436.215428, 918.805356, 439.284972, 919.828537, 
            443.377698, 920.851719, 446.447242, 922.898082, 
            451.563149, 924.944444, 456.679057, 924.944444, 
            460.771783, 925.967626, 465.887690, 926.990807, 
            469.980416, 928.013989, 474.073141, 929.037170, 
            478.165867, 931.083533, 481.235412, 933.129896, 
            483.281775, 933.129896, 485.328137, 936.199440, 
            489.420863, 939.268985, 494.536771, 941.315348, 
            497.606315, 945.408074, 503.745404, 948.477618, 
            507.838129, 949.500799, 511.930855, 951.547162, 
            515.000400, 953.593525, 518.069944, 953.593525, 
            519.093125, 955.639888, 524.209033, 957.686251, 
            528.301759, 958.709432, 530.348122, 959.732614, 
            531.371303, 959.732614, 533.417666, 959.732614, 
            536.487210, 960.755795, 539.556755, 960.755795, 
            541.603118, 959.732614, 541.603118, 957.686251, 
            541.603118, 957.686251, 540.579936, 955.639888, 
            538.533573, 955.639888, 537.510392, 953.593525, 
            533.417666, 952.570344, 531.371303, 951.547162, 
            530.348122, 951.547162, 529.324940, 949.500799, 
            529.324940, 946.431255, 527.278577, 944.384892, 
            525.232214, 940.292166, 522.162670, 936.199440, 
            518.069944, 934.153078, 517.046763, 930.060352, 
            513.977218, 926.990807, 513.977218, 924.944444, 
            512.954037, 923.921263, 512.954037, 922.898082, 
            512.954037, 921.874900, 512.954037, 920.851719, 
            512.954037, 919.828537, 517.046763, 918.805356, 
            523.185851, 918.805356, 529.324940, 918.805356, 
            534.440847, 918.805356, 538.533573, 919.828537, 
            541.603118, 919.828537, 545.695843, 920.851719, 
            548.765388, 920.851719, 551.834932, 920.851719, 
            554.904476, 920.851719, 555.927658, 920.851719, 
            560.020384, 920.851719, 562.066747, 920.851719, 
            564.113110, 919.828537, 564.113110, 918.805356, 
            565.136291, 917.782174, 565.136291, 914.712630, 
            566.159472, 912.666267, 566.159472, 911.643086, 
            565.136291, 906.527178, 562.066747, 904.480815, 
            558.997202, 903.457634, 557.974021, 902.434452, 
            556.950839, 901.411271, 555.927658, 901.411271, 
            553.881295, 901.411271, 551.834932, 899.364908, 
            548.765388, 897.318545, 547.742206, 896.295364, 
            547.742206, 895.272182, 547.742206, 889.133094, 
            550.811751, 882.994005, 553.881295, 879.924460, 
            555.927658, 877.878098, 556.950839, 876.854916, 
            556.950839, 875.831735, 558.997202, 874.808553, 
            562.066747, 872.762190, 565.136291, 872.762190, 
            568.205835, 872.762190, 569.229017, 871.739009, 
            572.298561, 868.669464, 574.344924, 866.623102, 
            576.391287, 863.553557, 576.391287, 862.530376, 
            575.368106, 861.507194, 572.298561, 861.507194, 
            567.182654, 861.507194, 563.089928, 861.507194, 
            562.066747, 862.530376, 555.927658, 862.530376, 
            550.811751, 862.530376, 544.672662, 862.530376, 
            541.603118, 862.530376, 539.556755, 861.507194, 
            538.533573, 861.507194, 536.487210, 860.484013, 
            534.440847, 859.460831, 532.394484, 859.460831, 
            531.371303, 858.437650, 529.324940, 857.414468, 
            528.301759, 855.368106, 527.278577, 852.298561, 
            527.278577, 848.205835, 530.348122, 846.159472, 
            531.371303, 843.089928, 535.464029, 842.066747, 
            538.533573, 841.043565, 541.603118, 841.043565, 
            542.626299, 840.020384, 545.695843, 838.997202, 
            548.765388, 837.974021, 550.811751, 836.950839, 
            551.834932, 835.927658, 552.858114, 833.881295, 
            552.858114, 831.834932, 552.858114, 828.765388, 
            552.858114, 827.742206, 551.834932, 823.649480, 
            546.719025, 821.603118, 543.649480, 819.556755, 
            540.579936, 818.533573, 540.579936, 818.533573, 
            536.487210, 818.533573, 531.371303, 818.533573, 
            523.185851, 820.579936, 518.069944, 820.579936, 
            512.954037, 820.579936, 508.861311, 820.579936, 
            502.722222, 820.579936, 499.652678, 820.579936, 
            491.467226, 819.556755, 487.374500, 819.556755, 
            486.351319, 819.556755, 484.304956, 818.533573, 
            480.212230, 816.487210, 478.165867, 816.487210, 
            475.096323, 816.487210, 473.049960, 815.464029, 
            469.980416, 814.440847, 466.910871, 813.417666, 
            465.887690, 812.394484, 464.864508, 811.371303, 
            464.864508, 810.348122, 464.864508, 809.324940, 
            463.841327, 808.301759, 463.841327, 804.209033, 
            463.841327, 799.093125, 463.841327, 793.977218, 
            463.841327, 791.930855, 463.841327, 790.907674, 
            463.841327, 789.884492, 463.841327, 788.861311, 
            463.841327, 787.838129, 463.841327, 786.814948, 
            463.841327, 786.814948, 461.794964, 785.791767, 
            454.632694, 784.768585, 452.586331, 784.768585, 
            447.470424, 784.768585, 443.377698, 784.768585, 
            440.308153, 785.791767, 436.215428, 786.814948, 
            433.145883, 788.861311, 432.122702, 788.861311, 
            431.099520, 789.884492, 427.006795, 792.954037, 
            423.937250, 796.023581, 421.890887, 800.116307, 
            418.821343, 801.139488, 417.798161, 807.278577, 
            413.705436, 808.301759, 412.682254, 811.371303, 
            410.635891, 814.440847, 409.612710, 815.464029, 
            409.612710, 818.533573, 408.589528, 821.603118, 
            407.566347, 826.719025, 404.496803, 830.811751, 
            402.450440, 831.834932, 401.427258, 832.858114, 
            399.380895, 834.904476, 398.357714, 837.974021, 
            395.288169, 842.066747, 391.195444, 843.089928, 
            389.149081, -1.000000, -1.000000, 460.420064, 
            383.009992, 460.420064, 384.033173, 461.443245, 
            386.079536, 463.489608, 393.241807, 464.512790, 
            398.357714, 467.582334, 406.543165, 468.605516, 
            408.589528, 469.628697, 411.659073, 470.651878, 
            413.705436, 472.698241, 417.798161, 472.698241, 
            418.821343, 476.790967, 428.029976, 478.837330, 
            430.076339, 478.837330, 431.099520, 480.883693, 
            433.145883, 480.883693, 435.192246, 482.930056, 
            438.261791, 482.930056, 439.284972, 484.976419, 
            443.377698, 485.999600, 444.400879, 487.022782, 
            448.493605, 490.092326, 453.609512, 494.185052, 
            460.771783, 498.277778, 466.910871, 503.393685, 
            474.073141, 505.440048, 477.142686, 506.463229, 
            479.189049, 509.532774, 481.235412, 509.532774, 
            482.258593, 513.625500, 486.351319, 515.671863, 
            488.397682, 516.695044, 489.420863, 518.741407, 
            493.513589, 521.810951, 494.536771, 523.857314, 
            496.583133, 525.903677, 498.629496, 532.042766, 
            503.745404, 538.181855, 508.861311, 539.205036, 
            509.884492, 545.344125, 513.977218, 547.390488, 
            513.977218, 547.390488, 515.000400, 550.460032, 
            517.046763, 552.506395, 517.046763, 553.529576, 
