%YAML:1.0
    mask: !!opencv-matrix
        rows: 171
        cols: 2
        dt: f
        data: [ -1.000000, -1.000000, -1.000000, 
            -1.000000, 610.809278, 441.654639, 604.211340, 
            442.974227, 600.252577, 445.613402, 591.015464, 
            448.252577, 589.695876, 448.252577, 587.056701, 
            449.572165, 585.737113, 449.572165, 584.417526, 
            450.891753, 583.097938, 454.850515, 584.417526, 
            457.489691, 585.737113, 458.809278, 593.654639, 
            466.726804, 597.613402, 469.365979, 601.572165, 
            472.005155, 605.530928, 475.963918, 618.726804, 
            481.242268, 629.283505, 485.201031, 634.561856, 
            487.840206, 642.479381, 490.479381, 649.077320, 
            494.438144, 651.716495, 495.757732, 656.994845, 
            498.396907, 672.829897, 506.314433, 678.108247, 
            508.953608, 687.345361, 512.912371, 691.304124, 
            515.551546, 693.943299, 516.871134, 703.180412, 
            516.871134, 708.458763, 516.871134, 709.778351, 
            516.871134, 713.737113, 516.871134, 716.376289, 
            515.551546, 722.974227, 514.231959, 725.613402, 
            512.912371, 732.211340, 510.273196, 734.850515, 
            507.634021, 740.128866, 503.675258, 746.726804, 
            498.396907, 749.365979, 495.757732, 752.005155, 
            493.118557, 754.644330, 489.159794, 759.922680, 
            481.242268, 762.561856, 475.963918, 765.201031, 
            469.365979, 765.201031, 462.768041, 765.201031, 
            460.128866, 765.201031, 454.850515, 765.201031, 
            449.572165, 763.881443, 446.932990, 761.242268, 
            444.293814, 757.283505, 437.695876, 755.963918, 
            433.737113, 752.005155, 429.778351, 749.365979, 
            425.819588, 746.726804, 423.180412, 741.448454, 
            417.902062, 738.809278, 416.582474, 736.170103, 
            415.262887, 733.530928, 412.623711, 730.891753, 
            411.304124, 724.293814, 407.345361, 717.695876, 
            404.706186, 712.417526, 404.706186, 705.819588, 
            404.706186, 699.221649, 407.345361, 696.582474, 
            407.345361, 695.262887, 408.664948, 693.943299, 
            408.664948, 688.664948, 412.623711, 683.386598, 
            416.582474, 679.427835, 419.221649, 675.469072, 
            421.860825, 674.149485, 423.180412, 670.190722, 
            425.819588, 666.231959, 427.139175, 666.231959, 
            428.458763, 664.912371, 429.778351, 664.912371, 
            431.097938, 663.592784, 432.417526, 659.634021, 
            433.737113, 655.675258, 435.056701, 649.077320, 
            436.376289, 647.757732, 436.376289, 641.159794, 
            439.015464, -1.000000, -1.000000, 466.974227, 
            388.871134, 460.376289, 396.788660, 457.737113, 
            399.427835, 455.097938, 406.025773, 453.778351, 
            408.664948, 452.458763, 409.984536, 451.139175, 
            415.262887, 451.139175, 419.221649, 451.139175, 
            420.541237, 452.458763, 424.500000, 455.097938, 
            428.458763, 457.737113, 432.417526, 460.376289, 
            436.376289, 464.335052, 441.654639, 468.293814, 
            449.572165, 469.613402, 450.891753, 472.252577, 
            453.530928, 474.891753, 457.489691, 478.850515, 
            460.128866, 481.489691, 461.448454, 492.046392, 
            468.046392, 498.644330, 470.685567, 501.283505, 
            470.685567, 502.603093, 472.005155, 509.201031, 
            473.324742, 511.840206, 474.644330, 518.438144, 
            474.644330, 525.036082, 475.963918, 532.953608, 
            475.963918, 540.871134, 474.644330, 546.149485, 
            473.324742, 552.747423, 472.005155, 556.706186, 
            472.005155, 560.664948, 470.685567, 564.623711, 
            469.365979, 568.582474, 464.087629, 571.221649, 
            461.448454, 571.221649, 457.489691, 572.541237, 
            456.170103, 576.500000, 454.850515, 579.139175, 
            453.530928, 581.778351, 452.211340, 585.737113, 
            449.572165, 587.056701, 446.932990, 588.376289, 
            445.613402, 591.015464, 442.974227, 593.654639, 
            442.974227, 594.974227, 441.654639, 600.252577, 
            437.695876, 601.572165, 436.376289, 601.572165, 
            433.737113, 601.572165, 432.417526, 602.891753, 
            428.458763, 602.891753, 425.819588, 600.252577, 
            420.541237, 594.974227, 413.943299, 593.654639, 
            412.623711, 591.015464, 408.664948, 588.376289, 
            406.025773, 588.376289, 404.706186, 587.056701, 
            404.706186, 584.417526, 403.386598, 579.139175, 
            400.747423, 572.541237, 395.469072, 564.623711, 
            390.190722, 558.025773, 386.231959, 556.706186, 
            384.912371, 554.067010, 383.592784, 552.747423, 
            382.273196, 548.788660, 380.953608, 546.149485, 
            379.634021, 540.871134, 378.314433, 534.273196, 
            376.994845, 530.314433, 375.675258, 525.036082, 
            373.036082, 522.396907, 373.036082, 517.118557, 
            371.716495, 511.840206, 371.716495, 509.201031, 
            371.716495, 502.603093, 371.716495, 499.963918, 
            373.036082, 496.005155, 374.355670, 493.365979, 
            375.675258, 492.046392, 375.675258]
