%YAML:1.0
    mask: !!opencv-matrix
        rows: 1273
        cols: 2
        dt: f
        data: [ -1.000000, -1.000000, 454.373659, 
            711.393921, 454.373659, 712.919547, 452.848033, 
            712.919547, 452.848033, 715.970799, 452.848033, 
            717.496424, 452.848033, 715.970799, 452.848033, 
            714.445173, 452.848033, 711.393921, 452.848033, 
            708.342670, 454.373659, 706.817044, 454.373659, 
            705.291418, 454.373659, 703.765793, 454.373659, 
            702.240167, 454.373659, 700.714541, 454.373659, 
            697.663290, 454.373659, 696.137664, 455.899285, 
            694.612038, 457.424911, 693.086412, 458.950536, 
            693.086412, 458.950536, 691.560787, 458.950536, 
            690.035161, 458.950536, 688.509535, 460.476162, 
            688.509535, 462.001788, 686.983909, 463.527414, 
            685.458284, 465.053039, 685.458284, 466.578665, 
            685.458284, 466.578665, 683.932658, 469.629917, 
            682.407032, 472.681168, 680.881406, 474.206794, 
            680.881406, 475.732420, 680.881406, 477.258045, 
            680.881406, 480.309297, 679.355781, 483.360548, 
            677.830155, 484.886174, 677.830155, 486.411800, 
            677.830155, 487.937426, 677.830155, 489.463051, 
            677.830155, 490.988677, 677.830155, 494.039928, 
            677.830155, 498.616806, 677.830155, 501.668057, 
            677.830155, 504.719309, 677.830155, 509.296186, 
            677.830155, 512.347437, 677.830155, 513.873063, 
            677.830155, 516.924315, 677.830155, 518.449940, 
            677.830155, 526.078069, 677.830155, 527.603695, 
            677.830155, 529.129321, 677.830155, 530.654946, 
            677.830155, 533.706198, 677.830155, 535.231824, 
            677.830155, 536.757449, 677.830155, 538.283075, 
            677.830155, 539.808701, 677.830155, 542.859952, 
            677.830155, 545.911204, 677.830155, 547.436830, 
            677.830155, 550.488081, 677.830155, 552.013707, 
            677.830155, 553.539333, 677.830155, 555.064958, 
            677.830155, 556.590584, 677.830155, 558.116210, 
            677.830155, 559.641836, 677.830155, 561.167461, 
            677.830155, 562.693087, 677.830155, 567.269964, 
            677.830155, 568.795590, 677.830155, 568.795590, 
            679.355781, 570.321216, 679.355781, 571.846841, 
            679.355781, 573.372467, 680.881406, 574.898093, 
            680.881406, 576.423719, 680.881406, 577.949344, 
            680.881406, 579.474970, 680.881406, 579.474970, 
            679.355781, 577.949344, 677.830155, 577.949344, 
            676.304529, 576.423719, 674.778903, 573.372467, 
            673.253278, 571.846841, 671.727652, 571.846841, 
            670.202026, 570.321216, 670.202026, 568.795590, 
            668.676400, 568.795590, 667.150775, 568.795590, 
            665.625149, 567.269964, 665.625149, 567.269964, 
            664.099523, 565.744338, 662.573897, 564.218713, 
            659.522646, 564.218713, 657.997020, 564.218713, 
            654.945769, 564.218713, 653.420143, 562.693087, 
            653.420143, 562.693087, 651.894517, 561.167461, 
            650.368892, 561.167461, 648.843266, 561.167461, 
            647.317640, 561.167461, 645.792014, 559.641836, 
            644.266389, 559.641836, 642.740763, 558.116210, 
            642.740763, 556.590584, 638.163886, 555.064958, 
            638.163886, 555.064958, 636.638260, 555.064958, 
            635.112634, 553.539333, 635.112634, 553.539333, 
            633.587008, 552.013707, 632.061383, 550.488081, 
            630.535757, 548.962455, 630.535757, 548.962455, 
            629.010131, 547.436830, 627.484505, 545.911204, 
            627.484505, 545.911204, 625.958880, 544.385578, 
            625.958880, 542.859952, 625.958880, 541.334327, 
            622.907628, 541.334327, 621.382002, 539.808701, 
            621.382002, 538.283075, 621.382002, 536.757449, 
            618.330751, 536.757449, 616.805125, 535.231824, 
            613.753874, 532.180572, 612.228248, 530.654946, 
            610.702622, 530.654946, 609.176996, 529.129321, 
            607.651371, 527.603695, 606.125745, 527.603695, 
            603.074493, 526.078069, 601.548868, 526.078069, 
            598.497616, 524.552443, 595.446365, 523.026818, 
            595.446365, 521.501192, 595.446365, 521.501192, 
            593.920739, 519.975566, 592.395113, 518.449940, 
            592.395113, 516.924315, 592.395113, 516.924315, 
            589.343862, 515.398689, 587.818236, 513.873063, 
            586.292610, 513.873063, 584.766985, 512.347437, 
            583.241359, 510.821812, 583.241359, 510.821812, 
            580.190107, 509.296186, 578.664482, 507.770560, 
            577.138856, 507.770560, 575.613230, 507.770560, 
            574.087604, 507.770560, 572.561979, 507.770560, 
            571.036353, 507.770560, 569.510727, 507.770560, 
            567.985101, 509.296186, 567.985101, 510.821812, 
            566.459476, 512.347437, 564.933850, 513.873063, 
            563.408224, 515.398689, 561.882598, 518.449940, 
            560.356973, 521.501192, 558.831347, 523.026818, 
            558.831347, 526.078069, 557.305721, 527.603695, 
            557.305721, 527.603695, 555.780095, 529.129321, 
            555.780095, 530.654946, 554.254470, 532.180572, 
            552.728844, 532.180572, 551.203218, 533.706198, 
            549.677592, 535.231824, 549.677592, 536.757449, 
            549.677592, 536.757449, 548.151967, 538.283075, 
            546.626341, 539.808701, 546.626341, 541.334327, 
            546.626341, 541.334327, 545.100715, 542.859952, 
            543.575089, 542.859952, 542.049464, 544.385578, 
            542.049464, 545.911204, 540.523838, 547.436830, 
            538.998212, 547.436830, 537.472586, 548.962455, 
            537.472586, 548.962455, 535.946961, 548.962455, 
            534.421335, 550.488081, 534.421335, 550.488081, 
            532.895709, 552.013707, 532.895709, 552.013707, 
            531.370083, 553.539333, 531.370083, 555.064958, 
            531.370083, 556.590584, 529.844458, 556.590584, 
            528.318832, 556.590584, 526.793206, 558.116210, 
            526.793206, 558.116210, 525.267580, 559.641836, 
            525.267580, 559.641836, 523.741955, 561.167461, 
            523.741955, 562.693087, 523.741955, 564.218713, 
            522.216329, 565.744338, 520.690703, 565.744338, 
            519.165077, 567.269964, 519.165077, 567.269964, 
            517.639452, 567.269964, 516.113826, 568.795590, 
            516.113826, 568.795590, 514.588200, 570.321216, 
            514.588200, 570.321216, 513.062574, 571.846841, 
            513.062574, 571.846841, 511.536949, 573.372467, 
            511.536949, 574.898093, 511.536949, 576.423719, 
            511.536949, 577.949344, 511.536949, 579.474970, 
            510.011323, 579.474970, 508.485697, 581.000596, 
            508.485697, 582.526222, 508.485697, 584.051847, 
            508.485697, 585.577473, 508.485697, 587.103099, 
            508.485697, 588.628725, 508.485697, 590.154350, 
            508.485697, 591.679976, 508.485697, 593.205602, 
            508.485697, 594.731228, 508.485697, 596.256853, 
            508.485697, 597.782479, 508.485697, 599.308105, 
            508.485697, 602.359356, 508.485697, 603.884982, 
            508.485697, 605.410608, 508.485697, 606.936234, 
            508.485697, 608.461859, 508.485697, 609.987485, 
            508.485697, 611.513111, 508.485697, 613.038737, 
            508.485697, 616.089988, 508.485697, 617.615614, 
            508.485697, 619.141240, 508.485697, 620.666865, 
            508.485697, 623.718117, 508.485697, 625.243743, 
            508.485697, 628.294994, 508.485697, 629.820620, 
            508.485697, 631.346246, 508.485697, 638.974374, 
            508.485697, 642.025626, 508.485697, 643.551251, 
