%YAML:1.0
    mask: !!opencv-matrix
        rows: 608
        cols: 2
        dt: f
        data: [ -1.000000, -1.000000, 633.242268, 
            713.489691, 630.603093, 708.211340, 626.644330, 
            704.252577, 621.365979, 698.974227, 618.726804, 
            696.335052, 616.087629, 693.695876, 613.448454, 
            691.056701, 612.128866, 688.417526, 608.170103, 
            685.778351, 608.170103, 684.458763, 606.850515, 
            683.139175, 606.850515, 681.819588, 606.850515, 
            680.500000, 606.850515, 679.180412, 606.850515, 
            677.860825, 606.850515, 672.582474, 606.850515, 
            669.943299, 606.850515, 662.025773, 606.850515, 
            660.706186, 608.170103, 659.386598, 609.489691, 
            659.386598, 612.128866, 658.067010, 616.087629, 
            656.747423, 620.046392, 655.427835, 621.365979, 
            655.427835, 622.685567, 655.427835, 624.005155, 
            655.427835, 629.283505, 655.427835, 633.242268, 
            655.427835, 638.520619, 656.747423, 645.118557, 
            659.386598, 649.077320, 663.345361, 656.994845, 
            668.623711, 659.634021, 669.943299, 660.953608, 
            672.582474, 674.149485, 681.819588, 676.788660, 
            684.458763, 680.747423, 685.778351, 684.706186, 
            689.737113, 689.984536, 695.015464, 692.623711, 
            697.654639, 693.943299, 697.654639, 701.860825, 
            704.252577, 704.500000, 704.252577, 705.819588, 
            705.572165, 711.097938, 709.530928, 715.056701, 
            709.530928, 716.376289, 709.530928, 717.695876, 
            709.530928, 720.335052, 709.530928, 721.654639, 
            710.850515, 722.974227, 712.170103, 732.211340, 
            717.448454, 736.170103, 718.768041, 737.489691, 
            718.768041, 749.365979, 718.768041, 759.922680, 
            718.768041, 767.840206, 718.768041, 770.479381, 
            718.768041, 781.036082, 718.768041, 850.974227, 
            716.128866, 852.293814, 716.128866, 853.613402, 
            716.128866, 853.613402, 713.489691, 853.613402, 
            712.170103, 848.335052, 702.932990, 835.139175, 
            693.695876, 828.541237, 689.737113, 819.304124, 
            680.500000, 816.664948, 679.180412, 814.025773, 
            673.902062, 812.706186, 672.582474, 810.067010, 
            671.262887, 807.427835, 669.943299, 795.551546, 
            660.706186, 791.592784, 656.747423, 779.716495, 
            650.149485, 775.757732, 647.510309, 761.242268, 
            635.634021, 755.963918, 632.994845, 741.448454, 
            623.757732, 737.489691, 622.438144, 730.891753, 
            615.840206, 725.613402, 613.201031, 721.654639, 
            610.561856, 717.695876, 607.922680, 715.056701, 
            607.922680, 715.056701, 606.603093, 715.056701, 
            607.922680, 709.778351, 614.520619, 705.819588, 
            619.798969, 699.221649, 623.757732, 697.902062, 
            625.077320, 695.262887, 626.396907, 689.984536, 
            627.716495, 684.706186, 630.355670, 682.067010, 
            631.675258, 680.747423, 631.675258, 676.788660, 
            634.314433, 672.829897, 635.634021, 667.551546, 
            638.273196, 660.953608, 639.592784, 658.314433, 
            640.912371, 651.716495, 640.912371, 649.077320, 
            640.912371, 645.118557, 640.912371, 635.881443, 
            640.912371, 626.644330, 638.273196, 622.685567, 
            636.953608, 610.809278, 630.355670, 609.489691, 
            629.036082, 605.530928, 626.396907, 604.211340, 
            623.757732, 601.572165, 619.798969, 601.572165, 
            614.520619, 601.572165, 613.201031, 601.572165, 
            610.561856, 605.530928, 607.922680, 617.407216, 
            597.365979, 618.726804, 597.365979, 622.685567, 
            594.726804, 637.201031, 586.809278, 647.757732, 
            584.170103, 658.314433, 581.530928, 659.634021, 
            578.891753, 662.273196, 576.252577, 663.592784, 
            574.932990, 674.149485, 565.695876, 680.747423, 
            563.056701, 680.747423, 561.737113, 684.706186, 
            560.417526, 686.025773, 557.778351, 691.304124, 
            552.500000, 691.304124, 551.180412, 700.541237, 
            543.262887, 705.819588, 537.984536, 717.695876, 
            532.706186, 722.974227, 530.067010, 726.932990, 
            527.427835, 734.850515, 519.510309, 737.489691, 
            519.510309, 738.809278, 518.190722, 741.448454, 
            515.551546, 749.365979, 507.634021, 750.685567, 
            504.994845, 761.242268, 502.355670, 762.561856, 
            502.355670, 765.201031, 502.355670, 766.520619, 
            502.355670, 767.840206, 502.355670, 770.479381, 
            502.355670, 773.118557, 502.355670, 777.077320, 
            502.355670, 788.953608, 503.675258, 792.912371, 
            504.994845, 795.551546, 504.994845, 799.510309, 
            508.953608, 803.469072, 511.592784, 808.747423, 
            512.912371, 811.386598, 514.231959, 814.025773, 
            514.231959, 817.984536, 514.231959, 821.943299, 
            511.592784, 828.541237, 508.953608, 839.097938, 
            506.314433, 841.737113, 506.314433, 847.015464, 
            506.314433, 847.015464, 504.994845, 849.654639, 
            504.994845, 866.809278, 504.994845, 880.005155, 
            504.994845, 891.881443, 508.953608, 895.840206, 
            511.592784, 898.479381, 514.231959, 916.953608, 
            528.747423, 924.871134, 531.386598, 930.149485, 
            534.025773, 935.427835, 537.984536, 939.386598, 
            540.623711, 944.664948, 543.262887, 951.262887, 
            545.902062, 969.737113, 553.819588, 975.015464, 
            555.139175, 981.613402, 559.097938, 982.932990, 
            559.097938, 993.489691, 561.737113, 998.768041, 
            564.376289, 1017.242268, 569.654639, 1021.201031, 
            570.974227, 1025.159794, 572.293814, 1031.757732, 
            574.932990, 1039.675258, 580.211340, 1046.273196, 
            585.489691, 1048.912371, 586.809278, 1052.871134, 
            590.768041, 1058.149485, 594.726804, 1059.469072, 
            598.685567, 1063.427835, 603.963918, 1063.427835, 
            606.603093, 1064.747423, 607.922680, 1067.386598, 
            611.881443, 1070.025773, 615.840206, 1071.345361, 
            619.798969, 1075.304124, 625.077320, 1079.262887, 
            631.675258, 1081.902062, 638.273196, 1083.221649, 
            639.592784, 1084.541237, 642.231959, 1085.860825, 
            643.551546, 1089.819588, 652.788660, 1095.097938, 
            664.664948, 1097.737113, 667.304124, 1101.695876, 
            673.902062, 1105.654639, 680.500000, 1109.613402, 
            688.417526, 1114.891753, 695.015464, 1118.850515, 
            700.293814, 1120.170103, 705.572165, 1122.809278, 
            706.891753, 1125.448454, 710.850515, 1126.768041, 
            714.809278, -1.000000, -1.000000, 676.788660, 
            212.046392, 671.510309, 212.046392, 662.273196, 
            212.046392, 653.036082, 210.726804, 650.396907, 
            209.407216, 649.077320, 209.407216, 646.438144, 
            209.407216, 642.479381, 208.087629, 637.201031, 
            206.768041, 633.242268, 206.768041, 627.963918, 
            205.448454, 625.324742, 205.448454, 624.005155, 
            205.448454, 622.685567, 205.448454, 620.046392, 
            205.448454, 618.726804, 205.448454, 613.448454, 
            205.448454, 606.850515, 205.448454, 602.891753, 
            206.768041, 596.293814, 208.087629, 592.335052, 
            210.726804, 583.097938, 216.005155, 579.139175, 
            217.324742, 577.819588, 217.324742, 575.180412, 
            217.324742, 569.902062, 217.324742, 567.262887, 
            218.644330, 561.984536, 219.963918, 558.025773, 
            221.283505, 550.108247, 222.603093, 548.788660, 
            222.603093, 547.469072, 223.922680, 546.149485, 
            223.922680, 540.871134, 227.881443, 539.551546, 
