%YAML:1.0
    mask: !!opencv-matrix
        rows: 118
        cols: 2
        dt: f
        data: [ -1.000000, -1.000000, 724.293814, 
            706.891753, 722.974227, 705.572165, 697.902062, 
            660.706186, 692.623711, 652.788660, 672.829897, 
            618.479381, 667.551546, 610.561856, 655.675258, 
            592.087629, 655.675258, 590.768041, 649.077320, 
            561.737113, 637.201031, 532.706186, 635.881443, 
            520.829897, 634.561856, 510.273196, 634.561856, 
            507.634021, 633.242268, 485.201031, 633.242268, 
            477.283505, 635.881443, 472.005155, 638.520619, 
            472.005155, 649.077320, 475.963918, 656.994845, 
            479.922680, 676.788660, 498.396907, 700.541237, 
            519.510309, 721.654639, 531.386598, 730.891753, 
            532.706186, 755.963918, 516.871134, 770.479381, 
            495.757732, 773.118557, 491.798969, 771.798969, 
            486.520619, 755.963918, 474.644330, 753.324742, 
            473.324742, 732.211340, 468.046392, 724.293814, 
            461.448454, 736.170103, 442.974227, 737.489691, 
            442.974227, 755.963918, 437.695876, 784.994845, 
            435.056701, 786.314433, 435.056701, 790.273196, 
            435.056701, 807.427835, 440.335052, 816.664948, 
            440.335052, 833.819588, 421.860825, 844.376289, 
            416.582474, 868.128866, 431.097938, 885.283505, 
            444.293814, 885.283505, 445.613402, 893.201031, 
            457.489691, 928.829897, 503.675258, 932.788660, 
            507.634021, 977.654639, 548.541237, 978.974227, 
            549.860825, 980.293814, 560.417526, 981.613402, 
            563.056701, 981.613402, 565.695876, 986.891753, 
            584.170103, 986.891753, 600.005155, 978.974227, 
            635.634021, 965.778351, 676.541237, 961.819588, 
            687.097938, 960.500000, 693.695876, 960.500000, 
            696.335052, 959.180412, 697.654639, 957.860825, 
            697.654639, 957.860825, 698.974227, 957.860825, 
            701.613402, 957.860825, 702.932990, 956.541237, 
            704.252577, -1.000000, -1.000000, -1.000000, 
            -1.000000, 473.572165, 508.953608, 473.572165, 
            510.273196, 473.572165, 515.551546, 470.932990, 
            540.623711, 460.376289, 563.056701, 453.778351, 
            569.654639, 452.458763, 574.932990, 444.541237, 
            592.087629, 441.902062, 605.283505, 441.902062, 
            607.922680, 441.902062, 622.438144, 441.902062, 
            623.757732, 443.221649, 631.675258, 445.860825, 
            634.314433, 456.417526, 611.881443, 457.737113, 
            609.242268, 463.015464, 603.963918, 477.530928, 
            639.592784, 478.850515, 644.871134, 486.768041, 
            659.386598, 493.365979, 665.984536, 496.005155, 
            667.304124, 499.963918, 667.304124, 503.922680, 
            667.304124, 506.561856, 667.304124, 506.561856, 
            655.427835, 507.881443, 607.922680, 511.840206, 
            576.252577, 517.118557, 572.293814, 532.953608, 
            643.551546, 536.912371, 660.706186, 542.190722, 
            665.984536, 546.149485, 668.623711, 548.788660, 
            651.469072, 550.108247, 617.159794, 550.108247, 
            600.005155, 552.747423, 590.768041, 552.747423, 
            585.489691, 552.747423, 574.932990, 554.067010, 
            567.015464, 556.706186, 563.056701, 559.345361, 
            548.541237, 560.664948, 528.747423, 554.067010, 
            522.149485, 547.469072, 512.912371, 540.871134, 
            498.396907, 539.551546, 495.757732, 538.231959, 
            494.438144, 536.912371, 493.118557, 535.592784, 
            489.159794]
