%YAML:1.0
    mask: !!opencv-matrix
        rows: 523
        cols: 2
        dt: f
        data: [ 389.118557, 714.809278, 383.840206, 
            712.170103, 382.520619, 710.850515, 382.520619, 
            709.530928, 381.201031, 708.211340, 379.881443, 
            706.891753, 379.881443, 705.572165, 379.881443, 
            704.252577, 378.561856, 704.252577, 378.561856, 
            702.932990, 377.242268, 701.613402, 373.283505, 
            697.654639, 370.644330, 695.015464, 369.324742, 
            693.695876, 365.365979, 692.376289, 358.768041, 
            689.737113, 356.128866, 689.737113, 352.170103, 
            689.737113, 348.211340, 688.417526, 346.891753, 
            688.417526, 345.572165, 687.097938, 344.252577, 
            687.097938, 340.293814, 685.778351, 335.015464, 
            684.458763, 333.695876, 684.458763, 329.737113, 
            683.139175, 325.778351, 681.819588, 324.458763, 
            681.819588, 320.500000, 680.500000, 319.180412, 
            680.500000, 316.541237, 679.180412, 313.902062, 
            679.180412, 307.304124, 677.860825, 304.664948, 
            676.541237, 303.345361, 676.541237, 298.067010, 
            675.221649, 295.427835, 675.221649, 290.149485, 
            673.902062, 288.829897, 672.582474, 283.551546, 
            671.262887, 282.231959, 671.262887, 280.912371, 
            671.262887, 278.273196, 669.943299, 275.634021, 
            668.623711, 270.355670, 667.304124, 267.716495, 
            667.304124, 263.757732, 664.664948, 262.438144, 
            664.664948, 261.118557, 664.664948, 259.798969, 
            664.664948, 255.840206, 664.664948, 253.201031, 
            664.664948, 251.881443, 664.664948, 250.561856, 
            664.664948, 247.922680, 665.984536, 246.603093, 
            665.984536, 243.963918, 667.304124, 234.726804, 
            671.262887, 233.407216, 672.582474, 232.087629, 
            672.582474, 228.128866, 676.541237, 224.170103, 
            677.860825, 221.530928, 679.180412, 220.211340, 
            680.500000, 217.572165, 681.819588, 213.613402, 
            684.458763, 208.335052, 688.417526, 207.015464, 
            689.737113, 203.056701, 692.376289, 196.458763, 
            696.335052, 188.541237, 700.293814, 185.902062, 
            701.613402, 181.943299, 702.932990, 179.304124, 
            704.252577, 176.664948, 705.572165, 174.025773, 
            708.211340, 171.386598, 709.530928, 170.067010, 
            712.170103, 168.747423, 712.170103, 168.747423, 
            713.489691, 167.427835, 713.489691, -1.000000, 
            -1.000000, 819.304124, 713.489691, 814.025773, 
            709.530928, 811.386598, 705.572165, 807.427835, 
            700.293814, 800.829897, 691.056701, 792.912371, 
            679.180412, 787.634021, 668.623711, 784.994845, 
            664.664948, 783.675258, 663.345361, 781.036082, 
            658.067010, 781.036082, 656.747423, 779.716495, 
            652.788660, 779.716495, 651.469072, 778.396907, 
            646.190722, 777.077320, 642.231959, 775.757732, 
            638.273196, 775.757732, 634.314433, 774.438144, 
            631.675258, 773.118557, 625.077320, 770.479381, 
            618.479381, 770.479381, 615.840206, 769.159794, 
            614.520619, 763.881443, 607.922680, 757.283505, 
            605.283505, 752.005155, 602.644330, 728.252577, 
            596.046392, 716.376289, 593.407216, 713.737113, 
            592.087629, 707.139175, 590.768041, 703.180412, 
            589.448454, 701.860825, 589.448454, 696.582474, 
            586.809278, 691.304124, 582.850515, 688.664948, 
            582.850515, 688.664948, 581.530928, 687.345361, 
            581.530928, 687.345361, 580.211340, 687.345361, 
            578.891753, 687.345361, 577.572165, 689.984536, 
            576.252577, 695.262887, 576.252577, 696.582474, 
            576.252577, 703.180412, 574.932990, 704.500000, 
            574.932990, 708.458763, 574.932990, 709.778351, 
            574.932990, 717.695876, 574.932990, 721.654639, 
            574.932990, 725.613402, 574.932990, 728.252577, 
            573.613402, 730.891753, 573.613402, 737.489691, 
            572.293814, 738.809278, 572.293814, 742.768041, 
            570.974227, 746.726804, 570.974227, 748.046392, 
            569.654639, 749.365979, 569.654639, 750.685567, 
            569.654639, 752.005155, 569.654639, 753.324742, 
            568.335052, 753.324742, 567.015464, 753.324742, 
            565.695876, 754.644330, 565.695876, 754.644330, 
            564.376289, 754.644330, 563.056701, 754.644330, 
            561.737113, 754.644330, 559.097938, 754.644330, 
            557.778351, 753.324742, 556.458763, 752.005155, 
            555.139175, 750.685567, 553.819588, 745.407216, 
            551.180412, 742.768041, 551.180412, 734.850515, 
            551.180412, 722.974227, 548.541237, 720.335052, 
            548.541237, 713.737113, 547.221649, 709.778351, 
            545.902062, 707.139175, 544.582474, 703.180412, 
            544.582474, 697.902062, 544.582474, 695.262887, 
            544.582474, 691.304124, 544.582474, 689.984536, 
            543.262887, 688.664948, 543.262887, 686.025773, 
            541.943299, 684.706186, 541.943299, 683.386598, 
            541.943299, 682.067010, 540.623711, 680.747423, 
            539.304124, 680.747423, 536.664948, 679.427835, 
            534.025773, 679.427835, 531.386598, 679.427835, 
            527.427835, 679.427835, 523.469072, 679.427835, 
            522.149485, 678.108247, 520.829897, 678.108247, 
            519.510309, 676.788660, 518.190722, 676.788660, 
            516.871134, 672.829897, 514.231959, 671.510309, 
            512.912371, 668.871134, 511.592784, 667.551546, 
            511.592784, 666.231959, 510.273196, 663.592784, 
            508.953608, 660.953608, 507.634021, 659.634021, 
            506.314433, 658.314433, 506.314433, 655.675258, 
            503.675258, 655.675258, 502.355670, 655.675258, 
            499.716495, 655.675258, 498.396907, 655.675258, 
            497.077320, 655.675258, 495.757732, 655.675258, 
            494.438144, 655.675258, 491.798969, 655.675258, 
            490.479381, 658.314433, 489.159794, 663.592784, 
            487.840206, 666.231959, 486.520619, 674.149485, 
            485.201031, 678.108247, 485.201031, 683.386598, 
            485.201031, 686.025773, 485.201031, 688.664948, 
            483.881443, 695.262887, 483.881443, 697.902062, 
            483.881443, 704.500000, 483.881443, 709.778351, 
            482.561856, 713.737113, 481.242268, 722.974227, 
            479.922680, 725.613402, 479.922680, 729.572165, 
            478.603093, 730.891753, 478.603093, 732.211340, 
            478.603093, 737.489691, 478.603093, 738.809278, 
            478.603093, 740.128866, 478.603093, 741.448454, 
            475.963918, 742.768041, 475.963918, 742.768041, 
            474.644330, 742.768041, 473.324742, 742.768041, 
            472.005155, 742.768041, 470.685567, 742.768041, 
            469.365979, 740.128866, 468.046392, 737.489691, 
            466.726804, 736.170103, 466.726804, 736.170103, 
            465.407216, 733.530928, 465.407216, 729.572165, 
            462.768041, 728.252577, 462.768041, 726.932990, 
            461.448454, 726.932990, 460.128866, 725.613402, 
            458.809278, 724.293814, 458.809278, 722.974227, 
            458.809278, 720.335052, 457.489691, 720.335052, 
            456.170103, 719.015464, 454.850515, 717.695876, 
            453.530928, 717.695876, 452.211340, 716.376289, 
            450.891753, 715.056701, 448.252577, 713.737113, 
            446.932990, 713.737113, 445.613402, 712.417526, 
            444.293814, 712.417526, 442.974227, 711.097938, 
            441.654639, 711.097938, 440.335052, 711.097938, 
            439.015464, 712.417526, 437.695876, 715.056701, 
            436.376289, 717.695876, 436.376289, 719.015464, 
