%YAML:1.0
    mask: !!opencv-matrix
        rows: 631
        cols: 2
        dt: f
        data: [ -1.000000, -1.000000, 522.884106, 
            710.168874, 522.884106, 708.049669, 525.003311, 
            708.049669, 529.241722, 705.930464, 531.360927, 
            703.811258, 535.599338, 703.811258, 537.718543, 
            701.692053, 541.956954, 699.572848, 544.076159, 
            699.572848, 546.195364, 699.572848, 548.314570, 
            697.453642, 550.433775, 697.453642, 552.552980, 
            695.334437, 554.672185, 693.215232, 556.791391, 
            693.215232, 556.791391, 691.096026, 561.029801, 
            691.096026, 561.029801, 688.976821, 563.149007, 
            688.976821, 565.268212, 686.857616, 567.387417, 
            684.738411, 569.506623, 682.619205, 571.625828, 
            682.619205, 571.625828, 680.500000, 573.745033, 
            678.380795, 575.864238, 678.380795, 580.102649, 
            676.261589, 582.221854, 676.261589, 584.341060, 
            674.142384, 586.460265, 672.023179, 588.579470, 
            672.023179, 588.579470, 669.903974, 590.698675, 
            669.903974, 590.698675, 667.784768, 592.817881, 
            667.784768, 594.937086, 665.665563, 594.937086, 
            663.546358, 597.056291, 663.546358, 597.056291, 
            661.427152, 599.175497, 661.427152, 601.294702, 
            659.307947, 603.413907, 657.188742, 605.533113, 
            655.069536, 607.652318, 652.950331, 609.771523, 
            650.831126, 609.771523, 648.711921, 611.890728, 
            646.592715, 611.890728, 644.473510, 614.009934, 
            644.473510, 616.129139, 642.354305, 616.129139, 
            638.115894, 618.248344, 635.996689, 620.367550, 
            633.877483, 620.367550, 631.758278, 622.486755, 
            631.758278, 622.486755, 629.639073, 622.486755, 
            627.519868, 622.486755, 625.400662, 624.605960, 
            621.162252, 626.725166, 619.043046, 626.725166, 
            616.923841, 628.844371, 614.804636, 630.963576, 
            614.804636, 635.201987, 614.804636, 637.321192, 
            614.804636, 641.559603, 614.804636, 643.678808, 
            614.804636, 645.798013, 614.804636, 650.036424, 
            616.923841, 652.155629, 616.923841, 654.274834, 
            616.923841, 658.513245, 616.923841, 660.632450, 
            616.923841, 660.632450, 619.043046, 662.751656, 
            621.162252, 669.109272, 623.281457, 671.228477, 
            623.281457, 673.347682, 625.400662, 675.466887, 
            627.519868, 677.586093, 627.519868, 679.705298, 
            629.639073, 681.824503, 629.639073, 683.943709, 
            631.758278, 683.943709, 633.877483, 688.182119, 
            635.996689, 690.301325, 638.115894, 692.420530, 
            640.235099, 694.539735, 640.235099, 694.539735, 
            642.354305, 696.658940, 644.473510, 700.897351, 
            646.592715, 703.016556, 646.592715, 707.254967, 
            650.831126, 709.374172, 650.831126, 709.374172, 
            652.950331, 713.612583, 655.069536, 717.850993, 
            657.188742, 722.089404, 661.427152, 724.208609, 
            661.427152, 726.327815, 663.546358, 728.447020, 
            665.665563, 730.566225, 665.665563, 732.685430, 
            665.665563, 732.685430, 667.784768, 736.923841, 
            667.784768, 736.923841, 669.903974, 739.043046, 
            669.903974, 739.043046, 672.023179, 743.281457, 
            674.142384, 745.400662, 674.142384, 747.519868, 
            676.261589, 749.639073, 676.261589, 751.758278, 
            678.380795, 753.877483, 680.500000, 755.996689, 
            680.500000, 760.235099, 682.619205, 760.235099, 
            684.738411, 762.354305, 684.738411, 766.592715, 
            686.857616, 768.711921, 686.857616, 770.831126, 
            686.857616, 772.950331, 688.976821, 775.069536, 
            691.096026, 777.188742, 691.096026, 779.307947, 
            693.215232, 781.427152, 693.215232, 783.546358, 
            695.334437, 785.665563, 697.453642, 789.903974, 
            699.572848, 792.023179, 699.572848, 792.023179, 
            701.692053, 794.142384, 701.692053, 796.261589, 
            703.811258, 798.380795, 705.930464, 800.500000, 
            708.049669, 802.619205, 712.288079, 804.738411, 
            714.407285, 804.738411, 716.526490, -1.000000, 
            -1.000000, 813.215232, 402.884106, 811.096026, 
            402.884106, 808.976821, 402.884106, 806.857616, 
            402.884106, 804.738411, 402.884106, 802.619205, 
            402.884106, 800.500000, 402.884106, 798.380795, 
            402.884106, 796.261589, 402.884106, 794.142384, 
            402.884106, 792.023179, 402.884106, 789.903974, 
            402.884106, 787.784768, 402.884106, 785.665563, 
            402.884106, 783.546358, 402.884106, 781.427152, 
            402.884106, 779.307947, 402.884106, 777.188742, 
            402.884106, 775.069536, 402.884106, 772.950331, 
            402.884106, 770.831126, 402.884106, 768.711921, 
            405.003311, 766.592715, 405.003311, 764.473510, 
            405.003311, 755.996689, 405.003311, 753.877483, 
            405.003311, 749.639073, 405.003311, 747.519868, 
            405.003311, 745.400662, 405.003311, 743.281457, 
            405.003311, 739.043046, 407.122517, 734.804636, 
            409.241722, 732.685430, 409.241722, 728.447020, 
            411.360927, 726.327815, 411.360927, 726.327815, 
            413.480132, 724.208609, 413.480132, 724.208609, 
            415.599338, 724.208609, 417.718543, 724.208609, 
            419.837748, 724.208609, 421.956954, 724.208609, 
            424.076159, 724.208609, 426.195364, 724.208609, 
            428.314570, 724.208609, 430.433775, 722.089404, 
            430.433775, 722.089404, 432.552980, 722.089404, 
            434.672185, 719.970199, 436.791391, 717.850993, 
            438.910596, 715.731788, 441.029801, 715.731788, 
            443.149007, 713.612583, 445.268212, 713.612583, 
            447.387417, 711.493377, 449.506623, 709.374172, 
            451.625828, 709.374172, 453.745033, 707.254967, 
            457.983444, 705.135762, 460.102649, 705.135762, 
            462.221854, 705.135762, 464.341060, 705.135762, 
            466.460265, 705.135762, 468.579470, 705.135762, 
            470.698675, 705.135762, 472.817881, 705.135762, 
            474.937086, 705.135762, 477.056291, 705.135762, 
            479.175497, 705.135762, 481.294702, 705.135762, 
            483.413907, 705.135762, 487.652318, 705.135762, 
            489.771523, 705.135762, 491.890728, 707.254967, 
            494.009934, 707.254967, 496.129139, 707.254967, 
            498.248344, 707.254967, 500.367550, 709.374172, 
            502.486755, 709.374172, 504.605960, 709.374172, 
            506.725166, 709.374172, 508.844371, 709.374172, 
            510.963576, 709.374172, 513.082781, 709.374172, 
            515.201987, 709.374172, 517.321192, 709.374172, 
            519.440397, 709.374172, 521.559603, 709.374172, 
            523.678808, 709.374172, 525.798013, 711.493377, 
            525.798013, 711.493377, 527.917219, 713.612583, 
            530.036424, 715.731788, 530.036424, 715.731788, 
            532.155629, 717.850993, 532.155629, 717.850993, 
            534.274834, 719.970199, 534.274834, 719.970199, 
            536.394040, 722.089404, 538.513245, 724.208609, 
            538.513245, 726.327815, 540.632450, 728.447020, 
            542.751656, 730.566225, 542.751656, 730.566225, 
            544.870861, 732.685430, 544.870861, 734.804636, 
            544.870861, 736.923841, 546.990066, 739.043046, 
            546.990066, 743.281457, 549.109272, 745.400662, 
            549.109272, 747.519868, 549.109272, 749.639073, 
            549.109272, 753.877483, 551.228477, 758.115894, 
            553.347682, 760.235099, 553.347682, 764.473510, 
            553.347682, 766.592715, 555.466887, 768.711921, 
