%YAML:1.0
    mask: !!opencv-matrix
        rows: 421
        cols: 2
        dt: f
        data: [ 263.757732, 718.768041, 267.716495, 
            716.128866, 276.953608, 709.530928, 279.592784, 
            706.891753, 287.510309, 704.252577, 290.149485, 
            701.613402, 292.788660, 698.974227, 294.108247, 
            697.654639, 304.664948, 691.056701, 309.943299, 
            689.737113, 315.221649, 687.097938, 316.541237, 
            687.097938, 317.860825, 685.778351, 321.819588, 
            684.458763, 328.417526, 683.139175, 337.654639, 
            680.500000, 346.891753, 677.860825, 349.530928, 
            676.541237, 352.170103, 676.541237, 357.448454, 
            675.221649, 360.087629, 675.221649, 362.726804, 
            673.902062, 370.644330, 669.943299, 373.283505, 
            667.304124, 373.283505, 665.984536, 374.603093, 
            663.345361, 375.922680, 663.345361, 375.922680, 
            660.706186, 377.242268, 655.427835, 378.561856, 
            651.469072, 373.283505, 647.510309, 366.685567, 
            643.551546, 360.087629, 640.912371, 357.448454, 
            640.912371, 356.128866, 640.912371, 354.809278, 
            640.912371, 349.530928, 640.912371, 342.932990, 
            640.912371, 338.974227, 642.231959, 329.737113, 
            646.190722, 319.180412, 648.829897, 316.541237, 
            650.149485, 309.943299, 652.788660, 294.108247, 
            658.067010, 283.551546, 660.706186, 275.634021, 
            663.345361, 259.798969, 669.943299, 255.840206, 
            671.262887, 251.881443, 672.582474, 241.324742, 
            677.860825, 236.046392, 679.180412, 234.726804, 
            679.180412, 233.407216, 679.180412, 232.087629, 
            679.180412, 228.128866, 679.180412, 220.211340, 
            679.180412, 216.252577, 679.180412, 213.613402, 
            679.180412, 209.654639, 677.860825, 208.335052, 
            672.582474, 208.335052, 669.943299, 208.335052, 
            667.304124, 208.335052, 664.664948, 208.335052, 
            660.706186, 213.613402, 648.829897, 220.211340, 
            643.551546, 222.850515, 640.912371, 228.128866, 
            636.953608, 229.448454, 634.314433, 230.768041, 
            630.355670, 237.365979, 621.118557, 242.644330, 
            609.242268, 243.963918, 609.242268, 253.201031, 
            607.922680, 259.798969, 605.283505, 269.036082, 
            605.283505, 271.675258, 605.283505, 280.912371, 
            605.283505, 290.149485, 605.283505, 299.386598, 
            605.283505, 308.623711, 606.603093, 315.221649, 
            606.603093, 328.417526, 606.603093, 336.335052, 
            607.922680, 342.932990, 609.242268, 350.850515, 
            610.561856, 358.768041, 615.840206, 361.407216, 
            615.840206, 364.046392, 617.159794, 366.685567, 
            617.159794, 369.324742, 615.840206, 371.963918, 
            614.520619, 373.283505, 610.561856, 375.922680, 
            610.561856, 379.881443, 609.242268, 382.520619, 
            609.242268, 387.798969, 609.242268, 389.118557, 
            609.242268, 391.757732, 609.242268, 393.077320, 
            609.242268, 393.077320, 607.922680, 393.077320, 
            606.603093, 393.077320, 605.283505, 393.077320, 
            603.963918, 391.757732, 600.005155, 383.840206, 
            594.726804, 375.922680, 590.768041, 371.963918, 
            589.448454, 360.087629, 585.489691, 354.809278, 
            581.530928, 344.252577, 574.932990, 336.335052, 
            570.974227, 332.376289, 568.335052, 325.778351, 
            564.376289, 317.860825, 560.417526, 309.943299, 
            555.139175, 307.304124, 552.500000, 302.025773, 
            543.262887, 295.427835, 536.664948, 292.788660, 
            532.706186, 292.788660, 531.386598, 284.871134, 
            527.427835, 280.912371, 523.469072, 270.355670, 
            514.231959, 266.396907, 510.273196, 265.077320, 
            508.953608, 263.757732, 508.953608, 262.438144, 
            508.953608, 259.798969, 508.953608, 254.520619, 
            510.273196, 250.561856, 511.592784, 247.922680, 
            512.912371, 236.046392, 516.871134, 230.768041, 
            516.871134, 224.170103, 516.871134, 221.530928, 
            516.871134, 214.932990, 518.190722, 208.335052, 
            518.190722, 197.778351, 518.190722, 195.139175, 
            519.510309, 191.180412, 519.510309, 181.943299, 
            522.149485, 170.067010, 526.108247, 168.747423, 
            526.108247, 160.829897, 530.067010, 147.634021, 
            534.025773, 141.036082, 539.304124, 131.798969, 
            543.262887, 129.159794, 544.582474, 121.242268, 
            547.221649, 118.603093, 547.221649, 108.046392, 
            552.500000, 105.407216, 553.819588, 102.768041, 
            556.458763, 100.128866, 557.778351, 93.530928, 
            561.737113, 89.572165, 561.737113, 86.932990, 
            561.737113, 79.015464, 568.335052, 68.458763, 
            574.932990, 56.582474, 584.170103, 52.623711, 
            586.809278, 48.664948, 588.128866, 48.664948, 
            589.448454, 47.345361, 590.768041, 40.747423, 
            597.365979, 31.510309, 603.963918, 23.592784, 
            610.561856, 15.675258, 618.479381, 14.355670, 
            621.118557, 6.438144, 632.994845, 1.159794, 
            643.551546, 1.159794, 705.572165, 2.479381, 
            713.489691, 2.479381, 714.809278, 3.798969, 
            716.128866, 3.798969, 717.448454, 3.798969, 
            718.768041, -1.000000, -1.000000, -1.000000, 
            -1.000000, 598.932990, 161.902062, 594.974227, 
            169.819588, 592.335052, 173.778351, 581.778351, 
            185.654639, 576.500000, 188.293814, 575.180412, 
            190.932990, 573.860825, 190.932990, 572.541237, 
            190.932990, 571.221649, 192.252577, 567.262887, 
            194.891753, 564.623711, 197.530928, 560.664948, 
            200.170103, 559.345361, 201.489691, 556.706186, 
            204.128866, 556.706186, 205.448454, 552.747423, 
            210.726804, 550.108247, 214.685567, 548.788660, 
            216.005155, 548.788660, 217.324742, 548.788660, 
            218.644330, 548.788660, 222.603093, 548.788660, 
            223.922680, 550.108247, 225.242268, 564.623711, 
            234.479381, 567.262887, 237.118557, 569.902062, 
            239.757732, 572.541237, 242.396907, 573.860825, 
            243.716495, 575.180412, 243.716495, 575.180412, 
            245.036082, 576.500000, 245.036082, 581.778351, 
            248.994845, 588.376289, 254.273196, 591.015464, 
            255.592784, 592.335052, 255.592784, 592.335052, 
            256.912371, 593.654639, 258.231959, 594.974227, 
            260.871134, 598.932990, 266.149485, 600.252577, 
            266.149485, 601.572165, 266.149485, 601.572165, 
            267.469072, 602.891753, 267.469072, 604.211340, 
            267.469072, 605.530928, 267.469072, 609.489691, 
            266.149485, 614.768041, 266.149485, 621.365979, 
            266.149485, 625.324742, 267.469072, 630.603093, 
            271.427835, 630.603093, 272.747423, 633.242268, 
            274.067010, 638.520619, 278.025773, 642.479381, 
            279.345361, 643.798969, 279.345361, 646.438144, 
            279.345361, 647.757732, 279.345361, 649.077320, 
            279.345361, 651.716495, 278.025773, 654.355670, 
            274.067010, 658.314433, 266.149485, 660.953608, 
            264.829897, 662.273196, 263.510309, 668.871134, 
            260.871134, 668.871134, 259.551546, 670.190722, 
            258.231959, 671.510309, 258.231959, 676.788660, 
            256.912371, 679.427835, 255.592784, 682.067010, 
            255.592784, 683.386598, 254.273196, 686.025773, 
            254.273196, 688.664948, 251.634021, 692.623711, 
            250.314433, 695.262887, 248.994845, 697.902062, 
            246.355670, 699.221649, 246.355670, 699.221649, 
            245.036082, 699.221649, 243.716495, 699.221649, 
