%YAML:1.0
    mask: !!opencv-matrix
        rows: 796
        cols: 2
        dt: f
        data: [ -1.000000, -1.000000, 707.254967, 
            703.811258, 707.254967, 701.692053, 707.254967, 
            699.572848, 705.135762, 699.572848, 703.016556, 
            697.453642, 703.016556, 695.334437, 700.897351, 
            695.334437, 700.897351, 693.215232, 698.778146, 
            693.215232, 698.778146, 691.096026, 696.658940, 
            691.096026, 694.539735, 688.976821, 694.539735, 
            686.857616, 692.420530, 686.857616, 690.301325, 
            684.738411, 688.182119, 682.619205, 686.062914, 
            682.619205, 683.943709, 680.500000, 683.943709, 
            678.380795, 681.824503, 678.380795, 679.705298, 
            676.261589, 677.586093, 674.142384, 675.466887, 
            672.023179, 671.228477, 667.784768, 669.109272, 
            665.665563, 669.109272, 663.546358, 666.990066, 
            661.427152, 666.990066, 659.307947, 664.870861, 
            659.307947, 662.751656, 657.188742, 662.751656, 
            655.069536, 660.632450, 652.950331, 660.632450, 
            650.831126, 660.632450, 648.711921, 660.632450, 
            646.592715, 660.632450, 644.473510, 660.632450, 
            642.354305, 660.632450, 640.235099, 658.513245, 
            640.235099, 658.513245, 638.115894, 658.513245, 
            635.996689, 658.513245, 633.877483, 658.513245, 
            631.758278, 656.394040, 629.639073, 654.274834, 
            627.519868, 654.274834, 625.400662, 652.155629, 
            623.281457, 650.036424, 621.162252, 647.917219, 
            621.162252, 645.798013, 619.043046, 643.678808, 
            619.043046, 641.559603, 616.923841, 639.440397, 
            616.923841, 637.321192, 616.923841, 635.201987, 
            616.923841, 630.963576, 614.804636, 628.844371, 
            614.804636, 622.486755, 612.685430, 618.248344, 
            610.566225, 616.129139, 610.566225, 614.009934, 
            608.447020, 609.771523, 608.447020, 607.652318, 
            606.327815, 605.533113, 604.208609, 603.413907, 
            604.208609, 603.413907, 602.089404, 601.294702, 
            599.970199, 601.294702, 597.850993, 601.294702, 
            595.731788, 601.294702, 593.612583, 601.294702, 
            591.493377, 603.413907, 589.374172, 605.533113, 
            587.254967, 607.652318, 587.254967, 609.771523, 
            585.135762, 611.890728, 583.016556, 614.009934, 
            580.897351, 616.129139, 580.897351, 620.367550, 
            578.778146, 624.605960, 574.539735, 626.725166, 
            574.539735, 626.725166, 572.420530, 628.844371, 
            570.301325, 628.844371, 568.182119, 628.844371, 
            566.062914, 626.725166, 563.943709, 624.605960, 
            563.943709, 622.486755, 561.824503, 622.486755, 
            559.705298, 622.486755, 557.586093, 620.367550, 
            555.466887, 620.367550, 553.347682, 618.248344, 
            551.228477, 616.129139, 551.228477, 616.129139, 
            549.109272, 614.009934, 546.990066, 611.890728, 
            542.751656, 609.771523, 540.632450, 607.652318, 
            536.394040, 607.652318, 534.274834, 607.652318, 
            532.155629, 607.652318, 530.036424, 607.652318, 
            527.917219, 605.533113, 525.798013, 605.533113, 
            523.678808, 601.294702, 519.440397, 599.175497, 
            517.321192, 599.175497, 515.201987, 597.056291, 
            515.201987, 594.937086, 510.963576, 594.937086, 
            508.844371, 592.817881, 504.605960, 590.698675, 
            498.248344, 588.579470, 496.129139, 588.579470, 
            494.009934, 588.579470, 491.890728, 588.579470, 
            489.771523, 588.579470, 487.652318, 588.579470, 
            485.533113, 588.579470, 483.413907, 588.579470, 
            481.294702, 590.698675, 481.294702, 590.698675, 
            479.175497, 592.817881, 479.175497, 594.937086, 
            479.175497, 597.056291, 479.175497, 599.175497, 
            479.175497, 601.294702, 479.175497, 603.413907, 
            479.175497, 605.533113, 479.175497, 607.652318, 
            479.175497, 609.771523, 479.175497, 611.890728, 
            479.175497, 614.009934, 479.175497, 614.009934, 
            481.294702, 616.129139, 481.294702, 618.248344, 
            481.294702, 620.367550, 483.413907, 622.486755, 
            485.533113, 624.605960, 485.533113, 626.725166, 
            485.533113, 626.725166, 487.652318, 628.844371, 
            487.652318, 633.082781, 489.771523, 635.201987, 
            489.771523, 635.201987, 491.890728, 637.321192, 
            491.890728, 639.440397, 494.009934, 639.440397, 
            496.129139, 641.559603, 498.248344, 643.678808, 
            500.367550, 643.678808, 502.486755, 643.678808, 
            504.605960, 645.798013, 506.725166, 647.917219, 
            506.725166, 647.917219, 504.605960, 650.036424, 
            502.486755, 650.036424, 500.367550, 650.036424, 
            498.248344, 652.155629, 498.248344, 652.155629, 
            496.129139, 652.155629, 494.009934, 654.274834, 
            491.890728, 654.274834, 489.771523, 656.394040, 
            487.652318, 656.394040, 485.533113, 656.394040, 
            483.413907, 658.513245, 481.294702, 658.513245, 
            479.175497, 658.513245, 477.056291, 660.632450, 
            474.937086, 660.632450, 472.817881, 662.751656, 
            470.698675, 662.751656, 468.579470, 662.751656, 
            466.460265, 662.751656, 464.341060, 662.751656, 
            462.221854, 662.751656, 460.102649, 662.751656, 
            457.983444, 662.751656, 455.864238, 662.751656, 
            453.745033, 662.751656, 451.625828, 664.870861, 
            447.387417, 664.870861, 445.268212, 664.870861, 
            443.149007, 664.870861, 441.029801, 666.990066, 
            438.910596, 666.990066, 436.791391, 669.109272, 
            434.672185, 669.109272, 432.552980, 669.109272, 
            430.433775, 669.109272, 428.314570, 673.347682, 
            424.076159, 675.466887, 421.956954, 677.586093, 
            421.956954, 679.705298, 421.956954, 681.824503, 
            421.956954, 683.943709, 421.956954, 686.062914, 
            421.956954, 688.182119, 421.956954, 690.301325, 
            421.956954, 692.420530, 421.956954, 694.539735, 
            421.956954, 696.658940, 421.956954, 700.897351, 
            421.956954, 705.135762, 421.956954, 707.254967, 
            421.956954, 709.374172, 424.076159, 711.493377, 
            426.195364, 713.612583, 426.195364, 715.731788, 
            426.195364, 715.731788, 428.314570, 717.850993, 
            428.314570, 719.970199, 428.314570, 722.089404, 
            428.314570, 722.089404, 430.433775, 724.208609, 
            430.433775, 726.327815, 432.552980, 728.447020, 
            434.672185, 730.566225, 434.672185, 730.566225, 
            436.791391, 732.685430, 436.791391, 732.685430, 
            438.910596, 734.804636, 438.910596, 736.923841, 
            441.029801, 739.043046, 443.149007, 741.162252, 
            445.268212, 743.281457, 445.268212, 743.281457, 
            447.387417, 745.400662, 447.387417, 747.519868, 
            449.506623, 749.639073, 451.625828, 751.758278, 
            451.625828, 751.758278, 453.745033, 753.877483, 
            453.745033, 755.996689, 455.864238, 755.996689, 
            457.983444, 760.235099, 457.983444, 760.235099, 
            460.102649, 764.473510, 462.221854, 766.592715, 
            462.221854, 768.711921, 464.341060, 772.950331, 
            466.460265, 775.069536, 466.460265, 777.188742, 
            468.579470, 777.188742, 470.698675, 781.427152, 
            470.698675, 783.546358, 472.817881, 785.665563, 
            472.817881, 787.784768, 474.937086, 787.784768, 
            477.056291, 789.903974, 477.056291, 792.023179, 
            479.175497, 794.142384, 479.175497, 794.142384, 
            481.294702, 796.261589, 481.294702, 796.261589, 
