%YAML:1.0
    mask: !!opencv-matrix
        rows: 337
        cols: 2
        dt: f
        data: [ 64.500000, 709.530928, 69.778351, 
            708.211340, 80.335052, 701.613402, 90.891753, 
            698.974227, 100.128866, 693.695876, 104.087629, 
            691.056701, 108.046392, 685.778351, 114.644330, 
            677.860825, 115.963918, 675.221649, 117.283505, 
            672.582474, 118.603093, 669.943299, 123.881443, 
            659.386598, 129.159794, 648.829897, 137.077320, 
            638.273196, 142.355670, 634.314433, 147.634021, 
            630.355670, 150.273196, 627.716495, 158.190722, 
            622.438144, 163.469072, 618.479381, 167.427835, 
            615.840206, 170.067010, 614.520619, 176.664948, 
            611.881443, 183.262887, 609.242268, 195.139175, 
            603.963918, 205.695876, 594.726804, 213.613402, 
            589.448454, 217.572165, 588.128866, 220.211340, 
            585.489691, 228.128866, 581.530928, 233.407216, 
            578.891753, 240.005155, 572.293814, 245.283505, 
            569.654639, 251.881443, 565.695876, 254.520619, 
            561.737113, 257.159794, 560.417526, 258.479381, 
            559.097938, 259.798969, 557.778351, 259.798969, 
            553.819588, 259.798969, 547.221649, 258.479381, 
            544.582474, 254.520619, 530.067010, 254.520619, 
            527.427835, 253.201031, 524.788660, 250.561856, 
            519.510309, 250.561856, 518.190722, 250.561856, 
            515.551546, 250.561856, 512.912371, 249.242268, 
            512.912371, 246.603093, 511.592784, 242.644330, 
            510.273196, 236.046392, 507.634021, 236.046392, 
            506.314433, 233.407216, 506.314433, 226.809278, 
            503.675258, 222.850515, 503.675258, 221.530928, 
            502.355670, 213.613402, 501.036082, 208.335052, 
            499.716495, 201.737113, 499.716495, 197.778351, 
            499.716495, 191.180412, 499.716495, 187.221649, 
            499.716495, 183.262887, 499.716495, 171.386598, 
            499.716495, 159.510309, 498.396907, 138.396907, 
            494.438144, 113.324742, 489.159794, 109.365979, 
            489.159794, 96.170103, 486.520619, 92.211340, 
            486.520619, 82.974227, 486.520619, 71.097938, 
            486.520619, 64.500000, 486.520619, 56.582474, 
            486.520619, 48.664948, 487.840206, 31.510309, 
            493.118557, 22.273196, 497.077320, 16.994845, 
            498.396907, 10.396907, 499.716495, 5.118557, 
            503.675258, 1.159794, 506.314433, 2.479381, 
            668.623711, 3.798969, 679.180412, 5.118557, 
            685.778351, 5.118557, 689.737113, 5.118557, 
            692.376289, 7.757732, 696.335052, 7.757732, 
            698.974227, 15.675258, 712.170103, 15.675258, 
            714.809278, 16.994845, 718.768041, 42.067010, 
            718.768041, 44.706186, 718.768041, 46.025773, 
            718.768041, 49.984536, 718.768041, 53.943299, 
            718.768041, -1.000000, -1.000000, -1.000000, 
            -1.000000, 953.902062, 194.891753, 944.664948, 
            198.850515, 932.788660, 202.809278, 922.231959, 
            208.087629, 916.953608, 209.407216, 912.994845, 
            212.046392, 906.396907, 216.005155, 898.479381, 
            221.283505, 895.840206, 222.603093, 889.242268, 
            225.242268, 885.283505, 229.201031, 878.685567, 
            231.840206, 873.407216, 235.798969, 866.809278, 
            239.757732, 856.252577, 243.716495, 837.778351, 
            252.953608, 832.500000, 254.273196, 824.582474, 
            259.551546, 816.664948, 268.788660, 815.345361, 
            271.427835, 808.747423, 276.706186, 804.788660, 
            284.623711, 799.510309, 289.902062, 798.190722, 
            293.860825, 795.551546, 299.139175, 791.592784, 
            301.778351, 790.273196, 304.417526, 786.314433, 
            309.695876, 784.994845, 314.974227, 783.675258, 
            320.252577, 781.036082, 322.891753, 781.036082, 
            325.530928, 781.036082, 326.850515, 781.036082, 
            328.170103, 787.634021, 328.170103, 790.273196, 
            328.170103, 794.231959, 328.170103, 798.190722, 
            328.170103, 807.427835, 320.252577, 815.345361, 
            312.335052, 823.262887, 305.737113, 831.180412, 
            300.458763, 832.500000, 299.139175, 837.778351, 
            295.180412, 850.974227, 291.221649, 853.613402, 
            291.221649, 854.932990, 291.221649, 857.572165, 
            291.221649, 860.211340, 292.541237, 865.489691, 
            300.458763, 870.768041, 304.417526, 870.768041, 
            305.737113, 870.768041, 320.252577, 870.768041, 
            334.768041, 870.768041, 341.365979, 868.128866, 
            353.242268, 865.489691, 359.840206, 862.850515, 
            363.798969, 861.530928, 365.118557, 856.252577, 
            369.077320, 853.613402, 371.716495, 849.654639, 
            373.036082, 845.695876, 375.675258, 840.417526, 
            378.314433, 835.139175, 379.634021, 828.541237, 
            382.273196, 819.304124, 383.592784, 815.345361, 
            383.592784, 810.067010, 383.592784, 807.427835, 
            383.592784, 804.788660, 383.592784, 799.510309, 
            383.592784, 796.871134, 384.912371, 792.912371, 
            384.912371, 791.592784, 386.231959, 788.953608, 
            387.551546, 779.716495, 390.190722, 775.757732, 
            392.829897, 774.438144, 396.788660, 773.118557, 
            398.108247, 770.479381, 403.386598, 767.840206, 
            411.304124, 766.520619, 415.262887, 766.520619, 
            416.582474, 766.520619, 417.902062, 766.520619, 
            420.541237, 766.520619, 423.180412, 766.520619, 
            424.500000, 766.520619, 425.819588, 769.159794, 
            428.458763, 769.159794, 429.778351, 775.757732, 
            429.778351, 779.716495, 429.778351, 782.355670, 
            429.778351, 786.314433, 429.778351, 787.634021, 
            429.778351, 792.912371, 429.778351, 796.871134, 
            427.139175, 815.345361, 425.819588, 819.304124, 
            425.819588, 832.500000, 425.819588, 839.097938, 
            425.819588, 847.015464, 424.500000, 853.613402, 
            423.180412, 862.850515, 420.541237, 874.726804, 
            415.262887, 881.324742, 412.623711, 883.963918, 
            411.304124, 886.603093, 409.984536, 893.201031, 
            407.345361, 906.396907, 400.747423, 910.355670, 
            398.108247, 915.634021, 392.829897, 927.510309, 
            386.231959, 932.788660, 382.273196, 939.386598, 
            378.314433, 945.984536, 375.675258, 947.304124, 
            374.355670, 951.262887, 371.716495, 953.902062, 
            369.077320, 957.860825, 366.438144, 960.500000, 
            362.479381, 963.139175, 358.520619, 965.778351, 
            354.561856, 967.097938, 350.603093, 968.417526, 
            346.644330, 968.417526, 332.128866, 969.737113, 
            324.211340, 972.376289, 313.654639, 973.695876, 
            308.376289, 980.293814, 295.180412, 981.613402, 
            292.541237, 986.891753, 281.984536, 989.530928, 
            278.025773, 994.809278, 267.469072, 997.448454, 
            255.592784, 1000.087629, 251.634021, 1002.726804, 
            246.355670, 1002.726804, 245.036082, -1.000000, 
            -1.000000, 580.458763, 197.530928, 577.819588, 
            204.128866, 572.541237, 210.726804, 569.902062, 
            214.685567, 569.902062, 217.324742, 567.262887, 
            223.922680, 565.943299, 227.881443, 564.623711, 
            231.840206, 563.304124, 237.118557, 561.984536, 
            242.396907, 560.664948, 247.675258, 560.664948, 
            258.231959, 560.664948, 266.149485, 560.664948, 
            275.386598, 560.664948, 279.345361, 561.984536, 
            281.984536, 563.304124, 284.623711, 565.943299, 
            287.262887, 572.541237, 293.860825, 577.819588, 
            300.458763, 583.097938, 308.376289, 587.056701, 
