%YAML:1.0
    mask: !!opencv-matrix
        rows: 806
        cols: 2
        dt: f
        data: [ 438.115894, 654.009934, 440.235099, 
            654.009934, 440.235099, 658.248344, 438.115894, 
            658.248344, 435.996689, 660.367550, 433.877483, 
            662.486755, 431.758278, 664.605960, 431.758278, 
            666.725166, 429.639073, 666.725166, 427.519868, 
            668.844371, 425.400662, 670.963576, 423.281457, 
            670.963576, 421.162252, 673.082781, 419.043046, 
            673.082781, 416.923841, 673.082781, 414.804636, 
            675.201987, 412.685430, 675.201987, 410.566225, 
            675.201987, 408.447020, 675.201987, 408.447020, 
            677.321192, 406.327815, 677.321192, 406.327815, 
            679.440397, 404.208609, 679.440397, 402.089404, 
            679.440397, 399.970199, 681.559603, 399.970199, 
            683.678808, 397.850993, 683.678808, 395.731788, 
            685.798013, 393.612583, 687.917219, 391.493377, 
            690.036424, 389.374172, 690.036424, 387.254967, 
            692.155629, 385.135762, 694.274834, 383.016556, 
            696.394040, 380.897351, 698.513245, 378.778146, 
            700.632450, 376.658940, 702.751656, 374.539735, 
            704.870861, 372.420530, 706.990066, 370.301325, 
            709.109272, 368.182119, 711.228477, 366.062914, 
            713.347682, 366.062914, 715.466887, 368.182119, 
            717.586093, 370.301325, 717.586093, 372.420530, 
            717.586093, 374.539735, 719.705298, 376.658940, 
            719.705298, 378.778146, 719.705298, 380.897351, 
            719.705298, 383.016556, 719.705298, 387.254967, 
            719.705298, 389.374172, 719.705298, 391.493377, 
            719.705298, 393.612583, 719.705298, 397.850993, 
            719.705298, 399.970199, 719.705298, 404.208609, 
            719.705298, 406.327815, 719.705298, 410.566225, 
            719.705298, 412.685430, 719.705298, 414.804636, 
            719.705298, 416.923841, 719.705298, 419.043046, 
            719.705298, 421.162252, 719.705298, 423.281457, 
            719.705298, 425.400662, 719.705298, 427.519868, 
            719.705298, 429.639073, 719.705298, 431.758278, 
            719.705298, 433.877483, 719.705298, 435.996689, 
            719.705298, 438.115894, 719.705298, 440.235099, 
            719.705298, 442.354305, 719.705298, 444.473510, 
            719.705298, 446.592715, 719.705298, 446.592715, 
            717.586093, 446.592715, 715.466887, 446.592715, 
            713.347682, 446.592715, 711.228477, 446.592715, 
            709.109272, 444.473510, 706.990066, 444.473510, 
            704.870861, 444.473510, 702.751656, 444.473510, 
            700.632450, 444.473510, 698.513245, 442.354305, 
            698.513245, 442.354305, 696.394040, 442.354305, 
            694.274834, 440.235099, 694.274834, 440.235099, 
            692.155629, 440.235099, 690.036424, 440.235099, 
            687.917219, 440.235099, 685.798013, 440.235099, 
            683.678808, 438.115894, 683.678808, 438.115894, 
            681.559603, 438.115894, 679.440397, 438.115894, 
            677.321192, 438.115894, 675.201987, 438.115894, 
            673.082781, 438.115894, 670.963576, 438.115894, 
            668.844371, 438.115894, 666.725166, 438.115894, 
            664.605960, 438.115894, 662.486755, 438.115894, 
            660.367550, 438.115894, 658.248344, 440.235099, 
            656.129139, 440.235099, 654.009934, -1.000000, 
            -1.000000, 567.387417, 509.903974, 569.506623, 
            509.903974, 573.745033, 509.903974, 575.864238, 
            509.903974, 577.983444, 512.023179, 580.102649, 
            514.142384, 582.221854, 516.261589, 584.341060, 
            516.261589, 586.460265, 518.380795, 586.460265, 
            520.500000, 588.579470, 520.500000, 588.579470, 
            522.619205, 590.698675, 522.619205, 590.698675, 
            524.738411, 592.817881, 526.857616, 594.937086, 
            528.976821, 597.056291, 531.096026, 599.175497, 
            533.215232, 599.175497, 535.334437, 601.294702, 
            535.334437, 601.294702, 537.453642, 603.413907, 
            539.572848, 605.533113, 541.692053, 605.533113, 
            543.811258, 607.652318, 545.930464, 609.771523, 
            545.930464, 609.771523, 548.049669, 611.890728, 
            550.168874, 611.890728, 552.288079, 614.009934, 
            552.288079, 614.009934, 554.407285, 616.129139, 
            556.526490, 616.129139, 558.645695, 618.248344, 
            562.884106, 620.367550, 565.003311, 620.367550, 
            567.122517, 620.367550, 569.241722, 622.486755, 
            571.360927, 624.605960, 575.599338, 626.725166, 
            575.599338, 626.725166, 577.718543, 626.725166, 
            579.837748, 628.844371, 581.956954, 628.844371, 
            584.076159, 630.963576, 584.076159, 630.963576, 
            586.195364, 633.082781, 586.195364, 633.082781, 
            590.433775, 635.201987, 590.433775, 635.201987, 
            592.552980, 637.321192, 592.552980, 637.321192, 
            594.672185, 639.440397, 596.791391, 641.559603, 
            596.791391, 641.559603, 598.910596, 643.678808, 
            601.029801, 643.678808, 603.149007, 645.798013, 
            603.149007, 645.798013, 605.268212, 647.917219, 
            605.268212, 650.036424, 607.387417, 652.155629, 
            607.387417, 652.155629, 609.506623, 654.274834, 
            609.506623, 656.394040, 611.625828, 658.513245, 
            611.625828, 660.632450, 611.625828, 662.751656, 
            611.625828, 664.870861, 611.625828, 664.870861, 
            613.745033, 666.990066, 613.745033, 669.109272, 
            613.745033, 669.109272, 615.864238, 671.228477, 
            615.864238, 673.347682, 615.864238, 675.466887, 
            615.864238, 677.586093, 615.864238, 679.705298, 
            615.864238, 681.824503, 617.983444, 683.943709, 
            617.983444, 686.062914, 617.983444, 688.182119, 
            617.983444, 690.301325, 617.983444, 692.420530, 
            617.983444, 694.539735, 617.983444, 696.658940, 
            617.983444, 698.778146, 617.983444, 703.016556, 
            617.983444, 707.254967, 617.983444, 709.374172, 
            617.983444, 713.612583, 617.983444, 717.850993, 
            617.983444, 719.970199, 617.983444, 722.089404, 
            617.983444, 724.208609, 617.983444, 726.327815, 
            617.983444, 728.447020, 617.983444, 732.685430, 
            617.983444, 734.804636, 615.864238, 736.923841, 
            615.864238, 739.043046, 615.864238, 741.162252, 
            613.745033, 745.400662, 609.506623, 747.519868, 
            609.506623, 747.519868, 607.387417, 751.758278, 
            607.387417, 751.758278, 605.268212, 753.877483, 
            605.268212, 753.877483, 603.149007, 755.996689, 
            603.149007, 755.996689, 601.029801, 758.115894, 
            601.029801, 760.235099, 598.910596, 762.354305, 
            598.910596, 762.354305, 596.791391, 764.473510, 
            594.672185, 766.592715, 592.552980, 768.711921, 
            590.433775, 768.711921, 588.314570, 770.831126, 
            586.195364, 770.831126, 584.076159, 775.069536, 
            579.837748, 777.188742, 575.599338, 779.307947, 
            575.599338, 779.307947, 573.480132, 779.307947, 
            571.360927, 781.427152, 571.360927, 783.546358, 
            569.241722, 785.665563, 567.122517, 785.665563, 
            565.003311, 787.784768, 562.884106, 787.784768, 
            560.764901, 789.903974, 558.645695, 792.023179, 
            558.645695, 792.023179, 556.526490, 794.142384, 
            554.407285, 794.142384, 552.288079, 796.261589, 
            550.168874, 796.261589, 548.049669, 796.261589, 
            545.930464, 796.261589, 543.811258, 794.142384, 
            541.692053, 794.142384, 539.572848, 792.023179, 
            539.572848, 789.903974, 537.453642, 789.903974, 
