%YAML:1.0
    mask: !!opencv-matrix
        rows: 868
        cols: 2
        dt: f
        data: [ -1.000000, -1.000000, 824.629930, 
            640.159706, 823.639985, 640.159706, 820.670147, 
            638.179814, 819.680201, 638.179814, 810.770688, 
            633.230085, 802.851121, 626.300464, 802.851121, 
            625.310518, 796.911446, 620.360789, 790.971771, 
            617.390951, 787.011988, 615.411060, 786.022042, 
            614.421114, 782.062258, 612.441222, 781.072312, 
            612.441222, 778.102475, 610.461330, 775.132637, 
            607.491493, 774.142691, 607.491493, 768.203016, 
            605.511601, 761.273395, 604.521655, 760.283449, 
            603.531709, 753.353828, 601.551817, 750.383991, 
            600.561872, 747.414153, 598.581980, 745.434261, 
            597.592034, 743.454370, 596.602088, 740.484532, 
            595.612142, 739.494586, 595.612142, 737.514695, 
            594.622196, 735.534803, 594.622196, 733.554911, 
            594.622196, 728.605182, 594.622196, 725.635344, 
            593.632251, 724.645398, 592.642305, 719.695669, 
            591.652359, 716.725831, 590.662413, 714.745940, 
            589.672467, 711.776102, 588.682521, 709.796210, 
            588.682521, 708.806265, 588.682521, 707.816319, 
            588.682521, 706.826373, 587.692575, 706.826373, 
            586.702630, 703.856535, 585.712684, 701.876643, 
            585.712684, 700.886698, 585.712684, 698.906806, 
            584.722738, 697.916860, 584.722738, 695.936968, 
            583.732792, 694.947022, 583.732792, 693.957077, 
            582.742846, 691.977185, 582.742846, 690.987239, 
            581.752900, 689.007347, 580.762954, 688.017401, 
            580.762954, 687.027456, 579.773009, 686.037510, 
            579.773009, 686.037510, 578.783063, 684.057618, 
            577.793117, 682.077726, 577.793117, 681.087780, 
            576.803171, 684.057618, 574.823279, 684.057618, 
            573.833333, 681.087780, 569.873550, 681.087780, 
            568.883604, 681.087780, 567.893658, 681.087780, 
            566.903712, 681.087780, 565.913766, 680.097834, 
            564.923821, 680.097834, 563.933875, 680.097834, 
            562.943929, 680.097834, 561.953983, 679.107889, 
            560.964037, 678.117943, 559.974091, 678.117943, 
            557.994200, 677.127997, 557.994200, 675.148105, 
            556.014308, 674.158159, 554.034416, 672.178268, 
            552.054524, 671.188322, 551.064578, 671.188322, 
            550.074633, 669.208430, 549.084687, 669.208430, 
            548.094741, 668.218484, 547.104795, 667.228538, 
            547.104795, 666.238592, 546.114849, 665.248647, 
            544.134957, 664.258701, 543.145012, 661.288863, 
            541.165120, 657.329080, 539.185228, 654.359242, 
            537.205336, 650.399459, 534.235499, 648.419567, 
            531.265661, 647.429621, 527.305878, 645.449729, 
            525.325986, 645.449729, 524.336040, 645.449729, 
            520.376257, 645.449729, 519.386311, 645.449729, 
            512.456690, 646.439675, 508.496906, 646.439675, 
            507.506961, 646.439675, 503.547177, 646.439675, 
            500.577340, 647.429621, 498.597448, 647.429621, 
            496.617556, 645.449729, 492.657773, 645.449729, 
            491.667827, 644.459783, 488.697989, 642.479892, 
            486.718097, 642.479892, 485.728152, 640.500000, 
            481.768368, 640.500000, 478.798531, 638.520108, 
            474.838747, 637.530162, 471.868910, 636.540217, 
            471.868910, 634.560325, 469.889018, 634.560325, 
            468.899072, 633.570379, 466.919180, 630.600541, 
            464.939288, 629.610596, 461.969451, 628.620650, 
            459.989559, 627.630704, 458.999613, 627.630704, 
            458.009667, 627.630704, 457.019722, 626.640758, 
            457.019722, 626.640758, 456.029776, 625.650812, 
            455.039830, 625.650812, 454.049884, 624.660866, 
            453.059938, 623.670920, 452.069992, 623.670920, 
            451.080046, 622.680974, 451.080046, 621.691029, 
            450.090101, 620.701083, 450.090101, 620.701083, 
            449.100155, 619.711137, 448.110209, 618.721191, 
            447.120263, 618.721191, 445.140371, 616.741299, 
            442.170534, 616.741299, 441.180588, 616.741299, 
            440.190642, 616.741299, 439.200696, 616.741299, 
            435.240913, 617.731245, 427.321346, 619.711137, 
            423.361562, 620.701083, 420.391725, 620.701083, 
            419.401779, 620.701083, 418.411833, 621.691029, 
            416.431941, 621.691029, 414.452049, 622.680974, 
            412.472158, 622.680974, 411.482212, 623.670920, 
            410.492266, 623.670920, 409.502320, 623.670920, 
            408.512374, 623.670920, 407.522428, 623.670920, 
            405.542537, 624.660866, 403.562645, 624.660866, 
            402.572699, 624.660866, 401.582753, 625.650812, 
            401.582753, 625.650812, 400.592807, 625.650812, 
            399.602862, 625.650812, 398.612916, 625.650812, 
            397.622970, 625.650812, 396.633024, 625.650812, 
            395.643078, 626.640758, 395.643078, 626.640758, 
            394.653132, 627.630704, 393.663186, 628.620650, 
            392.673241, 628.620650, 391.683295, 629.610596, 
            390.693349, 630.600541, 390.693349, 630.600541, 
            389.703403, 630.600541, 388.713457, 631.590487, 
            388.713457, 631.590487, 387.723511, 632.580433, 
            386.733565, 633.570379, 385.743619, 633.570379, 
            384.753674, 634.560325, 384.753674, 636.540217, 
            380.793890, 638.520108, 377.824053, 641.489946, 
            375.844161, 645.449729, 373.864269, 647.429621, 
            371.884377, 651.389404, 371.884377, 652.379350, 
            371.884377, 654.359242, 371.884377, 655.349188, 
            371.884377, 660.298917, 368.914540, 663.268755, 
            365.944702, 665.248647, 362.974865, 666.238592, 
            361.984919, 669.208430, 359.015081, 671.188322, 
            354.065352, 672.178268, 354.065352, 673.168213, 
            350.105568, 675.148105, 348.125677, 676.138051, 
            347.135731, 677.127997, 344.165893, 679.107889, 
            342.186002, 680.097834, 339.216164, 680.097834, 
            338.226218, 682.077726, 336.246326, 682.077726, 
            335.256381, 685.047564, 334.266435, 689.997293, 
            332.286543, 692.967131, 331.296597, 694.947022, 
            331.296597, 695.936968, 331.296597, 699.896752, 
            331.296597, 701.876643, 333.276489, 702.866589, 
            333.276489, 705.836427, 333.276489, 708.806265, 
            333.276489, 709.796210, 333.276489, 711.776102, 
            335.256381, 715.735886, 336.246326, 718.705723, 
            337.236272, 719.695669, 337.236272, 724.645398, 
            337.236272, 731.575019, 333.276489, 739.494586, 
            328.326759, 740.484532, 328.326759, 741.474478, 
            327.336814, 741.474478, 326.346868, 742.464424, 
            325.356922, 743.454370, 324.366976, 745.434261, 
            324.366976, 745.434261, 323.377030, 746.424207, 
            323.377030, 747.414153, 323.377030, 748.404099, 
            322.387084, 749.394045, 322.387084, 750.383991, 
            321.397138, 751.373937, 321.397138, 752.363882, 
            320.407193, 753.353828, 320.407193, 753.353828, 
            319.417247, 754.343774, 319.417247, 755.333720, 
            319.417247, 756.323666, 319.417247, 757.313612, 
            319.417247, 758.303558, 318.427301, 760.283449, 
            318.427301, 770.182908, 320.407193, 781.072312, 
            322.387084, 783.052204, 322.387084, 790.971771, 
            322.387084, 791.961717, 322.387084, 793.941609, 
            322.387084, 796.911446, 320.407193, 796.911446, 
            318.427301, 796.911446, 317.437355, 796.911446, 
            316.447409, 797.901392, 316.447409, 798.891338, 
