%YAML:1.0
    mask: !!opencv-matrix
        rows: 888
        cols: 2
        dt: f
        data: [ 99.978261, 719.456522, 99.978261, 
            718.065217, 99.978261, 715.282609, 102.760870, 
            711.108696, 104.152174, 709.717391, 105.543478, 
            708.326087, 108.326087, 705.543478, 109.717391, 
            702.760870, 111.108696, 702.760870, 111.108696, 
            701.369565, 112.500000, 701.369565, 113.891304, 
            699.978261, 115.282609, 698.586957, 115.282609, 
            697.195652, 115.282609, 695.804348, 116.673913, 
            695.804348, 118.065217, 694.413043, 118.065217, 
            693.021739, 119.456522, 693.021739, 119.456522, 
            691.630435, 120.847826, 690.239130, 120.847826, 
            688.847826, 120.847826, 687.456522, 120.847826, 
            686.065217, 120.847826, 683.282609, 120.847826, 
            681.891304, 120.847826, 680.500000, 120.847826, 
            679.108696, 120.847826, 677.717391, 118.065217, 
            676.326087, 118.065217, 674.934783, 118.065217, 
            673.543478, 118.065217, 672.152174, 118.065217, 
            670.760870, 118.065217, 669.369565, 116.673913, 
            666.586957, 116.673913, 665.195652, 116.673913, 
            663.804348, 116.673913, 662.413043, 116.673913, 
            661.021739, 115.282609, 659.630435, 113.891304, 
            658.239130, 112.500000, 658.239130, 111.108696, 
            658.239130, 109.717391, 658.239130, 108.326087, 
            658.239130, 101.369565, 659.630435, 90.239130, 
            665.195652, 72.152174, 670.760870, 66.586957, 
            672.152174, 62.413043, 673.543478, 61.021739, 
            673.543478, 59.630435, 674.934783, 58.239130, 
            674.934783, 56.847826, 674.934783, 55.456522, 
            673.543478, 55.456522, 672.152174, 55.456522, 
            670.760870, 55.456522, 669.369565, 55.456522, 
            667.978261, 54.065217, 667.978261, 54.065217, 
            666.586957, 51.282609, 663.804348, 48.500000, 
            662.413043, 48.500000, 661.021739, 47.108696, 
            659.630435, 44.326087, 658.239130, 44.326087, 
            656.847826, 42.934783, 655.456522, 41.543478, 
            655.456522, 38.760870, 654.065217, 34.586957, 
            648.500000, 31.804348, 644.326087, 26.239130, 
            638.760870, 24.847826, 637.369565, 24.847826, 
            635.978261, 23.456522, 634.586957, 22.065217, 
            633.195652, 20.673913, 630.413043, 19.282609, 
            629.021739, 16.500000, 629.021739, 15.108696, 
            629.021739, 12.326087, 629.021739, 10.934783, 
            630.413043, 6.760870, 630.413043, 3.978261, 
            630.413043, 2.586957, 630.413043, 3.978261, 
            713.891304, 5.369565, 713.891304, 9.543478, 
            713.891304, 10.934783, 712.500000, 12.326087, 
            712.500000, 12.326087, 713.891304, 12.326087, 
            716.673913, 12.326087, 718.065217, 12.326087, 
            719.456522, 35.978261, 719.456522, 37.369565, 
            719.456522, 38.760870, 719.456522, 40.152174, 
            719.456522, 41.543478, 719.456522, 44.326087, 
            718.065217, 45.717391, 718.065217, 48.500000, 
            718.065217, 49.891304, 718.065217, 52.673913, 
            718.065217, 55.456522, 718.065217, 56.847826, 
            718.065217, 58.239130, 718.065217, 63.804348, 
            718.065217, 66.586957, 718.065217, 67.978261, 
            718.065217, 70.760870, 718.065217, 72.152174, 
            718.065217, 74.934783, 718.065217, 77.717391, 
            718.065217, 80.500000, 718.065217, 81.891304, 
            718.065217, 84.673913, 718.065217, 86.065217, 
            718.065217, 90.239130, 718.065217, 104.152174, 
            718.065217, 113.891304, 719.456522, -1.000000, 
            -1.000000, 925.021739, 712.500000, 923.630435, 
            712.500000, 920.847826, 711.108696, 920.847826, 
            708.326087, 919.456522, 708.326087, 919.456522, 
            706.934783, 919.456522, 705.543478, 919.456522, 
            704.152174, 916.673913, 702.760870, 916.673913, 
            701.369565, 916.673913, 699.978261, 916.673913, 
            695.804348, 915.282609, 694.413043, 915.282609, 
            693.021739, 915.282609, 691.630435, 915.282609, 
            690.239130, 912.500000, 688.847826, 912.500000, 
            687.456522, 912.500000, 686.065217, 912.500000, 
            684.673913, 912.500000, 681.891304, 912.500000, 
            680.500000, 912.500000, 679.108696, 912.500000, 
            676.326087, 912.500000, 674.934783, 912.500000, 
            672.152174, 911.108696, 669.369565, 911.108696, 
            667.978261, 911.108696, 666.586957, 911.108696, 
            663.804348, 911.108696, 662.413043, 908.326087, 
            661.021739, 908.326087, 659.630435, 908.326087, 
            658.239130, 908.326087, 655.456522, 908.326087, 
            654.065217, 906.934783, 652.673913, 906.934783, 
            651.282609, 906.934783, 649.891304, 906.934783, 
            647.108696, 906.934783, 645.717391, 905.543478, 
            642.934783, 905.543478, 641.543478, 905.543478, 
            638.760870, 905.543478, 637.369565, 904.152174, 
            635.978261, 904.152174, 634.586957, 904.152174, 
            633.195652, 904.152174, 631.804348, 904.152174, 
            630.413043, 904.152174, 629.021739, 904.152174, 
            626.239130, 902.760870, 624.847826, 901.369565, 
            619.282609, 899.978261, 616.500000, 899.978261, 
            613.717391, 898.586957, 613.717391, 898.586957, 
            612.326087, 897.195652, 610.934783, 897.195652, 
            609.543478, 897.195652, 608.152174, 895.804348, 
            608.152174, 895.804348, 606.760870, 894.413043, 
            605.369565, 894.413043, 603.978261, 891.630435, 
            603.978261, 891.630435, 602.586957, 890.239130, 
            602.586957, 888.847826, 602.586957, 886.065217, 
            602.586957, 881.891304, 602.586957, 879.108696, 
            603.978261, 877.717391, 605.369565, 876.326087, 
            605.369565, 874.934783, 605.369565, 874.934783, 
            606.760870, 876.326087, 608.152174, 877.717391, 
            609.543478, 879.108696, 609.543478, 881.891304, 
            609.543478, 881.891304, 610.934783, 883.282609, 
            612.326087, 883.282609, 613.717391, 883.282609, 
            615.108696, 883.282609, 617.891304, 883.282609, 
            619.282609, 883.282609, 620.673913, 884.673913, 
            622.065217, 886.065217, 626.239130, 887.456522, 
            629.021739, 887.456522, 630.413043, 887.456522, 
            631.804348, 887.456522, 633.195652, 887.456522, 
            634.586957, 887.456522, 635.978261, 887.456522, 
            637.369565, 887.456522, 638.760870, 886.065217, 
            638.760870, 883.282609, 638.760870, 881.891304, 
            640.152174, 880.500000, 640.152174, 879.108696, 
            640.152174, 877.717391, 641.543478, 876.326087, 
            641.543478, 872.152174, 641.543478, 870.760870, 
            641.543478, 866.586957, 641.543478, 865.195652, 
            640.152174, 865.195652, 638.760870, 863.804348, 
            638.760870, 862.413043, 637.369565, 858.239130, 
            635.978261, 856.847826, 634.586957, 855.456522, 
            633.195652, 854.065217, 631.804348, 854.065217, 
            630.413043, 854.065217, 629.021739, 854.065217, 
            626.239130, 852.673913, 626.239130, 852.673913, 
            624.847826, 852.673913, 623.456522, 852.673913, 
            622.065217, 852.673913, 620.673913, 849.891304, 
            619.282609, 849.891304, 617.891304, 849.891304, 
            616.500000, 849.891304, 615.108696, 849.891304, 
            613.717391, 849.891304, 612.326087, 849.891304, 
            610.934783, 848.500000, 609.543478, 848.500000, 
            608.152174, 848.500000, 606.760870, 848.500000, 
            605.369565, 848.500000, 603.978261, 848.500000, 
            602.586957, 847.108696, 601.195652, 845.717391, 
