%YAML:1.0
    mask: !!opencv-matrix
        rows: 907
        cols: 2
        dt: f
        data: [ 352.986011, 716.567146, 350.939648, 
            716.567146, 349.916467, 716.567146, 348.893285, 
            716.567146, 346.846922, 715.543965, 342.754197, 
            711.451239, 339.684652, 707.358513, 335.591926, 
            702.242606, 332.522382, 700.196243, 329.452838, 
            698.149880, 329.452838, 697.126699, 326.383293, 
            694.057154, 323.313749, 690.987610, 320.244205, 
            689.964428, 318.197842, 688.941247, 316.151479, 
            685.871703, 314.105116, 685.871703, 311.035572, 
            683.825340, 310.012390, 682.802158, 305.919664, 
            680.755795, 301.826938, 679.732614, 298.757394, 
            678.709432, 294.664668, 676.663070, 286.479217, 
            676.663070, 285.456035, 676.663070, 281.363309, 
            676.663070, 279.316946, 676.663070, 277.270584, 
            676.663070, 276.247402, 676.663070, 276.247402, 
            674.616707, 274.201039, 671.547162, 272.154676, 
            669.500799, 269.085132, 667.454436, 267.038769, 
            666.431255, 264.992406, 666.431255, 262.946043, 
            666.431255, 260.899680, 666.431255, 259.876499, 
            666.431255, 256.806954, 668.477618, 254.760592, 
            669.500799, 252.714229, 670.523981, 250.667866, 
            672.570344, 249.644684, 673.593525, 246.575140, 
            675.639888, 243.505596, 675.639888, 240.436051, 
            677.686251, 236.343325, 678.709432, 233.273781, 
            680.755795, 231.227418, 680.755795, 227.134692, 
            682.802158, 225.088329, 683.825340, 222.018785, 
            683.825340, 215.879696, 685.871703, 211.786970, 
            686.894884, 209.740608, 686.894884, 206.671063, 
            688.941247, 203.601519, 689.964428, 199.508793, 
            690.987610, 196.439249, 693.033973, 194.392886, 
            693.033973, 193.369704, 694.057154, 190.300160, 
            695.080336, 184.161071, 696.103517, 183.137890, 
            696.103517, 178.021982, 698.149880, 173.929257, 
            699.173062, 165.743805, 699.173062, 159.604716, 
            700.196243, 154.488809, 702.242606, 149.372902, 
            704.288969, 147.326539, 705.312150, 146.303357, 
            705.312150, 144.256994, 706.335332, 142.210631, 
            708.381695, 142.210631, 709.404876, 142.210631, 
            710.428058, 141.187450, 713.497602, 137.094724, 
            716.567146, -1.000000, -1.000000, 956.663070, 
            642.898082, 955.639888, 642.898082, 954.616707, 
            642.898082, 951.547162, 642.898082, 948.477618, 
            641.874900, 940.292166, 641.874900, 931.083533, 
            639.828537, 924.944444, 638.805356, 921.874900, 
            637.782174, 920.851719, 637.782174, 918.805356, 
            637.782174, 916.758993, 637.782174, 910.619904, 
            635.735811, 906.527178, 633.689448, 895.272182, 
            631.643086, 890.156275, 629.596723, 885.040368, 
            627.550360, 879.924460, 625.503997, 874.808553, 
            623.457634, 871.739009, 622.434452, 870.715827, 
            621.411271, 867.646283, 619.364908, 863.553557, 
            618.341727, 859.460831, 615.272182, 855.368106, 
            613.225819, 848.205835, 608.109912, 844.113110, 
            606.063549, 837.974021, 600.947642, 830.811751, 
            597.878098, 822.626299, 592.762190, 820.579936, 
            590.715827, 818.533573, 589.692646, 813.417666, 
            586.623102, 809.324940, 584.576739, 806.255396, 
            582.530376, 804.209033, 580.484013, 801.139488, 
            578.437650, 798.069944, 575.368106, 795.000400, 
            574.344924, 790.907674, 570.252198, 788.861311, 
            568.205835, 787.838129, 565.136291, 785.791767, 
            560.020384, 783.745404, 554.904476, 781.699041, 
            551.834932, 781.699041, 549.788569, 779.652678, 
            545.695843, 778.629496, 541.603118, 777.606315, 
            538.533573, 775.559952, 533.417666, 774.536771, 
            531.371303, 774.536771, 529.324940, 773.513589, 
            526.255396, 773.513589, 523.185851, 772.490408, 
            519.093125, 772.490408, 517.046763, 772.490408, 
            515.000400, 773.513589, 510.907674, 773.513589, 
            507.838129, 773.513589, 505.791767, 773.513589, 
            503.745404, 773.513589, 501.699041, 774.536771, 
            499.652678, 776.583133, 495.559952, 777.606315, 
            494.536771, 778.629496, 492.490408, 779.652678, 
            492.490408, 780.675859, 491.467226, 780.675859, 
            490.444045, 783.745404, 489.420863, 784.768585, 
            488.397682, 785.791767, 486.351319, 786.814948, 
            483.281775, 787.838129, 479.189049, 788.861311, 
            474.073141, 788.861311, 473.049960, 788.861311, 
            466.910871, 788.861311, 459.748601, 788.861311, 
            457.702238, 788.861311, 453.609512, 788.861311, 
            449.516787, 788.861311, 446.447242, 788.861311, 
            444.400879, 788.861311, 442.354516, 788.861311, 
            441.331335, 788.861311, 438.261791, 788.861311, 
            436.215428, 787.838129, 434.169065, 787.838129, 
            433.145883, 786.814948, 433.145883, 785.791767, 
            433.145883, 783.745404, 432.122702, 781.699041, 
            430.076339, 779.652678, 428.029976, 778.629496, 
            427.006795, 777.606315, 424.960432, 775.559952, 
            421.890887, 772.490408, 419.844524, 771.467226, 
            419.844524, 769.420863, 419.844524, 765.328137, 
            418.821343, 762.258593, 418.821343, 758.165867, 
            418.821343, 753.049960, 420.867706, 747.934053, 
            421.890887, 746.910871, 421.890887, 744.864508, 
            423.937250, 742.818145, 423.937250, 740.771783, 
            424.960432, 738.725420, 425.983613, 737.702238, 
            425.983613, 734.632694, 428.029976, 732.586331, 
            429.053157, 728.493605, 430.076339, 726.447242, 
            431.099520, 724.400879, 433.145883, 721.331335, 
            434.169065, 719.284972, 436.215428, 717.238609, 
            437.238609, 713.145883, 439.284972, 710.076339, 
            441.331335, 710.076339, 440.308153, 711.099520, 
            429.053157, 714.169065, 420.867706, 716.215428, 
            417.798161, 718.261791, 413.705436, 721.331335, 
            411.659073, 722.354516, 410.635891, 723.377698, 
            409.612710, 726.447242, 407.566347, 728.493605, 
            405.519984, 730.539968, 405.519984, 732.586331, 
            402.450440, 735.655875, 400.404077, 740.771783, 
            398.357714, 749.980416, 392.218625, 754.073141, 
            389.149081, 757.142686, 388.125899, 758.165867, 
            387.102718, 763.281775, 384.033173, 767.374500, 
            381.986811, 769.420863, 379.940448, 772.490408, 
            378.917266, 775.559952, 377.894085, 776.583133, 
            375.847722, 780.675859, 373.801359, 784.768585, 
            372.778177, 785.791767, 371.754996, 786.814948, 
            371.754996, 786.814948, 370.731815, 789.884492, 
            370.731815, 792.954037, 370.731815, 799.093125, 
            370.731815, 804.209033, 370.731815, 807.278577, 
            370.731815, 810.348122, 371.754996, 811.371303, 
            371.754996, 815.464029, 373.801359, 819.556755, 
            375.847722, 823.649480, 377.894085, 830.811751, 
            380.963629, 835.927658, 381.986811, 840.020384, 
            384.033173, 845.136291, 386.079536, 847.182654, 
            387.102718, 851.275380, 388.125899, 856.391287, 
            388.125899, 858.437650, 389.149081, 861.507194, 
            389.149081, 863.553557, 389.149081, 866.623102, 
            389.149081, 870.715827, 389.149081, 874.808553, 
            390.172262, 879.924460, 390.172262, 884.017186, 
            392.218625, 886.063549, 392.218625, 887.086731, 
            392.218625, 889.133094, 392.218625, 891.179456, 
