%YAML:1.0
    mask: !!opencv-matrix
        rows: 441
        cols: 2
        dt: f
        data: [ -1.000000, -1.000000, -1.000000, 
            -1.000000, 746.910871, 604.017186, 748.957234, 
            601.970823, 751.003597, 599.924460, 753.049960, 
            598.901279, 754.073141, 598.901279, 756.119504, 
            597.878098, 757.142686, 597.878098, 758.165867, 
            596.854916, 760.212230, 596.854916, 763.281775, 
            596.854916, 767.374500, 598.901279, 770.444045, 
            601.970823, 773.513589, 604.017186, 775.559952, 
            606.063549, 779.652678, 608.109912, 779.652678, 
            609.133094, 781.699041, 609.133094, 781.699041, 
            610.156275, 784.768585, 611.179456, 785.791767, 
            612.202638, 787.838129, 613.225819, 789.884492, 
            613.225819, 791.930855, 615.272182, 797.046763, 
            615.272182, 800.116307, 616.295364, 801.139488, 
            616.295364, 804.209033, 617.318545, 807.278577, 
            618.341727, 808.301759, 618.341727, 811.371303, 
            619.364908, 814.440847, 621.411271, 818.533573, 
            624.480815, 822.626299, 627.550360, 824.672662, 
            631.643086, 825.695843, 632.666267, 827.742206, 
            634.712630, 827.742206, 635.735811, 829.788569, 
            639.828537, 830.811751, 639.828537, 830.811751, 
            640.851719, 832.858114, 642.898082, 833.881295, 
            645.967626, 834.904476, 646.990807, 835.927658, 
            650.060352, 837.974021, 653.129896, 837.974021, 
            654.153078, 838.997202, 657.222622, 840.020384, 
            660.292166, 841.043565, 663.361711, 843.089928, 
            665.408074, 843.089928, 667.454436, 843.089928, 
            669.500799, 843.089928, 671.547162, 844.113110, 
            674.616707, 844.113110, 675.639888, 844.113110, 
            676.663070, 844.113110, 678.709432, 845.136291, 
            679.732614, 845.136291, 681.778977, 845.136291, 
            684.848521, 845.136291, 686.894884, 845.136291, 
            687.918066, 845.136291, 689.964428, 844.113110, 
            690.987610, 843.089928, 693.033973, 843.089928, 
            696.103517, 841.043565, 698.149880, 840.020384, 
            700.196243, 837.974021, 702.242606, 835.927658, 
            704.288969, 834.904476, 706.335332, 833.881295, 
            707.358513, 833.881295, 708.381695, 832.858114, 
            709.404876, 832.858114, 710.428058, 831.834932, 
            710.428058, 830.811751, 711.451239, 829.788569, 
            712.474420, 828.765388, 712.474420, 826.719025, 
            714.520783, 824.672662, 714.520783, 822.626299, 
            715.543965, 821.603118, 716.567146, 819.556755, 
            717.590328, 818.533573, 717.590328, 816.487210, 
            717.590328, 815.464029, 717.590328, 814.440847, 
            717.590328, 810.348122, 717.590328, 808.301759, 
            717.590328, 806.255396, 717.590328, 802.162670, 
            717.590328, 799.093125, 717.590328, 797.046763, 
            717.590328, 796.023581, 717.590328, 792.954037, 
            717.590328, 789.884492, 717.590328, 788.861311, 
            717.590328, 786.814948, 717.590328, 785.791767, 
            717.590328, 784.768585, 717.590328, 782.722222, 
            717.590328, 780.675859, 717.590328, 779.652678, 
            717.590328, 776.583133, 716.567146, 773.513589, 
            716.567146, 772.490408, 716.567146, 771.467226, 
            716.567146, 767.374500, 716.567146, 764.304956, 
            716.567146, 763.281775, 716.567146, 761.235412, 
            716.567146, 760.212230, 716.567146, 759.189049, 
            716.567146, 758.165867, 716.567146, 756.119504, 
            713.497602, 753.049960, 711.451239, 753.049960, 
            710.428058, 752.026779, 708.381695, 751.003597, 
            706.335332, 751.003597, 704.288969, 749.980416, 
            703.265787, 749.980416, 701.219424, 748.957234, 
            700.196243, 748.957234, 699.173062, 748.957234, 
            698.149880, 748.957234, 697.126699, 746.910871, 
            696.103517, 746.910871, 694.057154, 746.910871, 
            693.033973, 745.887690, 692.010791, 745.887690, 
            690.987610, 743.841327, 688.941247, 743.841327, 
            687.918066, 741.794964, 684.848521, 740.771783, 
            683.825340, 739.748601, 680.755795, 738.725420, 
            677.686251, 735.655875, 674.616707, 734.632694, 
            673.593525, 734.632694, 671.547162, 734.632694, 
            670.523981, 733.609512, 668.477618, 733.609512, 
            667.454436, 734.632694, 664.384892, 735.655875, 
            662.338529, 736.679057, 661.315348, 739.748601, 
            659.268985, 743.841327, 657.222622, 747.934053, 
            655.176259, 751.003597, 654.153078, 752.026779, 
            652.106715, 752.026779, 651.083533, 753.049960, 
            651.083533, 753.049960, 650.060352, 753.049960, 
            649.037170, 753.049960, 648.013989, 753.049960, 
            646.990807, 751.003597, 641.874900, 751.003597, 
            636.758993, 751.003597, 635.735811, 751.003597, 
            633.689448, 751.003597, 630.619904, 751.003597, 
            628.573541, 751.003597, 627.550360, 751.003597, 
            626.527178, -1.000000, -1.000000, 585.248201, 
            383.009992, 584.225020, 385.056355, 581.155476, 
            387.102718, 580.132294, 387.102718, 577.062750, 
            390.172262, 576.039568, 391.195444, 572.970024, 
            394.264988, 568.877298, 396.311351, 565.807754, 
            399.380895, 564.784572, 399.380895, 562.738209, 
            401.427258, 561.715028, 401.427258, 559.668665, 
            402.450440, 556.599121, 404.496803, 551.483213, 
            405.519984, 548.413669, 405.519984, 542.274580, 
            407.566347, 539.205036, 408.589528, 538.181855, 
            408.589528, 535.112310, 408.589528, 529.996403, 
            411.659073, 523.857314, 413.705436, 521.810951, 
            413.705436, 517.718225, 414.728617, 515.671863, 
            415.751799, 511.579137, 416.774980, 507.486411, 
            417.798161, 505.440048, 418.821343, 503.393685, 
            420.867706, 500.324141, 421.890887, 499.300959, 
            422.914069, 494.185052, 423.937250, 492.138689, 
            424.960432, 490.092326, 425.983613, 488.045963, 
            425.983613, 487.022782, 427.006795, 485.999600, 
            428.029976, 481.906875, 428.029976, 477.814149, 
            428.029976, 475.767786, 429.053157, 474.744604, 
            429.053157, 471.675060, 429.053157, 470.651878, 
            430.076339, 467.582334, 430.076339, 466.559153, 
            430.076339, 463.489608, 430.076339, 460.420064, 
            430.076339, 458.373701, 429.053157, 457.350520, 
            429.053157, 454.280975, 429.053157, 452.234612, 
            428.029976, 449.165068, 423.937250, 447.118705, 
            422.914069, 445.072342, 421.890887, 444.049161, 
            420.867706, 443.025979, 418.821343, 442.002798, 
            416.774980, 440.979616, 415.751799, 438.933253, 
            412.682254, 437.910072, 410.635891, 435.863709, 
            407.566347, 434.840528, 406.543165, 433.817346, 
            403.473621, 432.794165, 398.357714, 431.770983, 
            393.241807, 431.770983, 391.195444, 431.770983, 
            387.102718, 431.770983, 386.079536, 430.747802, 
            383.009992, 429.724620, 381.986811, 428.701439, 
            378.917266, 428.701439, 377.894085, 428.701439, 
            374.824540, 428.701439, 373.801359, 428.701439, 
            368.685452, 428.701439, 367.662270, 427.678257, 
            362.546363, 427.678257, 354.360911, 426.655076, 
            343.105915, 426.655076, 337.990008, 428.701439, 
            326.735012, 428.701439, 321.619105, 428.701439, 
            318.549560, 429.724620, 315.480016, 429.724620, 
            311.387290, 429.724620, 307.294564, 429.724620, 
            306.271383, 429.724620, 302.178657, 430.747802, 
            297.062750, 430.747802, 292.970024, 430.747802, 
