%YAML:1.0
    mask: !!opencv-matrix
        rows: 166
        cols: 2
        dt: f
        data: [ -1.000000, -1.000000, -1.000000, 
            -1.000000, 536.912371, 258.231959, 528.994845, 
            258.231959, 513.159794, 266.149485, 490.726804, 
            274.067010, 482.809278, 275.386598, 465.654639, 
            280.664948, 461.695876, 283.304124, 452.458763, 
            289.902062, 448.500000, 292.541237, 444.541237, 
            297.819588, 441.902062, 301.778351, 436.623711, 
            308.376289, 436.623711, 309.695876, 431.345361, 
            318.932990, 428.706186, 322.891753, 428.706186, 
            324.211340, 427.386598, 326.850515, 426.067010, 
            328.170103, 426.067010, 329.489691, 424.747423, 
            332.128866, 423.427835, 342.685567, 422.108247, 
            350.603093, 420.788660, 358.520619, 420.788660, 
            365.118557, 420.788660, 370.396907, 420.788660, 
            373.036082, 420.788660, 380.953608, 420.788660, 
            383.592784, 420.788660, 388.871134, 423.427835, 
            396.788660, 424.747423, 398.108247, 427.386598, 
            402.067010, 430.025773, 404.706186, 432.664948, 
            409.984536, 433.984536, 411.304124, 435.304124, 
            413.943299, 440.582474, 421.860825, 441.902062, 
            424.500000, 444.541237, 427.139175, 448.500000, 
            431.097938, 449.819588, 431.097938, 452.458763, 
            432.417526, 461.695876, 435.056701, 469.613402, 
            437.695876, 476.211340, 437.695876, 478.850515, 
            437.695876, 488.087629, 437.695876, 497.324742, 
            436.376289, 502.603093, 435.056701, 507.881443, 
            433.737113, 510.520619, 432.417526, 517.118557, 
            431.097938, 521.077320, 429.778351, 526.355670, 
            425.819588, 527.675258, 423.180412, 532.953608, 
            420.541237, 540.871134, 412.623711, 543.510309, 
            409.984536, 552.747423, 402.067010, 559.345361, 
            395.469072, 560.664948, 392.829897, 571.221649, 
            384.912371, 572.541237, 383.592784, 576.500000, 
            380.953608, 583.097938, 375.675258, 584.417526, 
            374.355670, 589.695876, 367.757732, 592.335052, 
            366.438144, 596.293814, 359.840206, 601.572165, 
            350.603093, 604.211340, 347.963918, 606.850515, 
            345.324742, 612.128866, 334.768041, 618.726804, 
            320.252577, 624.005155, 309.695876, 626.644330, 
            303.097938, 630.603093, 297.819588, 630.603093, 
            295.180412, 633.242268, 291.221649, 634.561856, 
            287.262887, 635.881443, 284.623711, 635.881443, 
            281.984536, 635.881443, 278.025773, 616.087629, 
            270.108247, 604.211340, 266.149485, 584.417526, 
            256.912371, 573.860825, 254.273196, 563.304124, 
            251.634021, 561.984536, 250.314433, -1.000000, 
            -1.000000, 254.520619, 225.242268, 254.520619, 
            230.520619, 254.520619, 239.757732, 254.520619, 
            252.953608, 254.520619, 267.469072, 254.520619, 
            274.067010, 254.520619, 275.386598, 254.520619, 
            287.262887, 258.479381, 304.417526, 259.798969, 
            307.056701, 265.077320, 313.654639, 267.716495, 
            317.613402, 275.634021, 328.170103, 283.551546, 
            338.726804, 288.829897, 347.963918, 290.149485, 
            351.922680, 294.108247, 353.242268, 296.747423, 
            358.520619, 300.706186, 362.479381, 300.706186, 
            365.118557, 304.664948, 366.438144, 315.221649, 
            380.953608, 319.180412, 382.273196, 329.737113, 
            392.829897, 331.056701, 392.829897, 332.376289, 
            392.829897, 337.654639, 391.510309, 342.932990, 
            390.190722, 345.572165, 390.190722, 348.211340, 
            390.190722, 350.850515, 390.190722, 356.128866, 
            390.190722, 362.726804, 387.551546, 365.365979, 
            384.912371, 366.685567, 383.592784, 368.005155, 
            382.273196, 370.644330, 378.314433, 371.963918, 
            376.994845, 373.283505, 375.675258, 373.283505, 
            374.355670, 373.283505, 371.716495, 374.603093, 
            369.077320, 374.603093, 367.757732, 377.242268, 
            363.798969, 378.561856, 359.840206, 378.561856, 
            354.561856, 378.561856, 340.046392, 378.561856, 
            333.448454, 378.561856, 326.850515, 378.561856, 
            320.252577, 378.561856, 313.654639, 378.561856, 
            311.015464, 377.242268, 305.737113, 375.922680, 
            295.180412, 374.603093, 288.582474, 374.603093, 
            287.262887, 374.603093, 285.943299, 374.603093, 
            283.304124, 374.603093, 276.706186, 374.603093, 
            268.788660, 374.603093, 263.510309, 374.603093, 
            260.871134, 373.283505, 252.953608, 369.324742, 
            247.675258, 368.005155, 245.036082, 364.046392, 
            239.757732, 357.448454, 233.159794, 333.695876, 
            213.365979, 328.417526, 209.407216, 319.180412, 
            206.768041, 312.582474, 205.448454, 309.943299, 
            205.448454, 308.623711, 205.448454, 302.025773, 
            210.726804]
