%YAML:1.0
    mask: !!opencv-matrix
        rows: 1020
        cols: 2
        dt: f
        data: [ 332.326087, 718.065217, 335.108696, 
            718.065217, 337.891304, 716.673913, 340.673913, 
            713.891304, 343.456522, 711.108696, 344.847826, 
            708.326087, 350.413043, 702.760870, 351.804348, 
            699.978261, 353.195652, 698.586957, 354.586957, 
            697.195652, 354.586957, 695.804348, 354.586957, 
            694.413043, 354.586957, 693.021739, 355.978261, 
            693.021739, 357.369565, 691.630435, 358.760870, 
            688.847826, 358.760870, 687.456522, 358.760870, 
            686.065217, 360.152174, 683.282609, 361.543478, 
            680.500000, 361.543478, 679.108696, 362.934783, 
            677.717391, 362.934783, 673.543478, 362.934783, 
            672.152174, 364.326087, 667.978261, 365.717391, 
            666.586957, 365.717391, 665.195652, 367.108696, 
            665.195652, 367.108696, 663.804348, 367.108696, 
            662.413043, 368.500000, 661.021739, 369.891304, 
            659.630435, 371.282609, 658.239130, 374.065217, 
            655.456522, 374.065217, 652.673913, 374.065217, 
            651.282609, 375.456522, 651.282609, 375.456522, 
            649.891304, 376.847826, 648.500000, 378.239130, 
            647.108696, 379.630435, 647.108696, 382.413043, 
            645.717391, 383.804348, 644.326087, 386.586957, 
            644.326087, 390.760870, 644.326087, 392.152174, 
            642.934783, 394.934783, 641.543478, 396.326087, 
            641.543478, 399.108696, 640.152174, 400.500000, 
            640.152174, 403.282609, 638.760870, 406.065217, 
            637.369565, 407.456522, 637.369565, 408.847826, 
            635.978261, 410.239130, 635.978261, 410.239130, 
            634.586957, 411.630435, 634.586957, 413.021739, 
            634.586957, 414.413043, 633.195652, 414.413043, 
            631.804348, 417.195652, 630.413043, 418.586957, 
            629.021739, 419.978261, 629.021739, 421.369565, 
            627.630435, 422.760870, 626.239130, 424.152174, 
            626.239130, 426.934783, 633.195652, 428.326087, 
            635.978261, 431.108696, 647.108696, 432.500000, 
            655.456522, 433.891304, 661.021739, 433.891304, 
            665.195652, 433.891304, 669.369565, 435.282609, 
            674.934783, 435.282609, 676.326087, 436.673913, 
            679.108696, 436.673913, 681.891304, 438.065217, 
            681.891304, 438.065217, 683.282609, 438.065217, 
            686.065217, 438.065217, 687.456522, 438.065217, 
            690.239130, 438.065217, 691.630435, 438.065217, 
            693.021739, 438.065217, 694.413043, 436.673913, 
            694.413043, 435.282609, 695.804348, 435.282609, 
            697.195652, 435.282609, 704.152174, 436.673913, 
            708.326087, 436.673913, 711.108696, 436.673913, 
            712.500000, 436.673913, 715.282609, 436.673913, 
            716.673913, 436.673913, 719.456522, 438.065217, 
            719.456522, -1.000000, -1.000000, 977.891304, 
            711.108696, 979.282609, 711.108696, 979.282609, 
            709.717391, 979.282609, 702.760870, 979.282609, 
            701.369565, 979.282609, 698.586957, 979.282609, 
            697.195652, 977.891304, 695.804348, 977.891304, 
            694.413043, 977.891304, 693.021739, 977.891304, 
            690.239130, 976.500000, 687.456522, 975.108696, 
            687.456522, 973.717391, 686.065217, 973.717391, 
            684.673913, 973.717391, 683.282609, 972.326087, 
            681.891304, 972.326087, 680.500000, 972.326087, 
            679.108696, 970.934783, 677.717391, 970.934783, 
            676.326087, 970.934783, 673.543478, 970.934783, 
            672.152174, 970.934783, 669.369565, 970.934783, 
            667.978261, 970.934783, 665.195652, 969.543478, 
            663.804348, 969.543478, 661.021739, 969.543478, 
            659.630435, 969.543478, 656.847826, 969.543478, 
            652.673913, 969.543478, 648.500000, 969.543478, 
            647.108696, 969.543478, 645.717391, 969.543478, 
            644.326087, 969.543478, 642.934783, 969.543478, 
            641.543478, 969.543478, 640.152174, 969.543478, 
            638.760870, 969.543478, 637.369565, 969.543478, 
            635.978261, 969.543478, 634.586957, 969.543478, 
            633.195652, 969.543478, 631.804348, 969.543478, 
            630.413043, 969.543478, 629.021739, 969.543478, 
            627.630435, 969.543478, 626.239130, 970.934783, 
            623.456522, 970.934783, 622.065217, 970.934783, 
            619.282609, 972.326087, 617.891304, 972.326087, 
            616.500000, 973.717391, 613.717391, 973.717391, 
            612.326087, 973.717391, 610.934783, 975.108696, 
            609.543478, 975.108696, 608.152174, 975.108696, 
            606.760870, 975.108696, 605.369565, 975.108696, 
            603.978261, 975.108696, 602.586957, 975.108696, 
            601.195652, 975.108696, 599.804348, 975.108696, 
            598.413043, 975.108696, 597.021739, 975.108696, 
            595.630435, 975.108696, 592.847826, 975.108696, 
            590.065217, 975.108696, 588.673913, 975.108696, 
            585.891304, 975.108696, 584.500000, 975.108696, 
            583.108696, 975.108696, 581.717391, 973.717391, 
            578.934783, 973.717391, 577.543478, 972.326087, 
            574.760870, 972.326087, 573.369565, 970.934783, 
            571.978261, 970.934783, 570.586957, 969.543478, 
            569.195652, 968.152174, 567.804348, 966.760870, 
            566.413043, 965.369565, 563.630435, 965.369565, 
            562.239130, 963.978261, 562.239130, 963.978261, 
            560.847826, 962.586957, 560.847826, 959.804348, 
            556.673913, 957.021739, 553.891304, 957.021739, 
            552.500000, 952.847826, 548.326087, 951.456522, 
            545.543478, 950.065217, 545.543478, 948.673913, 
            544.152174, 948.673913, 542.760870, 948.673913, 
            541.369565, 947.282609, 539.978261, 947.282609, 
            537.195652, 944.500000, 534.413043, 944.500000, 
            531.630435, 944.500000, 530.239130, 943.108696, 
            527.456522, 943.108696, 524.673913, 943.108696, 
            520.500000, 941.717391, 517.717391, 941.717391, 
            516.326087, 941.717391, 513.543478, 941.717391, 
            512.152174, 941.717391, 509.369565, 941.717391, 
            507.978261, 941.717391, 505.195652, 941.717391, 
            503.804348, 941.717391, 499.630435, 941.717391, 
            492.673913, 941.717391, 491.282609, 941.717391, 
            488.500000, 941.717391, 487.108696, 941.717391, 
            484.326087, 941.717391, 482.934783, 941.717391, 
            481.543478, 941.717391, 480.152174, 941.717391, 
            478.760870, 941.717391, 477.369565, 941.717391, 
            475.978261, 941.717391, 473.195652, 943.108696, 
            470.413043, 944.500000, 469.021739, 945.891304, 
            466.239130, 947.282609, 463.456522, 947.282609, 
            462.065217, 948.673913, 460.673913, 950.065217, 
            457.891304, 951.456522, 456.500000, 951.456522, 
            455.108696, 951.456522, 453.717391, 954.239130, 
            453.717391, 954.239130, 450.934783, 955.630435, 
            449.543478, 957.021739, 448.152174, 958.413043, 
            446.760870, 958.413043, 445.369565, 959.804348, 
            443.978261, 962.586957, 441.195652, 963.978261, 
            438.413043, 965.369565, 438.413043, 965.369565, 
            437.021739, 966.760870, 435.630435, 966.760870, 
            434.239130, 968.152174, 434.239130, 969.543478, 
            432.847826, 970.934783, 431.456522, 973.717391, 
            430.065217, 979.282609, 428.673913, 982.065217, 
            427.282609, 987.630435, 424.500000, 989.021739, 
            424.500000, 993.195652, 423.108696, 997.369565, 
            423.108696, 1000.152174, 421.717391, 1004.326087, 
