%YAML:1.0
    mask: !!opencv-matrix
        rows: 182
        cols: 2
        dt: f
        data: [ -1.000000, -1.000000, -1.000000, 
            -1.000000, 428.706186, 2.231959, 428.706186, 
            7.510309, 428.706186, 14.108247, 427.386598, 
            19.386598, 426.067010, 22.025773, 424.747423, 
            23.345361, 420.788660, 29.943299, 415.510309, 
            39.180412, 411.551546, 41.819588, 411.551546, 
            43.139175, 407.592784, 44.458763, 406.273196, 
            47.097938, 403.634021, 48.417526, 400.994845, 
            51.056701, 399.675258, 52.376289, 399.675258, 
            53.695876, 399.675258, 55.015464, 399.675258, 
            56.335052, 399.675258, 57.654639, 400.994845, 
            58.974227, 402.314433, 60.293814, 402.314433, 
            61.613402, 404.953608, 66.891753, 404.953608, 
            68.211340, 406.273196, 70.850515, 406.273196, 
            74.809278, 406.273196, 77.448454, 406.273196, 
            80.087629, 407.592784, 86.685567, 407.592784, 
            90.644330, 408.912371, 91.963918, 408.912371, 
            94.603093, 410.231959, 99.881443, 411.551546, 
            103.840206, 411.551546, 105.159794, 412.871134, 
            107.798969, 412.871134, 109.118557, 414.190722, 
            109.118557, 415.510309, 109.118557, 416.829897, 
            109.118557, 416.829897, 107.798969, 418.149485, 
            106.479381, 418.149485, 105.159794, 418.149485, 
            103.840206, 418.149485, 98.561856, 419.469072, 
            95.922680, 419.469072, 93.283505, 422.108247, 
            88.005155, 423.427835, 84.046392, 428.706186, 
            76.128866, 431.345361, 69.530928, 433.984536, 
            68.211340, 433.984536, 66.891753, 435.304124, 
            65.572165, 437.943299, 61.613402, 437.943299, 
            58.974227, 439.262887, 56.335052, 441.902062, 
            51.056701, 443.221649, 48.417526, 445.860825, 
            45.778351, 445.860825, 44.458763, 445.860825, 
            45.778351, 445.860825, 49.737113, 445.860825, 
            56.335052, 444.541237, 58.974227, 441.902062, 
            66.891753, 440.582474, 72.170103, 437.943299, 
            85.365979, 436.623711, 89.324742, 435.304124, 
            98.561856, 433.984536, 103.840206, 431.345361, 
            110.438144, 431.345361, 113.077320, 431.345361, 
            114.396907, 431.345361, 115.716495, 431.345361, 
            120.994845, 431.345361, 126.273196, 431.345361, 
            128.912371, 431.345361, 131.551546, 431.345361, 
            132.871134, 432.664948, 132.871134, 433.984536, 
            134.190722, 435.304124, 134.190722, 436.623711, 
            134.190722, 437.943299, 134.190722, 445.860825, 
            134.190722, 451.139175, 134.190722, 457.737113, 
            134.190722, 459.056701, 132.871134, 461.695876, 
            132.871134, 463.015464, 131.551546, 464.335052, 
            130.231959, 465.654639, 130.231959, 466.974227, 
            127.592784, 468.293814, 126.273196, 469.613402, 
            124.953608, 469.613402, 123.634021, 470.932990, 
            120.994845, 470.932990, 118.355670, 472.252577, 
            114.396907, 477.530928, 103.840206, 478.850515, 
            103.840206, 478.850515, 102.520619, 480.170103, 
            101.201031, 482.809278, 97.242268, 484.128866, 
            94.603093, 488.087629, 90.644330, 494.685567, 
            81.407216, 499.963918, 77.448454, 501.283505, 
            76.128866, 503.922680, 72.170103, 505.242268, 
            69.530928, 509.201031, 64.252577, 514.479381, 
            58.974227, 515.798969, 57.654639, 522.396907, 
            49.737113, 523.716495, 49.737113, 526.355670, 
            47.097938, 527.675258, 45.778351, 528.994845, 
            45.778351, 530.314433, 44.458763, 531.634021, 
            44.458763, 531.634021, 45.778351, 531.634021, 
            49.737113, 525.036082, 58.974227, 522.396907, 
            60.293814, 519.757732, 64.252577, 517.118557, 
            68.211340, 513.159794, 74.809278, 511.840206, 
            77.448454, 507.881443, 84.046392, 503.922680, 
            91.963918, 501.283505, 97.242268, 501.283505, 
            98.561856, 501.283505, 99.881443, 501.283505, 
            105.159794, 501.283505, 107.798969, 501.283505, 
            110.438144, 501.283505, 111.757732, 502.603093, 
            111.757732, 503.922680, 113.077320, 505.242268, 
            113.077320, 510.520619, 113.077320, 511.840206, 
            113.077320, 515.798969, 113.077320, 518.438144, 
            111.757732, 518.438144, 110.438144, 521.077320, 
            109.118557, 525.036082, 105.159794, 531.634021, 
            101.201031, 534.273196, 98.561856, 542.190722, 
            90.644330, 550.108247, 80.087629, 552.747423, 
            76.128866, 554.067010, 72.170103, 554.067010, 
            68.211340, 556.706186, 60.293814, 559.345361, 
            56.335052, 563.304124, 49.737113, 567.262887, 
            43.139175, 568.582474, 39.180412, 572.541237, 
            32.582474, 572.541237, 29.943299, 576.500000, 
            22.025773, 577.819588, 20.706186, 579.139175, 
            18.067010, 579.139175, 16.747423, 580.458763, 
            16.747423, 580.458763, 15.427835, 581.778351, 
            15.427835, 583.097938, 12.788660, 584.417526, 
            10.149485, 584.417526, 8.829897, 584.417526, 
            7.510309, 584.417526, 6.190722, 584.417526, 
            4.871134, 585.737113, 4.871134, 585.737113, 
            3.551546, 585.737113, 2.231959, -1.000000, 
            -1.000000]
