%YAML:1.0
    mask: !!opencv-matrix
        rows: 772
        cols: 2
        dt: f
        data: [ -1.000000, -1.000000, -1.000000, 
            -1.000000, 710.678784, 387.961263, 709.153159, 
            387.961263, 707.627533, 387.961263, 701.525030, 
            387.961263, 699.999404, 387.961263, 692.371275, 
            387.961263, 687.794398, 387.961263, 686.268772, 
            389.486889, 684.743147, 389.486889, 681.691895, 
            391.012515, 678.640644, 392.538141, 675.589392, 
            392.538141, 674.063766, 392.538141, 671.012515, 
            392.538141, 667.961263, 392.538141, 660.333135, 
            394.063766, 654.230632, 394.063766, 652.705006, 
            394.063766, 648.128129, 395.589392, 645.076877, 
            395.589392, 643.551251, 395.589392, 642.025626, 
            395.589392, 640.500000, 395.589392, 637.448749, 
            397.115018, 634.397497, 397.115018, 632.871871, 
            398.640644, 631.346246, 398.640644, 629.820620, 
            398.640644, 629.820620, 400.166269, 628.294994, 
            400.166269, 628.294994, 401.691895, 626.769368, 
            403.217521, 625.243743, 403.217521, 625.243743, 
            404.743147, 623.718117, 406.268772, 622.192491, 
            406.268772, 622.192491, 407.794398, 620.666865, 
            407.794398, 619.141240, 410.845650, 617.615614, 
            410.845650, 617.615614, 413.896901, 617.615614, 
            415.422527, 616.089988, 415.422527, 614.564362, 
            415.422527, 614.564362, 416.948153, 614.564362, 
            418.473778, 614.564362, 419.999404, 613.038737, 
            419.999404, 613.038737, 421.525030, 611.513111, 
            421.525030, 611.513111, 423.050656, 609.987485, 
            423.050656, 609.987485, 424.576281, 609.987485, 
            426.101907, 609.987485, 427.627533, 609.987485, 
            429.153159, 609.987485, 430.678784, 608.461859, 
            430.678784, 608.461859, 433.730036, 606.936234, 
            433.730036, 606.936234, 435.255662, 606.936234, 
            438.306913, 606.936234, 439.832539, 606.936234, 
            441.358164, 606.936234, 442.883790, 606.936234, 
            445.935042, 606.936234, 447.460667, 606.936234, 
            448.986293, 606.936234, 450.511919, 606.936234, 
            452.037545, 606.936234, 453.563170, 606.936234, 
            455.088796, 606.936234, 456.614422, 606.936234, 
            458.140048, 606.936234, 459.665673, 606.936234, 
            461.191299, 606.936234, 462.716925, 606.936234, 
            464.242551, 606.936234, 465.768176, 606.936234, 
            467.293802, 606.936234, 468.819428, 606.936234, 
            471.870679, 606.936234, 473.396305, 608.461859, 
            473.396305, 608.461859, 474.921931, 611.513111, 
            476.447557, 613.038737, 476.447557, 613.038737, 
            477.973182, 614.564362, 477.973182, 616.089988, 
            477.973182, 617.615614, 479.498808, 617.615614, 
            481.024434, 619.141240, 481.024434, 619.141240, 
            482.550060, 622.192491, 482.550060, 623.718117, 
            482.550060, 625.243743, 482.550060, 629.820620, 
            482.550060, 629.820620, 484.075685, 635.923123, 
            484.075685, 640.500000, 484.075685, 640.500000, 
            485.601311, 645.076877, 485.601311, 646.602503, 
            485.601311, 649.653754, 485.601311, 652.705006, 
            485.601311, 654.230632, 485.601311, 655.756257, 
            485.601311, 660.333135, 485.601311, 666.435638, 
            487.126937, 667.961263, 487.126937, 669.486889, 
            487.126937, 671.012515, 488.652563, 672.538141, 
            488.652563, 674.063766, 488.652563, 675.589392, 
            490.178188, 677.115018, 490.178188, 678.640644, 
            490.178188, 681.691895, 491.703814, 681.691895, 
            493.229440, 683.217521, 493.229440, 686.268772, 
            494.755066, 687.794398, 494.755066, 689.320024, 
            496.280691, 690.845650, 496.280691, 693.896901, 
            497.806317, 695.422527, 497.806317, 696.948153, 
            497.806317, 698.473778, 497.806317, 699.999404, 
            499.331943, 704.576281, 499.331943, 707.627533, 
            500.857569, 710.678784, 502.383194, 715.255662, 
            502.383194, 721.358164, 503.908820, 724.409416, 
            503.908820, 727.460667, 503.908820, 728.986293, 
            503.908820, 730.511919, 503.908820, 735.088796, 
            503.908820, 736.614422, 503.908820, 738.140048, 
            503.908820, 744.242551, 503.908820, 748.819428, 
            503.908820, 751.870679, 503.908820, 754.921931, 
            503.908820, 759.498808, 503.908820, 761.024434, 
            503.908820, 762.550060, 503.908820, 767.126937, 
            503.908820, 770.178188, 503.908820, 773.229440, 
            503.908820, 777.806317, 503.908820, 780.857569, 
            503.908820, 782.383194, 503.908820, 785.434446, 
            503.908820, 786.960072, 503.908820, 788.485697, 
            503.908820, 790.011323, 503.908820, 791.536949, 
            503.908820, 793.062574, 503.908820, 794.588200, 
            503.908820, 796.113826, 503.908820, 797.639452, 
            503.908820, 800.690703, 503.908820, 802.216329, 
            503.908820, 803.741955, 502.383194, 805.267580, 
            500.857569, 806.793206, 499.331943, 806.793206, 
            497.806317, 808.318832, 496.280691, 809.844458, 
            496.280691, 811.370083, 496.280691, 812.895709, 
            494.755066, 812.895709, 493.229440, 814.421335, 
            493.229440, 814.421335, 491.703814, 815.946961, 
            488.652563, 817.472586, 487.126937, 817.472586, 
            485.601311, 817.472586, 484.075685, 818.998212, 
            482.550060, 818.998212, 481.024434, 822.049464, 
            479.498808, 822.049464, 477.973182, 822.049464, 
            476.447557, 822.049464, 474.921931, 822.049464, 
            473.396305, 822.049464, 471.870679, 823.575089, 
            471.870679, 823.575089, 468.819428, 825.100715, 
            468.819428, 826.626341, 467.293802, 826.626341, 
            465.768176, 828.151967, 464.242551, 828.151967, 
            462.716925, 828.151967, 461.191299, 828.151967, 
            459.665673, 831.203218, 458.140048, 831.203218, 
            456.614422, 831.203218, 455.088796, 831.203218, 
            453.563170, 831.203218, 452.037545, 832.728844, 
            450.511919, 832.728844, 448.986293, 834.254470, 
            448.986293, 834.254470, 447.460667, 834.254470, 
            445.935042, 835.780095, 444.409416, 835.780095, 
            442.883790, 837.305721, 441.358164, 837.305721, 
            439.832539, 838.831347, 439.832539, 838.831347, 
            438.306913, 838.831347, 436.781287, 838.831347, 
            435.255662, 838.831347, 433.730036, 840.356973, 
            432.204410, 841.882598, 429.153159, 841.882598, 
            427.627533, 841.882598, 426.101907, 841.882598, 
            423.050656, 841.882598, 421.525030, 841.882598, 
            419.999404, 841.882598, 418.473778, 841.882598, 
            416.948153, 841.882598, 415.422527, 841.882598, 
            413.896901, 841.882598, 412.371275, 841.882598, 
            410.845650, 841.882598, 409.320024, 841.882598, 
            407.794398, 841.882598, 404.743147, 841.882598, 
            403.217521, 841.882598, 401.691895, 840.356973, 
            398.640644, 840.356973, 397.115018, 840.356973, 
            394.063766, 838.831347, 394.063766, 838.831347, 
            392.538141, 837.305721, 391.012515, 837.305721, 
            389.486889, 837.305721, 387.961263, 835.780095, 
            386.435638, 834.254470, 384.910012, 834.254470, 
            381.858760, 832.728844, 381.858760, 832.728844, 
            380.333135, 831.203218, 378.807509, 828.151967, 
            374.230632, 825.100715, 372.705006, 823.575089, 
            372.705006, 822.049464, 369.653754, 818.998212, 
            369.653754, 817.472586, 368.128129, 814.421335, 
