%YAML:1.0
    mask: !!opencv-matrix
        rows: 339
        cols: 2
        dt: f
        data: [ -1.000000, -1.000000, 658.917266, 
            718.613509, 659.940448, 717.590328, 660.963629, 
            716.567146, 661.986811, 714.520783, 666.079536, 
            711.451239, 668.125899, 710.428058, 670.172262, 
            709.404876, 672.218625, 707.358513, 672.218625, 
            705.312150, 674.264988, 704.288969, 675.288169, 
            703.265787, 676.311351, 702.242606, 677.334532, 
            701.219424, 679.380895, 699.173062, 680.404077, 
            698.149880, 682.450440, 696.103517, 683.473621, 
            695.080336, 683.473621, 694.057154, 686.543165, 
            692.010791, 686.543165, 690.987610, 686.543165, 
            689.964428, 688.589528, 687.918066, 690.635891, 
            684.848521, 692.682254, 682.802158, 692.682254, 
            681.778977, 693.705436, 681.778977, 695.751799, 
            678.709432, 697.798161, 676.663070, 698.821343, 
            675.639888, 699.844524, 674.616707, 700.867706, 
            674.616707, 701.890887, 673.593525, 703.937250, 
            672.570344, 705.983613, 672.570344, 707.006795, 
            672.570344, 709.053157, 671.547162, 711.099520, 
            671.547162, 712.122702, 671.547162, 716.215428, 
            671.547162, 720.308153, 670.523981, 723.377698, 
            669.500799, 725.424061, 669.500799, 726.447242, 
            669.500799, 727.470424, 669.500799, 728.493605, 
            669.500799, 729.516787, 669.500799, 732.586331, 
            668.477618, 734.632694, 668.477618, 735.655875, 
            667.454436, 736.679057, 667.454436, 740.771783, 
            667.454436, 743.841327, 667.454436, 745.887690, 
            667.454436, 748.957234, 667.454436, 752.026779, 
            667.454436, 754.073141, 667.454436, 757.142686, 
            667.454436, 762.258593, 667.454436, 766.351319, 
            668.477618, 769.420863, 668.477618, 770.444045, 
            669.500799, 771.467226, 669.500799, 772.490408, 
            669.500799, 774.536771, 670.523981, 775.559952, 
            670.523981, 776.583133, 671.547162, 777.606315, 
            671.547162, 779.652678, 673.593525, 782.722222, 
            675.639888, 783.745404, 676.663070, 784.768585, 
            676.663070, 785.791767, 677.686251, 787.838129, 
            679.732614, 788.861311, 681.778977, 791.930855, 
            682.802158, 791.930855, 683.825340, 792.954037, 
            683.825340, 793.977218, 684.848521, 795.000400, 
            685.871703, 796.023581, 686.894884, 798.069944, 
            688.941247, 803.185851, 693.033973, 805.232214, 
            694.057154, 807.278577, 695.080336, 809.324940, 
            698.149880, 812.394484, 701.219424, 814.440847, 
            703.265787, 815.464029, 704.288969, 816.487210, 
            705.312150, 818.533573, 707.358513, 819.556755, 
            708.381695, 820.579936, 709.404876, 821.603118, 
            710.428058, 822.626299, 711.451239, 823.649480, 
            712.474420, 824.672662, 713.497602, 826.719025, 
            714.520783, 827.742206, 716.567146, -1.000000, 
            -1.000000, 627.198641, 351.291367, 627.198641, 
            352.314548, 628.221823, 352.314548, 630.268185, 
            353.337730, 631.291367, 355.384093, 633.337730, 
            355.384093, 634.360911, 356.407274, 636.407274, 
            357.430456, 637.430456, 358.453637, 638.453637, 
            358.453637, 639.476819, 359.476819, 639.476819, 
            362.546363, 640.500000, 363.569544, 640.500000, 
            366.639089, 640.500000, 371.754996, 639.476819, 
            375.847722, 639.476819, 379.940448, 638.453637, 
            381.986811, 638.453637, 385.056355, 638.453637, 
            386.079536, 638.453637, 388.125899, 638.453637, 
            390.172262, 638.453637, 394.264988, 638.453637, 
            396.311351, 638.453637, 397.334532, 638.453637, 
            401.427258, 638.453637, 402.450440, 638.453637, 
            405.519984, 638.453637, 407.566347, 639.476819, 
            410.635891, 640.500000, 410.635891, 641.523181, 
            413.705436, 642.546363, 414.728617, 643.569544, 
            416.774980, 645.615907, 417.798161, 648.685452, 
            420.867706, 652.778177, 422.914069, 655.847722, 
            423.937250, 658.917266, 424.960432, 659.940448, 
            424.960432, 661.986811, 424.960432, 663.009992, 
            424.960432, 668.125899, 424.960432, 672.218625, 
            423.937250, 675.288169, 423.937250, 677.334532, 
            422.914069, 678.357714, 422.914069, 680.404077, 
            422.914069, 680.404077, 421.890887, 684.496803, 
            420.867706, 686.543165, 420.867706, 687.566347, 
            419.844524, 688.589528, 419.844524, 689.612710, 
            419.844524, 690.635891, 417.798161, 692.682254, 
            417.798161, 692.682254, 416.774980, 695.751799, 
            414.728617, 696.774980, 413.705436, 698.821343, 
            412.682254, 700.867706, 410.635891, 703.937250, 
            408.589528, 707.006795, 406.543165, 709.053157, 
            404.496803, 710.076339, 402.450440, 711.099520, 
            402.450440, 712.122702, 399.380895, 713.145883, 
            398.357714, 713.145883, 396.311351, 713.145883, 
            393.241807, 713.145883, 390.172262, 714.169065, 
            386.079536, 714.169065, 383.009992, 714.169065, 
            379.940448, 714.169065, 375.847722, 714.169065, 
            371.754996, 714.169065, 368.685452, 714.169065, 
            365.615907, 714.169065, 361.523181, 714.169065, 
            360.500000, 714.169065, 359.476819, 714.169065, 
            357.430456, 713.145883, 357.430456, 712.122702, 
            356.407274, 712.122702, 354.360911, 711.099520, 
            353.337730, 710.076339, 351.291367, 710.076339, 
            350.268185, 708.029976, 348.221823, 708.029976, 
            346.175460, 707.006795, 344.129097, 704.960432, 
            342.082734, 704.960432, 341.059552, 703.937250, 
            341.059552, 702.914069, 339.013189, 701.890887, 
            339.013189, 700.867706, 336.966827, 698.821343, 
            335.943645, 697.798161, 335.943645, 697.798161, 
            334.920464, 694.728617, 331.850919, 692.682254, 
            328.781375, 691.659073, 327.758193, 690.635891, 
            327.758193, 689.612710, 327.758193, 687.566347, 
            325.711831, 686.543165, 324.688649, 684.496803, 
            324.688649, 683.473621, 324.688649, 680.404077, 
            324.688649, 679.380895, 325.711831, 677.334532, 
            325.711831, 674.264988, 326.735012, 673.241807, 
            327.758193, 672.218625, 327.758193, 671.195444, 
            327.758193, 670.172262, 328.781375, 668.125899, 
            329.804556, 666.079536, 331.850919, 665.056355, 
            331.850919, 661.986811, 333.897282, 660.963629, 
            334.920464, 658.917266, 335.943645, 656.870903, 
            336.966827, 655.847722, 337.990008, 654.824540, 
            337.990008, 653.801359, 337.990008, 653.801359, 
            339.013189, 651.754996, 340.036371, -1.000000, 
            -1.000000, 509.532774, 392.218625, 508.509592, 
            391.195444, 503.393685, 389.149081, 501.347322, 
            388.125899, 498.277778, 387.102718, 497.254596, 
            385.056355, 494.185052, 384.033173, 492.138689, 
            383.009992, 489.069145, 381.986811, 487.022782, 
            380.963629, 484.976419, 380.963629, 481.906875, 
            380.963629, 478.837330, 380.963629, 475.767786, 
            380.963629, 473.721423, 380.963629, 472.698241, 
            380.963629, 469.628697, 380.963629, 468.605516, 
            380.963629, 466.559153, 380.963629, 464.512790, 
            381.986811, 463.489608, 383.009992, 462.466427, 
            384.033173, 460.420064, 386.079536, 458.373701, 
            388.125899, 458.373701, 389.149081, 457.350520, 
            391.195444, 455.304157, 394.264988, 453.257794, 
            396.311351, 452.234612, 397.334532, 450.188249, 
