%YAML:1.0
    mask: !!opencv-matrix
        rows: 351
        cols: 2
        dt: f
        data: [ -1.000000, -1.000000, -1.000000, 
            -1.000000, 691.304124, 404.706186, 693.943299, 
            409.984536, 699.221649, 411.304124, 700.541237, 
            412.623711, 703.180412, 412.623711, 704.500000, 
            412.623711, 707.139175, 413.943299, 708.458763, 
            413.943299, 712.417526, 413.943299, 716.376289, 
            413.943299, 720.335052, 416.582474, 726.932990, 
            419.221649, 730.891753, 420.541237, 733.530928, 
            421.860825, 734.850515, 421.860825, 737.489691, 
            424.500000, 744.087629, 427.139175, 745.407216, 
            428.458763, 746.726804, 428.458763, 750.685567, 
            429.778351, 752.005155, 431.097938, 754.644330, 
            432.417526, 755.963918, 432.417526, 757.283505, 
            432.417526, 758.603093, 432.417526, 759.922680, 
            432.417526, 761.242268, 432.417526, 762.561856, 
            432.417526, 765.201031, 432.417526, 770.479381, 
            432.417526, 777.077320, 431.097938, 781.036082, 
            431.097938, 782.355670, 429.778351, 783.675258, 
            429.778351, 784.994845, 429.778351, 788.953608, 
            429.778351, 791.592784, 428.458763, 794.231959, 
            428.458763, 794.231959, 427.139175, 795.551546, 
            427.139175, 796.871134, 425.819588, 799.510309, 
            425.819588, 800.829897, 425.819588, 804.788660, 
            424.500000, 806.108247, 423.180412, 807.427835, 
            421.860825, 811.386598, 419.221649, 812.706186, 
            417.902062, 815.345361, 416.582474, 815.345361, 
            415.262887, 816.664948, 413.943299, 817.984536, 
            411.304124, 819.304124, 408.664948, 819.304124, 
            407.345361, 820.623711, 404.706186, 823.262887, 
            400.747423, 824.582474, 398.108247, 824.582474, 
            396.788660, 825.902062, 392.829897, 827.221649, 
            387.551546, 828.541237, 386.231959, 828.541237, 
            383.592784, 829.860825, 382.273196, 829.860825, 
            379.634021, 831.180412, 376.994845, 831.180412, 
            374.355670, 831.180412, 373.036082, 832.500000, 
            369.077320, 833.819588, 369.077320, 833.819588, 
            366.438144, 833.819588, 365.118557, 833.819588, 
            363.798969, 833.819588, 362.479381, 833.819588, 
            361.159794, 832.500000, 358.520619, 831.180412, 
            358.520619, 831.180412, 357.201031, 829.860825, 
            353.242268, 828.541237, 351.922680, 827.221649, 
            349.283505, 825.902062, 347.963918, 825.902062, 
            346.644330, 824.582474, 346.644330, 823.262887, 
            345.324742, 823.262887, 342.685567, 820.623711, 
            341.365979, 817.984536, 340.046392, 815.345361, 
            338.726804, 812.706186, 336.087629, 808.747423, 
            334.768041, 802.149485, 332.128866, 800.829897, 
            330.809278, 799.510309, 330.809278, 796.871134, 
            329.489691, 795.551546, 329.489691, 792.912371, 
            329.489691, 787.634021, 328.170103, 786.314433, 
            328.170103, 781.036082, 326.850515, 778.396907, 
            325.530928, 775.757732, 325.530928, 770.479381, 
            325.530928, 766.520619, 325.530928, 763.881443, 
            325.530928, 762.561856, 325.530928, 757.283505, 
            325.530928, 753.324742, 325.530928, 750.685567, 
            325.530928, 746.726804, 326.850515, 741.448454, 
            328.170103, 740.128866, 328.170103, 737.489691, 
            329.489691, 732.211340, 330.809278, 729.572165, 
            330.809278, 721.654639, 334.768041, 716.376289, 
            337.407216, 712.417526, 338.726804, 711.097938, 
            340.046392, 708.458763, 341.365979, 707.139175, 
            341.365979, 705.819588, 342.685567, 704.500000, 
            342.685567, 704.500000, 344.005155, 701.860825, 
            345.324742, 700.541237, 345.324742, 696.582474, 
            346.644330, 695.262887, 347.963918, 695.262887, 
            349.283505, 693.943299, 350.603093, 692.623711, 
            351.922680, 691.304124, 351.922680, 689.984536, 
            353.242268, 688.664948, 355.881443, 687.345361, 
            357.201031, 684.706186, 361.159794, 684.706186, 
            363.798969, 683.386598, 365.118557, 680.747423, 
            367.757732, 679.427835, 369.077320, 679.427835, 
            370.396907, 678.108247, 371.716495, 678.108247, 
            373.036082, 678.108247, 374.355670, 678.108247, 
            375.675258, 678.108247, 376.994845, 678.108247, 
            378.314433, 679.427835, 378.314433, 684.706186, 
            380.953608, 686.025773, 380.953608, 687.345361, 
            380.953608, 688.664948, 380.953608, 689.984536, 
            380.953608, 689.984536, 382.273196, 691.304124, 
            382.273196, 692.623711, 382.273196, 693.943299, 
            382.273196, 693.943299, 383.592784, -1.000000, 
            -1.000000, 539.551546, 344.005155, 534.273196, 
            347.963918, 532.953608, 349.283505, 531.634021, 
            350.603093, 526.355670, 354.561856, 522.396907, 
            357.201031, 521.077320, 359.840206, 519.757732, 
            362.479381, 519.757732, 363.798969, 518.438144, 
            365.118557, 517.118557, 366.438144, 517.118557, 
            371.716495, 517.118557, 376.994845, 515.798969, 
            379.634021, 515.798969, 382.273196, 515.798969, 
            384.912371, 515.798969, 386.231959, 515.798969, 
            387.551546, 515.798969, 390.190722, 515.798969, 
            391.510309, 515.798969, 395.469072, 515.798969, 
            396.788660, 515.798969, 398.108247, 517.118557, 
            399.427835, 518.438144, 400.747423, 519.757732, 
            400.747423, 521.077320, 402.067010, 522.396907, 
            402.067010, 523.716495, 402.067010, 525.036082, 
            403.386598, 526.355670, 404.706186, 527.675258, 
            404.706186, 528.994845, 404.706186, 530.314433, 
            404.706186, 531.634021, 406.025773, 535.592784, 
            407.345361, 538.231959, 408.664948, 542.190722, 
            409.984536, 542.190722, 411.304124, 543.510309, 
            412.623711, 544.829897, 412.623711, 544.829897, 
            413.943299, 547.469072, 415.262887, 548.788660, 
            417.902062, 548.788660, 419.221649, 550.108247, 
            419.221649, 550.108247, 420.541237, 552.747423, 
            420.541237, 554.067010, 421.860825, 555.386598, 
            421.860825, 559.345361, 421.860825, 560.664948, 
            423.180412, 563.304124, 423.180412, 564.623711, 
            423.180412, 565.943299, 423.180412, 567.262887, 
            423.180412, 567.262887, 421.860825, 568.582474, 
            419.221649, 568.582474, 412.623711, 568.582474, 
            408.664948, 568.582474, 406.025773, 568.582474, 
            402.067010, 568.582474, 399.427835, 568.582474, 
            398.108247, 567.262887, 394.149485, 567.262887, 
            392.829897, 567.262887, 390.190722, 568.582474, 
            388.871134, 569.902062, 386.231959, 571.221649, 
            386.231959, 571.221649, 384.912371, 572.541237, 
            384.912371, 573.860825, 383.592784, 575.180412, 
            383.592784, 576.500000, 383.592784, 577.819588, 
            383.592784, 579.139175, 384.912371, 579.139175, 
            387.551546, 579.139175, 390.190722, 579.139175, 
            394.149485, 579.139175, 396.788660, 579.139175, 
            399.427835, 579.139175, 400.747423, 579.139175, 
            403.386598, 580.458763, 406.025773, 581.778351, 
            408.664948, 581.778351, 409.984536, 585.737113, 
            415.262887, 585.737113, 416.582474, 589.695876, 
            420.541237, 591.015464, 424.500000, 592.335052, 
            427.139175, 593.654639, 428.458763, 594.974227, 
            429.778351, 596.293814, 431.097938, 597.613402, 
            432.417526, 598.932990, 433.737113, 600.252577, 
            433.737113, 602.891753, 435.056701, 604.211340, 
