%YAML:1.0
    mask: !!opencv-matrix
        rows: 252
        cols: 2
        dt: f
        data: [ -1.000000, -1.000000, -1.000000, 
            -1.000000, 836.458763, 487.840206, 831.180412, 
            486.520619, 828.541237, 486.520619, 827.221649, 
            485.201031, 821.943299, 485.201031, 817.984536, 
            485.201031, 814.025773, 485.201031, 802.149485, 
            485.201031, 795.551546, 485.201031, 792.912371, 
            485.201031, 790.273196, 486.520619, 782.355670, 
            489.159794, 774.438144, 491.798969, 770.479381, 
            493.118557, 765.201031, 495.757732, 762.561856, 
            497.077320, 758.603093, 499.716495, 755.963918, 
            502.355670, 750.685567, 504.994845, 748.046392, 
            506.314433, 744.087629, 508.953608, 738.809278, 
            512.912371, 734.850515, 515.551546, 704.500000, 
            536.664948, 703.180412, 539.304124, 701.860825, 
            539.304124, 700.541237, 540.623711, 697.902062, 
            544.582474, 696.582474, 545.902062, 696.582474, 
            547.221649, 695.262887, 549.860825, 695.262887, 
            552.500000, 695.262887, 553.819588, 696.582474, 
            557.778351, 699.221649, 561.737113, 699.221649, 
            563.056701, 701.860825, 565.695876, 703.180412, 
            568.335052, 704.500000, 568.335052, 704.500000, 
            569.654639, 708.458763, 572.293814, 709.778351, 
            573.613402, 712.417526, 576.252577, 713.737113, 
            578.891753, 719.015464, 581.530928, 720.335052, 
            582.850515, 722.974227, 584.170103, 725.613402, 
            586.809278, 728.252577, 589.448454, 730.891753, 
            589.448454, 738.809278, 593.407216, 740.128866, 
            593.407216, 741.448454, 593.407216, 744.087629, 
            594.726804, 752.005155, 594.726804, 753.324742, 
            594.726804, 759.922680, 597.365979, 762.561856, 
            598.685567, 766.520619, 602.644330, 770.479381, 
            606.603093, 774.438144, 609.242268, 777.077320, 
            610.561856, 779.716495, 613.201031, 781.036082, 
            613.201031, 791.592784, 619.798969, 794.231959, 
            619.798969, 799.510309, 621.118557, 802.149485, 
            621.118557, 804.788660, 622.438144, 810.067010, 
            622.438144, 811.386598, 622.438144, 812.706186, 
            622.438144, 819.304124, 622.438144, 825.902062, 
            622.438144, 829.860825, 621.118557, 844.376289, 
            617.159794, 848.335052, 617.159794, 852.293814, 
            615.840206, 860.211340, 613.201031, 868.128866, 
            610.561856, 870.768041, 610.561856, 872.087629, 
            607.922680, 876.046392, 606.603093, 877.365979, 
            606.603093, 880.005155, 603.963918, 881.324742, 
            597.365979, 881.324742, 593.407216, 881.324742, 
            588.128866, 881.324742, 580.211340, 883.963918, 
            574.932990, 883.963918, 572.293814, 885.283505, 
            568.335052, 886.603093, 561.737113, 887.922680, 
            556.458763, 887.922680, 549.860825, 889.242268, 
            530.067010, 889.242268, 526.108247, 889.242268, 
            520.829897, 887.922680, 515.551546, 885.283505, 
            511.592784, 882.644330, 504.994845, 880.005155, 
            502.355670, 878.685567, 498.396907, -1.000000, 
            -1.000000, 336.335052, 514.231959, 331.056701, 
            518.190722, 328.417526, 522.149485, 324.458763, 
            526.108247, 315.221649, 532.706186, 313.902062, 
            535.345361, 309.943299, 537.984536, 307.304124, 
            540.623711, 300.706186, 547.221649, 296.747423, 
            549.860825, 287.510309, 557.778351, 286.190722, 
            559.097938, 284.871134, 561.737113, 280.912371, 
            565.695876, 276.953608, 570.974227, 274.314433, 
            574.932990, 272.994845, 576.252577, 270.355670, 
            581.530928, 270.355670, 582.850515, 267.716495, 
            586.809278, 266.396907, 589.448454, 265.077320, 
            593.407216, 263.757732, 594.726804, 263.757732, 
            598.685567, 263.757732, 600.005155, 263.757732, 
            609.242268, 263.757732, 610.561856, 263.757732, 
            613.201031, 263.757732, 615.840206, 263.757732, 
            618.479381, 261.118557, 621.118557, 259.798969, 
            625.077320, 258.479381, 629.036082, 258.479381, 
            631.675258, 259.798969, 636.953608, 261.118557, 
            642.231959, 262.438144, 644.871134, 263.757732, 
            652.788660, 265.077320, 656.747423, 265.077320, 
            662.025773, 265.077320, 665.984536, 266.396907, 
            667.304124, 266.396907, 668.623711, 269.036082, 
            672.582474, 270.355670, 673.902062, 271.675258, 
            677.860825, 272.994845, 679.180412, 276.953608, 
            683.139175, 279.592784, 684.458763, 279.592784, 
            687.097938, 280.912371, 687.097938, 283.551546, 
            688.417526, 286.190722, 688.417526, 287.510309, 
            688.417526, 288.829897, 688.417526, 288.829897, 
            689.737113, 290.149485, 689.737113, 292.788660, 
            691.056701, 292.788660, 692.376289, 299.386598, 
            693.695876, 302.025773, 693.695876, 302.025773, 
            695.015464, 304.664948, 695.015464, 305.984536, 
            695.015464, 308.623711, 695.015464, 312.582474, 
            696.335052, 319.180412, 696.335052, 328.417526, 
            696.335052, 329.737113, 696.335052, 331.056701, 
            696.335052, 335.015464, 696.335052, 337.654639, 
            696.335052, 342.932990, 696.335052, 345.572165, 
            695.015464, 346.891753, 695.015464, 349.530928, 
            693.695876, 357.448454, 691.056701, 358.768041, 
            691.056701, 360.087629, 689.737113, 362.726804, 
            687.097938, 364.046392, 687.097938, 365.365979, 
            685.778351, 366.685567, 684.458763, 373.283505, 
            680.500000, 375.922680, 679.180412, 377.242268, 
            677.860825, 377.242268, 676.541237, 378.561856, 
            672.582474, 378.561856, 669.943299, 378.561856, 
            668.623711, 379.881443, 665.984536, 381.201031, 
            660.706186, 381.201031, 655.427835, 381.201031, 
            654.108247, 381.201031, 651.469072, 381.201031, 
            646.190722, 381.201031, 642.231959, 381.201031, 
            636.953608, 382.520619, 632.994845, 382.520619, 
            631.675258, 385.159794, 626.396907, 385.159794, 
            625.077320, 385.159794, 622.438144, 387.798969, 
            618.479381, 389.118557, 615.840206, 390.438144, 
            614.520619, 390.438144, 613.201031, 390.438144, 
            611.881443, 391.757732, 607.922680, 391.757732, 
            605.283505, 393.077320, 602.644330, 393.077320, 
            601.324742, 391.757732, 597.365979, 389.118557, 
            596.046392, 381.201031, 593.407216, 378.561856, 
            592.087629, 378.561856, 590.768041, 374.603093, 
            586.809278, 374.603093, 581.530928, 374.603093, 
            577.572165, 374.603093, 573.613402, 374.603093, 
            565.695876, 374.603093, 564.376289, 377.242268, 
            557.778351, 381.201031, 552.500000, 385.159794, 
            545.902062, 385.159794, 544.582474, 385.159794, 
            543.262887, 385.159794, 541.943299, 385.159794, 
            540.623711, 385.159794, 539.304124, 385.159794, 
            537.984536, 385.159794, 536.664948, 383.840206, 
            536.664948, 379.881443, 534.025773, 370.644330, 
            531.386598, 362.726804, 528.747423, 361.407216, 
            527.427835, 358.768041, 527.427835, 358.768041, 
            526.108247, 357.448454, 526.108247, 357.448454, 
            523.469072, 356.128866, 522.149485, 356.128866, 
            518.190722, 356.128866, 515.551546, 356.128866, 
            514.231959]
