%YAML:1.0
    mask: !!opencv-matrix
        rows: 541
        cols: 2
        dt: f
        data: [ -1.000000, -1.000000, 893.021739, 
            716.673913, 893.021739, 715.282609, 893.021739, 
            712.500000, 893.021739, 711.108696, 894.413043, 
            709.717391, 895.804348, 708.326087, 897.195652, 
            708.326087, 898.586957, 708.326087, 899.978261, 
            708.326087, 901.369565, 706.934783, 902.760870, 
            706.934783, 904.152174, 706.934783, 905.543478, 
            705.543478, 908.326087, 705.543478, 909.717391, 
            705.543478, 912.500000, 704.152174, 915.282609, 
            704.152174, 918.065217, 704.152174, 919.456522, 
            704.152174, 920.847826, 704.152174, 922.239130, 
            702.760870, 925.021739, 702.760870, 926.413043, 
            702.760870, 927.804348, 702.760870, 929.195652, 
            702.760870, 930.586957, 702.760870, 931.978261, 
            702.760870, 933.369565, 702.760870, 934.760870, 
            702.760870, 936.152174, 702.760870, 937.543478, 
            702.760870, 938.934783, 702.760870, 941.717391, 
            702.760870, 943.108696, 702.760870, 945.891304, 
            702.760870, 950.065217, 702.760870, 951.456522, 
            702.760870, 955.630435, 702.760870, 958.413043, 
            702.760870, 959.804348, 702.760870, 963.978261, 
            704.152174, 965.369565, 704.152174, 966.760870, 
            704.152174, 969.543478, 704.152174, 972.326087, 
            705.543478, 973.717391, 705.543478, 976.500000, 
            705.543478, 977.891304, 705.543478, 980.673913, 
            708.326087, 983.456522, 708.326087, 987.630435, 
            709.717391, 990.413043, 711.108696, 991.804348, 
            712.500000, 994.586957, 712.500000, 995.978261, 
            713.891304, 997.369565, 715.282609, 1000.152174, 
            715.282609, 1001.543478, 718.065217, -1.000000, 
            -1.000000, 770.586957, 325.717391, 771.978261, 
            325.717391, 773.369565, 325.717391, 774.760870, 
            325.717391, 774.760870, 327.108696, 776.152174, 
            327.108696, 777.543478, 328.500000, 780.326087, 
            329.891304, 780.326087, 331.282609, 783.108696, 
            331.282609, 784.500000, 332.673913, 785.891304, 
            334.065217, 787.282609, 335.456522, 788.673913, 
            336.847826, 790.065217, 338.239130, 790.065217, 
            339.630435, 790.065217, 341.021739, 792.847826, 
            343.804348, 792.847826, 345.195652, 794.239130, 
            346.586957, 794.239130, 347.978261, 795.630435, 
            349.369565, 797.021739, 350.760870, 797.021739, 
            353.543478, 798.413043, 354.934783, 798.413043, 
            356.326087, 799.804348, 357.717391, 799.804348, 
            359.108696, 801.195652, 359.108696, 801.195652, 
            360.500000, 801.195652, 361.891304, 801.195652, 
            363.282609, 801.195652, 366.065217, 801.195652, 
            367.456522, 801.195652, 368.847826, 801.195652, 
            370.239130, 801.195652, 373.021739, 801.195652, 
            374.413043, 801.195652, 375.804348, 801.195652, 
            377.195652, 799.804348, 377.195652, 799.804348, 
            378.586957, 798.413043, 378.586957, 797.021739, 
            379.978261, 795.630435, 381.369565, 794.239130, 
            381.369565, 792.847826, 382.760870, 792.847826, 
            384.152174, 791.456522, 384.152174, 790.065217, 
            386.934783, 790.065217, 388.326087, 788.673913, 
            389.717391, 785.891304, 392.500000, 784.500000, 
            392.500000, 781.717391, 393.891304, 780.326087, 
            396.673913, 778.934783, 396.673913, 777.543478, 
            398.065217, 776.152174, 398.065217, 774.760870, 
            398.065217, 773.369565, 398.065217, 771.978261, 
            398.065217, 767.804348, 398.065217, 766.413043, 
            398.065217, 765.021739, 398.065217, 763.630435, 
            398.065217, 763.630435, 399.456522, 762.239130, 
            399.456522, 762.239130, 400.847826, 760.847826, 
            402.239130, 759.456522, 402.239130, 758.065217, 
            402.239130, 756.673913, 403.630435, 753.891304, 
            405.021739, 753.891304, 406.413043, 752.500000, 
            406.413043, 752.500000, 407.804348, 751.108696, 
            407.804348, 749.717391, 409.195652, 748.326087, 
            409.195652, 746.934783, 410.586957, 745.543478, 
            410.586957, 745.543478, 411.978261, 744.152174, 
            411.978261, 742.760870, 413.369565, 739.978261, 
            413.369565, 738.586957, 414.760870, 737.195652, 
            416.152174, 735.804348, 416.152174, 735.804348, 
            417.543478, 734.413043, 417.543478, 733.021739, 
            418.934783, 730.239130, 420.326087, 730.239130, 
            421.717391, 723.282609, 423.108696, 719.108696, 
            425.891304, 716.326087, 425.891304, 713.543478, 
            427.282609, 712.152174, 427.282609, 710.760870, 
            427.282609, 709.369565, 427.282609, 707.978261, 
            427.282609, 706.586957, 427.282609, 705.195652, 
            427.282609, 703.804348, 427.282609, 701.021739, 
            427.282609, 699.630435, 427.282609, 694.065217, 
            425.891304, 692.673913, 425.891304, 691.282609, 
            424.500000, 688.500000, 424.500000, 685.717391, 
            424.500000, 682.934783, 421.717391, 681.543478, 
            421.717391, 680.152174, 421.717391, 678.760870, 
            421.717391, 677.369565, 421.717391, 677.369565, 
            420.326087, 677.369565, 418.934783, 677.369565, 
            417.543478, 677.369565, 414.760870, 677.369565, 
            413.369565, 677.369565, 411.978261, 677.369565, 
            410.586957, 678.760870, 409.195652, 680.152174, 
            405.021739, 681.543478, 403.630435, 684.326087, 
            400.847826, 685.717391, 399.456522, 687.108696, 
            398.065217, 689.891304, 393.891304, 691.282609, 
            391.108696, 689.891304, 392.500000, 689.891304, 
            393.891304, 689.891304, 395.282609, 687.108696, 
            396.673913, 687.108696, 398.065217, 685.717391, 
            399.456522, 685.717391, 400.847826, 682.934783, 
            402.239130, 681.543478, 403.630435, 681.543478, 
            405.021739, 680.152174, 405.021739, 678.760870, 
            406.413043, 677.369565, 406.413043, 677.369565, 
            407.804348, 674.586957, 409.195652, 673.195652, 
            410.586957, 673.195652, 411.978261, 670.413043, 
            413.369565, 669.021739, 414.760870, 667.630435, 
            416.152174, 666.239130, 416.152174, 664.847826, 
            416.152174, 660.673913, 416.152174, 659.282609, 
            416.152174, 657.891304, 416.152174, 656.500000, 
            416.152174, 653.717391, 416.152174, 652.326087, 
            416.152174, 650.934783, 416.152174, 649.543478, 
            416.152174, 646.760870, 416.152174, 645.369565, 
            416.152174, 643.978261, 414.760870, 642.586957, 
            411.978261, 641.195652, 410.586957, 639.804348, 
            409.195652, 639.804348, 407.804348, 638.413043, 
            407.804348, 638.413043, 406.413043, 638.413043, 
            405.021739, 635.630435, 402.239130, 635.630435, 
            400.847826, 635.630435, 399.456522, 632.847826, 
            396.673913, 631.456522, 393.891304, 630.065217, 
            391.108696, 630.065217, 389.717391, 630.065217, 
            388.326087, 628.673913, 388.326087, 628.673913, 
            386.934783, 627.282609, 385.543478, 627.282609, 
            384.152174, 627.282609, 382.760870, 628.673913, 
            381.369565, 630.065217, 381.369565, 630.065217, 
            379.978261, 631.456522, 379.978261, 634.239130, 
            379.978261, 637.021739, 375.804348, 639.804348, 
            374.413043, 641.195652, 373.021739, 642.586957, 
            373.021739, 642.586957, 371.630435, 643.978261, 
            370.239130, 643.978261, 368.847826, 645.369565, 
