%YAML:1.0
    mask: !!opencv-matrix
        rows: 1119
        cols: 2
        dt: f
        data: [ 53.193845, 717.590328, 54.217026, 
            717.590328, 54.217026, 716.567146, 56.263389, 
            714.520783, 59.332934, 711.451239, 60.356115, 
            709.404876, 61.379297, 708.381695, 62.402478, 
            706.335332, 64.448841, 705.312150, 65.472022, 
            703.265787, 67.518385, 700.196243, 69.564748, 
            697.126699, 71.611111, 694.057154, 73.657474, 
            690.987610, 75.703837, 687.918066, 77.750200, 
            684.848521, 79.796563, 681.778977, 81.842926, 
            678.709432, 83.889289, 676.663070, 84.912470, 
            674.616707, 86.958833, 671.547162, 89.005196, 
            669.500799, 89.005196, 668.477618, 91.051559, 
            666.431255, 91.051559, 665.408074, 92.074740, 
            663.361711, 94.121103, 661.315348, 95.144285, 
            658.245803, 97.190647, 658.245803, 97.190647, 
            657.222622, 98.213829, 656.199440, 100.260192, 
            653.129896, 100.260192, 652.106715, 102.306555, 
            650.060352, 103.329736, 648.013989, 106.399281, 
            644.944444, 106.399281, 643.921263, 108.445643, 
            642.898082, 109.468825, 641.874900, 110.492006, 
            639.828537, 111.515188, 637.782174, 113.561551, 
            635.735811, 114.584732, 633.689448, 115.607914, 
            631.643086, 117.654277, 629.596723, 118.677458, 
            628.573541, 120.723821, 625.503997, 122.770184, 
            623.457634, 123.793365, 621.411271, 125.839728, 
            618.341727, 127.886091, 616.295364, 127.886091, 
            615.272182, 129.932454, 612.202638, 130.955635, 
            610.156275, 131.978817, 608.109912, 135.048361, 
            605.040368, 136.071543, 602.994005, 136.071543, 
            601.970823, 138.117906, 600.947642, 140.164269, 
            597.878098, 141.187450, 595.831735, 142.210631, 
            594.808553, 143.233813, 593.785372, 144.256994, 
            592.762190, 146.303357, 590.715827, 148.349720, 
            586.623102, 150.396083, 585.599920, 153.465627, 
            581.507194, 155.511990, 578.437650, 156.535172, 
            577.414468, 158.581535, 575.368106, 160.627898, 
            574.344924, 162.674261, 572.298561, 165.743805, 
            569.229017, 166.766986, 568.205835, 169.836531, 
            567.182654, 170.859712, 566.159472, 172.906075, 
            565.136291, 174.952438, 564.113110, 178.021982, 
            563.089928, 180.068345, 561.043565, 184.161071, 
            560.020384, 187.230616, 558.997202, 189.276978, 
            556.950839, 193.369704, 555.927658, 195.416067, 
            553.881295, 197.462430, 553.881295, 200.531974, 
            550.811751, 201.555156, 549.788569, 203.601519, 
            548.765388, 205.647882, 547.742206, 207.694245, 
            546.719025, 207.694245, 545.695843, 210.763789, 
            543.649480, 211.786970, 542.626299, 214.856515, 
            540.579936, 215.879696, 539.556755, 217.926059, 
            538.533573, 217.926059, 537.510392, 220.995604, 
            535.464029, 222.018785, 534.440847, 224.065148, 
            533.417666, 225.088329, 531.371303, 229.181055, 
            529.324940, 232.250600, 526.255396, 234.296962, 
            525.232214, 234.296962, 523.185851, 235.320144, 
            522.162670, 236.343325, 521.139488, 238.389688, 
            519.093125, 240.436051, 518.069944, 241.459233, 
            515.000400, 243.505596, 513.977218, 244.528777, 
            512.954037, 246.575140, 510.907674, 248.621503, 
            508.861311, 249.644684, 507.838129, 251.691047, 
            505.791767, 254.760592, 502.722222, 258.853317, 
            499.652678, 261.922862, 498.629496, 261.922862, 
            497.606315, 263.969225, 496.583133, 264.992406, 
            495.559952, 266.015588, 495.559952, 267.038769, 
            495.559952, 269.085132, 493.513589, 271.131495, 
            493.513589, 273.177858, 492.490408, 275.224221, 
            491.467226, 276.247402, 490.444045, 277.270584, 
            490.444045, 280.340128, 488.397682, 281.363309, 
            488.397682, 285.456035, 487.374500, 287.502398, 
            487.374500, 291.595124, 486.351319, 293.641487, 
            486.351319, 294.664668, 485.328137, 296.711031, 
            485.328137, 297.734213, 485.328137, 299.780576, 
            485.328137, 302.850120, 485.328137, 305.919664, 
            485.328137, 306.942846, 485.328137, 310.012390, 
            485.328137, 312.058753, 485.328137, 315.128297, 
            485.328137, 317.174660, 485.328137, 319.221023, 
            485.328137, 321.267386, 485.328137, 322.290568, 
            485.328137, 324.336930, 485.328137, 325.360112, 
            486.351319, 326.383293, 487.374500, 327.406475, 
            488.397682, 329.452838, 490.444045, 330.476019, 
            493.513589, 332.522382, 495.559952, 332.522382, 
            497.606315, 333.545564, 499.652678, 335.591926, 
            501.699041, 335.591926, 503.745404, 337.638289, 
            507.838129, 337.638289, 509.884492, 337.638289, 
            515.000400, 338.661471, 520.116307, 338.661471, 
            522.162670, 338.661471, 523.185851, 339.684652, 
            525.232214, 339.684652, 527.278577, 339.684652, 
            530.348122, 339.684652, 531.371303, 339.684652, 
            534.440847, 339.684652, 536.487210, 339.684652, 
            539.556755, 340.707834, 542.626299, 340.707834, 
            545.695843, 340.707834, 546.719025, 340.707834, 
            548.765388, 340.707834, 549.788569, 341.731015, 
            551.834932, 341.731015, 553.881295, 342.754197, 
            555.927658, 342.754197, 556.950839, 342.754197, 
            557.974021, 343.777378, 561.043565, 344.800560, 
            563.089928, 345.823741, 565.136291, 345.823741, 
            567.182654, 345.823741, 568.205835, 346.846922, 
            569.229017, 346.846922, 570.252198, 346.846922, 
            571.275380, 346.846922, 572.298561, 346.846922, 
            573.321743, 345.823741, 574.344924, 344.800560, 
            574.344924, 343.777378, 575.368106, 340.707834, 
            577.414468, 339.684652, 578.437650, 338.661471, 
            579.460831, 337.638289, 579.460831, 333.545564, 
            580.484013, 331.499201, 581.507194, 329.452838, 
            582.530376, 323.313749, 583.553557, 319.221023, 
            584.576739, 316.151479, 586.623102, 315.128297, 
            586.623102, 313.081934, 586.623102, 310.012390, 
            587.646283, 307.966027, 587.646283, 305.919664, 
            588.669464, 304.896483, 588.669464, 302.850120, 
            589.692646, 299.780576, 590.715827, 298.757394, 
            591.739009, 297.734213, 592.762190, 298.757394, 
            592.762190, 301.826938, 593.785372, 307.966027, 
            594.808553, 318.197842, 594.808553, 324.336930, 
            595.831735, 332.522382, 596.854916, 338.661471, 
            597.878098, 342.754197, 597.878098, 343.777378, 
            597.878098, 345.823741, 597.878098, 348.893285, 
            597.878098, 350.939648, 598.901279, 351.962830, 
            598.901279, 352.986011, 598.901279, 352.986011, 
            599.924460, 352.986011, 600.947642, 350.939648, 
            607.086731, 349.916467, 611.179456, 348.893285, 
            612.202638, 348.893285, 615.272182, 348.893285, 
            616.295364, 347.870104, 619.364908, 347.870104, 
            621.411271, 346.846922, 622.434452, 346.846922, 
            623.457634, 346.846922, 624.480815, 346.846922, 
            625.503997, 346.846922, 626.527178, 345.823741, 
            626.527178, 344.800560, 626.527178, 344.800560, 
            627.550360, 342.754197, 627.550360, 341.731015, 
            627.550360, 340.707834, 627.550360, 337.638289, 
            627.550360, 336.615108, 627.550360, 333.545564, 
            627.550360, 330.476019, 627.550360, 326.383293, 
            627.550360, 325.360112, 627.550360, 324.336930, 
