%YAML:1.0
    mask: !!opencv-matrix
        rows: 512
        cols: 2
        dt: f
        data: [ -1.000000, -1.000000, -1.000000, 
            -1.000000, 1135.334437, 178.248344, 1131.096026, 
            180.367550, 1126.857616, 182.486755, 1124.738411, 
            184.605960, 1120.500000, 186.725166, 1114.142384, 
            188.844371, 1114.142384, 190.963576, 1109.903974, 
            193.082781, 1107.784768, 193.082781, 1107.784768, 
            195.201987, 1103.546358, 195.201987, 1103.546358, 
            197.321192, 1101.427152, 199.440397, 1095.069536, 
            201.559603, 1092.950331, 203.678808, 1090.831126, 
            203.678808, 1088.711921, 205.798013, 1086.592715, 
            207.917219, 1084.473510, 207.917219, 1084.473510, 
            210.036424, 1080.235099, 210.036424, 1080.235099, 
            212.155629, 1080.235099, 214.274834, 1080.235099, 
            216.394040, 1080.235099, 218.513245, 1080.235099, 
            220.632450, 1080.235099, 222.751656, 1080.235099, 
            224.870861, 1080.235099, 226.990066, 1080.235099, 
            229.109272, 1080.235099, 231.228477, 1080.235099, 
            233.347682, 1080.235099, 235.466887, 1080.235099, 
            237.586093, 1082.354305, 239.705298, 1082.354305, 
            241.824503, 1082.354305, 243.943709, 1082.354305, 
            246.062914, 1082.354305, 248.182119, 1082.354305, 
            250.301325, 1082.354305, 252.420530, 1082.354305, 
            254.539735, 1082.354305, 256.658940, 1082.354305, 
            258.778146, 1082.354305, 260.897351, 1082.354305, 
            263.016556, 1082.354305, 265.135762, 1082.354305, 
            267.254967, 1082.354305, 269.374172, 1082.354305, 
            271.493377, 1082.354305, 273.612583, 1080.235099, 
            275.731788, 1080.235099, 277.850993, 1080.235099, 
            279.970199, 1080.235099, 282.089404, 1078.115894, 
            282.089404, 1078.115894, 284.208609, 1078.115894, 
            286.327815, 1078.115894, 288.447020, 1078.115894, 
            290.566225, 1078.115894, 292.685430, 1080.235099, 
            292.685430, 1082.354305, 292.685430, 1084.473510, 
            292.685430, 1084.473510, 290.566225, 1086.592715, 
            288.447020, 1088.711921, 286.327815, 1090.831126, 
            284.208609, 1092.950331, 284.208609, 1092.950331, 
            282.089404, 1095.069536, 279.970199, 1095.069536, 
            277.850993, 1097.188742, 277.850993, 1099.307947, 
            275.731788, 1099.307947, 273.612583, 1101.427152, 
            271.493377, 1101.427152, 269.374172, 1103.546358, 
            267.254967, 1105.665563, 263.016556, 1105.665563, 
            260.897351, 1107.784768, 260.897351, 1107.784768, 
            258.778146, 1109.903974, 256.658940, 1112.023179, 
            252.420530, 1116.261589, 250.301325, 1118.380795, 
            246.062914, 1120.500000, 246.062914, 1120.500000, 
            243.943709, 1122.619205, 241.824503, 1124.738411, 
            241.824503, 1126.857616, 241.824503, 1128.976821, 
            241.824503, 1133.215232, 243.943709, 1135.334437, 
            246.062914, 1137.453642, 250.301325, 1137.453642, 
            252.420530, 1137.453642, 254.539735, 1137.453642, 
            256.658940, 1137.453642, 258.778146, 1137.453642, 
            260.897351, 1137.453642, 263.016556, 1137.453642, 
            265.135762, 1137.453642, 267.254967, 1137.453642, 
            271.493377, 1137.453642, 273.612583, 1137.453642, 
            275.731788, 1137.453642, 277.850993, 1137.453642, 
            279.970199, 1137.453642, 282.089404, 1135.334437, 
            284.208609, 1133.215232, 286.327815, 1133.215232, 
            288.447020, 1133.215232, 290.566225, 1133.215232, 
            292.685430, 1133.215232, 294.804636, 1133.215232, 
            296.923841, 1133.215232, 299.043046, 1133.215232, 
            301.162252, 1133.215232, 303.281457, 1133.215232, 
            305.400662, 1133.215232, 307.519868, 1133.215232, 
            309.639073, 1135.334437, 309.639073, 1137.453642, 
            309.639073, 1139.572848, 309.639073, 1139.572848, 
            307.519868, 1143.811258, 307.519868, 1145.930464, 
            307.519868, 1145.930464, 305.400662, 1148.049669, 
            305.400662, 1150.168874, 305.400662, 1150.168874, 
            303.281457, 1152.288079, 301.162252, 1154.407285, 
            301.162252, 1154.407285, 299.043046, 1156.526490, 
            299.043046, 1158.645695, 299.043046, 1160.764901, 
            299.043046, 1160.764901, 303.281457, 1160.764901, 
            305.400662, 1160.764901, 307.519868, 1160.764901, 
            309.639073, 1160.764901, 311.758278, 1160.764901, 
            313.877483, 1160.764901, 315.996689, 1160.764901, 
            318.115894, 1160.764901, 320.235099, 1160.764901, 
            322.354305, 1160.764901, 324.473510, 1160.764901, 
            326.592715, 1160.764901, 328.711921, 1160.764901, 
            332.950331, 1160.764901, 335.069536, 1160.764901, 
            337.188742, 1160.764901, 339.307947, 1160.764901, 
            341.427152, 1160.764901, 343.546358, 1162.884106, 
            347.784768, 1165.003311, 347.784768, 1167.122517, 
            347.784768, 1171.360927, 347.784768, 1175.599338, 
            347.784768, 1177.718543, 345.665563, 1181.956954, 
            343.546358, 1184.076159, 343.546358, 1184.076159, 
            341.427152, 1186.195364, 339.307947, 1186.195364, 
            337.188742, 1188.314570, 335.069536, 1188.314570, 
            332.950331, 1190.433775, 332.950331, 1190.433775, 
            330.831126, 1192.552980, 330.831126, 1192.552980, 
            328.711921, 1196.791391, 328.711921, 1198.910596, 
            328.711921, 1201.029801, 328.711921, 1203.149007, 
            328.711921, 1205.268212, 328.711921, 1207.387417, 
            328.711921, 1213.745033, 328.711921, 1215.864238, 
            328.711921, 1220.102649, 326.592715, 1226.460265, 
            326.592715, 1228.579470, 326.592715, 1232.817881, 
            326.592715, 1234.937086, 326.592715, 1234.937086, 
            324.473510, 1237.056291, 324.473510, 1239.175497, 
            322.354305, 1243.413907, 320.235099, 1245.533113, 
            320.235099, 1245.533113, 318.115894, 1247.652318, 
            318.115894, 1249.771523, 315.996689, 1251.890728, 
            315.996689, 1254.009934, 315.996689, 1254.009934, 
            313.877483, 1256.129139, 313.877483, 1258.248344, 
            313.877483, 1260.367550, 311.758278, 1262.486755, 
            309.639073, 1264.605960, 309.639073, 1268.844371, 
            307.519868, 1273.082781, 305.400662, 1275.201987, 
            303.281457, 1277.321192, 301.162252, 1279.440397, 
            299.043046, 1279.440397, 296.923841, 1279.440397, 
            294.804636, 1279.440397, 269.374172, 1277.321192, 
            267.254967, 1275.201987, 267.254967, 1273.082781, 
            265.135762, 1270.963576, 265.135762, 1270.963576, 
            263.016556, 1268.844371, 260.897351, 1266.725166, 
            260.897351, 1266.725166, 258.778146, 1264.605960, 
            258.778146, 1264.605960, 256.658940, 1262.486755, 
            256.658940, 1260.367550, 252.420530, 1260.367550, 
            250.301325, 1258.248344, 248.182119, 1258.248344, 
            246.062914, 1256.129139, 246.062914, 1254.009934, 
            243.943709, 1254.009934, 241.824503, 1251.890728, 
            239.705298, 1249.771523, 237.586093, 1249.771523, 
            235.466887, 1247.652318, 235.466887, 1245.533113, 
            233.347682, 1243.413907, 233.347682, 1241.294702, 
            231.228477, 1239.175497, 229.109272, 1237.056291, 
            229.109272, 1232.817881, 226.990066, 1230.698675, 
            224.870861, 1228.579470, 224.870861, 1228.579470, 
            222.751656, 1224.341060, 222.751656, 1224.341060, 
            220.632450, 1222.221854, 220.632450, 1222.221854, 
            218.513245, 1217.983444, 216.394040, 1215.864238, 
