%YAML:1.0
    mask: !!opencv-matrix
        rows: 1030
        cols: 2
        dt: f
        data: [ 56.658940, 716.526490, 63.016556, 
            712.288079, 65.135762, 708.049669, 71.493377, 
            701.692053, 79.970199, 693.215232, 82.089404, 
            688.976821, 86.327815, 686.857616, 86.327815, 
            684.738411, 88.447020, 682.619205, 90.566225, 
            678.380795, 92.685430, 676.261589, 92.685430, 
            674.142384, 94.804636, 672.023179, 96.923841, 
            669.903974, 99.043046, 667.784768, 101.162252, 
            665.665563, 101.162252, 663.546358, 103.281457, 
            661.427152, 105.400662, 661.427152, 107.519868, 
            657.188742, 107.519868, 655.069536, 111.758278, 
            650.831126, 111.758278, 648.711921, 118.115894, 
            640.235099, 122.354305, 638.115894, 128.711921, 
            629.639073, 130.831126, 627.519868, 130.831126, 
            625.400662, 132.950331, 623.281457, 135.069536, 
            619.043046, 137.188742, 616.923841, 137.188742, 
            614.804636, 141.427152, 612.685430, 141.427152, 
            610.566225, 143.546358, 610.566225, 143.546358, 
            608.447020, 143.546358, 606.327815, 145.665563, 
            602.089404, 152.023179, 595.731788, 156.261589, 
            591.493377, 158.380795, 587.254967, 160.500000, 
            587.254967, 162.619205, 585.135762, 164.738411, 
            583.016556, 164.738411, 580.897351, 166.857616, 
            580.897351, 173.215232, 578.778146, 177.453642, 
            574.539735, 181.692053, 572.420530, 188.049669, 
            570.301325, 190.168874, 568.182119, 196.526490, 
            566.062914, 198.645695, 563.943709, 200.764901, 
            563.943709, 202.884106, 561.824503, 205.003311, 
            561.824503, 207.122517, 561.824503, 211.360927, 
            557.586093, 215.599338, 557.586093, 219.837748, 
            555.466887, 221.956954, 555.466887, 224.076159, 
            553.347682, 226.195364, 553.347682, 228.314570, 
            553.347682, 230.433775, 551.228477, 232.552980, 
            551.228477, 234.672185, 551.228477, 234.672185, 
            549.109272, 236.791391, 546.990066, 238.910596, 
            546.990066, 241.029801, 544.870861, 245.268212, 
            544.870861, 249.506623, 542.751656, 249.506623, 
            540.632450, 253.745033, 540.632450, 255.864238, 
            538.513245, 255.864238, 536.394040, 257.983444, 
            536.394040, 260.102649, 536.394040, 262.221854, 
            534.274834, 264.341060, 534.274834, 266.460265, 
            532.155629, 270.698675, 530.036424, 274.937086, 
            530.036424, 279.175497, 527.917219, 285.533113, 
            525.798013, 287.652318, 525.798013, 289.771523, 
            525.798013, 291.890728, 525.798013, 300.367550, 
            523.678808, 304.605960, 523.678808, 308.844371, 
            521.559603, 310.963576, 521.559603, 315.201987, 
            521.559603, 323.678808, 519.440397, 325.798013, 
            519.440397, 330.036424, 519.440397, 334.274834, 
            519.440397, 336.394040, 519.440397, 338.513245, 
            519.440397, 340.632450, 519.440397, 342.751656, 
            519.440397, 344.870861, 519.440397, 346.990066, 
            519.440397, 355.466887, 519.440397, 366.062914, 
            519.440397, 370.301325, 519.440397, 372.420530, 
            519.440397, 372.420530, 521.559603, 376.658940, 
            521.559603, 383.016556, 525.798013, 387.254967, 
            527.917219, 391.493377, 530.036424, 393.612583, 
            532.155629, 395.731788, 534.274834, 397.850993, 
            536.394040, 399.970199, 540.632450, 399.970199, 
            542.751656, 399.970199, 544.870861, 397.850993, 
            544.870861, 397.850993, 549.109272, 395.731788, 
            549.109272, 393.612583, 553.347682, 391.493377, 
            555.466887, 389.374172, 557.586093, 387.254967, 
            557.586093, 387.254967, 559.705298, 385.135762, 
            561.824503, 380.897351, 561.824503, 380.897351, 
            563.943709, 378.778146, 563.943709, 376.658940, 
            563.943709, 374.539735, 563.943709, 372.420530, 
            563.943709, 370.301325, 563.943709, 366.062914, 
            563.943709, 363.943709, 563.943709, 359.705298, 
            563.943709, 355.466887, 563.943709, 353.347682, 
            563.943709, 349.109272, 563.943709, 346.990066, 
            563.943709, 342.751656, 563.943709, 336.394040, 
            563.943709, 321.559603, 563.943709, 313.082781, 
            566.062914, 306.725166, 566.062914, 304.605960, 
            566.062914, 300.367550, 568.182119, 300.367550, 
            570.301325, 298.248344, 574.539735, 296.129139, 
            574.539735, 294.009934, 576.658940, 291.890728, 
            578.778146, 291.890728, 580.897351, 291.890728, 
            583.016556, 291.890728, 585.135762, 294.009934, 
            585.135762, 296.129139, 585.135762, 298.248344, 
            585.135762, 300.367550, 585.135762, 302.486755, 
            585.135762, 304.605960, 585.135762, 306.725166, 
            585.135762, 313.082781, 585.135762, 317.321192, 
            585.135762, 319.440397, 585.135762, 321.559603, 
            585.135762, 323.678808, 585.135762, 325.798013, 
            585.135762, 332.155629, 585.135762, 346.990066, 
            585.135762, 355.466887, 585.135762, 366.062914, 
            585.135762, 370.301325, 585.135762, 372.420530, 
            585.135762, 374.539735, 585.135762, 378.778146, 
            585.135762, 383.016556, 585.135762, 387.254967, 
            585.135762, 393.612583, 585.135762, 399.970199, 
            585.135762, 404.208609, 585.135762, 408.447020, 
            585.135762, 410.566225, 585.135762, 412.685430, 
            585.135762, 414.804636, 585.135762, 414.804636, 
            587.254967, 414.804636, 589.374172, 414.804636, 
            591.493377, 414.804636, 593.612583, 414.804636, 
            597.850993, 414.804636, 599.970199, 412.685430, 
            604.208609, 412.685430, 606.327815, 412.685430, 
            608.447020, 412.685430, 610.566225, 410.566225, 
            610.566225, 408.447020, 612.685430, 406.327815, 
            614.804636, 406.327815, 616.923841, 404.208609, 
            616.923841, 402.089404, 619.043046, 399.970199, 
            619.043046, 399.970199, 621.162252, 397.850993, 
            621.162252, 397.850993, 623.281457, 395.731788, 
            625.400662, 393.612583, 625.400662, 389.374172, 
            627.519868, 387.254967, 629.639073, 383.016556, 
            631.758278, 380.897351, 633.877483, 378.778146, 
            635.996689, 374.539735, 638.115894, 372.420530, 
            640.235099, 368.182119, 640.235099, 363.943709, 
            642.354305, 363.943709, 644.473510, 361.824503, 
            644.473510, 357.586093, 646.592715, 357.586093, 
            648.711921, 355.466887, 650.831126, 351.228477, 
            652.950331, 349.109272, 652.950331, 346.990066, 
            655.069536, 346.990066, 657.188742, 344.870861, 
            659.307947, 342.751656, 659.307947, 340.632450, 
            661.427152, 338.513245, 661.427152, 336.394040, 
            663.546358, 334.274834, 665.665563, 332.155629, 
            665.665563, 330.036424, 667.784768, 327.917219, 
            667.784768, 325.798013, 669.903974, 325.798013, 
            672.023179, 323.678808, 672.023179, 323.678808, 
            674.142384, 321.559603, 674.142384, 321.559603, 
            676.261589, 319.440397, 676.261589, 317.321192, 
            676.261589, 317.321192, 678.380795, 315.201987, 
            680.500000, 308.844371, 680.500000, 306.725166, 
            682.619205, 304.605960, 682.619205, 298.248344, 
            686.857616, 294.009934, 686.857616, 289.771523, 
            686.857616, 287.652318, 686.857616, 287.652318, 
            688.976821, 283.413907, 688.976821, 281.294702, 
            693.215232, 279.175497, 695.334437, 277.056291, 
            695.334437, 274.937086, 697.453642, 272.817881, 
