%YAML:1.0
    mask: !!opencv-matrix
        rows: 773
        cols: 2
        dt: f
        data: [ 121.747002, 711.451239, 121.747002, 
            710.428058, 121.747002, 706.335332, 121.747002, 
            704.288969, 121.747002, 703.265787, 120.723821, 
            701.219424, 120.723821, 700.196243, 120.723821, 
            697.126699, 120.723821, 696.103517, 120.723821, 
            693.033973, 120.723821, 692.010791, 119.700639, 
            689.964428, 119.700639, 688.941247, 119.700639, 
            686.894884, 119.700639, 685.871703, 119.700639, 
            683.825340, 119.700639, 679.732614, 119.700639, 
            678.709432, 119.700639, 677.686251, 119.700639, 
            676.663070, 119.700639, 674.616707, 119.700639, 
            671.547162, 119.700639, 669.500799, 119.700639, 
            668.477618, 119.700639, 664.384892, 119.700639, 
            662.338529, 119.700639, 659.268985, 119.700639, 
            658.245803, 119.700639, 655.176259, 119.700639, 
            653.129896, 119.700639, 651.083533, 119.700639, 
            649.037170, 119.700639, 644.944444, 119.700639, 
            641.874900, 120.723821, 636.758993, 120.723821, 
            632.666267, 120.723821, 631.643086, 121.747002, 
            627.550360, 121.747002, 626.527178, 121.747002, 
            624.480815, 122.770184, 623.457634, 122.770184, 
            621.411271, 122.770184, 620.388090, 122.770184, 
            616.295364, 123.793365, 615.272182, 123.793365, 
            611.179456, 123.793365, 610.156275, 124.816547, 
            607.086731, 124.816547, 606.063549, 124.816547, 
            602.994005, 125.839728, 601.970823, 125.839728, 
            596.854916, 125.839728, 594.808553, 125.839728, 
            591.739009, 125.839728, 590.715827, 125.839728, 
            587.646283, 126.862910, 585.599920, 126.862910, 
            582.530376, 126.862910, 577.414468, 126.862910, 
            575.368106, 127.886091, 574.344924, 127.886091, 
            572.298561, 128.909273, 568.205835, 129.932454, 
            566.159472, 130.955635, 565.136291, 131.978817, 
            563.089928, 133.001998, 561.043565, 134.025180, 
            560.020384, 135.048361, 558.997202, 136.071543, 
            556.950839, 138.117906, 553.881295, 141.187450, 
            548.765388, 142.210631, 544.672662, 144.256994, 
            542.626299, 146.303357, 539.556755, 146.303357, 
            538.533573, 147.326539, 536.487210, 148.349720, 
            536.487210, 148.349720, 535.464029, 149.372902, 
            534.440847, 150.396083, 532.394484, 151.419265, 
            532.394484, 152.442446, 529.324940, 153.465627, 
            528.301759, 154.488809, 526.255396, 155.511990, 
            524.209033, 155.511990, 523.185851, 156.535172, 
            523.185851, 157.558353, 522.162670, 159.604716, 
            519.093125, 160.627898, 513.977218, 161.651079, 
            511.930855, 163.697442, 510.907674, 164.720624, 
            505.791767, 165.743805, 504.768585, 166.766986, 
            503.745404, 168.813349, 500.675859, 169.836531, 
            497.606315, 171.882894, 497.606315, 171.882894, 
            496.583133, 173.929257, 494.536771, 173.929257, 
            493.513589, 174.952438, 493.513589, 178.021982, 
            489.420863, 182.114708, 484.304956, 183.137890, 
            482.258593, 184.161071, 482.258593, 185.184253, 
            481.235412, 185.184253, 480.212230, 186.207434, 
            479.189049, 188.253797, 478.165867, 189.276978, 
            477.142686, 190.300160, 475.096323, 192.346523, 
            475.096323, 193.369704, 474.073141, 195.416067, 
            472.026779, 198.485612, 472.026779, 201.555156, 
            471.003597, 208.717426, 469.980416, 208.717426, 
            468.957234, 211.786970, 468.957234, 213.833333, 
            468.957234, 217.926059, 468.957234, 219.972422, 
            468.957234, 220.995604, 468.957234, 226.111511, 
            467.934053, 228.157874, 467.934053, 230.204237, 
            467.934053, 232.250600, 467.934053, 236.343325, 
            467.934053, 238.389688, 467.934053, 241.459233, 
            467.934053, 242.482414, 467.934053, 245.551958, 
            467.934053, 251.691047, 466.910871, 254.760592, 
            465.887690, 257.830136, 465.887690, 259.876499, 
            465.887690, 263.969225, 465.887690, 268.061950, 
            464.864508, 271.131495, 464.864508, 272.154676, 
            464.864508, 277.270584, 464.864508, 279.316946, 
            463.841327, 280.340128, 463.841327, 281.363309, 
            463.841327, 282.386491, 463.841327, 284.432854, 
            463.841327, 286.479217, 463.841327, 288.525580, 
            463.841327, 290.571942, 463.841327, 292.618305, 
            463.841327, 292.618305, 464.864508, 293.641487, 
            466.910871, 294.664668, 469.980416, 296.711031, 
            475.096323, 297.734213, 478.165867, 298.757394, 
            480.212230, 298.757394, 483.281775, 299.780576, 
            484.304956, 299.780576, 485.328137, 299.780576, 
            486.351319, 300.803757, 489.420863, 300.803757, 
            490.444045, 301.826938, 491.467226, 302.850120, 
            492.490408, 303.873301, 492.490408, 305.919664, 
            493.513589, 310.012390, 493.513589, 311.035572, 
            494.536771, 312.058753, 494.536771, 318.197842, 
            493.513589, 326.383293, 489.420863, 327.406475, 
            489.420863, 330.476019, 487.374500, 331.499201, 
            487.374500, 332.522382, 486.351319, 333.545564, 
            485.328137, 334.568745, 484.304956, 335.591926, 
            483.281775, 336.615108, 482.258593, 338.661471, 
            481.235412, 340.707834, 478.165867, 344.800560, 
            475.096323, 347.870104, 473.049960, 348.893285, 
            473.049960, 351.962830, 472.026779, 354.009193, 
            471.003597, 356.055556, 471.003597, 357.078737, 
            469.980416, 359.125100, 469.980416, 360.148281, 
            469.980416, 362.194644, 469.980416, 363.217826, 
            469.980416, 365.264189, 472.026779, 367.310552, 
            476.119504, 367.310552, 477.142686, 369.356914, 
            482.258593, 369.356914, 483.281775, 369.356914, 
            488.397682, 369.356914, 489.420863, 369.356914, 
            493.513589, 369.356914, 496.583133, 369.356914, 
            499.652678, 369.356914, 503.745404, 368.333733, 
            506.814948, 367.310552, 509.884492, 366.287370, 
            512.954037, 365.264189, 515.000400, 364.241007, 
            518.069944, 362.194644, 520.116307, 362.194644, 
            521.139488, 359.125100, 524.209033, 359.125100, 
            525.232214, 355.032374, 528.301759, 354.009193, 
            530.348122, 352.986011, 531.371303, 348.893285, 
            535.464029, 348.893285, 536.487210, 345.823741, 
            539.556755, 345.823741, 540.579936, 344.800560, 
            542.626299, 343.777378, 542.626299, 342.754197, 
            544.672662, 341.731015, 545.695843, 339.684652, 
            547.742206, 339.684652, 548.765388, 338.661471, 
            549.788569, 338.661471, 551.834932, 338.661471, 
            553.881295, 338.661471, 554.904476, 339.684652, 
            557.974021, 340.707834, 558.997202, 341.731015, 
            560.020384, 341.731015, 561.043565, 342.754197, 
            562.066747, 342.754197, 564.113110, 342.754197, 
            565.136291, 342.754197, 566.159472, 342.754197, 
            567.182654, 340.707834, 569.229017, 339.684652, 
            570.252198, 336.615108, 572.298561, 333.545564, 
            574.344924, 331.499201, 574.344924, 329.452838, 
            575.368106, 327.406475, 576.391287, 325.360112, 
            577.414468, 325.360112, 578.437650, 324.336930, 
            580.484013, 324.336930, 581.507194, 324.336930, 
            584.576739, 324.336930, 585.599920, 324.336930, 
            586.623102, 324.336930, 588.669464, 324.336930, 
            591.739009, 324.336930, 594.808553, 324.336930, 
