%YAML:1.0
    mask: !!opencv-matrix
        rows: 839
        cols: 2
        dt: f
        data: [ 163.697442, 718.613509, 163.697442, 
            716.567146, 164.720624, 716.567146, 165.743805, 
            716.567146, 166.766986, 716.567146, 167.790168, 
            715.543965, 168.813349, 715.543965, 170.859712, 
            714.520783, 171.882894, 713.497602, 174.952438, 
            713.497602, 175.975620, 712.474420, 176.998801, 
            712.474420, 179.045164, 712.474420, 180.068345, 
            711.451239, 182.114708, 711.451239, 185.184253, 
            710.428058, 186.207434, 709.404876, 188.253797, 
            709.404876, 189.276978, 708.381695, 192.346523, 
            706.335332, 196.439249, 705.312150, 199.508793, 
            704.288969, 200.531974, 703.265787, 202.578337, 
            702.242606, 204.624700, 702.242606, 204.624700, 
            701.219424, 207.694245, 701.219424, 209.740608, 
            700.196243, 210.763789, 700.196243, 213.833333, 
            700.196243, 214.856515, 700.196243, 215.879696, 
            699.173062, 216.902878, 699.173062, 217.926059, 
            699.173062, 219.972422, 698.149880, 222.018785, 
            698.149880, 223.041966, 698.149880, 224.065148, 
            698.149880, 225.088329, 698.149880, 227.134692, 
            698.149880, 228.157874, 697.126699, 231.227418, 
            697.126699, 233.273781, 697.126699, 234.296962, 
            697.126699, 236.343325, 697.126699, 237.366507, 
            698.149880, 238.389688, 698.149880, 239.412870, 
            699.173062, 240.436051, 699.173062, 241.459233, 
            700.196243, 242.482414, 701.219424, 242.482414, 
            702.242606, 243.505596, 703.265787, 244.528777, 
            705.312150, 244.528777, 708.381695, 245.551958, 
            709.404876, 246.575140, 711.451239, 246.575140, 
            712.474420, -1.000000, -1.000000, 912.666267, 
            631.643086, 911.643086, 631.643086, 910.619904, 
            632.666267, 909.596723, 632.666267, 908.573541, 
            632.666267, 907.550360, 633.689448, 906.527178, 
            633.689448, 904.480815, 633.689448, 902.434452, 
            633.689448, 899.364908, 633.689448, 895.272182, 
            632.666267, 892.202638, 631.643086, 890.156275, 
            631.643086, 887.086731, 630.619904, 885.040368, 
            630.619904, 879.924460, 630.619904, 873.785372, 
            627.550360, 869.692646, 627.550360, 867.646283, 
            626.527178, 863.553557, 624.480815, 857.414468, 
            622.434452, 855.368106, 621.411271, 854.344924, 
            621.411271, 852.298561, 620.388090, 849.229017, 
            619.364908, 846.159472, 618.341727, 843.089928, 
            615.272182, 837.974021, 612.202638, 834.904476, 
            610.156275, 832.858114, 609.133094, 831.834932, 
            608.109912, 829.788569, 608.109912, 827.742206, 
            606.063549, 827.742206, 605.040368, 824.672662, 
            602.994005, 823.649480, 601.970823, 822.626299, 
            600.947642, 821.603118, 599.924460, 818.533573, 
            597.878098, 815.464029, 595.831735, 814.440847, 
            593.785372, 813.417666, 593.785372, 810.348122, 
            591.739009, 809.324940, 590.715827, 808.301759, 
            589.692646, 805.232214, 587.646283, 804.209033, 
            586.623102, 800.116307, 584.576739, 799.093125, 
            584.576739, 791.930855, 580.484013, 788.861311, 
            579.460831, 785.791767, 577.414468, 780.675859, 
            575.368106, 777.606315, 574.344924, 773.513589, 
            572.298561, 769.420863, 571.275380, 766.351319, 
            569.229017, 764.304956, 569.229017, 760.212230, 
            566.159472, 755.096323, 563.089928, 751.003597, 
            561.043565, 749.980416, 561.043565, 746.910871, 
            558.997202, 746.910871, 557.974021, 744.864508, 
            556.950839, 742.818145, 555.927658, 739.748601, 
            553.881295, 736.679057, 551.834932, 732.586331, 
            549.788569, 726.447242, 547.742206, 724.400879, 
            545.695843, 721.331335, 544.672662, 719.284972, 
            543.649480, 718.261791, 543.649480, 715.192246, 
            541.603118, 713.145883, 540.579936, 711.099520, 
            539.556755, 709.053157, 538.533573, 708.029976, 
            537.510392, 703.937250, 536.487210, 699.844524, 
            535.464029, 699.844524, 534.440847, 695.751799, 
            533.417666, 694.728617, 532.394484, 692.682254, 
            532.394484, 688.589528, 531.371303, 683.473621, 
            529.324940, 678.357714, 528.301759, 676.311351, 
            528.301759, 671.195444, 527.278577, 669.149081, 
            526.255396, 668.125899, 525.232214, 659.940448, 
            523.185851, 654.824540, 522.162670, 652.778177, 
            522.162670, 647.662270, 520.116307, 646.639089, 
            520.116307, 639.476819, 519.093125, 634.360911, 
            519.093125, 633.337730, 519.093125, 629.245004, 
            519.093125, 626.175460, 519.093125, 622.082734, 
            519.093125, 620.036371, 519.093125, 619.013189, 
            519.093125, 615.943645, 519.093125, 612.874101, 
            519.093125, 610.827738, 519.093125, 606.735012, 
            519.093125, 604.688649, 518.069944, 601.619105, 
            518.069944, 599.572742, 518.069944, 595.480016, 
            517.046763, 590.364109, 517.046763, 586.271383, 
            516.023581, 585.248201, 516.023581, 584.225020, 
            516.023581, 583.201839, 515.000400, 581.155476, 
            513.977218, 580.132294, 513.977218, 578.085931, 
            511.930855, 575.016387, 510.907674, 573.993205, 
            510.907674, 570.923661, 509.884492, 566.830935, 
            508.861311, 566.830935, 507.838129, 563.761391, 
            505.791767, 561.715028, 504.768585, 559.668665, 
            503.745404, 558.645484, 503.745404, 557.622302, 
            501.699041, 556.599121, 500.675859, 555.575939, 
            498.629496, 555.575939, 496.583133, 555.575939, 
            494.536771, 555.575939, 492.490408, 555.575939, 
            491.467226, 555.575939, 488.397682, 556.599121, 
            486.351319, 558.645484, 482.258593, 559.668665, 
            481.235412, 559.668665, 479.189049, 561.715028, 
            478.165867, 564.784572, 476.119504, 566.830935, 
            475.096323, 567.854117, 474.073141, 569.900480, 
            474.073141, 570.923661, 473.049960, 571.946843, 
            473.049960, 572.970024, 473.049960, 575.016387, 
            472.026779, 579.109113, 472.026779, 581.155476, 
            472.026779, 582.178657, 472.026779, 584.225020, 
            472.026779, 587.294564, 472.026779, 589.340927, 
            472.026779, 590.364109, 472.026779, 595.480016, 
            472.026779, 600.595923, 474.073141, 601.619105, 
            474.073141, 605.711831, 474.073141, 609.804556, 
            474.073141, 612.874101, 475.096323, 616.966827, 
            475.096323, 621.059552, 476.119504, 623.105915, 
            476.119504, 626.175460, 476.119504, 628.221823, 
            476.119504, 630.268185, 476.119504, 633.337730, 
            476.119504, 634.360911, 476.119504, 638.453637, 
            476.119504, 642.546363, 476.119504, 643.569544, 
            476.119504, 647.662270, 476.119504, 649.708633, 
            476.119504, 651.754996, 476.119504, 656.870903, 
            476.119504, 660.963629, 476.119504, 663.009992, 
            476.119504, 668.125899, 476.119504, 671.195444, 
            476.119504, 674.264988, 476.119504, 676.311351, 
            476.119504, 677.334532, 476.119504, 678.357714, 
            475.096323, 682.450440, 475.096323, 683.473621, 
            474.073141, 687.566347, 473.049960, 688.589528, 
            473.049960, 691.659073, 472.026779, 692.682254, 
            472.026779, 694.728617, 471.003597, 696.774980, 
            471.003597, 699.844524, 469.980416, 699.844524, 
            468.957234, 702.914069, 466.910871, 707.006795, 
