%YAML:1.0
    mask: !!opencv-matrix
        rows: 367
        cols: 2
        dt: f
        data: [ -1.000000, -1.000000, 676.788660, 
            716.128866, 684.706186, 710.850515, 691.304124, 
            705.572165, 696.582474, 700.293814, 696.582474, 
            698.974227, 697.902062, 696.335052, 697.902062, 
            693.695876, 697.902062, 692.376289, 697.902062, 
            688.417526, 696.582474, 683.139175, 696.582474, 
            664.664948, 696.582474, 662.025773, 697.902062, 
            660.706186, 700.541237, 658.067010, 704.500000, 
            658.067010, 712.417526, 656.747423, 732.211340, 
            651.469072, 744.087629, 648.829897, 752.005155, 
            647.510309, 755.963918, 647.510309, 762.561856, 
            644.871134, 773.118557, 643.551546, 782.355670, 
            643.551546, 794.231959, 644.871134, 807.427835, 
            650.149485, 811.386598, 651.469072, 823.262887, 
            654.108247, 835.139175, 656.747423, 848.335052, 
            659.386598, 861.530928, 665.984536, 873.407216, 
            671.262887, 883.963918, 676.541237, 890.561856, 
            680.500000, 907.716495, 687.097938, 911.675258, 
            688.417526, 918.273196, 693.695876, 927.510309, 
            698.974227, 936.747423, 706.891753, 948.623711, 
            712.170103, 951.262887, 714.809278, 952.582474, 
            714.809278, -1.000000, -1.000000, 569.902062, 
            291.221649, 569.902062, 296.500000, 569.902062, 
            299.139175, 569.902062, 301.778351, 569.902062, 
            304.417526, 569.902062, 305.737113, 571.221649, 
            309.695876, 575.180412, 313.654639, 580.458763, 
            322.891753, 581.778351, 324.211340, 583.097938, 
            326.850515, 584.417526, 328.170103, 587.056701, 
            332.128866, 592.335052, 337.407216, 593.654639, 
            340.046392, 594.974227, 341.365979, 594.974227, 
            345.324742, 594.974227, 346.644330, 594.974227, 
            350.603093, 594.974227, 351.922680, 593.654639, 
            353.242268, 587.056701, 355.881443, 583.097938, 
            357.201031, 580.458763, 357.201031, 579.139175, 
            358.520619, 577.819588, 358.520619, 576.500000, 
            359.840206, 575.180412, 362.479381, 573.860825, 
            363.798969, 571.221649, 366.438144, 565.943299, 
            373.036082, 563.304124, 375.675258, 561.984536, 
            376.994845, 561.984536, 379.634021, 561.984536, 
            380.953608, 561.984536, 382.273196, 561.984536, 
            386.231959, 561.984536, 388.871134, 561.984536, 
            390.190722, 561.984536, 391.510309, 563.304124, 
            398.108247, 564.623711, 400.747423, 565.943299, 
            406.025773, 565.943299, 409.984536, 569.902062, 
            412.623711, 576.500000, 415.262887, 579.139175, 
            416.582474, 585.737113, 420.541237, 587.056701, 
            421.860825, 588.376289, 421.860825, 589.695876, 
            421.860825, 591.015464, 421.860825, 593.654639, 
            421.860825, 594.974227, 421.860825, 596.293814, 
            421.860825, 596.293814, 420.541237, 597.613402, 
            420.541237, 597.613402, 421.860825, 598.932990, 
            423.180412, 598.932990, 424.500000, 598.932990, 
            425.819588, 598.932990, 427.139175, 598.932990, 
            433.737113, 598.932990, 436.376289, 598.932990, 
            437.695876, 598.932990, 439.015464, 600.252577, 
            439.015464, 604.211340, 441.654639, 610.809278, 
            442.974227, 613.448454, 444.293814, 617.407216, 
            445.613402, 618.726804, 445.613402, 621.365979, 
            445.613402, 625.324742, 445.613402, 633.242268, 
            442.974227, 638.520619, 439.015464, 642.479381, 
            435.056701, 646.438144, 431.097938, 651.716495, 
            425.819588, 655.675258, 420.541237, 660.953608, 
            416.582474, 662.273196, 415.262887, 662.273196, 
            413.943299, 663.592784, 413.943299, 663.592784, 
            411.304124, 664.912371, 407.345361, 666.231959, 
            404.706186, 666.231959, 402.067010, 667.551546, 
            392.829897, 668.871134, 382.273196, 668.871134, 
            374.355670, 670.190722, 369.077320, 670.190722, 
            365.118557, 670.190722, 358.520619, 671.510309, 
            350.603093, 671.510309, 346.644330, 672.829897, 
            332.128866, 672.829897, 328.170103, 672.829897, 
            322.891753, 670.190722, 314.974227, 668.871134, 
            313.654639, 667.551546, 311.015464, 667.551546, 
            309.695876, 664.912371, 307.056701, 660.953608, 
            304.417526, 659.634021, 301.778351, 655.675258, 
            299.139175, 655.675258, 297.819588, 653.036082, 
            295.180412, 651.716495, 291.221649, 647.757732, 
            283.304124, 646.438144, 280.664948, 645.118557, 
            276.706186, 645.118557, 274.067010, 643.798969, 
            272.747423, 642.479381, 272.747423, 639.840206, 
            272.747423, 638.520619, 272.747423, 633.242268, 
            272.747423, 630.603093, 272.747423, 627.963918, 
            272.747423, 624.005155, 272.747423, 621.365979, 
            272.747423, 614.768041, 272.747423, 608.170103, 
            272.747423, 602.891753, 272.747423, 597.613402, 
            272.747423, 593.654639, 272.747423, 588.376289, 
            272.747423, 587.056701, 272.747423, 584.417526, 
            274.067010, 583.097938, 274.067010, 579.139175, 
            275.386598, 577.819588, 275.386598, 577.819588, 
            276.706186, 577.819588, 278.025773, -1.000000, 
            -1.000000, 133.118557, 429.778351, 133.118557, 
            436.376289, 133.118557, 442.974227, 133.118557, 
            454.850515, 133.118557, 462.768041, 133.118557, 
            465.407216, 133.118557, 469.365979, 133.118557, 
            472.005155, 134.438144, 477.283505, 135.757732, 
            483.881443, 138.396907, 490.479381, 144.994845, 
            501.036082, 144.994845, 503.675258, 147.634021, 
            510.273196, 152.912371, 515.551546, 152.912371, 
            518.190722, 159.510309, 520.829897, 163.469072, 
            520.829897, 171.386598, 524.788660, 185.902062, 
            528.747423, 193.819588, 530.067010, 205.695876, 
            532.706186, 217.572165, 534.025773, 229.448454, 
            534.025773, 237.365979, 535.345361, 246.603093, 
            537.984536, 259.798969, 539.304124, 266.396907, 
            540.623711, 270.355670, 541.943299, 282.231959, 
            544.582474, 290.149485, 545.902062, 298.067010, 
            547.221649, 299.386598, 547.221649, 300.706186, 
            547.221649, 305.984536, 547.221649, 311.262887, 
            547.221649, 332.376289, 548.541237, 336.335052, 
            548.541237, 354.809278, 551.180412, 360.087629, 
            551.180412, 364.046392, 552.500000, 373.283505, 
            553.819588, 377.242268, 553.819588, 379.881443, 
            553.819588, 389.118557, 553.819588, 394.396907, 
            552.500000, 410.231959, 551.180412, 412.871134, 
            549.860825, 420.788660, 547.221649, 424.747423, 
            547.221649, 426.067010, 545.902062, 427.386598, 
            543.262887, 428.706186, 541.943299, 430.025773, 
            536.664948, 432.664948, 534.025773, 432.664948, 
            532.706186, 432.664948, 530.067010, 432.664948, 
            526.108247, 432.664948, 523.469072, 432.664948, 
            518.190722, 433.984536, 516.871134, 436.623711, 
            510.273196, 437.943299, 507.634021, 440.582474, 
            504.994845, 445.860825, 497.077320, 448.500000, 
            495.757732, 448.500000, 493.118557, 449.819588, 
            491.798969, 449.819588, 490.479381, 449.819588, 
            489.159794, 447.180412, 479.922680, 445.860825, 
            478.603093, 445.860825, 477.283505, 445.860825, 
            473.324742, 445.860825, 468.046392, 444.541237, 
            464.087629, 444.541237, 453.530928, 444.541237, 
            449.572165, 444.541237, 445.613402, 444.541237, 
