%YAML:1.0
    mask: !!opencv-matrix
        rows: 359
        cols: 2
        dt: f
        data: [ -1.000000, -1.000000, 775.757732, 
            518.190722, 767.840206, 514.231959, 762.561856, 
            510.273196, 758.603093, 507.634021, 755.963918, 
            506.314433, 752.005155, 503.675258, 750.685567, 
            502.355670, 749.365979, 501.036082, 746.726804, 
            499.716495, 745.407216, 498.396907, 742.768041, 
            497.077320, 740.128866, 493.118557, 738.809278, 
            491.798969, 736.170103, 487.840206, 732.211340, 
            482.561856, 725.613402, 474.644330, 722.974227, 
            470.685567, 719.015464, 464.087629, 716.376289, 
            460.128866, 712.417526, 450.891753, 708.458763, 
            442.974227, 703.180412, 427.139175, 700.541237, 
            420.541237, 699.221649, 419.221649, 699.221649, 
            415.262887, 699.221649, 412.623711, 699.221649, 
            408.664948, 699.221649, 406.025773, 697.902062, 
            404.706186, 697.902062, 403.386598, 696.582474, 
            402.067010, 695.262887, 400.747423, 692.623711, 
            399.427835, 691.304124, 396.788660, 688.664948, 
            395.469072, 686.025773, 392.829897, 684.706186, 
            388.871134, 683.386598, 386.231959, 683.386598, 
            380.953608, 683.386598, 378.314433, 684.706186, 
            369.077320, 684.706186, 363.798969, 686.025773, 
            361.159794, 686.025773, 358.520619, 686.025773, 
            354.561856, 686.025773, 350.603093, 683.386598, 
            347.963918, 682.067010, 345.324742, 678.108247, 
            344.005155, 676.788660, 342.685567, 668.871134, 
            337.407216, 666.231959, 336.087629, 663.592784, 
            334.768041, 654.355670, 329.489691, 651.716495, 
            328.170103, 650.396907, 326.850515, 647.757732, 
            325.530928, 646.438144, 324.211340, 635.881443, 
            318.932990, 633.242268, 317.613402, 627.963918, 
            313.654639, 622.685567, 309.695876, 618.726804, 
            308.376289, 613.448454, 305.737113, 612.128866, 
            304.417526, 610.809278, 304.417526, 606.850515, 
            303.097938, 606.850515, 301.778351, 604.211340, 
            300.458763, 597.613402, 296.500000, 596.293814, 
            295.180412, 593.654639, 293.860825, 589.695876, 
            291.221649, 589.695876, 289.902062, 585.737113, 
            288.582474, 584.417526, 287.262887, 581.778351, 
            284.623711, 579.139175, 281.984536, 579.139175, 
            280.664948, 576.500000, 278.025773, 575.180412, 
            276.706186, 575.180412, 275.386598, 573.860825, 
            272.747423, 572.541237, 270.108247, 572.541237, 
            268.788660, 572.541237, 264.829897, 572.541237, 
            263.510309, 572.541237, 262.190722, 572.541237, 
            260.871134, 573.860825, 258.231959, 575.180412, 
            255.592784, 576.500000, 255.592784, 577.819588, 
            255.592784, 579.139175, 255.592784, 581.778351, 
            255.592784, 583.097938, 255.592784, 585.737113, 
            255.592784, 587.056701, 255.592784, 588.376289, 
            255.592784, 589.695876, 255.592784, 592.335052, 
            256.912371, 594.974227, 256.912371, 597.613402, 
            258.231959, 600.252577, 259.551546, 602.891753, 
            259.551546, 609.489691, 259.551546, 612.128866, 
            259.551546, 616.087629, 258.231959, 618.726804, 
            258.231959, 620.046392, 258.231959, 624.005155, 
            258.231959, 634.561856, 258.231959, 638.520619, 
            258.231959, 639.840206, 259.551546, 641.159794, 
            259.551546, 643.798969, 259.551546, 646.438144, 
            259.551546, 647.757732, 259.551546, 650.396907, 
            259.551546, 653.036082, 259.551546, 654.355670, 
            259.551546, 658.314433, 259.551546, 660.953608, 
            260.871134, 670.190722, 262.190722, 671.510309, 
            262.190722, 672.829897, 263.510309, 676.788660, 
            263.510309, 682.067010, 266.149485, 684.706186, 
            267.469072, 691.304124, 268.788660, 697.902062, 
            272.747423, 703.180412, 276.706186, 707.139175, 
            279.345361, 709.778351, 280.664948, 712.417526, 
            281.984536, 715.056701, 283.304124, 716.376289, 
            283.304124, 719.015464, 283.304124, 721.654639, 
            283.304124, 721.654639, 281.984536, 721.654639, 
            280.664948, 721.654639, 278.025773, 719.015464, 
            274.067010, 717.695876, 274.067010, 715.056701, 
            272.747423, 708.458763, 268.788660, 705.819588, 
            266.149485, 701.860825, 263.510309, 700.541237, 
            260.871134, 693.943299, 258.231959, 689.984536, 
            256.912371, 687.345361, 256.912371, 684.706186, 
            254.273196, 682.067010, 252.953608, 679.427835, 
            250.314433, 678.108247, 248.994845, 676.788660, 
            246.355670, 675.469072, 245.036082, 674.149485, 
            243.716495, 672.829897, 239.757732, 670.190722, 
            235.798969, 670.190722, 233.159794, 670.190722, 
            231.840206, 670.190722, 229.201031, 670.190722, 
            226.561856, 670.190722, 225.242268, 670.190722, 
            222.603093, 670.190722, 219.963918, 670.190722, 
            214.685567, 671.510309, 214.685567, 671.510309, 
            213.365979, 671.510309, 212.046392, 672.829897, 
            212.046392, 674.149485, 210.726804, 675.469072, 
            209.407216, 678.108247, 209.407216, 679.427835, 
            209.407216, 682.067010, 209.407216, 684.706186, 
            209.407216, 688.664948, 210.726804, 691.304124, 
            213.365979, 696.582474, 216.005155, 699.221649, 
            217.324742, 701.860825, 219.963918, 708.458763, 
            223.922680, 712.417526, 226.561856, 713.737113, 
            226.561856, 715.056701, 227.881443, 716.376289, 
            229.201031, 721.654639, 231.840206, 726.932990, 
            234.479381, 730.891753, 237.118557, 736.170103, 
            239.757732, 738.809278, 241.077320, 746.726804, 
            247.675258, 750.685567, 250.314433, 754.644330, 
            254.273196, 755.963918, 255.592784, 757.283505, 
            256.912371, 762.561856, 260.871134, 766.520619, 
            263.510309, 770.479381, 267.469072, 783.675258, 
            279.345361, 786.314433, 281.984536, 791.592784, 
            285.943299, 791.592784, 287.262887, 795.551546, 
            293.860825, 796.871134, 296.500000, 799.510309, 
            301.778351, 802.149485, 307.056701, 804.788660, 
            312.335052, 807.427835, 322.891753, 814.025773, 
            337.407216, 823.262887, 354.561856, 825.902062, 
            357.201031, 825.902062, 359.840206, 828.541237, 
            362.479381, 829.860825, 366.438144, 831.180412, 
            366.438144, 832.500000, 370.396907, 835.139175, 
            371.716495, 835.139175, 373.036082, 836.458763, 
            373.036082, 836.458763, 374.355670, 836.458763, 
            375.675258, 836.458763, 387.551546, 832.500000, 
            402.067010, 829.860825, 407.345361, 824.582474, 
            420.541237, 823.262887, 428.458763, 820.623711, 
            437.695876, 815.345361, 445.613402, 808.747423, 
            454.850515, 803.469072, 461.448454, 800.829897, 
            469.365979, 798.190722, 475.963918, 795.551546, 
            482.561856, 791.592784, 494.438144, 791.592784, 
            495.757732, 791.592784, 497.077320, 791.592784, 
            498.396907, 791.592784, 499.716495, -1.000000, 
            -1.000000, 763.881443, 718.768041, 770.479381, 
            712.170103, 777.077320, 706.891753, 779.716495, 
            705.572165, 781.036082, 704.252577, 783.675258, 
            702.932990, 786.314433, 701.613402, 786.314433, 
            700.293814, 788.953608, 698.974227, 791.592784, 
            696.335052, 792.912371, 696.335052, 795.551546, 
            695.015464, 796.871134, 693.695876, 802.149485, 
