%YAML:1.0
    mask: !!opencv-matrix
        rows: 827
        cols: 2
        dt: f
        data: [ 160.627898, 716.567146, 160.627898, 
            715.543965, 160.627898, 714.520783, 160.627898, 
            713.497602, 160.627898, 711.451239, 159.604716, 
            707.358513, 158.581535, 702.242606, 156.535172, 
            698.149880, 156.535172, 694.057154, 156.535172, 
            690.987610, 156.535172, 689.964428, 156.535172, 
            685.871703, 155.511990, 682.802158, 155.511990, 
            677.686251, 155.511990, 676.663070, 155.511990, 
            675.639888, 155.511990, 673.593525, 154.488809, 
            668.477618, 153.465627, 667.454436, 153.465627, 
            664.384892, 153.465627, 660.292166, 153.465627, 
            657.222622, 152.442446, 656.199440, 152.442446, 
            655.176259, 151.419265, 653.129896, 150.396083, 
            649.037170, 150.396083, 644.944444, 149.372902, 
            641.874900, 147.326539, 634.712630, 147.326539, 
            632.666267, 146.303357, 630.619904, 146.303357, 
            629.596723, 144.256994, 624.480815, 144.256994, 
            623.457634, 143.233813, 621.411271, 142.210631, 
            619.364908, 141.187450, 617.318545, 140.164269, 
            616.295364, 140.164269, 615.272182, 139.141087, 
            614.249001, 137.094724, 612.202638, 136.071543, 
            610.156275, 134.025180, 607.086731, 131.978817, 
            602.994005, 130.955635, 600.947642, 129.932454, 
            598.901279, 128.909273, 596.854916, 126.862910, 
            592.762190, 126.862910, 590.715827, 125.839728, 
            589.692646, 124.816547, 585.599920, 123.793365, 
            581.507194, 123.793365, 580.484013, 122.770184, 
            576.391287, 122.770184, 575.368106, 122.770184, 
            573.321743, 122.770184, 572.298561, 122.770184, 
            571.275380, 122.770184, 569.229017, 123.793365, 
            568.205835, 123.793365, 566.159472, 123.793365, 
            565.136291, 124.816547, 563.089928, 126.862910, 
            558.997202, 126.862910, 557.974021, 127.886091, 
            556.950839, 128.909273, 555.927658, 130.955635, 
            552.858114, 133.001998, 549.788569, 135.048361, 
            548.765388, 136.071543, 546.719025, 139.141087, 
            544.672662, 140.164269, 541.603118, 142.210631, 
            539.556755, 143.233813, 537.510392, 143.233813, 
            535.464029, 145.280176, 531.371303, 146.303357, 
            529.324940, 147.326539, 527.278577, 147.326539, 
            525.232214, 149.372902, 521.139488, 150.396083, 
            518.069944, 151.419265, 512.954037, 152.442446, 
            508.861311, 154.488809, 505.791767, 154.488809, 
            504.768585, 156.535172, 501.699041, 157.558353, 
            499.652678, 158.581535, 496.583133, 160.627898, 
            493.513589, 160.627898, 491.467226, 162.674261, 
            488.397682, 163.697442, 486.351319, 163.697442, 
            485.328137, 164.720624, 483.281775, 165.743805, 
            481.235412, 166.766986, 479.189049, 167.790168, 
            477.142686, 167.790168, 476.119504, 169.836531, 
            472.026779, 170.859712, 469.980416, 170.859712, 
            468.957234, 171.882894, 467.934053, 171.882894, 
            466.910871, 172.906075, 462.818145, 174.952438, 
            459.748601, 174.952438, 456.679057, 175.975620, 
            454.632694, 176.998801, 453.609512, 178.021982, 
            450.539968, 179.045164, 449.516787, 180.068345, 
            447.470424, 183.137890, 443.377698, 187.230616, 
            439.284972, 189.276978, 437.238609, 190.300160, 
            435.192246, 191.323341, 435.192246, 194.392886, 
            431.099520, 197.462430, 430.076339, 197.462430, 
            429.053157, 199.508793, 428.029976, 203.601519, 
            424.960432, 207.694245, 422.914069, 209.740608, 
            420.867706, 212.810152, 420.867706, 216.902878, 
            419.844524, 218.949241, 419.844524, 223.041966, 
            419.844524, 227.134692, 418.821343, 229.181055, 
            417.798161, 232.250600, 417.798161, 235.320144, 
            417.798161, 239.412870, 416.774980, 243.505596, 
            416.774980, 247.598321, 415.751799, 251.691047, 
            415.751799, 255.783773, 415.751799, 257.830136, 
            415.751799, 260.899680, 415.751799, 262.946043, 
            415.751799, 267.038769, 415.751799, 273.177858, 
            415.751799, 277.270584, 415.751799, 280.340128, 
            414.728617, 285.456035, 414.728617, 289.548761, 
            414.728617, 292.618305, 414.728617, 293.641487, 
            414.728617, 300.803757, 415.751799, 305.919664, 
            415.751799, 307.966027, 415.751799, 312.058753, 
            415.751799, 313.081934, 415.751799, 314.105116, 
            415.751799, 315.128297, 415.751799, 315.128297, 
            416.774980, 318.197842, 419.844524, 319.221023, 
            420.867706, 320.244205, 421.890887, 320.244205, 
            423.937250, 320.244205, 424.960432, 320.244205, 
            425.983613, 320.244205, 428.029976, 319.221023, 
            431.099520, 319.221023, 434.169065, 319.221023, 
            437.238609, 319.221023, 438.261791, 319.221023, 
            440.308153, 319.221023, 441.331335, 319.221023, 
            442.354516, 319.221023, 443.377698, 321.267386, 
            445.424061, 322.290568, 446.447242, 322.290568, 
            447.470424, 324.336930, 450.539968, 325.360112, 
            453.609512, 325.360112, 455.655875, 325.360112, 
            456.679057, 327.406475, 457.702238, 327.406475, 
            459.748601, 327.406475, 461.794964, 327.406475, 
            462.818145, 327.406475, 464.864508, 326.383293, 
            468.957234, 324.336930, 472.026779, 324.336930, 
            473.049960, 321.267386, 477.142686, 320.244205, 
            478.165867, 319.221023, 479.189049, 318.197842, 
            481.235412, 316.151479, 481.235412, 316.151479, 
            482.258593, 315.128297, 484.304956, 313.081934, 
            486.351319, 313.081934, 488.397682, 313.081934, 
            490.444045, 313.081934, 491.467226, 314.105116, 
            491.467226, 315.128297, 492.490408, 316.151479, 
            493.513589, 317.174660, 493.513589, 318.197842, 
            494.536771, 320.244205, 494.536771, 322.290568, 
            493.513589, 324.336930, 492.490408, 327.406475, 
            491.467226, 328.429656, 489.420863, 331.499201, 
            486.351319, 332.522382, 485.328137, 334.568745, 
            482.258593, 336.615108, 479.189049, 338.661471, 
            475.096323, 341.731015, 472.026779, 343.777378, 
            468.957234, 344.800560, 465.887690, 346.846922, 
            463.841327, 348.893285, 461.794964, 350.939648, 
            457.702238, 351.962830, 456.679057, 355.032374, 
            452.586331, 357.078737, 449.516787, 360.148281, 
            446.447242, 363.217826, 443.377698, 365.264189, 
            441.331335, 366.287370, 440.308153, 369.356914, 
            437.238609, 372.426459, 436.215428, 376.519185, 
            433.145883, 378.565548, 432.122702, 379.588729, 
            431.099520, 381.635092, 431.099520, 383.681455, 
            430.076339, 386.750999, 430.076339, 387.774181, 
            429.053157, 388.797362, 429.053157, 391.866906, 
            429.053157, 395.959632, 429.053157, 399.029177, 
            429.053157, 401.075540, 429.053157, 403.121902, 
            429.053157, 404.145084, 429.053157, 405.168265, 
            430.076339, 406.191447, 430.076339, 407.214628, 
            431.099520, 408.237810, 434.169065, 408.237810, 
            437.238609, 408.237810, 439.284972, 408.237810, 
            441.331335, 408.237810, 443.377698, 407.214628, 
            445.424061, 406.191447, 449.516787, 404.145084, 
            451.563149, 404.145084, 454.632694, 404.145084, 
            457.702238, 403.121902, 462.818145, 402.098721, 
            465.887690, 401.075540, 468.957234, 399.029177, 
