%YAML:1.0
    mask: !!opencv-matrix
        rows: 190
        cols: 2
        dt: f
        data: [ -1.000000, -1.000000, -1.000000, 
            -1.000000, 700.541237, 481.242268, 695.262887, 
            481.242268, 686.025773, 481.242268, 674.149485, 
            481.242268, 671.510309, 481.242268, 667.551546, 
            482.561856, 664.912371, 482.561856, 660.953608, 
            483.881443, 655.675258, 485.201031, 654.355670, 
            485.201031, 647.757732, 485.201031, 643.798969, 
            485.201031, 643.798969, 486.520619, 642.479381, 
            487.840206, 639.840206, 490.479381, 639.840206, 
            493.118557, 641.159794, 498.396907, 643.798969, 
            502.355670, 645.118557, 504.994845, 646.438144, 
            504.994845, 649.077320, 507.634021, 654.355670, 
            510.273196, 663.592784, 512.912371, 675.469072, 
            515.551546, 678.108247, 516.871134, 686.025773, 
            519.510309, 693.943299, 522.149485, 705.819588, 
            524.788660, 708.458763, 526.108247, 717.695876, 
            528.747423, 721.654639, 528.747423, 724.293814, 
            530.067010, 732.211340, 532.706186, 740.128866, 
            534.025773, 750.685567, 537.984536, 755.963918, 
            539.304124, 759.922680, 541.943299, 763.881443, 
            543.262887, 765.201031, 543.262887, 771.798969, 
            545.902062, 774.438144, 547.221649, 781.036082, 
            547.221649, 782.355670, 547.221649, 783.675258, 
            545.902062, 787.634021, 540.623711, 794.231959, 
            537.984536, 795.551546, 536.664948, 799.510309, 
            532.706186, 802.149485, 530.067010, 804.788660, 
            528.747423, 807.427835, 524.788660, 811.386598, 
            520.829897, 816.664948, 516.871134, 820.623711, 
            511.592784, 821.943299, 508.953608, 823.262887, 
            503.675258, 824.582474, 499.716495, 824.582474, 
            491.798969, 824.582474, 483.881443, 824.582474, 
            473.324742, 824.582474, 464.087629, 823.262887, 
            464.087629, 823.262887, 462.768041, 819.304124, 
            458.809278, 816.664948, 457.489691, 811.386598, 
            452.211340, 810.067010, 450.891753, 806.108247, 
            448.252577, 799.510309, 444.293814, 795.551546, 
            442.974227, 788.953608, 441.654639, 786.314433, 
            441.654639, 781.036082, 440.335052, 777.077320, 
            439.015464, 773.118557, 439.015464, 767.840206, 
            439.015464, 761.242268, 441.654639, 757.283505, 
            442.974227, 752.005155, 445.613402, 750.685567, 
            446.932990, 749.365979, 448.252577, 748.046392, 
            449.572165, 748.046392, 452.211340, 748.046392, 
            453.530928, 757.283505, 460.128866, 763.881443, 
            464.087629, 765.201031, 466.726804, 765.201031, 
            470.685567, 765.201031, 472.005155, 762.561856, 
            475.963918, 761.242268, 477.283505, 758.603093, 
            477.283505, 757.283505, 478.603093, 754.644330, 
            479.922680, 746.726804, 481.242268, 738.809278, 
            481.242268, 733.530928, 481.242268, 732.211340, 
            481.242268, -1.000000, -1.000000, 488.087629, 
            374.355670, 484.128866, 380.953608, 482.809278, 
            384.912371, 482.809278, 390.190722, 481.489691, 
            392.829897, 481.489691, 398.108247, 480.170103, 
            400.747423, 480.170103, 403.386598, 480.170103, 
            404.706186, 478.850515, 408.664948, 477.530928, 
            413.943299, 477.530928, 417.902062, 477.530928, 
            421.860825, 477.530928, 424.500000, 477.530928, 
            431.097938, 477.530928, 436.376289, 477.530928, 
            442.974227, 478.850515, 448.252577, 481.489691, 
            457.489691, 484.128866, 464.087629, 485.448454, 
            465.407216, 488.087629, 472.005155, 490.726804, 
            473.324742, 493.365979, 477.283505, 496.005155, 
            479.922680, 499.963918, 482.561856, 505.242268, 
            483.881443, 509.201031, 486.520619, 518.438144, 
            487.840206, 522.396907, 487.840206, 523.716495, 
            487.840206, 527.675258, 487.840206, 528.994845, 
            487.840206, 536.912371, 487.840206, 539.551546, 
            486.520619, 546.149485, 486.520619, 547.469072, 
            486.520619, 556.706186, 483.881443, 559.345361, 
            483.881443, 561.984536, 482.561856, 569.902062, 
            479.922680, 576.500000, 478.603093, 583.097938, 
            477.283505, 585.737113, 475.963918, 589.695876, 
            474.644330, 591.015464, 473.324742, 592.335052, 
            470.685567, 593.654639, 469.365979, 593.654639, 
            468.046392, 594.974227, 465.407216, 596.293814, 
            464.087629, 596.293814, 461.448454, 596.293814, 
            458.809278, 596.293814, 454.850515, 593.654639, 
            449.572165, 592.335052, 448.252577, 589.695876, 
            442.974227, 587.056701, 441.654639, 584.417526, 
            439.015464, 583.097938, 439.015464, 580.458763, 
            436.376289, 576.500000, 431.097938, 575.180412, 
            427.139175, 572.541237, 419.221649, 569.902062, 
            412.623711, 569.902062, 409.984536, 568.582474, 
            406.025773, 567.262887, 400.747423, 567.262887, 
            399.427835, 567.262887, 396.788660, 565.943299, 
            392.829897, 565.943299, 391.510309, 564.623711, 
            387.551546, 564.623711, 386.231959, 563.304124, 
            383.592784, 561.984536, 382.273196, 560.664948, 
            382.273196, 558.025773, 380.953608, 555.386598, 
            376.994845, 551.427835, 374.355670, 548.788660, 
            374.355670, 544.829897, 371.716495, 538.231959, 
            367.757732, 536.912371, 367.757732, 534.273196, 
            366.438144, 531.634021, 365.118557, 521.077320, 
            362.479381, 517.118557, 362.479381, 515.798969, 
            362.479381]
