%YAML:1.0
    mask: !!opencv-matrix
        rows: 564
        cols: 2
        dt: f
        data: [ -1.000000, -1.000000, -1.000000, 
            -1.000000, 864.076159, 328.711921, 864.076159, 
            330.831126, 859.837748, 330.831126, 853.480132, 
            330.831126, 851.360927, 330.831126, 847.122517, 
            330.831126, 845.003311, 330.831126, 842.884106, 
            330.831126, 840.764901, 330.831126, 838.645695, 
            330.831126, 836.526490, 330.831126, 834.407285, 
            330.831126, 832.288079, 330.831126, 830.168874, 
            330.831126, 828.049669, 330.831126, 823.811258, 
            330.831126, 821.692053, 330.831126, 819.572848, 
            330.831126, 817.453642, 330.831126, 813.215232, 
            330.831126, 811.096026, 330.831126, 806.857616, 
            330.831126, 804.738411, 330.831126, 802.619205, 
            330.831126, 800.500000, 330.831126, 798.380795, 
            330.831126, 796.261589, 330.831126, 794.142384, 
            332.950331, 792.023179, 335.069536, 789.903974, 
            337.188742, 787.784768, 337.188742, 785.665563, 
            337.188742, 783.546358, 337.188742, 783.546358, 
            339.307947, 779.307947, 339.307947, 777.188742, 
            341.427152, 775.069536, 341.427152, 772.950331, 
            341.427152, 770.831126, 341.427152, 768.711921, 
            341.427152, 766.592715, 341.427152, 764.473510, 
            343.546358, 762.354305, 343.546358, 760.235099, 
            343.546358, 758.115894, 343.546358, 755.996689, 
            343.546358, 753.877483, 343.546358, 751.758278, 
            343.546358, 749.639073, 343.546358, 747.519868, 
            343.546358, 745.400662, 343.546358, 743.281457, 
            343.546358, 741.162252, 343.546358, 739.043046, 
            343.546358, 736.923841, 343.546358, 732.685430, 
            343.546358, 728.447020, 343.546358, 726.327815, 
            343.546358, 724.208609, 343.546358, 722.089404, 
            343.546358, 719.970199, 343.546358, 717.850993, 
            343.546358, 713.612583, 343.546358, 709.374172, 
            343.546358, 705.135762, 343.546358, 700.897351, 
            343.546358, 698.778146, 343.546358, 696.658940, 
            343.546358, 692.420530, 343.546358, 690.301325, 
            343.546358, 688.182119, 343.546358, 686.062914, 
            343.546358, 681.824503, 345.665563, 677.586093, 
            347.784768, 675.466887, 347.784768, 675.466887, 
            349.903974, 675.466887, 352.023179, 675.466887, 
            354.142384, 675.466887, 356.261589, 675.466887, 
            360.500000, 677.586093, 362.619205, 679.705298, 
            362.619205, 679.705298, 364.738411, 681.824503, 
            364.738411, 681.824503, 366.857616, 683.943709, 
            368.976821, 686.062914, 368.976821, 688.182119, 
            368.976821, 688.182119, 371.096026, 690.301325, 
            371.096026, 692.420530, 371.096026, 694.539735, 
            371.096026, 698.778146, 371.096026, 703.016556, 
            371.096026, 707.254967, 371.096026, 711.493377, 
            371.096026, 713.612583, 371.096026, 717.850993, 
            371.096026, 722.089404, 371.096026, 724.208609, 
            371.096026, 726.327815, 371.096026, 730.566225, 
            371.096026, 732.685430, 371.096026, 734.804636, 
            371.096026, 736.923841, 371.096026, 739.043046, 
            371.096026, 741.162252, 371.096026, 743.281457, 
            371.096026, 743.281457, 373.215232, 745.400662, 
            373.215232, 749.639073, 373.215232, 751.758278, 
            373.215232, 753.877483, 373.215232, 755.996689, 
            373.215232, 758.115894, 373.215232, 760.235099, 
            373.215232, 762.354305, 375.334437, 764.473510, 
            375.334437, 766.592715, 375.334437, 768.711921, 
            375.334437, 770.831126, 375.334437, 772.950331, 
            375.334437, 777.188742, 375.334437, 779.307947, 
            377.453642, 781.427152, 377.453642, 783.546358, 
            377.453642, 785.665563, 377.453642, 785.665563, 
            379.572848, 787.784768, 379.572848, 787.784768, 
            381.692053, 787.784768, 383.811258, 787.784768, 
            385.930464, 787.784768, 388.049669, 787.784768, 
            390.168874, 787.784768, 392.288079, 787.784768, 
            394.407285, 785.665563, 394.407285, 783.546358, 
            396.526490, 783.546358, 398.645695, 781.427152, 
            400.764901, 781.427152, 402.884106, 779.307947, 
            402.884106, 779.307947, 405.003311, 777.188742, 
            405.003311, 775.069536, 407.122517, 772.950331, 
            409.241722, 770.831126, 409.241722, 768.711921, 
            409.241722, 766.592715, 409.241722, 764.473510, 
            409.241722, 762.354305, 409.241722, 760.235099, 
            411.360927, 758.115894, 411.360927, 755.996689, 
            411.360927, 753.877483, 411.360927, 751.758278, 
            411.360927, 747.519868, 411.360927, 745.400662, 
            411.360927, 743.281457, 411.360927, 741.162252, 
            411.360927, 736.923841, 411.360927, 734.804636, 
            411.360927, 732.685430, 411.360927, 728.447020, 
            411.360927, 726.327815, 411.360927, 724.208609, 
            411.360927, 722.089404, 411.360927, 717.850993, 
            409.241722, 715.731788, 409.241722, 713.612583, 
            409.241722, 711.493377, 409.241722, 709.374172, 
            409.241722, 707.254967, 409.241722, 705.135762, 
            407.122517, 700.897351, 405.003311, 698.778146, 
            405.003311, 690.301325, 405.003311, 686.062914, 
            402.884106, 683.943709, 402.884106, 679.705298, 
            402.884106, 677.586093, 402.884106, 673.347682, 
            402.884106, 671.228477, 402.884106, 669.109272, 
            402.884106, 666.990066, 402.884106, 664.870861, 
            402.884106, 664.870861, 405.003311, 662.751656, 
            407.122517, 662.751656, 409.241722, 662.751656, 
            411.360927, 662.751656, 413.480132, 662.751656, 
            415.599338, 660.632450, 417.718543, 658.513245, 
            419.837748, 656.394040, 419.837748, 656.394040, 
            421.956954, 654.274834, 421.956954, 652.155629, 
            424.076159, 650.036424, 424.076159, 650.036424, 
            426.195364, 647.917219, 426.195364, 647.917219, 
            428.314570, 647.917219, 432.552980, 650.036424, 
            432.552980, 652.155629, 434.672185, 654.274834, 
            434.672185, 656.394040, 436.791391, 660.632450, 
            436.791391, 662.751656, 436.791391, 669.109272, 
            436.791391, 673.347682, 436.791391, 679.705298, 
            436.791391, 681.824503, 436.791391, 686.062914, 
            436.791391, 688.182119, 436.791391, 690.301325, 
            436.791391, 692.420530, 436.791391, 694.539735, 
            436.791391, 696.658940, 436.791391, 698.778146, 
            436.791391, 700.897351, 436.791391, 703.016556, 
            436.791391, 705.135762, 436.791391, 707.254967, 
            436.791391, 709.374172, 438.910596, 711.493377, 
            438.910596, 713.612583, 438.910596, 715.731788, 
            438.910596, 717.850993, 438.910596, 719.970199, 
            438.910596, 722.089404, 438.910596, 724.208609, 
            438.910596, 726.327815, 441.029801, 730.566225, 
            441.029801, 732.685430, 441.029801, 734.804636, 
            441.029801, 736.923841, 441.029801, 739.043046, 
            441.029801, 741.162252, 441.029801, 743.281457, 
            441.029801, 743.281457, 443.149007, 745.400662, 
            443.149007, 747.519868, 443.149007, 749.639073, 
            443.149007, 751.758278, 443.149007, 753.877483, 
            443.149007, 755.996689, 443.149007, 758.115894, 
            443.149007, 760.235099, 443.149007, 766.592715, 
            443.149007, 770.831126, 443.149007, 775.069536, 
            443.149007, 779.307947, 443.149007, 783.546358, 
            443.149007, 785.665563, 443.149007, 789.903974, 
