%YAML:1.0
    mask: !!opencv-matrix
        rows: 243
        cols: 2
        dt: f
        data: [ -1.000000, -1.000000, -1.000000, 
            -1.000000, 502.603093, 289.902062, 498.644330, 
            295.180412, 494.685567, 301.778351, 493.365979, 
            304.417526, 489.407216, 308.376289, 485.448454, 
            312.335052, 482.809278, 314.974227, 481.489691, 
            316.293814, 478.850515, 318.932990, 478.850515, 
            320.252577, 478.850515, 321.572165, 478.850515, 
            322.891753, 478.850515, 325.530928, 478.850515, 
            326.850515, 480.170103, 333.448454, 482.809278, 
            338.726804, 484.128866, 340.046392, 488.087629, 
            347.963918, 490.726804, 353.242268, 493.365979, 
            355.881443, 494.685567, 357.201031, 497.324742, 
            361.159794, 498.644330, 363.798969, 499.963918, 
            363.798969, 502.603093, 365.118557, 503.922680, 
            366.438144, 506.561856, 367.757732, 509.201031, 
            370.396907, 510.520619, 370.396907, 514.479381, 
            373.036082, 519.757732, 374.355670, 522.396907, 
            375.675258, 523.716495, 375.675258, 523.716495, 
            374.355670, 523.716495, 369.077320, 523.716495, 
            366.438144, 523.716495, 362.479381, 521.077320, 
            347.963918, 521.077320, 346.644330, 521.077320, 
            345.324742, 521.077320, 344.005155, 522.396907, 
            344.005155, 523.716495, 344.005155, 525.036082, 
            342.685567, 527.675258, 342.685567, 532.953608, 
            342.685567, 535.592784, 342.685567, 536.912371, 
            342.685567, 536.912371, 344.005155, 536.912371, 
            345.324742, 539.551546, 345.324742, 539.551546, 
            349.283505, 540.871134, 351.922680, 540.871134, 
            353.242268, 542.190722, 357.201031, 543.510309, 
            359.840206, 543.510309, 361.159794, 544.829897, 
            361.159794, 547.469072, 362.479381, 551.427835, 
            363.798969, 554.067010, 363.798969, 559.345361, 
            365.118557, 564.623711, 365.118557, 572.541237, 
            365.118557, 576.500000, 365.118557, 577.819588, 
            365.118557, 577.819588, 363.798969, 579.139175, 
            362.479381, 580.458763, 358.520619, 581.778351, 
            354.561856, 584.417526, 353.242268, 585.737113, 
            351.922680, 587.056701, 351.922680, 588.376289, 
            351.922680, 591.015464, 351.922680, 592.335052, 
            351.922680, 593.654639, 351.922680, 594.974227, 
            351.922680, 598.932990, 351.922680, 601.572165, 
            351.922680, 608.170103, 347.963918, 612.128866, 
            346.644330, 613.448454, 345.324742, 617.407216, 
            342.685567, 622.685567, 340.046392, 625.324742, 
            338.726804, 627.963918, 336.087629, 633.242268, 
            333.448454, 634.561856, 333.448454, 635.881443, 
            332.128866, 637.201031, 332.128866, 637.201031, 
            330.809278, 637.201031, 329.489691, 637.201031, 
            318.932990, 634.561856, 314.974227, 633.242268, 
            309.695876, 631.922680, 305.737113, 630.603093, 
            303.097938, 627.963918, 300.458763, 625.324742, 
            296.500000, 624.005155, 293.860825, 621.365979, 
            292.541237, 616.087629, 289.902062, 613.448454, 
            288.582474, 612.128866, 287.262887, 610.809278, 
            287.262887, 609.489691, 287.262887, 608.170103, 
            287.262887, 604.211340, 287.262887, 601.572165, 
            287.262887, 593.654639, 288.582474, 588.376289, 
            288.582474, 581.778351, 288.582474, 576.500000, 
            288.582474, 573.860825, 288.582474, 569.902062, 
            288.582474, 564.623711, 288.582474, 560.664948, 
            288.582474, 556.706186, 288.582474, 550.108247, 
            288.582474, 547.469072, 288.582474, 538.231959, 
            287.262887, 534.273196, 285.943299, 531.634021, 
            285.943299, 530.314433, 285.943299, 528.994845, 
            285.943299, -1.000000, -1.000000, 332.376289, 
            279.345361, 332.376289, 285.943299, 332.376289, 
            293.860825, 332.376289, 300.458763, 332.376289, 
            303.097938, 332.376289, 304.417526, 332.376289, 
            308.376289, 335.015464, 313.654639, 337.654639, 
            318.932990, 338.974227, 320.252577, 342.932990, 
            326.850515, 349.530928, 332.128866, 353.489691, 
            336.087629, 358.768041, 341.365979, 361.407216, 
            341.365979, 364.046392, 344.005155, 366.685567, 
            345.324742, 369.324742, 346.644330, 370.644330, 
            346.644330, 375.922680, 346.644330, 378.561856, 
            346.644330, 381.201031, 346.644330, 390.438144, 
            346.644330, 400.994845, 349.283505, 404.953608, 
            350.603093, 407.592784, 351.922680, 411.551546, 
            354.561856, 416.829897, 358.520619, 418.149485, 
            361.159794, 419.469072, 362.479381, 419.469072, 
            363.798969, 422.108247, 369.077320, 423.427835, 
            370.396907, 423.427835, 371.716495, 424.747423, 
            373.036082, 430.025773, 378.314433, 430.025773, 
            379.634021, 431.345361, 379.634021, 433.984536, 
            382.273196, 440.582474, 383.592784, 443.221649, 
            384.912371, 444.541237, 384.912371, 445.860825, 
            386.231959, 448.500000, 387.551546, 449.819588, 
            388.871134, 451.139175, 388.871134, 452.458763, 
            388.871134, 453.778351, 388.871134, 455.097938, 
            388.871134, 456.417526, 386.231959, 457.737113, 
            383.592784, 457.737113, 380.953608, 460.376289, 
            376.994845, 461.695876, 375.675258, 463.015464, 
            375.675258, 464.335052, 375.675258, 468.293814, 
            375.675258, 469.613402, 375.675258, 470.932990, 
            375.675258, 472.252577, 375.675258, 473.572165, 
            374.355670, 474.891753, 371.716495, 474.891753, 
            369.077320, 476.211340, 366.438144, 476.211340, 
            361.159794, 476.211340, 354.561856, 476.211340, 
            347.963918, 476.211340, 345.324742, 476.211340, 
            336.087629, 476.211340, 333.448454, 476.211340, 
            325.530928, 476.211340, 320.252577, 476.211340, 
            312.335052, 474.891753, 307.056701, 473.572165, 
            301.778351, 470.932990, 296.500000, 468.293814, 
            289.902062, 466.974227, 288.582474, 466.974227, 
            287.262887, 466.974227, 285.943299, 465.654639, 
            285.943299, 461.695876, 278.025773, 459.056701, 
            271.427835, 457.737113, 270.108247, 456.417526, 
            268.788660, 455.097938, 267.469072, 455.097938, 
            264.829897, 453.778351, 262.190722, 452.458763, 
            260.871134, 448.500000, 259.551546, 447.180412, 
            259.551546, 443.221649, 258.231959, 436.623711, 
            254.273196, 433.984536, 252.953608, 427.386598, 
            252.953608, 422.108247, 251.634021, 420.788660, 
            250.314433, 416.829897, 250.314433, 412.871134, 
            248.994845, 408.912371, 248.994845, 404.953608, 
            248.994845, 402.314433, 248.994845, 400.994845, 
            248.994845, 399.675258, 248.994845, 397.036082, 
            248.994845, 395.716495, 248.994845, 393.077320, 
            248.994845, 389.118557, 248.994845, 386.479381, 
            248.994845, 383.840206, 250.314433, 379.881443, 
            251.634021, 377.242268, 252.953608, 375.922680, 
            254.273196, 375.922680, 255.592784]
