%YAML:1.0
    mask: !!opencv-matrix
        rows: 506
        cols: 2
        dt: f
        data: [ 300.367550, 716.526490, 300.367550, 
            712.288079, 308.844371, 708.049669, 310.963576, 
            705.930464, 313.082781, 705.930464, 313.082781, 
            703.811258, 315.201987, 703.811258, 317.321192, 
            701.692053, 319.440397, 699.572848, 321.559603, 
            697.453642, 323.678808, 697.453642, 325.798013, 
            695.334437, 327.917219, 693.215232, 332.155629, 
            693.215232, 334.274834, 691.096026, 336.394040, 
            688.976821, 340.632450, 686.857616, 342.751656, 
            684.738411, 344.870861, 684.738411, 346.990066, 
            684.738411, 349.109272, 682.619205, 355.466887, 
            680.500000, 357.586093, 678.380795, 359.705298, 
            676.261589, 363.943709, 676.261589, 366.062914, 
            674.142384, 368.182119, 672.023179, 370.301325, 
            672.023179, 374.539735, 669.903974, 378.778146, 
            667.784768, 380.897351, 667.784768, 385.135762, 
            667.784768, 387.254967, 667.784768, 389.374172, 
            667.784768, 395.731788, 663.546358, 399.970199, 
            663.546358, 402.089404, 663.546358, 404.208609, 
            663.546358, 406.327815, 661.427152, 408.447020, 
            661.427152, 410.566225, 661.427152, 412.685430, 
            661.427152, 414.804636, 661.427152, 416.923841, 
            661.427152, 419.043046, 661.427152, 419.043046, 
            659.307947, 421.162252, 659.307947, 423.281457, 
            659.307947, 425.400662, 659.307947, 427.519868, 
            659.307947, 429.639073, 659.307947, 431.758278, 
            659.307947, 433.877483, 659.307947, 435.996689, 
            659.307947, 438.115894, 659.307947, 440.235099, 
            661.427152, 442.354305, 661.427152, 444.473510, 
            663.546358, 448.711921, 665.665563, 450.831126, 
            665.665563, 452.950331, 667.784768, 455.069536, 
            672.023179, 457.188742, 674.142384, 457.188742, 
            676.261589, 457.188742, 678.380795, 457.188742, 
            680.500000, 457.188742, 682.619205, 457.188742, 
            684.738411, 457.188742, 686.857616, 457.188742, 
            688.976821, 457.188742, 691.096026, 457.188742, 
            693.215232, 457.188742, 695.334437, 457.188742, 
            697.453642, 459.307947, 699.572848, 459.307947, 
            701.692053, 459.307947, 703.811258, 459.307947, 
            708.049669, 459.307947, 710.168874, 459.307947, 
            712.288079, 459.307947, 714.407285, 459.307947, 
            716.526490, 459.307947, 718.645695, 457.188742, 
            718.645695, 455.069536, 718.645695, 452.950331, 
            718.645695, 450.831126, 718.645695, 448.711921, 
            718.645695, 446.592715, 718.645695, 444.473510, 
            718.645695, 442.354305, 718.645695, 440.235099, 
            718.645695, 438.115894, 718.645695, 433.877483, 
            718.645695, 431.758278, 718.645695, 429.639073, 
            718.645695, 425.400662, 718.645695, 421.162252, 
            718.645695, 416.923841, 718.645695, 414.804636, 
            718.645695, 412.685430, 718.645695, -1.000000, 
            -1.000000, -1.000000, -1.000000, 703.016556, 
            180.367550, 700.897351, 180.367550, 698.778146, 
            180.367550, 696.658940, 180.367550, 694.539735, 
            180.367550, 692.420530, 180.367550, 690.301325, 
            180.367550, 688.182119, 180.367550, 686.062914, 
            180.367550, 683.943709, 178.248344, 681.824503, 
            178.248344, 679.705298, 178.248344, 677.586093, 
            180.367550, 675.466887, 180.367550, 673.347682, 
            180.367550, 673.347682, 182.486755, 671.228477, 
            182.486755, 669.109272, 182.486755, 666.990066, 
            182.486755, 664.870861, 182.486755, 660.632450, 
            184.605960, 658.513245, 186.725166, 658.513245, 
            188.844371, 658.513245, 190.963576, 656.394040, 
            193.082781, 656.394040, 195.201987, 656.394040, 
            197.321192, 656.394040, 199.440397, 656.394040, 
            201.559603, 656.394040, 203.678808, 656.394040, 
            205.798013, 654.274834, 207.917219, 652.155629, 
            210.036424, 652.155629, 212.155629, 652.155629, 
            214.274834, 652.155629, 216.394040, 652.155629, 
            218.513245, 652.155629, 220.632450, 652.155629, 
            222.751656, 652.155629, 224.870861, 652.155629, 
            226.990066, 652.155629, 229.109272, 652.155629, 
            231.228477, 652.155629, 233.347682, 652.155629, 
            235.466887, 652.155629, 237.586093, 652.155629, 
            239.705298, 652.155629, 241.824503, 654.274834, 
            241.824503, 656.394040, 241.824503, 656.394040, 
            243.943709, 658.513245, 243.943709, 660.632450, 
            243.943709, 662.751656, 246.062914, 664.870861, 
            246.062914, 664.870861, 248.182119, 666.990066, 
            248.182119, 666.990066, 250.301325, 664.870861, 
            252.420530, 662.751656, 254.539735, 660.632450, 
            254.539735, 658.513245, 256.658940, 654.274834, 
            256.658940, 654.274834, 258.778146, 652.155629, 
            258.778146, 652.155629, 260.897351, 652.155629, 
            263.016556, 652.155629, 265.135762, 650.036424, 
            267.254967, 650.036424, 269.374172, 645.798013, 
            271.493377, 645.798013, 273.612583, 643.678808, 
            273.612583, 643.678808, 275.731788, 641.559603, 
            275.731788, 639.440397, 275.731788, 637.321192, 
            275.731788, 635.201987, 275.731788, 633.082781, 
            275.731788, 630.963576, 275.731788, 628.844371, 
            275.731788, 626.725166, 275.731788, 624.605960, 
            275.731788, 620.367550, 273.612583, 618.248344, 
            273.612583, 614.009934, 273.612583, 609.771523, 
            273.612583, 601.294702, 275.731788, 599.175497, 
            275.731788, 597.056291, 275.731788, 594.937086, 
            277.850993, 592.817881, 277.850993, 590.698675, 
            277.850993, 590.698675, 282.089404, 588.579470, 
            282.089404, 588.579470, 284.208609, 588.579470, 
            286.327815, 588.579470, 288.447020, 588.579470, 
            290.566225, 592.817881, 290.566225, 592.817881, 
            292.685430, 594.937086, 292.685430, 597.056291, 
            292.685430, 597.056291, 294.804636, 599.175497, 
            294.804636, 601.294702, 296.923841, 603.413907, 
            299.043046, 605.533113, 299.043046, 607.652318, 
            301.162252, 609.771523, 301.162252, 611.890728, 
            301.162252, 614.009934, 303.281457, 616.129139, 
            303.281457, 618.248344, 303.281457, 620.367550, 
            303.281457, 624.605960, 303.281457, 626.725166, 
            303.281457, 630.963576, 303.281457, 633.082781, 
            303.281457, 635.201987, 303.281457, 637.321192, 
            303.281457, 641.559603, 303.281457, 643.678808, 
            303.281457, 647.917219, 303.281457, 654.274834, 
            303.281457, 656.394040, 303.281457, 658.513245, 
            303.281457, 660.632450, 303.281457, 662.751656, 
            303.281457, 664.870861, 303.281457, 666.990066, 
            303.281457, 669.109272, 303.281457, 671.228477, 
            303.281457, 673.347682, 303.281457, 675.466887, 
            303.281457, 677.586093, 303.281457, 679.705298, 
            303.281457, 681.824503, 303.281457, 683.943709, 
            303.281457, 686.062914, 303.281457, 688.182119, 
            303.281457, 690.301325, 303.281457, 692.420530, 
            303.281457, 694.539735, 303.281457, 696.658940, 
            303.281457, 700.897351, 303.281457, 707.254967, 
            303.281457, 709.374172, 303.281457, 711.493377, 
            303.281457, 713.612583, 303.281457, 713.612583, 
            301.162252, 715.731788, 301.162252, 717.850993, 
            301.162252, 719.970199, 301.162252, 722.089404, 
