%YAML:1.0
    mask: !!opencv-matrix
        rows: 189
        cols: 2
        dt: f
        data: [ -1.000000, -1.000000, -1.000000, 
            -1.000000, 423.427835, 408.664948, 416.829897, 
            411.304124, 404.953608, 416.582474, 386.479381, 
            431.097938, 374.603093, 439.015464, 369.324742, 
            446.932990, 364.046392, 453.530928, 361.407216, 
            458.809278, 360.087629, 461.448454, 358.768041, 
            468.046392, 357.448454, 472.005155, 354.809278, 
            475.963918, 353.489691, 482.561856, 350.850515, 
            487.840206, 346.891753, 502.355670, 344.252577, 
            508.953608, 342.932990, 511.592784, 342.932990, 
            512.912371, 342.932990, 514.231959, 342.932990, 
            519.510309, 342.932990, 520.829897, 342.932990, 
            523.469072, 341.613402, 534.025773, 341.613402, 
            537.984536, 342.932990, 537.984536, 346.891753, 
            537.984536, 353.489691, 534.025773, 357.448454, 
            528.747423, 362.726804, 523.469072, 370.644330, 
            512.912371, 378.561856, 506.314433, 381.201031, 
            503.675258, 385.159794, 502.355670, 391.757732, 
            495.757732, 400.994845, 490.479381, 408.912371, 
            483.881443, 418.149485, 479.922680, 419.469072, 
            479.922680, 420.788660, 479.922680, 422.108247, 
            479.922680, 427.386598, 487.840206, 430.025773, 
            493.118557, 431.345361, 495.757732, 432.664948, 
            495.757732, 436.623711, 495.757732, 443.221649, 
            497.077320, 451.139175, 497.077320, 456.417526, 
            497.077320, 459.056701, 497.077320, 461.695876, 
            497.077320, 463.015464, 497.077320, 469.613402, 
            497.077320, 477.530928, 497.077320, 481.489691, 
            498.396907, 482.809278, 498.396907, 484.128866, 
            498.396907, 488.087629, 498.396907, 494.685567, 
            495.757732, 499.963918, 491.798969, 503.922680, 
            490.479381, 506.561856, 489.159794, 513.159794, 
            485.201031, 517.118557, 483.881443, 522.396907, 
            481.242268, 536.912371, 475.963918, 543.510309, 
            470.685567, 546.149485, 470.685567, 548.788660, 
            469.365979, 552.747423, 465.407216, 555.386598, 
            462.768041, 558.025773, 461.448454, 561.984536, 
            456.170103, 563.304124, 453.530928, 565.943299, 
            450.891753, 569.902062, 441.654639, 571.221649, 
            437.695876, 572.541237, 432.417526, 575.180412, 
            427.139175, 579.139175, 417.902062, 579.139175, 
            412.623711, 579.139175, 408.664948, 576.500000, 
            406.025773, 572.541237, 400.747423, 567.262887, 
            399.427835, 563.304124, 398.108247, 560.664948, 
            398.108247, 556.706186, 398.108247, 552.747423, 
            398.108247, 550.108247, 398.108247, 542.190722, 
            398.108247, 534.273196, 398.108247, 523.716495, 
            398.108247, 518.438144, 398.108247, 505.242268, 
            398.108247, 486.768041, 398.108247, 478.850515, 
            398.108247, 451.139175, 398.108247, 448.500000, 
            398.108247, 444.541237, 398.108247, -1.000000, 
            -1.000000, 315.221649, 329.489691, 323.139175, 
            329.489691, 332.376289, 330.809278, 340.293814, 
            332.128866, 348.211340, 332.128866, 352.170103, 
            332.128866, 354.809278, 333.448454, 358.768041, 
            334.768041, 360.087629, 334.768041, 362.726804, 
            334.768041, 365.365979, 330.809278, 370.644330, 
            329.489691, 374.603093, 328.170103, 378.561856, 
            328.170103, 382.520619, 328.170103, 383.840206, 
            326.850515, 383.840206, 321.572165, 382.520619, 
            314.974227, 381.201031, 312.335052, 378.561856, 
            312.335052, 374.603093, 309.695876, 362.726804, 
            307.056701, 358.768041, 305.737113, 350.850515, 
            300.458763, 340.293814, 296.500000, 335.015464, 
            293.860825, 329.737113, 293.860825, 321.819588, 
            293.860825, 320.500000, 293.860825, 313.902062, 
            295.180412, 307.304124, 299.139175, 302.025773, 
            304.417526, 295.427835, 308.376289, 291.469072, 
            311.015464, 286.190722, 317.613402, 279.592784, 
            322.891753, 276.953608, 326.850515, 270.355670, 
            330.809278, 262.438144, 333.448454, 259.798969, 
            334.768041, 251.881443, 340.046392, 251.881443, 
            341.365979, 250.561856, 344.005155, 250.561856, 
            345.324742, 250.561856, 347.963918, 249.242268, 
            357.201031, 249.242268, 362.479381, 249.242268, 
            363.798969, 250.561856, 370.396907, 253.201031, 
            374.355670, 255.840206, 378.314433, 257.159794, 
            382.273196, 262.438144, 388.871134, 265.077320, 
            391.510309, 265.077320, 392.829897, 270.355670, 
            395.469072, 276.953608, 396.788660, 278.273196, 
            398.108247, 282.231959, 398.108247, 287.510309, 
            398.108247, 288.829897, 398.108247, 292.788660, 
            398.108247, 295.427835, 398.108247, 296.747423, 
            398.108247, 298.067010, 398.108247, 303.345361, 
            399.427835, 307.304124, 399.427835, 309.943299, 
            399.427835, 319.180412, 399.427835, 323.139175, 
            399.427835, 325.778351, 399.427835, 329.737113, 
            399.427835, 338.974227, 394.149485, 338.974227, 
            392.829897, 340.293814, 390.190722, 340.293814, 
            382.273196, 340.293814, 379.634021, 336.335052, 
            375.675258, 328.417526, 370.396907, 317.860825, 
            365.118557, 309.943299, 359.840206, 307.304124, 
            357.201031, 307.304124, 351.922680, 307.304124, 
            336.087629, 307.304124, 334.768041, 307.304124, 
            332.128866, 309.943299, 330.809278]
