%YAML:1.0
    mask: !!opencv-matrix
        rows: 1210
        cols: 2
        dt: f
        data: [ 153.465627, 714.520783, 153.465627, 
            713.497602, 154.488809, 712.474420, 156.535172, 
            710.428058, 157.558353, 707.358513, 162.674261, 
            701.219424, 165.743805, 696.103517, 168.813349, 
            693.033973, 170.859712, 688.941247, 171.882894, 
            688.941247, 173.929257, 685.871703, 176.998801, 
            682.802158, 178.021982, 679.732614, 178.021982, 
            678.709432, 179.045164, 677.686251, 180.068345, 
            677.686251, 180.068345, 675.639888, 181.091527, 
            674.616707, 183.137890, 673.593525, 186.207434, 
            671.547162, 190.300160, 670.523981, 194.392886, 
            668.477618, 199.508793, 668.477618, 203.601519, 
            666.431255, 205.647882, 666.431255, 209.740608, 
            665.408074, 211.786970, 665.408074, 214.856515, 
            664.384892, 216.902878, 663.361711, 219.972422, 
            661.315348, 220.995604, 661.315348, 223.041966, 
            661.315348, 226.111511, 660.292166, 230.204237, 
            658.245803, 233.273781, 658.245803, 238.389688, 
            658.245803, 240.436051, 658.245803, 242.482414, 
            658.245803, 243.505596, 658.245803, 244.528777, 
            658.245803, 246.575140, 658.245803, 248.621503, 
            658.245803, 251.691047, 660.292166, 256.806954, 
            661.315348, 257.830136, 661.315348, 261.922862, 
            661.315348, 267.038769, 661.315348, 270.108313, 
            660.292166, 274.201039, 660.292166, 276.247402, 
            660.292166, 278.293765, 659.268985, 282.386491, 
            657.222622, 284.432854, 656.199440, 287.502398, 
            655.176259, 291.595124, 654.153078, 295.687850, 
            654.153078, 296.711031, 654.153078, 300.803757, 
            654.153078, 306.942846, 653.129896, 307.966027, 
            653.129896, 310.012390, 653.129896, 312.058753, 
            653.129896, 313.081934, 653.129896, 315.128297, 
            653.129896, 318.197842, 654.153078, 319.221023, 
            655.176259, 321.267386, 657.222622, 321.267386, 
            658.245803, 322.290568, 658.245803, 322.290568, 
            659.268985, 324.336930, 659.268985, 325.360112, 
            659.268985, 327.406475, 660.292166, 329.452838, 
            660.292166, 331.499201, 660.292166, 334.568745, 
            661.315348, 336.615108, 661.315348, 338.661471, 
            661.315348, 343.777378, 661.315348, 344.800560, 
            661.315348, 348.893285, 662.338529, 351.962830, 
            662.338529, 356.055556, 662.338529, 361.171463, 
            662.338529, 362.194644, 662.338529, 364.241007, 
            662.338529, 367.310552, 662.338529, 369.356914, 
            662.338529, 372.426459, 662.338529, 374.472822, 
            662.338529, 377.542366, 661.315348, 378.565548, 
            661.315348, 379.588729, 661.315348, 382.658273, 
            661.315348, 383.681455, 661.315348, 384.704636, 
            661.315348, 385.727818, 661.315348, 388.797362, 
            661.315348, 390.843725, 661.315348, 393.913269, 
            662.338529, 394.936451, 662.338529, 396.982814, 
            663.361711, 398.005995, 664.384892, 399.029177, 
            664.384892, 401.075540, 665.408074, 402.098721, 
            667.454436, 404.145084, 668.477618, 405.168265, 
            669.500799, 405.168265, 671.547162, 406.191447, 
            671.547162, 406.191447, 674.616707, 406.191447, 
            675.639888, 406.191447, 676.663070, 406.191447, 
            678.709432, 404.145084, 679.732614, 402.098721, 
            681.778977, 398.005995, 681.778977, 395.959632, 
            683.825340, 392.890088, 684.848521, 390.843725, 
            685.871703, 389.820544, 685.871703, 386.750999, 
            686.894884, 381.635092, 687.918066, 378.565548, 
            687.918066, 376.519185, 688.941247, 373.449640, 
            689.964428, 372.426459, 690.987610, 369.356914, 
            692.010791, 367.310552, 694.057154, 365.264189, 
            695.080336, 363.217826, 695.080336, 362.194644, 
            695.080336, 362.194644, 697.126699, 360.148281, 
            697.126699, 360.148281, 698.149880, 361.171463, 
            698.149880, 363.217826, 698.149880, 367.310552, 
            699.173062, 369.356914, 699.173062, 370.380096, 
            700.196243, 371.403277, 700.196243, 373.449640, 
            700.196243, 375.496003, 700.196243, 378.565548, 
            701.219424, 380.611910, 701.219424, 381.635092, 
            701.219424, 384.704636, 702.242606, 385.727818, 
            703.265787, 387.774181, 703.265787, 388.797362, 
            704.288969, 389.820544, 704.288969, 389.820544, 
            705.312150, 390.843725, 705.312150, 390.843725, 
            706.335332, 391.866906, 706.335332, 393.913269, 
            707.358513, 394.936451, 707.358513, 396.982814, 
            710.428058, 402.098721, 712.474420, 403.121902, 
            713.497602, 404.145084, 713.497602, -1.000000, 
            -1.000000, 931.083533, 442.354516, 930.060352, 
            441.331335, 930.060352, 439.284972, 929.037170, 
            436.215428, 929.037170, 433.145883, 926.990807, 
            432.122702, 925.967626, 430.076339, 924.944444, 
            429.053157, 923.921263, 425.983613, 922.898082, 
            423.937250, 920.851719, 422.914069, 919.828537, 
            420.867706, 916.758993, 418.821343, 912.666267, 
            416.774980, 911.643086, 415.751799, 907.550360, 
            411.659073, 906.527178, 410.635891, 905.503997, 
            410.635891, 904.480815, 410.635891, 903.457634, 
            408.589528, 901.411271, 407.566347, 900.388090, 
            406.543165, 899.364908, 404.496803, 896.295364, 
            402.450440, 894.249001, 400.404077, 894.249001, 
            399.380895, 893.225819, 398.357714, 892.202638, 
            397.334532, 891.179456, 396.311351, 889.133094, 
            395.288169, 887.086731, 393.241807, 886.063549, 
            390.172262, 882.994005, 388.125899, 880.947642, 
            385.056355, 879.924460, 384.033173, 878.901279, 
            381.986811, 877.878098, 380.963629, 875.831735, 
            377.894085, 874.808553, 375.847722, 873.785372, 
            373.801359, 872.762190, 371.754996, 871.739009, 
            369.708633, 869.692646, 365.615907, 867.646283, 
            362.546363, 867.646283, 361.523181, 866.623102, 
            359.476819, 865.599920, 357.430456, 864.576739, 
            355.384093, 863.553557, 354.360911, 863.553557, 
            353.337730, 860.484013, 351.291367, 860.484013, 
            350.268185, 858.437650, 348.221823, 857.414468, 
            347.198641, 855.368106, 346.175460, 854.344924, 
            345.152278, 853.321743, 344.129097, 852.298561, 
            344.129097, 850.252198, 343.105915, 850.252198, 
            342.082734, 849.229017, 342.082734, 847.182654, 
            341.059552, 846.159472, 341.059552, 845.136291, 
            340.036371, 842.066747, 339.013189, 840.020384, 
            337.990008, 838.997202, 336.966827, 837.974021, 
            335.943645, 836.950839, 335.943645, 836.950839, 
            334.920464, 835.927658, 334.920464, 833.881295, 
            332.874101, 833.881295, 331.850919, 833.881295, 
            329.804556, 832.858114, 329.804556, 832.858114, 
            328.781375, 832.858114, 327.758193, 832.858114, 
            326.735012, 833.881295, 325.711831, 834.904476, 
            325.711831, 835.927658, 325.711831, 835.927658, 
            324.688649, 838.997202, 324.688649, 840.020384, 
            323.665468, 841.043565, 322.642286, 844.113110, 
            322.642286, 845.136291, 321.619105, 849.229017, 
            321.619105, 853.321743, 320.595923, 856.391287, 
            320.595923, 858.437650, 320.595923, 860.484013, 
            320.595923, 863.553557, 320.595923, 866.623102, 
            320.595923, 867.646283, 320.595923, 868.669464, 
