%YAML:1.0
    mask: !!opencv-matrix
        rows: 911
        cols: 2
        dt: f
        data: [ 88.447020, 716.526490, 90.566225, 
            714.407285, 92.685430, 714.407285, 94.804636, 
            712.288079, 96.923841, 710.168874, 101.162252, 
            708.049669, 103.281457, 705.930464, 105.400662, 
            703.811258, 107.519868, 703.811258, 107.519868, 
            701.692053, 109.639073, 701.692053, 111.758278, 
            699.572848, 113.877483, 697.453642, 113.877483, 
            695.334437, 115.996689, 695.334437, 115.996689, 
            693.215232, 118.115894, 693.215232, 120.235099, 
            691.096026, 120.235099, 688.976821, 122.354305, 
            686.857616, 124.473510, 684.738411, 126.592715, 
            682.619205, 128.711921, 682.619205, 128.711921, 
            680.500000, 130.831126, 678.380795, 132.950331, 
            678.380795, 135.069536, 676.261589, 137.188742, 
            676.261589, 139.307947, 674.142384, 141.427152, 
            674.142384, 143.546358, 672.023179, 145.665563, 
            669.903974, 147.784768, 669.903974, 149.903974, 
            669.903974, 152.023179, 669.903974, 152.023179, 
            667.784768, 154.142384, 667.784768, 156.261589, 
            667.784768, 158.380795, 667.784768, 160.500000, 
            665.665563, 162.619205, 665.665563, 164.738411, 
            665.665563, 166.857616, 665.665563, 168.976821, 
            663.546358, 171.096026, 663.546358, 173.215232, 
            663.546358, 175.334437, 663.546358, 175.334437, 
            661.427152, 177.453642, 661.427152, 179.572848, 
            659.307947, 181.692053, 659.307947, 183.811258, 
            657.188742, 185.930464, 655.069536, 188.049669, 
            655.069536, 190.168874, 652.950331, 194.407285, 
            650.831126, 196.526490, 650.831126, 198.645695, 
            648.711921, 200.764901, 648.711921, 202.884106, 
            648.711921, 205.003311, 646.592715, 207.122517, 
            644.473510, 209.241722, 644.473510, 211.360927, 
            644.473510, 213.480132, 644.473510, 215.599338, 
            642.354305, 217.718543, 642.354305, 219.837748, 
            642.354305, 221.956954, 642.354305, 224.076159, 
            642.354305, 226.195364, 642.354305, 230.433775, 
            642.354305, 232.552980, 642.354305, 236.791391, 
            642.354305, 238.910596, 642.354305, 241.029801, 
            642.354305, 243.149007, 642.354305, 245.268212, 
            642.354305, 247.387417, 642.354305, 249.506623, 
            644.473510, 253.745033, 644.473510, 255.864238, 
            644.473510, 257.983444, 644.473510, 260.102649, 
            644.473510, 262.221854, 644.473510, 264.341060, 
            644.473510, 264.341060, 646.592715, 268.579470, 
            646.592715, 270.698675, 646.592715, 270.698675, 
            648.711921, 272.817881, 648.711921, 272.817881, 
            650.831126, 274.937086, 650.831126, 277.056291, 
            650.831126, 279.175497, 652.950331, 281.294702, 
            652.950331, 283.413907, 655.069536, 285.533113, 
            655.069536, 287.652318, 657.188742, 287.652318, 
            659.307947, 289.771523, 659.307947, 291.890728, 
            661.427152, 294.009934, 661.427152, 296.129139, 
            663.546358, 298.248344, 663.546358, 298.248344, 
            665.665563, 300.367550, 667.784768, 302.486755, 
            667.784768, 304.605960, 669.903974, 306.725166, 
            672.023179, 308.844371, 672.023179, 308.844371, 
            674.142384, 310.963576, 676.261589, 313.082781, 
            676.261589, 313.082781, 678.380795, 315.201987, 
            678.380795, 317.321192, 678.380795, 317.321192, 
            680.500000, 319.440397, 680.500000, 321.559603, 
            682.619205, 321.559603, 684.738411, 323.678808, 
            684.738411, 325.798013, 686.857616, 327.917219, 
            686.857616, 327.917219, 688.976821, 330.036424, 
            688.976821, 330.036424, 691.096026, 332.155629, 
            693.215232, 334.274834, 693.215232, 334.274834, 
            695.334437, 336.394040, 695.334437, 338.513245, 
            697.453642, 340.632450, 697.453642, 340.632450, 
            699.572848, 342.751656, 701.692053, 344.870861, 
            703.811258, 346.990066, 705.930464, 349.109272, 
            705.930464, 351.228477, 708.049669, 353.347682, 
            710.168874, 355.466887, 712.288079, 357.586093, 
            712.288079, 359.705298, 714.407285, 359.705298, 
            716.526490, 361.824503, 716.526490, 363.943709, 
            718.645695, -1.000000, -1.000000, -1.000000, 
            -1.000000, 467.784768, 193.082781, 465.665563, 
            193.082781, 463.546358, 193.082781, 461.427152, 
            193.082781, 461.427152, 195.201987, 459.307947, 
            195.201987, 457.188742, 197.321192, 455.069536, 
            199.440397, 455.069536, 201.559603, 452.950331, 
            201.559603, 452.950331, 203.678808, 450.831126, 
            203.678808, 448.711921, 205.798013, 448.711921, 
            207.917219, 448.711921, 210.036424, 446.592715, 
            210.036424, 446.592715, 212.155629, 444.473510, 
            216.394040, 442.354305, 216.394040, 442.354305, 
            218.513245, 440.235099, 220.632450, 440.235099, 
            222.751656, 440.235099, 224.870861, 438.115894, 
            224.870861, 438.115894, 226.990066, 435.996689, 
            229.109272, 435.996689, 231.228477, 435.996689, 
            233.347682, 433.877483, 233.347682, 433.877483, 
            235.466887, 431.758278, 235.466887, 431.758278, 
            237.586093, 429.639073, 239.705298, 427.519868, 
            241.824503, 425.400662, 243.943709, 423.281457, 
            246.062914, 423.281457, 248.182119, 421.162252, 
            248.182119, 419.043046, 250.301325, 416.923841, 
            250.301325, 414.804636, 252.420530, 414.804636, 
            254.539735, 412.685430, 254.539735, 410.566225, 
            256.658940, 408.447020, 256.658940, 406.327815, 
            258.778146, 404.208609, 258.778146, 404.208609, 
            260.897351, 402.089404, 263.016556, 399.970199, 
            263.016556, 397.850993, 265.135762, 395.731788, 
            265.135762, 391.493377, 269.374172, 389.374172, 
            269.374172, 387.254967, 269.374172, 387.254967, 
            271.493377, 385.135762, 271.493377, 383.016556, 
            273.612583, 380.897351, 273.612583, 378.778146, 
            273.612583, 378.778146, 275.731788, 376.658940, 
            275.731788, 374.539735, 277.850993, 372.420530, 
            279.970199, 372.420530, 282.089404, 370.301325, 
            284.208609, 370.301325, 286.327815, 370.301325, 
            288.447020, 370.301325, 290.566225, 370.301325, 
            292.685430, 370.301325, 294.804636, 368.182119, 
            296.923841, 368.182119, 299.043046, 366.062914, 
            301.162252, 366.062914, 303.281457, 366.062914, 
            305.400662, 366.062914, 307.519868, 366.062914, 
            309.639073, 366.062914, 311.758278, 366.062914, 
            313.877483, 366.062914, 315.996689, 363.943709, 
            318.115894, 363.943709, 320.235099, 363.943709, 
            322.354305, 363.943709, 324.473510, 363.943709, 
            326.592715, 363.943709, 328.711921, 363.943709, 
            330.831126, 363.943709, 332.950331, 363.943709, 
            335.069536, 361.824503, 335.069536, 361.824503, 
            337.188742, 361.824503, 341.427152, 361.824503, 
            343.546358, 359.705298, 343.546358, 357.586093, 
            345.665563, 355.466887, 347.784768, 355.466887, 
            349.903974, 353.347682, 349.903974, 353.347682, 
            352.023179, 351.228477, 352.023179, 349.109272, 
            352.023179, 349.109272, 354.142384, 346.990066, 
            354.142384, 344.870861, 356.261589, 344.870861, 
            358.380795, 340.632450, 358.380795, 340.632450, 
            360.500000, 338.513245, 360.500000, 336.394040, 
            362.619205, 334.274834, 362.619205, 332.155629, 
