%YAML:1.0
    mask: !!opencv-matrix
        rows: 1179
        cols: 2
        dt: f
        data: [ 5.944702, 466.919180, 5.944702, 
            465.929234, 5.944702, 464.939288, 8.914540, 
            462.959397, 10.894432, 462.959397, 12.874323, 
            461.969451, 19.803944, 461.969451, 20.793890, 
            461.969451, 29.703403, 460.979505, 35.643078, 
            459.989559, 37.622970, 459.989559, 48.512374, 
            458.009667, 57.421887, 457.019722, 64.351508, 
            455.039830, 70.291183, 453.059938, 71.281129, 
            453.059938, 81.180588, 451.080046, 82.170534, 
            451.080046, 88.110209, 450.090101, 88.110209, 
            449.100155, 91.080046, 449.100155, 92.069992, 
            449.100155, 93.059938, 448.110209, 94.049884, 
            447.120263, 96.029776, 447.120263, 97.019722, 
            447.120263, 98.009667, 446.130317, 98.999613, 
            446.130317, 99.989559, 446.130317, 100.979505, 
            446.130317, 101.969451, 446.130317, 102.959397, 
            446.130317, 103.949343, 446.130317, 104.939288, 
            445.140371, 105.929234, 445.140371, 106.919180, 
            445.140371, 108.899072, 445.140371, 111.868910, 
            445.140371, 114.838747, 446.130317, 116.818639, 
            446.130317, 117.808585, 447.120263, 119.788476, 
            448.110209, 122.758314, 448.110209, 123.748260, 
            448.110209, 124.738206, 448.110209, 125.728152, 
            449.100155, 126.718097, 449.100155, 126.718097, 
            450.090101, 127.708043, 450.090101, 128.697989, 
            450.090101, 129.687935, 451.080046, 130.677881, 
            451.080046, 131.667827, 451.080046, 132.657773, 
            452.069992, 133.647718, 453.059938, 134.637664, 
            453.059938, 135.627610, 454.049884, 136.617556, 
            455.039830, 138.597448, 456.029776, 140.577340, 
            458.009667, 143.547177, 460.979505, 145.527069, 
            461.969451, 146.517015, 462.959397, 148.496906, 
            463.949343, 148.496906, 464.939288, 150.476798, 
            466.919180, 150.476798, 467.909126, 152.456690, 
            469.889018, 154.436582, 471.868910, 158.396365, 
            473.848801, 160.376257, 475.828693, 161.366203, 
            476.818639, 163.346094, 479.788476, 166.315932, 
            482.758314, 167.305878, 482.758314, 168.295824, 
            484.738206, 168.295824, 485.728152, 170.275715, 
            487.708043, 173.245553, 489.687935, 175.225445, 
            489.687935, 176.215391, 490.677881, 177.205336, 
            491.667827, 183.145012, 492.657773, 186.114849, 
            492.657773, 186.114849, 493.647718, 190.074633, 
            494.637664, 191.064578, 494.637664, 193.044470, 
            494.637664, 197.004254, 494.637664, 199.974091, 
            494.637664, 202.943929, 494.637664, 206.903712, 
            494.637664, 207.893658, 494.637664, 212.843387, 
            494.637664, 214.823279, 494.637664, 215.813225, 
            494.637664, 221.752900, 496.617556, 226.702630, 
            497.607502, 229.672467, 498.597448, 230.662413, 
            499.587394, 232.642305, 499.587394, 233.632251, 
            500.577340, 234.622196, 501.567285, 235.612142, 
            502.557231, 236.602088, 503.547177, 239.571926, 
            504.537123, 241.551817, 506.517015, 241.551817, 
            507.506961, 241.551817, 508.496906, 242.541763, 
            509.486852, 242.541763, 512.456690, 242.541763, 
            514.436582, 242.541763, 515.426527, 242.541763, 
            520.376257, 242.541763, 522.356148, 241.551817, 
            528.295824, 237.592034, 539.185228, 236.602088, 
            543.145012, 234.622196, 549.084687, 232.642305, 
            555.024362, 229.672467, 559.974091, 227.692575, 
            564.923821, 226.702630, 566.903712, 225.712684, 
            570.863496, 223.732792, 574.823279, 220.762954, 
            577.793117, 217.793117, 581.752900, 215.813225, 
            583.732792, 214.823279, 584.722738, 210.863496, 
            589.672467, 207.893658, 592.642305, 204.923821, 
            594.622196, 203.933875, 595.612142, 200.964037, 
            595.612142, 193.044470, 598.581980, 191.064578, 
            598.581980, 184.134957, 601.551817, 175.225445, 
            605.511601, 168.295824, 609.471384, 161.366203, 
            612.441222, 155.426527, 614.421114, 154.436582, 
            615.411060, 146.517015, 617.390951, 145.527069, 
            617.390951, 139.587394, 619.370843, 133.647718, 
            621.350735, 125.728152, 623.330626, 124.738206, 
            623.330626, 118.798531, 626.300464, 117.808585, 
            627.290410, 116.818639, 628.280356, 114.838747, 
            628.280356, 113.848801, 628.280356, 112.858855, 
            628.280356, 111.868910, 629.270302, 109.889018, 
            630.260247, 104.939288, 632.240139, 99.989559, 
            634.220031, 98.009667, 635.209977, 96.029776, 
            636.199923, 94.049884, 637.189869, 92.069992, 
            638.179814, 89.100155, 639.169760, 87.120263, 
            640.159706, 84.150425, 642.139598, 82.170534, 
            643.129544, 80.190642, 644.119490, 79.200696, 
            645.109435, 76.230858, 647.089327, 73.261021, 
            649.069219, 67.321346, 654.018948, 65.341454, 
            655.998840, 62.371616, 657.978732, 59.401779, 
            659.958623, 57.421887, 659.958623, 54.452049, 
            661.938515, 45.542537, 665.898299, 43.562645, 
            666.888244, 41.582753, 668.868136, 40.592807, 
            670.848028, 33.663186, 680.747486, 32.673241, 
            681.737432, 28.713457, 689.656999, 27.723511, 
            693.616783, 26.733565, 693.616783, 26.733565, 
            695.596674, 26.733565, 696.586620, 27.723511, 
            696.586620, 28.713457, 697.576566, 31.683295, 
            698.566512, 34.653132, 700.546404, 37.622970, 
            701.536350, 39.602862, 701.536350, 40.592807, 
            702.526295, 43.562645, 702.526295, 47.522428, 
            702.526295, 48.512374, 702.526295, 54.452049, 
            702.526295, 65.341454, 702.526295, 78.210750, 
            702.526295, 85.140371, 702.526295, 86.130317, 
            702.526295, 90.090101, 702.526295, 98.009667, 
            701.536350, 105.929234, 701.536350, 107.909126, 
            701.536350, 120.778422, 701.536350, 129.687935, 
            701.536350, 130.677881, 701.536350, 138.597448, 
            701.536350, 144.537123, 701.536350, 145.527069, 
            701.536350, 156.416473, 701.536350, 167.305878, 
            701.536350, 175.225445, 701.536350, 181.165120, 
            701.536350, 183.145012, 701.536350, 187.104795, 
            701.536350, 188.094741, 701.536350, 192.054524, 
            701.536350, 195.024362, 701.536350, 197.994200, 
            701.536350, 198.984145, 701.536350, 200.964037, 
            701.536350, 204.923821, 701.536350, 206.903712, 
            701.536350, 220.762954, 701.536350, 222.742846, 
            701.536350, 226.702630, 701.536350, 226.702630, 
            702.526295, 221.752900, 702.526295, 220.762954, 
            702.526295, 219.773009, 706.486079, 219.773009, 
            707.476025, 219.773009, 709.455916, 219.773009, 
            711.435808, 219.773009, 713.415700, 219.773009, 
            714.405646, 219.773009, 715.395592, 218.783063, 
            716.385538, 217.793117, 716.385538, 217.793117, 
            717.375483, 215.813225, 718.365429, 214.823279, 
            718.365429, 211.853442, 718.365429, 208.883604, 
            718.365429, 203.933875, 717.375483, 199.974091, 
            717.375483, 197.994200, 717.375483, 192.054524, 
            716.385538, 189.084687, 716.385538, 182.155066, 
            715.395592, 177.205336, 715.395592, 169.285770, 
            715.395592, 168.295824, 715.395592, 163.346094, 
            715.395592, 157.406419, 715.395592, 150.476798, 
            715.395592, 143.547177, 715.395592, 141.567285, 
            715.395592, 140.577340, 715.395592, 137.607502, 
