%YAML:1.0
    mask: !!opencv-matrix
        rows: 813
        cols: 2
        dt: f
        data: [ 285.533113, 576.658940, 283.413907, 
            576.658940, 279.175497, 578.778146, 266.460265, 
            580.897351, 264.341060, 580.897351, 262.221854, 
            583.016556, 260.102649, 583.016556, 257.983444, 
            583.016556, 255.864238, 583.016556, 253.745033, 
            583.016556, 249.506623, 583.016556, 245.268212, 
            585.135762, 243.149007, 585.135762, 238.910596, 
            585.135762, 234.672185, 585.135762, 232.552980, 
            585.135762, 230.433775, 585.135762, 228.314570, 
            585.135762, 224.076159, 585.135762, 221.956954, 
            585.135762, 219.837748, 585.135762, 217.718543, 
            585.135762, 215.599338, 585.135762, 213.480132, 
            585.135762, 211.360927, 585.135762, 207.122517, 
            585.135762, 205.003311, 585.135762, 200.764901, 
            585.135762, 198.645695, 585.135762, 194.407285, 
            585.135762, 190.168874, 585.135762, 185.930464, 
            587.254967, 181.692053, 587.254967, 179.572848, 
            587.254967, 175.334437, 589.374172, 173.215232, 
            591.493377, 171.096026, 591.493377, 168.976821, 
            591.493377, 166.857616, 591.493377, 162.619205, 
            593.612583, 160.500000, 595.731788, 156.261589, 
            597.850993, 152.023179, 599.970199, 149.903974, 
            599.970199, 145.665563, 604.208609, 145.665563, 
            606.327815, 143.546358, 606.327815, 141.427152, 
            608.447020, 141.427152, 610.566225, 139.307947, 
            610.566225, 139.307947, 612.685430, 137.188742, 
            614.804636, 135.069536, 619.043046, 135.069536, 
            621.162252, 132.950331, 621.162252, 132.950331, 
            625.400662, 130.831126, 627.519868, 128.711921, 
            631.758278, 126.592715, 631.758278, 126.592715, 
            633.877483, 124.473510, 638.115894, 122.354305, 
            638.115894, 120.235099, 640.235099, 120.235099, 
            642.354305, 120.235099, 644.473510, 118.115894, 
            646.592715, 115.996689, 648.711921, 113.877483, 
            650.831126, 113.877483, 652.950331, 111.758278, 
            657.188742, 111.758278, 659.307947, 111.758278, 
            663.546358, 111.758278, 665.665563, 111.758278, 
            667.784768, 111.758278, 669.903974, 111.758278, 
            672.023179, 111.758278, 674.142384, 111.758278, 
            676.261589, 111.758278, 680.500000, 111.758278, 
            682.619205, 111.758278, 684.738411, 109.639073, 
            686.857616, 109.639073, 688.976821, 109.639073, 
            693.215232, 107.519868, 695.334437, 107.519868, 
            697.453642, 107.519868, 699.572848, 105.400662, 
            701.692053, 105.400662, 703.811258, 103.281457, 
            705.930464, 101.162252, 708.049669, 101.162252, 
            710.168874, 99.043046, 712.288079, 99.043046, 
            714.407285, 96.923841, 714.407285, 96.923841, 
            716.526490, 94.804636, 716.526490, 92.685430, 
            718.645695, 319.440397, 718.645695, 323.678808, 
            718.645695, 325.798013, 716.526490, 327.917219, 
            714.407285, 334.274834, 712.288079, 336.394040, 
            712.288079, 340.632450, 710.168874, 344.870861, 
            710.168874, 351.228477, 705.930464, 355.466887, 
            703.811258, 357.586093, 703.811258, 359.705298, 
            701.692053, 363.943709, 699.572848, 368.182119, 
            695.334437, 370.301325, 695.334437, 372.420530, 
            693.215232, 374.539735, 693.215232, 376.658940, 
            691.096026, 378.778146, 691.096026, 380.897351, 
            688.976821, 383.016556, 688.976821, 383.016556, 
            686.857616, 385.135762, 684.738411, 387.254967, 
            682.619205, 387.254967, 680.500000, 389.374172, 
            678.380795, 391.493377, 678.380795, 391.493377, 
            676.261589, 391.493377, 672.023179, 393.612583, 
            669.903974, 393.612583, 667.784768, 395.731788, 
            665.665563, 395.731788, 663.546358, 395.731788, 
            661.427152, 395.731788, 659.307947, 395.731788, 
            657.188742, 395.731788, 655.069536, 395.731788, 
            652.950331, 395.731788, 650.831126, 395.731788, 
            648.711921, 393.612583, 646.592715, 393.612583, 
            644.473510, 391.493377, 642.354305, 389.374172, 
            640.235099, 387.254967, 638.115894, 385.135762, 
            635.996689, 383.016556, 635.996689, 380.897351, 
            635.996689, 378.778146, 633.877483, 376.658940, 
            633.877483, 372.420530, 633.877483, 370.301325, 
            633.877483, 368.182119, 635.996689, 363.943709, 
            638.115894, 361.824503, 638.115894, 359.705298, 
            640.235099, 359.705298, 642.354305, 357.586093, 
            642.354305, 355.466887, 644.473510, 353.347682, 
            644.473510, 351.228477, 644.473510, 349.109272, 
            646.592715, 346.990066, 648.711921, 344.870861, 
            648.711921, 342.751656, 648.711921, 340.632450, 
            648.711921, 338.513245, 650.831126, 334.274834, 
            650.831126, 332.155629, 650.831126, 330.036424, 
            650.831126, 327.917219, 650.831126, 325.798013, 
            650.831126, 323.678808, 650.831126, 321.559603, 
            650.831126, 317.321192, 650.831126, 313.082781, 
            650.831126, 306.725166, 650.831126, 300.367550, 
            650.831126, 287.652318, 650.831126, 285.533113, 
            650.831126, 281.294702, 650.831126, 279.175497, 
            650.831126, 279.175497, 648.711921, 274.937086, 
            646.592715, 272.817881, 644.473510, 272.817881, 
            642.354305, 272.817881, 640.235099, 272.817881, 
            638.115894, 272.817881, 635.996689, 272.817881, 
            633.877483, 272.817881, 631.758278, 272.817881, 
            629.639073, 272.817881, 627.519868, 272.817881, 
            625.400662, 272.817881, 623.281457, 272.817881, 
            621.162252, 272.817881, 619.043046, 274.937086, 
            619.043046, 274.937086, 616.923841, 274.937086, 
            614.804636, 277.056291, 614.804636, 279.175497, 
            610.566225, 279.175497, 608.447020, 279.175497, 
            606.327815, 281.294702, 604.208609, 281.294702, 
            602.089404, 283.413907, 599.970199, 285.533113, 
            593.612583, 287.652318, 591.493377, 287.652318, 
            589.374172, 289.771523, 587.254967, 291.890728, 
            585.135762, 291.890728, 583.016556, 294.009934, 
            580.897351, -1.000000, -1.000000, 457.188742, 
            718.645695, 457.188742, 714.407285, 457.188742, 
            712.288079, 457.188742, 708.049669, 457.188742, 
            705.930464, 457.188742, 703.811258, 457.188742, 
            699.572848, 459.307947, 697.453642, 461.427152, 
            695.334437, 461.427152, 693.215232, 463.546358, 
            691.096026, 465.665563, 688.976821, 465.665563, 
            686.857616, 467.784768, 686.857616, 469.903974, 
            684.738411, 472.023179, 684.738411, 474.142384, 
            684.738411, 478.380795, 684.738411, 480.500000, 
            684.738411, 482.619205, 684.738411, 484.738411, 
            684.738411, 486.857616, 684.738411, 491.096026, 
            684.738411, 493.215232, 684.738411, 497.453642, 
            684.738411, 499.572848, 684.738411, 501.692053, 
            684.738411, 503.811258, 684.738411, 505.930464, 
            684.738411, 508.049669, 682.619205, 510.168874, 
            680.500000, 512.288079, 678.380795, 514.407285, 
            678.380795, 514.407285, 676.261589, 516.526490, 
            674.142384, 516.526490, 672.023179, 518.645695, 
            669.903974, 518.645695, 667.784768, 518.645695, 
            665.665563, 518.645695, 663.546358, 520.764901, 
            661.427152, 520.764901, 659.307947, 520.764901, 
            657.188742, 520.764901, 652.950331, 520.764901, 
            650.831126, 522.884106, 648.711921, 522.884106, 
