%YAML:1.0
    mask: !!opencv-matrix
        rows: 1366
        cols: 2
        dt: f
        data: [ 456.152174, 719.456522, 458.934783, 
            719.456522, 460.326087, 719.456522, 460.326087, 
            718.065217, 463.108696, 716.673913, 464.500000, 
            716.673913, 464.500000, 715.282609, 465.891304, 
            715.282609, 467.282609, 715.282609, 468.673913, 
            713.891304, 471.456522, 712.500000, 471.456522, 
            711.108696, 472.847826, 709.717391, 474.239130, 
            709.717391, 475.630435, 709.717391, 475.630435, 
            708.326087, 477.021739, 706.934783, 478.413043, 
            706.934783, 479.804348, 705.543478, 481.195652, 
            704.152174, 482.586957, 702.760870, 482.586957, 
            701.369565, 482.586957, 699.978261, 482.586957, 
            698.586957, 482.586957, 697.195652, 483.978261, 
            695.804348, 483.978261, 693.021739, 485.369565, 
            693.021739, 485.369565, 691.630435, 485.369565, 
            690.239130, 485.369565, 688.847826, 485.369565, 
            687.456522, 483.978261, 686.065217, 482.586957, 
            681.891304, 482.586957, 680.500000, 481.195652, 
            679.108696, 479.804348, 677.717391, 478.413043, 
            676.326087, 477.021739, 673.543478, 475.630435, 
            673.543478, 474.239130, 673.543478, 472.847826, 
            673.543478, 470.065217, 673.543478, 465.891304, 
            672.152174, 465.891304, 670.760870, 463.108696, 
            670.760870, 461.717391, 669.369565, 458.934783, 
            669.369565, 457.543478, 669.369565, 454.760870, 
            669.369565, 453.369565, 669.369565, 447.804348, 
            670.760870, 445.021739, 670.760870, 443.630435, 
            672.152174, 442.239130, 672.152174, 440.847826, 
            672.152174, 439.456522, 673.543478, 438.065217, 
            673.543478, 435.282609, 674.934783, 433.891304, 
            676.326087, 432.500000, 676.326087, 431.108696, 
            676.326087, 429.717391, 676.326087, 428.326087, 
            676.326087, 426.934783, 676.326087, 425.543478, 
            677.717391, 422.760870, 679.108696, 422.760870, 
            680.500000, 421.369565, 680.500000, 419.978261, 
            680.500000, 417.195652, 681.891304, 415.804348, 
            681.891304, 414.413043, 683.282609, 413.021739, 
            684.673913, 411.630435, 684.673913, 410.239130, 
            686.065217, 408.847826, 686.065217, 407.456522, 
            686.065217, 407.456522, 687.456522, 406.065217, 
            687.456522, 404.673913, 688.847826, 403.282609, 
            688.847826, 401.891304, 688.847826, 399.108696, 
            690.239130, 397.717391, 690.239130, 394.934783, 
            693.021739, 393.543478, 693.021739, 392.152174, 
            694.413043, 390.760870, 694.413043, 389.369565, 
            694.413043, 387.978261, 695.804348, 386.586957, 
            695.804348, 385.195652, 697.195652, 382.413043, 
            697.195652, 379.630435, 698.586957, 378.239130, 
            698.586957, 374.065217, 698.586957, 372.673913, 
            698.586957, 371.282609, 698.586957, 369.891304, 
            698.586957, 368.500000, 701.369565, 367.108696, 
            701.369565, 365.717391, 701.369565, 364.326087, 
            701.369565, 361.543478, 701.369565, 360.152174, 
            699.978261, 358.760870, 699.978261, 357.369565, 
            699.978261, 355.978261, 699.978261, 354.586957, 
            698.586957, 351.804348, 698.586957, 350.413043, 
            697.195652, 350.413043, 695.804348, 350.413043, 
            694.413043, 350.413043, 693.021739, 350.413043, 
            690.239130, 350.413043, 688.847826, 350.413043, 
            686.065217, 350.413043, 684.673913, 350.413043, 
            681.891304, 350.413043, 680.500000, 350.413043, 
            677.717391, 350.413043, 676.326087, 350.413043, 
            673.543478, 350.413043, 672.152174, 350.413043, 
            669.369565, 350.413043, 667.978261, 351.804348, 
            665.195652, 351.804348, 663.804348, 351.804348, 
            662.413043, 351.804348, 661.021739, 351.804348, 
            659.630435, 353.195652, 659.630435, 353.195652, 
            658.239130, 353.195652, 655.456522, 353.195652, 
            654.065217, 354.586957, 652.673913, 354.586957, 
            651.282609, 355.978261, 651.282609, 355.978261, 
            649.891304, 355.978261, 648.500000, 355.978261, 
            647.108696, 357.369565, 645.717391, 357.369565, 
            644.326087, 358.760870, 642.934783, 358.760870, 
            641.543478, 358.760870, 638.760870, 358.760870, 
            637.369565, 358.760870, 635.978261, 360.152174, 
            634.586957, 360.152174, 633.195652, 360.152174, 
            631.804348, 360.152174, 630.413043, 360.152174, 
            629.021739, 360.152174, 627.630435, 360.152174, 
            626.239130, 360.152174, 624.847826, 360.152174, 
            623.456522, 361.543478, 620.673913, 361.543478, 
            619.282609, 361.543478, 617.891304, 361.543478, 
            616.500000, 361.543478, 615.108696, 361.543478, 
            613.717391, 361.543478, 610.934783, 361.543478, 
            609.543478, 361.543478, 608.152174, 361.543478, 
            606.760870, 361.543478, 603.978261, 361.543478, 
            602.586957, 361.543478, 601.195652, 361.543478, 
            599.804348, 361.543478, 598.413043, 361.543478, 
            595.630435, 361.543478, 594.239130, 361.543478, 
            591.456522, 361.543478, 590.065217, 361.543478, 
            587.282609, 361.543478, 585.891304, 361.543478, 
            583.108696, 361.543478, 581.717391, 361.543478, 
            580.326087, 361.543478, 578.934783, 361.543478, 
            577.543478, 361.543478, 576.152174, 361.543478, 
            574.760870, 361.543478, 573.369565, 361.543478, 
            571.978261, 361.543478, 570.586957, 362.934783, 
            570.586957, 364.326087, 569.195652, 364.326087, 
            567.804348, 364.326087, 569.195652, 362.934783, 
            569.195652, 361.543478, 570.586957, 360.152174, 
            573.369565, 357.369565, 574.760870, 355.978261, 
            574.760870, 355.978261, 576.152174, 354.586957, 
            576.152174, 351.804348, 577.543478, 347.630435, 
            578.934783, 346.239130, 578.934783, 343.456522, 
            578.934783, 342.065217, 580.326087, 339.282609, 
            580.326087, 337.891304, 581.717391, 335.108696, 
            583.108696, 332.326087, 583.108696, 332.326087, 
            584.500000, 330.934783, 584.500000, 328.152174, 
            585.891304, 328.152174, 587.282609, 325.369565, 
            588.673913, 323.978261, 590.065217, 322.586957, 
            591.456522, 319.804348, 591.456522, 319.804348, 
            592.847826, 318.413043, 594.239130, 317.021739, 
            594.239130, 315.630435, 595.630435, 314.239130, 
            595.630435, 312.847826, 597.021739, 311.456522, 
            598.413043, 310.065217, 599.804348, 307.282609, 
            599.804348, 305.891304, 599.804348, 305.891304, 
            601.195652, 303.108696, 602.586957, 301.717391, 
            602.586957, 301.717391, 603.978261, 300.326087, 
            603.978261, 297.543478, 603.978261, 294.760870, 
            606.760870, 293.369565, 608.152174, 290.586957, 
            608.152174, 289.195652, 609.543478, 286.413043, 
            612.326087, 285.021739, 612.326087, 283.630435, 
            613.717391, 282.239130, 615.108696, 280.847826, 
            615.108696, 279.456522, 617.891304, 279.456522, 
            619.282609, 278.065217, 620.673913, 276.673913, 
            622.065217, 276.673913, 623.456522, 275.282609, 
            624.847826, 273.891304, 624.847826, 273.891304, 
            627.630435, 273.891304, 629.021739, 273.891304, 
            631.804348, 272.500000, 633.195652, 272.500000, 
            634.586957, 272.500000, 635.978261, 272.500000, 
            637.369565, 272.500000, 640.152174, 271.108696, 
