%YAML:1.0
    mask: !!opencv-matrix
        rows: 482
        cols: 2
        dt: f
        data: [ -1.000000, -1.000000, -1.000000, 
            -1.000000, 755.996689, 169.771523, 751.758278, 
            169.771523, 747.519868, 171.890728, 745.400662, 
            174.009934, 743.281457, 174.009934, 741.162252, 
            174.009934, 732.685430, 176.129139, 730.566225, 
            178.248344, 726.327815, 178.248344, 722.089404, 
            180.367550, 719.970199, 180.367550, 717.850993, 
            180.367550, 713.612583, 182.486755, 713.612583, 
            184.605960, 709.374172, 184.605960, 707.254967, 
            184.605960, 705.135762, 186.725166, 703.016556, 
            186.725166, 700.897351, 186.725166, 698.778146, 
            186.725166, 696.658940, 188.844371, 686.062914, 
            193.082781, 683.943709, 195.201987, 681.824503, 
            195.201987, 679.705298, 197.321192, 677.586093, 
            199.440397, 675.466887, 201.559603, 673.347682, 
            203.678808, 671.228477, 205.798013, 671.228477, 
            207.917219, 669.109272, 210.036424, 669.109272, 
            212.155629, 666.990066, 212.155629, 664.870861, 
            214.274834, 664.870861, 216.394040, 664.870861, 
            218.513245, 664.870861, 220.632450, 664.870861, 
            222.751656, 664.870861, 224.870861, 664.870861, 
            226.990066, 666.990066, 229.109272, 669.109272, 
            229.109272, 671.228477, 229.109272, 675.466887, 
            229.109272, 677.586093, 229.109272, 681.824503, 
            229.109272, 683.943709, 229.109272, 686.062914, 
            229.109272, 692.420530, 226.990066, 696.658940, 
            226.990066, 703.016556, 226.990066, 705.135762, 
            226.990066, 707.254967, 224.870861, 709.374172, 
            224.870861, 711.493377, 224.870861, 711.493377, 
            222.751656, 713.612583, 222.751656, 715.731788, 
            220.632450, 717.850993, 220.632450, 719.970199, 
            220.632450, 722.089404, 220.632450, 724.208609, 
            218.513245, 728.447020, 218.513245, 730.566225, 
            216.394040, 734.804636, 214.274834, 736.923841, 
            214.274834, 739.043046, 216.394040, 739.043046, 
            218.513245, 741.162252, 218.513245, 741.162252, 
            220.632450, 741.162252, 222.751656, 741.162252, 
            224.870861, 741.162252, 226.990066, 741.162252, 
            229.109272, 741.162252, 231.228477, 741.162252, 
            233.347682, 741.162252, 235.466887, 739.043046, 
            235.466887, 739.043046, 237.586093, 736.923841, 
            237.586093, 736.923841, 239.705298, 734.804636, 
            241.824503, 734.804636, 243.943709, 732.685430, 
            243.943709, 732.685430, 246.062914, 730.566225, 
            248.182119, 728.447020, 248.182119, 728.447020, 
            250.301325, 726.327815, 252.420530, 724.208609, 
            254.539735, 722.089404, 254.539735, 719.970199, 
            256.658940, 717.850993, 258.778146, 715.731788, 
            258.778146, 713.612583, 258.778146, 711.493377, 
            258.778146, 709.374172, 260.897351, 707.254967, 
            260.897351, 703.016556, 263.016556, 698.778146, 
            263.016556, 696.658940, 263.016556, 694.539735, 
            263.016556, 692.420530, 265.135762, 690.301325, 
            265.135762, 681.824503, 265.135762, 679.705298, 
            265.135762, 677.586093, 265.135762, 675.466887, 
            265.135762, 673.347682, 265.135762, 666.990066, 
            265.135762, 664.870861, 267.254967, 662.751656, 
            267.254967, 656.394040, 269.374172, 650.036424, 
            269.374172, 647.917219, 269.374172, 645.798013, 
            271.493377, 643.678808, 271.493377, 637.321192, 
            273.612583, 635.201987, 273.612583, 633.082781, 
            273.612583, 628.844371, 275.731788, 624.605960, 
            275.731788, 622.486755, 275.731788, 622.486755, 
            277.850993, 618.248344, 282.089404, 616.129139, 
            284.208609, 614.009934, 286.327815, 614.009934, 
            288.447020, 614.009934, 290.566225, 616.129139, 
            292.685430, 618.248344, 292.685430, 618.248344, 
            294.804636, 620.367550, 296.923841, 622.486755, 
            296.923841, 624.605960, 296.923841, 626.725166, 
            296.923841, 628.844371, 299.043046, 630.963576, 
            299.043046, 633.082781, 299.043046, 635.201987, 
            299.043046, 637.321192, 301.162252, 639.440397, 
            303.281457, 643.678808, 303.281457, 650.036424, 
            307.519868, 652.155629, 309.639073, 654.274834, 
            309.639073, 656.394040, 311.758278, 658.513245, 
            311.758278, 660.632450, 311.758278, 664.870861, 
            311.758278, 666.990066, 313.877483, 669.109272, 
            313.877483, 671.228477, 313.877483, 673.347682, 
            313.877483, 675.466887, 313.877483, 677.586093, 
            313.877483, 679.705298, 313.877483, 681.824503, 
            313.877483, 683.943709, 313.877483, 686.062914, 
            313.877483, 688.182119, 313.877483, 690.301325, 
            313.877483, 692.420530, 313.877483, 694.539735, 
            313.877483, 696.658940, 313.877483, 705.135762, 
            313.877483, 707.254967, 313.877483, 709.374172, 
            313.877483, 711.493377, 313.877483, 713.612583, 
            313.877483, 715.731788, 313.877483, 717.850993, 
            313.877483, 719.970199, 313.877483, 722.089404, 
            313.877483, 724.208609, 313.877483, 726.327815, 
            311.758278, 730.566225, 309.639073, 730.566225, 
            307.519868, 732.685430, 307.519868, 732.685430, 
            305.400662, 734.804636, 305.400662, 736.923841, 
            303.281457, 739.043046, 301.162252, 739.043046, 
            299.043046, 741.162252, 299.043046, 743.281457, 
            299.043046, 745.400662, 299.043046, 747.519868, 
            299.043046, 749.639073, 296.923841, 751.758278, 
            296.923841, 753.877483, 296.923841, 755.996689, 
            296.923841, 758.115894, 296.923841, 760.235099, 
            296.923841, 762.354305, 292.685430, 764.473510, 
            292.685430, 764.473510, 290.566225, 766.592715, 
            290.566225, 766.592715, 288.447020, 766.592715, 
            286.327815, 766.592715, 284.208609, 766.592715, 
            282.089404, 766.592715, 279.970199, 766.592715, 
            277.850993, 766.592715, 275.731788, 766.592715, 
            273.612583, 766.592715, 271.493377, 766.592715, 
            269.374172, 766.592715, 267.254967, 766.592715, 
            265.135762, 766.592715, 263.016556, 766.592715, 
            260.897351, 766.592715, 258.778146, 766.592715, 
            256.658940, 766.592715, 254.539735, 766.592715, 
            252.420530, 766.592715, 250.301325, 766.592715, 
            248.182119, 766.592715, 246.062914, 766.592715, 
            243.943709, 766.592715, 241.824503, 766.592715, 
            239.705298, 766.592715, 237.586093, 766.592715, 
            235.466887, 766.592715, 233.347682, 766.592715, 
            231.228477, 768.711921, 229.109272, 768.711921, 
            226.990066, 770.831126, 222.751656, 770.831126, 
            220.632450, 770.831126, 218.513245, 772.950331, 
            218.513245, 772.950331, 216.394040, 775.069536, 
            216.394040, 775.069536, 212.155629, 775.069536, 
            210.036424, 775.069536, 207.917219, 775.069536, 
            205.798013, 775.069536, 203.678808, 775.069536, 
            201.559603, 775.069536, 197.321192, 772.950331, 
            195.201987, 772.950331, 193.082781, 772.950331, 
            190.963576, 772.950331, 188.844371, 772.950331, 
            186.725166, 772.950331, 184.605960, 770.831126, 
            182.486755, 770.831126, 180.367550, 770.831126, 
            178.248344, 770.831126, 176.129139, 770.831126, 
            174.009934, 770.831126, 171.890728, 768.711921, 
            171.890728, 766.592715, 169.771523, 764.473510, 
            169.771523, -1.000000, -1.000000, 380.897351, 
