%YAML:1.0
    mask: !!opencv-matrix
        rows: 530
        cols: 2
        dt: f
        data: [ 283.551546, 665.984536, 291.469072, 
            665.984536, 294.108247, 665.984536, 300.706186, 
            668.623711, 316.541237, 671.262887, 317.860825, 
            671.262887, 319.180412, 671.262887, 320.500000, 
            671.262887, 321.819588, 671.262887, 323.139175, 
            671.262887, 324.458763, 671.262887, 325.778351, 
            671.262887, 332.376289, 668.623711, 337.654639, 
            667.304124, 354.809278, 659.386598, 365.365979, 
            654.108247, 365.365979, 652.788660, 368.005155, 
            652.788660, 374.603093, 650.149485, 375.922680, 
            648.829897, 385.159794, 643.551546, 391.757732, 
            640.912371, 393.077320, 639.592784, 395.716495, 
            639.592784, 400.994845, 636.953608, 406.273196, 
            634.314433, 408.912371, 631.675258, 411.551546, 
            630.355670, 412.871134, 630.355670, 412.871134, 
            629.036082, 412.871134, 627.716495, 414.190722, 
            625.077320, 418.149485, 621.118557, 420.788660, 
            619.798969, 422.108247, 618.479381, 423.427835, 
            617.159794, 424.747423, 613.201031, 428.706186, 
            609.242268, 432.664948, 603.963918, 436.623711, 
            598.685567, 437.943299, 596.046392, 441.902062, 
            592.087629, 444.541237, 590.768041, 448.500000, 
            586.809278, 451.139175, 584.170103, 451.139175, 
            582.850515, 453.778351, 576.252577, 456.417526, 
            572.293814, 461.695876, 569.654639, 464.335052, 
            564.376289, 466.974227, 559.097938, 470.932990, 
            555.139175, 472.252577, 553.819588, 472.252577, 
            552.500000, 474.891753, 551.180412, 478.850515, 
            547.221649, 480.170103, 545.902062, 481.489691, 
            544.582474, 481.489691, 543.262887, 482.809278, 
            540.623711, 482.809278, 536.664948, 482.809278, 
            535.345361, 484.128866, 530.067010, 485.448454, 
            528.747423, 485.448454, 527.427835, 485.448454, 
            524.788660, 485.448454, 522.149485, 485.448454, 
            520.829897, 484.128866, 519.510309, 480.170103, 
            518.190722, 477.530928, 518.190722, 476.211340, 
            518.190722, 470.932990, 519.510309, 466.974227, 
            523.469072, 464.335052, 524.788660, 456.417526, 
            528.747423, 452.458763, 531.386598, 445.860825, 
            535.345361, 441.902062, 537.984536, 436.623711, 
            540.623711, 435.304124, 541.943299, 431.345361, 
            544.582474, 427.386598, 545.902062, 422.108247, 
            547.221649, 412.871134, 548.541237, 411.551546, 
            548.541237, 411.551546, 547.221649, 415.510309, 
            537.984536, 418.149485, 531.386598, 431.345361, 
            519.510309, 437.943299, 514.231959, 441.902062, 
            510.273196, 443.221649, 507.634021, 452.458763, 
            497.077320, 466.974227, 483.881443, 472.252577, 
            479.922680, 473.572165, 478.603093, 476.211340, 
            474.644330, 481.489691, 470.685567, 489.407216, 
            468.046392, 493.365979, 465.407216, 496.005155, 
            464.087629, 499.963918, 464.087629, 502.603093, 
            462.768041, 506.561856, 461.448454, 509.201031, 
            461.448454, 510.520619, 460.128866, 513.159794, 
            458.809278, 513.159794, 457.489691, 513.159794, 
            456.170103, 513.159794, 453.530928, 507.881443, 
            452.211340, 505.242268, 452.211340, 498.644330, 
            450.891753, 489.407216, 450.891753, 484.128866, 
            450.891753, 480.170103, 452.211340, 474.891753, 
            453.530928, 470.932990, 456.170103, 464.335052, 
            456.170103, 461.695876, 456.170103, 463.015464, 
            456.170103, 466.974227, 450.891753, 472.252577, 
            446.932990, 474.891753, 442.974227, 477.530928, 
            437.695876, 478.850515, 436.376289, 480.170103, 
            435.056701, 480.170103, 433.737113, 480.170103, 
            432.417526, 480.170103, 431.097938, 474.891753, 
            431.097938, 465.654639, 429.778351, 463.015464, 
            429.778351, 460.376289, 429.778351, 457.737113, 
            429.778351, 451.139175, 429.778351, 448.500000, 
            429.778351, 445.860825, 431.097938, 437.943299, 
            432.417526, 433.984536, 432.417526, 426.067010, 
            435.056701, 420.788660, 436.376289, 419.469072, 
            436.376289, 414.190722, 431.097938, 410.231959, 
            425.819588, 408.912371, 423.180412, 408.912371, 
            421.860825, 406.273196, 421.860825, 404.953608, 
            421.860825, 403.634021, 421.860825, 394.396907, 
            421.860825, 386.479381, 424.500000, 383.840206, 
            425.819588, 379.881443, 425.819588, 364.046392, 
            435.056701, 360.087629, 437.695876, 352.170103, 
            441.654639, 350.850515, 441.654639, 349.530928, 
            442.974227, 346.891753, 442.974227, 337.654639, 
            442.974227, 333.695876, 441.654639, 332.376289, 
            441.654639, 328.417526, 440.335052, 327.097938, 
            440.335052, 320.500000, 440.335052, 319.180412, 
            441.654639, 315.221649, 445.613402, 305.984536, 
            454.850515, 304.664948, 456.170103, 299.386598, 
            460.128866, 288.829897, 465.407216, 276.953608, 
            472.005155, 274.314433, 477.283505, 270.355670, 
            479.922680, 270.355670, 481.242268, 270.355670, 
            482.561856, 269.036082, 483.881443, 263.757732, 
            490.479381, 253.201031, 498.396907, 249.242268, 
            502.355670, 236.046392, 516.871134, 232.087629, 
            519.510309, 230.768041, 522.149485, 226.809278, 
            524.788660, 222.850515, 528.747423, 217.572165, 
            534.025773, 213.613402, 539.304124, 208.335052, 
            545.902062, 207.015464, 547.221649, 203.056701, 
            549.860825, 200.417526, 553.819588, 195.139175, 
            556.458763, 189.860825, 563.056701, 184.582474, 
            568.335052, 183.262887, 569.654639, 179.304124, 
            574.932990, 177.984536, 574.932990, 177.984536, 
            576.252577, 176.664948, 576.252577, 176.664948, 
            577.572165, -1.000000, -1.000000, 670.190722, 
            663.345361, 667.551546, 658.067010, 655.675258, 
            643.551546, 650.396907, 634.314433, 643.798969, 
            625.077320, 637.201031, 619.798969, 634.561856, 
            617.159794, 633.242268, 614.520619, 630.603093, 
            611.881443, 627.963918, 607.922680, 620.046392, 
            600.005155, 618.726804, 598.685567, 617.407216, 
            597.365979, 614.768041, 594.726804, 610.809278, 
            592.087629, 606.850515, 586.809278, 602.891753, 
            582.850515, 601.572165, 580.211340, 598.932990, 
            569.654639, 597.613402, 564.376289, 596.293814, 
            560.417526, 594.974227, 553.819588, 593.654639, 
            548.541237, 592.335052, 540.623711, 589.695876, 
            530.067010, 588.376289, 520.829897, 587.056701, 
            518.190722, 587.056701, 514.231959, 587.056701, 
            506.314433, 587.056701, 502.355670, 585.737113, 
            501.036082, 580.458763, 493.118557, 575.180412, 
            479.922680, 572.541237, 478.603093, 569.902062, 
            475.963918, 560.664948, 470.685567, 559.345361, 
            468.046392, 558.025773, 466.726804, 558.025773, 
            465.407216, 555.386598, 464.087629, 554.067010, 
            461.448454, 552.747423, 457.489691, 551.427835, 
            453.530928, 550.108247, 445.613402, 550.108247, 
            444.293814, 550.108247, 440.335052, 556.706186, 
            436.376289, 560.664948, 435.056701, 563.304124, 
            435.056701, 571.221649, 433.737113, 576.500000, 
            433.737113, 579.139175, 433.737113, 580.458763, 
            433.737113, 581.778351, 433.737113, 583.097938, 
