%YAML:1.0
    mask: !!opencv-matrix
        rows: 449
        cols: 2
        dt: f
        data: [ 42.067010, 718.768041, 47.345361, 
            716.128866, 49.984536, 714.809278, 51.304124, 
            714.809278, 56.582474, 712.170103, 59.221649, 
            712.170103, 61.860825, 710.850515, 65.819588, 
            710.850515, 75.056701, 710.850515, 76.376289, 
            710.850515, 81.654639, 709.530928, 82.974227, 
            709.530928, 84.293814, 709.530928, 86.932990, 
            709.530928, 90.891753, 709.530928, 92.211340, 
            709.530928, 96.170103, 709.530928, 97.489691, 
            709.530928, 104.087629, 709.530928, 108.046392, 
            709.530928, 112.005155, 709.530928, 113.324742, 
            709.530928, 114.644330, 709.530928, 121.242268, 
            709.530928, 127.840206, 708.211340, 134.438144, 
            708.211340, 142.355670, 705.572165, 146.314433, 
            704.252577, 147.634021, 704.252577, 148.953608, 
            702.932990, 156.871134, 698.974227, 168.747423, 
            692.376289, 177.984536, 689.737113, 179.304124, 
            688.417526, 184.582474, 684.458763, 184.582474, 
            683.139175, 187.221649, 681.819588, 188.541237, 
            680.500000, 189.860825, 680.500000, 192.500000, 
            679.180412, 193.819588, 679.180412, 197.778351, 
            677.860825, 200.417526, 677.860825, 201.737113, 
            677.860825, 205.695876, 677.860825, 207.015464, 
            677.860825, 208.335052, 677.860825, 209.654639, 
            677.860825, 217.572165, 680.500000, 218.891753, 
            681.819588, 220.211340, 681.819588, 221.530928, 
            681.819588, 222.850515, 683.139175, 225.489691, 
            684.458763, 228.128866, 685.778351, 229.448454, 
            687.097938, 233.407216, 688.417526, 237.365979, 
            691.056701, 242.644330, 693.695876, 246.603093, 
            695.015464, 255.840206, 701.613402, 258.479381, 
            704.252577, 269.036082, 709.530928, 272.994845, 
            710.850515, 276.953608, 714.809278, 282.231959, 
            717.448454, 282.231959, 718.768041, -1.000000, 
            -1.000000, 315.221649, 718.768041, 321.819588, 
            710.850515, 327.097938, 704.252577, 329.737113, 
            701.613402, 331.056701, 701.613402, 335.015464, 
            700.293814, 336.335052, 700.293814, 337.654639, 
            700.293814, 340.293814, 700.293814, 341.613402, 
            700.293814, 348.211340, 701.613402, 349.530928, 
            701.613402, 350.850515, 702.932990, 353.489691, 
            702.932990, 358.768041, 705.572165, 360.087629, 
            706.891753, 362.726804, 708.211340, 364.046392, 
            708.211340, 365.365979, 708.211340, 368.005155, 
            709.530928, 370.644330, 709.530928, 377.242268, 
            712.170103, 378.561856, 712.170103, 383.840206, 
            713.489691, 386.479381, 713.489691, 391.757732, 
            713.489691, 397.036082, 713.489691, 399.675258, 
            713.489691, 400.994845, 713.489691, 404.953608, 
            713.489691, 418.149485, 710.850515, 419.469072, 
            710.850515, 422.108247, 710.850515, 424.747423, 
            710.850515, 430.025773, 709.530928, 439.262887, 
            708.211340, 444.541237, 708.211340, 451.139175, 
            706.891753, 457.737113, 706.891753, 459.056701, 
            705.572165, 460.376289, 705.572165, 461.695876, 
            705.572165, 465.654639, 705.572165, 468.293814, 
            705.572165, 470.932990, 705.572165, 472.252577, 
            705.572165, 474.891753, 705.572165, 480.170103, 
            708.211340, 481.489691, 709.530928, 485.448454, 
            710.850515, 489.407216, 713.489691, 490.726804, 
            713.489691, 492.046392, 714.809278, 493.365979, 
            716.128866, 494.685567, 717.448454, 497.324742, 
            718.768041, -1.000000, -1.000000, 688.664948, 
            214.685567, 680.747423, 218.644330, 675.469072, 
            221.283505, 674.149485, 221.283505, 670.190722, 
            222.603093, 667.551546, 222.603093, 660.953608, 
            223.922680, 656.994845, 225.242268, 654.355670, 
            225.242268, 653.036082, 225.242268, 651.716495, 
            225.242268, 649.077320, 225.242268, 647.757732, 
            225.242268, 645.118557, 225.242268, 643.798969, 
            225.242268, 642.479381, 225.242268, 637.201031, 
            226.561856, 630.603093, 229.201031, 625.324742, 
            230.520619, 621.365979, 233.159794, 616.087629, 
            237.118557, 613.448454, 239.757732, 609.489691, 
            246.355670, 604.211340, 250.314433, 600.252577, 
            255.592784, 598.932990, 258.231959, 597.613402, 
            259.551546, 596.293814, 260.871134, 596.293814, 
            263.510309, 594.974227, 264.829897, 593.654639, 
            266.149485, 591.015464, 270.108247, 591.015464, 
            271.427835, 589.695876, 272.747423, 588.376289, 
            274.067010, 587.056701, 275.386598, 587.056701, 
            276.706186, 585.737113, 278.025773, 585.737113, 
            279.345361, 585.737113, 280.664948, 585.737113, 
            281.984536, 587.056701, 283.304124, 588.376289, 
            284.623711, 589.695876, 285.943299, 592.335052, 
            287.262887, 593.654639, 287.262887, 597.613402, 
            291.221649, 605.530928, 295.180412, 606.850515, 
            296.500000, 608.170103, 299.139175, 609.489691, 
            301.778351, 610.809278, 303.097938, 612.128866, 
            304.417526, 613.448454, 304.417526, 616.087629, 
            305.737113, 617.407216, 308.376289, 618.726804, 
            308.376289, 618.726804, 309.695876, 621.365979, 
            311.015464, 626.644330, 313.654639, 630.603093, 
            314.974227, 630.603093, 316.293814, 631.922680, 
            317.613402, 634.561856, 320.252577, 635.881443, 
            321.572165, 638.520619, 322.891753, 639.840206, 
            324.211340, 641.159794, 324.211340, 642.479381, 
            324.211340, 643.798969, 324.211340, 645.118557, 
            322.891753, 647.757732, 320.252577, 650.396907, 
            318.932990, 651.716495, 317.613402, 653.036082, 
            317.613402, 655.675258, 317.613402, 658.314433, 
            317.613402, 659.634021, 318.932990, 660.953608, 
            320.252577, 662.273196, 321.572165, 662.273196, 
            322.891753, 664.912371, 325.530928, 664.912371, 
            326.850515, 666.231959, 328.170103, 667.551546, 
            330.809278, 668.871134, 332.128866, 668.871134, 
            333.448454, 670.190722, 333.448454, 671.510309, 
            334.768041, 674.149485, 336.087629, 675.469072, 
            336.087629, 679.427835, 336.087629, 682.067010, 
            334.768041, 683.386598, 334.768041, 687.345361, 
            332.128866, 688.664948, 330.809278, 692.623711, 
            328.170103, 697.902062, 325.530928, 700.541237, 
            324.211340, 704.500000, 318.932990, 707.139175, 
            317.613402, 708.458763, 314.974227, 711.097938, 
            311.015464, 713.737113, 308.376289, 715.056701, 
            305.737113, 717.695876, 301.778351, 719.015464, 
            297.819588, 721.654639, 289.902062, 724.293814, 
            281.984536, 724.293814, 280.664948, 725.613402, 
            278.025773, 726.932990, 276.706186, 728.252577, 
            274.067010, 729.572165, 272.747423, 732.211340, 
            268.788660, 732.211340, 267.469072, 733.530928, 
            267.469072, 733.530928, 266.149485, 733.530928, 
            264.829897, 734.850515, 263.510309, 734.850515, 
            262.190722, 734.850515, 260.871134, 734.850515, 
            258.231959, 734.850515, 255.592784, 734.850515, 
            252.953608, 733.530928, 247.675258, 730.891753, 
            241.077320, 728.252577, 235.798969, 726.932990, 
            233.159794, 724.293814, 230.520619, 721.654639, 
            229.201031, 712.417526, 223.922680, 709.778351, 
            222.603093, 708.458763, 221.283505, 707.139175, 
