%YAML:1.0
    mask: !!opencv-matrix
        rows: 567
        cols: 2
        dt: f
        data: [ -1.000000, -1.000000, -1.000000, 
            -1.000000, 753.877483, 500.367550, 751.758278, 
            500.367550, 749.639073, 500.367550, 747.519868, 
            500.367550, 745.400662, 500.367550, 741.162252, 
            498.248344, 739.043046, 498.248344, 736.923841, 
            498.248344, 736.923841, 496.129139, 734.804636, 
            496.129139, 732.685430, 496.129139, 730.566225, 
            496.129139, 728.447020, 496.129139, 726.327815, 
            496.129139, 724.208609, 496.129139, 722.089404, 
            496.129139, 719.970199, 496.129139, 717.850993, 
            496.129139, 715.731788, 496.129139, 713.612583, 
            496.129139, 711.493377, 496.129139, 709.374172, 
            496.129139, 707.254967, 498.248344, 705.135762, 
            498.248344, 700.897351, 498.248344, 698.778146, 
            500.367550, 696.658940, 500.367550, 694.539735, 
            502.486755, 692.420530, 504.605960, 690.301325, 
            504.605960, 688.182119, 506.725166, 686.062914, 
            506.725166, 686.062914, 508.844371, 683.943709, 
            508.844371, 681.824503, 510.963576, 681.824503, 
            513.082781, 679.705298, 515.201987, 677.586093, 
            517.321192, 677.586093, 519.440397, 675.466887, 
            521.559603, 673.347682, 523.678808, 671.228477, 
            523.678808, 671.228477, 525.798013, 669.109272, 
            525.798013, 669.109272, 527.917219, 666.990066, 
            530.036424, 664.870861, 530.036424, 662.751656, 
            532.155629, 660.632450, 532.155629, 660.632450, 
            534.274834, 658.513245, 534.274834, 658.513245, 
            536.394040, 656.394040, 538.513245, 654.274834, 
            538.513245, 654.274834, 540.632450, 654.274834, 
            542.751656, 652.155629, 544.870861, 652.155629, 
            546.990066, 652.155629, 549.109272, 650.036424, 
            549.109272, 650.036424, 551.228477, 650.036424, 
            553.347682, 647.917219, 555.466887, 647.917219, 
            557.586093, 645.798013, 557.586093, 645.798013, 
            559.705298, 645.798013, 561.824503, 645.798013, 
            563.943709, 643.678808, 566.062914, 643.678808, 
            568.182119, 643.678808, 570.301325, 643.678808, 
            574.539735, 643.678808, 576.658940, 645.798013, 
            578.778146, 647.917219, 580.897351, 650.036424, 
            580.897351, 652.155629, 580.897351, 654.274834, 
            580.897351, 656.394040, 580.897351, 658.513245, 
            580.897351, 660.632450, 580.897351, 664.870861, 
            583.016556, 666.990066, 583.016556, 669.109272, 
            583.016556, 671.228477, 583.016556, 671.228477, 
            585.135762, 673.347682, 585.135762, 675.466887, 
            587.254967, 675.466887, 589.374172, 677.586093, 
            589.374172, 679.705298, 589.374172, 679.705298, 
            591.493377, 681.824503, 591.493377, 683.943709, 
            591.493377, 686.062914, 591.493377, 688.182119, 
            593.612583, 690.301325, 593.612583, 692.420530, 
            593.612583, 692.420530, 595.731788, 694.539735, 
            595.731788, 694.539735, 597.850993, 696.658940, 
            597.850993, 698.778146, 597.850993, 700.897351, 
            597.850993, 703.016556, 597.850993, 705.135762, 
            597.850993, 707.254967, 597.850993, 709.374172, 
            597.850993, 711.493377, 597.850993, 713.612583, 
            597.850993, 715.731788, 597.850993, 717.850993, 
            597.850993, 719.970199, 597.850993, 722.089404, 
            597.850993, 724.208609, 597.850993, 726.327815, 
            597.850993, 728.447020, 597.850993, 730.566225, 
            597.850993, 732.685430, 597.850993, 734.804636, 
            597.850993, 736.923841, 597.850993, 739.043046, 
            595.731788, 741.162252, 595.731788, 743.281457, 
            593.612583, 745.400662, 593.612583, 747.519868, 
            591.493377, 749.639073, 591.493377, 751.758278, 
            591.493377, 753.877483, 591.493377, 755.996689, 
            591.493377, 758.115894, 591.493377, 760.235099, 
            589.374172, 762.354305, 589.374172, 764.473510, 
            587.254967, 768.711921, 587.254967, 770.831126, 
            585.135762, 772.950331, 583.016556, 775.069536, 
            580.897351, 779.307947, 578.778146, 781.427152, 
            576.658940, 783.546358, 576.658940, 785.665563, 
            574.539735, 787.784768, 574.539735, 789.903974, 
            572.420530, 789.903974, 570.301325, 792.023179, 
            570.301325, 792.023179, 568.182119, 794.142384, 
            566.062914, 794.142384, 563.943709, 796.261589, 
            561.824503, 796.261589, 559.705298, 796.261589, 
            557.586093, 796.261589, 555.466887, 796.261589, 
            553.347682, 796.261589, 551.228477, 796.261589, 
            549.109272, 796.261589, 546.990066, 796.261589, 
            544.870861, 794.142384, 544.870861, 794.142384, 
            542.751656, 792.023179, 540.632450, 789.903974, 
            538.513245, 789.903974, 534.274834, 787.784768, 
            534.274834, 787.784768, 532.155629, 785.665563, 
            532.155629, 785.665563, 530.036424, 781.427152, 
            525.798013, 779.307947, 523.678808, 779.307947, 
            521.559603, 777.188742, 521.559603, 775.069536, 
            519.440397, 772.950331, 517.321192, 768.711921, 
            515.201987, 766.592715, 513.082781, 764.473510, 
            513.082781, 764.473510, 510.963576, 762.354305, 
            510.963576, 762.354305, 508.844371, 760.235099, 
            506.725166, 755.996689, 504.605960, -1.000000, 
            -1.000000, 306.725166, 118.910596, 306.725166, 
            121.029801, 304.605960, 125.268212, 302.486755, 
            129.506623, 302.486755, 133.745033, 300.367550, 
            135.864238, 298.248344, 137.983444, 298.248344, 
            140.102649, 298.248344, 142.221854, 296.129139, 
            144.341060, 296.129139, 146.460265, 296.129139, 
            148.579470, 296.129139, 150.698675, 296.129139, 
            152.817881, 298.248344, 154.937086, 300.367550, 
            157.056291, 300.367550, 159.175497, 300.367550, 
            161.294702, 300.367550, 163.413907, 302.486755, 
            165.533113, 302.486755, 167.652318, 304.605960, 
            167.652318, 304.605960, 169.771523, 304.605960, 
            171.890728, 306.725166, 174.009934, 306.725166, 
            176.129139, 308.844371, 178.248344, 308.844371, 
            180.367550, 308.844371, 182.486755, 310.963576, 
            184.605960, 310.963576, 186.725166, 310.963576, 
            188.844371, 313.082781, 190.963576, 313.082781, 
            193.082781, 313.082781, 195.201987, 313.082781, 
            197.321192, 315.201987, 199.440397, 315.201987, 
            201.559603, 317.321192, 201.559603, 317.321192, 
            203.678808, 319.440397, 203.678808, 319.440397, 
            205.798013, 319.440397, 207.917219, 319.440397, 
            210.036424, 321.559603, 212.155629, 321.559603, 
            214.274834, 321.559603, 216.394040, 321.559603, 
            218.513245, 323.678808, 218.513245, 323.678808, 
            220.632450, 325.798013, 222.751656, 325.798013, 
            224.870861, 325.798013, 226.990066, 325.798013, 
            229.109272, 325.798013, 231.228477, 325.798013, 
            233.347682, 325.798013, 235.466887, 327.917219, 
            235.466887, 327.917219, 237.586093, 327.917219, 
            239.705298, 330.036424, 241.824503, 330.036424, 
            243.943709, 330.036424, 246.062914, 330.036424, 
            248.182119, 332.155629, 250.301325, 332.155629, 
            252.420530, 334.274834, 254.539735, 334.274834, 
            256.658940, 336.394040, 256.658940, 336.394040, 
            258.778146, 338.513245, 260.897351, 340.632450, 
            263.016556, 340.632450, 265.135762, 342.751656, 
            267.254967, 342.751656, 269.374172, 344.870861, 
