%YAML:1.0
    mask: !!opencv-matrix
        rows: 583
        cols: 2
        dt: f
        data: [ 60.541237, 684.458763, 64.500000, 
            679.180412, 68.458763, 673.902062, 77.695876, 
            667.304124, 84.293814, 663.345361, 86.932990, 
            662.025773, 93.530928, 658.067010, 97.489691, 
            656.747423, 104.087629, 652.788660, 109.365979, 
            648.829897, 113.324742, 646.190722, 118.603093, 
            642.231959, 123.881443, 638.273196, 125.201031, 
            635.634021, 127.840206, 631.675258, 130.479381, 
            627.716495, 131.798969, 625.077320, 133.118557, 
            623.757732, 137.077320, 621.118557, 138.396907, 
            618.479381, 141.036082, 613.201031, 143.675258, 
            611.881443, 144.994845, 607.922680, 147.634021, 
            605.283505, 150.273196, 601.324742, 151.592784, 
            597.365979, 154.231959, 594.726804, 160.829897, 
            590.768041, 166.108247, 586.809278, 168.747423, 
            584.170103, 171.386598, 581.530928, 176.664948, 
            576.252577, 180.623711, 572.293814, 187.221649, 
            565.695876, 189.860825, 563.056701, 191.180412, 
            560.417526, 193.819588, 557.778351, 195.139175, 
            556.458763, 197.778351, 553.819588, 199.097938, 
            553.819588, 201.737113, 552.500000, 203.056701, 
            552.500000, 204.376289, 552.500000, 207.015464, 
            552.500000, 209.654639, 552.500000, 212.293814, 
            552.500000, 212.293814, 551.180412, 216.252577, 
            549.860825, 217.572165, 549.860825, 217.572165, 
            547.221649, 221.530928, 543.262887, 221.530928, 
            537.984536, 222.850515, 534.025773, 222.850515, 
            532.706186, 224.170103, 531.386598, 225.489691, 
            531.386598, 226.809278, 528.747423, 230.768041, 
            526.108247, 234.726804, 522.149485, 236.046392, 
            522.149485, 241.324742, 519.510309, 246.603093, 
            516.871134, 247.922680, 515.551546, 251.881443, 
            514.231959, 257.159794, 511.592784, 258.479381, 
            508.953608, 263.757732, 506.314433, 265.077320, 
            504.994845, 267.716495, 502.355670, 270.355670, 
            501.036082, 274.314433, 497.077320, 276.953608, 
            494.438144, 276.953608, 493.118557, 278.273196, 
            490.479381, 279.592784, 489.159794, 280.912371, 
            487.840206, 282.231959, 485.201031, 283.551546, 
            482.561856, 286.190722, 478.603093, 287.510309, 
            475.963918, 287.510309, 473.324742, 288.829897, 
            470.685567, 290.149485, 468.046392, 290.149485, 
            466.726804, 290.149485, 464.087629, 288.829897, 
            461.448454, 287.510309, 461.448454, 286.190722, 
            460.128866, 282.231959, 458.809278, 280.912371, 
            458.809278, 280.912371, 457.489691, 280.912371, 
            452.211340, 280.912371, 449.572165, 282.231959, 
            446.932990, 282.231959, 445.613402, 282.231959, 
            442.974227, 283.551546, 440.335052, 283.551546, 
            439.015464, 283.551546, 436.376289, 283.551546, 
            435.056701, 283.551546, 432.417526, 274.314433, 
            428.458763, 271.675258, 428.458763, 265.077320, 
            427.139175, 261.118557, 425.819588, 258.479381, 
            425.819588, 257.159794, 425.819588, 253.201031, 
            424.500000, 249.242268, 421.860825, 242.644330, 
            420.541237, 236.046392, 417.902062, 234.726804, 
            417.902062, 230.768041, 416.582474, 225.489691, 
            412.623711, 222.850515, 411.304124, 218.891753, 
            409.984536, 214.932990, 407.345361, 210.974227, 
            406.025773, 208.335052, 406.025773, 205.695876, 
            404.706186, 204.376289, 404.706186, 203.056701, 
            403.386598, 193.819588, 402.067010, 191.180412, 
            402.067010, 187.221649, 402.067010, 181.943299, 
            402.067010, 181.943299, 403.386598, 171.386598, 
            406.025773, 167.427835, 407.345361, 151.592784, 
            412.623711, 137.077320, 417.902062, 134.438144, 
            419.221649, 119.922680, 424.500000, 115.963918, 
            425.819588, 113.324742, 427.139175, 108.046392, 
            428.458763, 96.170103, 432.417526, 90.891753, 
            433.737113, 85.613402, 433.737113, 84.293814, 
            433.737113, 80.335052, 435.056701, 80.335052, 
            436.376289, 79.015464, 436.376289, 77.695876, 
            436.376289, 75.056701, 439.015464, 69.778351, 
            445.613402, 69.778351, 446.932990, 65.819588, 
            452.211340, 63.180412, 458.809278, 60.541237, 
            465.407216, 56.582474, 473.324742, 52.623711, 
            481.242268, 49.984536, 485.201031, 46.025773, 
            491.798969, 43.386598, 495.757732, 40.747423, 
            498.396907, 35.469072, 507.634021, 32.829897, 
            511.592784, 27.551546, 518.190722, 23.592784, 
            522.149485, 20.953608, 526.108247, 19.634021, 
            530.067010, 15.675258, 536.664948, 13.036082, 
            539.304124, 10.396907, 543.262887, 9.077320, 
            545.902062, 7.757732, 547.221649, 5.118557, 
            555.139175, 3.798969, 555.139175, 1.159794, 
            560.417526, 1.159794, 563.056701, 1.159794, 
            565.695876, 1.159794, 567.015464, 1.159794, 
            570.974227, 1.159794, 573.613402, 1.159794, 
            574.932990, 1.159794, 585.489691, 1.159794, 
            590.768041, 1.159794, 593.407216, 1.159794, 
            598.685567, 1.159794, 601.324742, 2.479381, 
            603.963918, 2.479381, 606.603093, 2.479381, 
            609.242268, 2.479381, 621.118557, 3.798969, 
            622.438144, 5.118557, 626.396907, 5.118557, 
            627.716495, 5.118557, 629.036082, 5.118557, 
            630.355670, 5.118557, 631.675258, 6.438144, 
            632.994845, -1.000000, -1.000000, 332.376289, 
            716.128866, 338.974227, 714.809278, 342.932990, 
            713.489691, 345.572165, 712.170103, 346.891753, 
            712.170103, 350.850515, 710.850515, 353.489691, 
            710.850515, 357.448454, 709.530928, 358.768041, 
            709.530928, 361.407216, 708.211340, 362.726804, 
            708.211340, 364.046392, 708.211340, 368.005155, 
            706.891753, 370.644330, 706.891753, 374.603093, 
            706.891753, 377.242268, 706.891753, 381.201031, 
            706.891753, 383.840206, 706.891753, 385.159794, 
            706.891753, 386.479381, 706.891753, 387.798969, 
            706.891753, 389.118557, 705.572165, 390.438144, 
            705.572165, 390.438144, 704.252577, 391.757732, 
            704.252577, 391.757732, 702.932990, 393.077320, 
            702.932990, 393.077320, 700.293814, 393.077320, 
            698.974227, 394.396907, 697.654639, 394.396907, 
            696.335052, 395.716495, 693.695876, 397.036082, 
            689.737113, 397.036082, 688.417526, 398.355670, 
            687.097938, 399.675258, 679.180412, 400.994845, 
            677.860825, 402.314433, 676.541237, 403.634021, 
            676.541237, 403.634021, 675.221649, 404.953608, 
            673.902062, 407.592784, 672.582474, 408.912371, 
            671.262887, 410.231959, 669.943299, 414.190722, 
            668.623711, 426.067010, 665.984536, 431.345361, 
            664.664948, 440.582474, 662.025773, 443.221649, 
            662.025773, 447.180412, 659.386598, 451.139175, 
            658.067010, 456.417526, 656.747423, 461.695876, 
            655.427835, 469.613402, 651.469072, 481.489691, 
            648.829897, 486.768041, 646.190722, 492.046392, 
            643.551546, 497.324742, 642.231959, 497.324742, 
            640.912371, 503.922680, 639.592784, 507.881443, 
            638.273196, 510.520619, 638.273196, 514.479381, 
            635.634021, 518.438144, 635.634021, 522.396907, 
            632.994845, 525.036082, 632.994845, 526.355670, 
            632.994845, 535.592784, 630.355670, 536.912371, 
