%YAML:1.0
    mask: !!opencv-matrix
        rows: 474
        cols: 2
        dt: f
        data: [ 299.386598, 713.489691, 299.386598, 
            706.891753, 298.067010, 702.932990, 295.427835, 
            698.974227, 294.108247, 693.695876, 292.788660, 
            692.376289, 292.788660, 683.139175, 292.788660, 
            680.500000, 291.469072, 673.902062, 291.469072, 
            672.582474, 291.469072, 668.623711, 290.149485, 
            664.664948, 286.190722, 659.386598, 284.871134, 
            654.108247, 284.871134, 651.469072, 284.871134, 
            644.871134, 284.871134, 643.551546, 284.871134, 
            642.231959, 284.871134, 640.912371, 284.871134, 
            639.592784, 284.871134, 638.273196, 284.871134, 
            636.953608, 283.551546, 636.953608, 283.551546, 
            635.634021, 282.231959, 634.314433, 282.231959, 
            632.994845, 280.912371, 632.994845, 276.953608, 
            634.314433, 272.994845, 638.273196, 270.355670, 
            639.592784, 266.396907, 642.231959, 263.757732, 
            643.551546, 262.438144, 644.871134, 259.798969, 
            647.510309, 259.798969, 648.829897, 258.479381, 
            650.149485, 251.881443, 654.108247, 249.242268, 
            655.427835, 249.242268, 656.747423, 247.922680, 
            658.067010, 245.283505, 660.706186, 242.644330, 
            662.025773, 237.365979, 667.304124, 233.407216, 
            672.582474, 233.407216, 675.221649, 229.448454, 
            677.860825, 228.128866, 679.180412, 228.128866, 
            681.819588, 226.809278, 681.819588, 226.809278, 
            683.139175, 225.489691, 683.139175, 222.850515, 
            687.097938, 220.211340, 689.737113, 216.252577, 
            693.695876, 214.932990, 695.015464, 213.613402, 
            697.654639, 212.293814, 701.613402, 209.654639, 
            706.891753, 208.335052, 710.850515, 207.015464, 
            710.850515, 207.015464, 712.170103, 205.695876, 
            713.489691, 205.695876, 714.809278, 205.695876, 
            716.128866, 204.376289, 716.128866, 204.376289, 
            714.809278, -1.000000, -1.000000, 592.335052, 
            714.809278, 592.335052, 709.530928, 592.335052, 
            708.211340, 593.654639, 708.211340, 593.654639, 
            706.891753, 594.974227, 706.891753, 594.974227, 
            705.572165, 596.293814, 704.252577, 597.613402, 
            702.932990, 598.932990, 702.932990, 604.211340, 
            700.293814, 606.850515, 698.974227, 608.170103, 
            698.974227, 609.489691, 697.654639, 610.809278, 
            697.654639, 612.128866, 697.654639, 612.128866, 
            696.335052, 614.768041, 695.015464, 618.726804, 
            693.695876, 620.046392, 693.695876, 621.365979, 
            692.376289, 626.644330, 691.056701, 629.283505, 
            689.737113, 634.561856, 687.097938, 637.201031, 
            685.778351, 646.438144, 683.139175, 654.355670, 
            680.500000, 656.994845, 680.500000, 662.273196, 
            680.500000, 664.912371, 679.180412, 666.231959, 
            679.180412, 668.871134, 679.180412, 671.510309, 
            679.180412, 672.829897, 679.180412, 672.829897, 
            677.860825, 672.829897, 676.541237, 672.829897, 
            675.221649, 672.829897, 673.902062, 672.829897, 
            671.262887, 666.231959, 668.623711, 660.953608, 
            665.984536, 656.994845, 663.345361, 650.396907, 
            659.386598, 643.798969, 655.427835, 638.520619, 
            652.788660, 637.201031, 651.469072, 635.881443, 
            651.469072, 635.881443, 648.829897, 635.881443, 
            647.510309, 635.881443, 642.231959, 637.201031, 
            636.953608, 641.159794, 626.396907, 645.118557, 
            617.159794, 647.757732, 611.881443, 650.396907, 
            602.644330, 654.355670, 594.726804, 655.675258, 
            592.087629, 655.675258, 590.768041, 658.314433, 
            588.128866, 662.273196, 584.170103, 668.871134, 
            577.572165, 676.788660, 570.974227, 684.706186, 
            563.056701, 693.943299, 557.778351, 703.180412, 
            549.860825, 708.458763, 547.221649, 711.097938, 
            547.221649, 715.056701, 545.902062, 721.654639, 
            545.902062, 728.252577, 544.582474, 729.572165, 
            543.262887, 732.211340, 543.262887, 733.530928, 
            543.262887, 737.489691, 543.262887, 742.768041, 
            543.262887, 750.685567, 541.943299, 750.685567, 
            540.623711, 752.005155, 539.304124, 754.644330, 
            537.984536, 754.644330, 536.664948, 757.283505, 
            535.345361, 765.201031, 526.108247, 766.520619, 
            526.108247, 769.159794, 524.788660, 769.159794, 
            522.149485, 770.479381, 522.149485, 771.798969, 
            522.149485, 771.798969, 523.469072, 773.118557, 
            524.788660, 774.438144, 524.788660, 774.438144, 
            526.108247, 775.757732, 527.427835, 777.077320, 
            528.747423, 777.077320, 530.067010, 779.716495, 
            531.386598, 782.355670, 534.025773, 790.273196, 
            537.984536, 796.871134, 543.262887, 799.510309, 
            544.582474, 800.829897, 545.902062, 808.747423, 
            549.860825, 816.664948, 553.819588, 825.902062, 
            557.778351, 844.376289, 565.695876, 848.335052, 
            568.335052, 850.974227, 568.335052, 853.613402, 
            568.335052, 857.572165, 570.974227, 860.211340, 
            573.613402, 865.489691, 577.572165, 868.128866, 
            580.211340, 877.365979, 586.809278, 880.005155, 
            589.448454, 885.283505, 593.407216, 893.201031, 
            597.365979, 898.479381, 601.324742, 910.355670, 
            607.922680, 915.634021, 611.881443, 918.273196, 
            613.201031, 923.551546, 615.840206, 944.664948, 
            629.036082, 947.304124, 630.355670, 955.221649, 
            635.634021, 964.458763, 640.912371, 978.974227, 
            650.149485, 980.293814, 651.469072, 982.932990, 
            651.469072, 989.530928, 656.747423, 997.448454, 
            663.345361, 1006.685567, 669.943299, 1013.283505, 
            675.221649, 1019.881443, 677.860825, 1022.520619, 
            680.500000, 1023.840206, 684.458763, 1026.479381, 
            687.097938, 1027.798969, 688.417526, 1030.438144, 
            692.376289, 1033.077320, 693.695876, 1033.077320, 
            695.015464, 1035.716495, 697.654639, 1037.036082, 
            700.293814, 1038.355670, 702.932990, 1038.355670, 
            704.252577, 1039.675258, 705.572165, 1039.675258, 
            706.891753, 1040.994845, 706.891753, 1040.994845, 
            708.211340, 1040.994845, 709.530928, 1042.314433, 
            709.530928, 1042.314433, 710.850515, -1.000000, 
            -1.000000, 652.155629, 184.605960, 652.155629, 
            186.725166, 652.155629, 190.963576, 652.155629, 
            193.082781, 652.155629, 195.201987, 652.155629, 
            197.321192, 652.155629, 199.440397, 647.917219, 
            199.440397, 643.678808, 201.559603, 641.559603, 
            203.678808, 637.321192, 205.798013, 630.963576, 
            205.798013, 628.844371, 205.798013, 626.725166, 
            205.798013, 622.486755, 205.798013, 620.367550, 
            207.917219, 618.248344, 207.917219, 614.009934, 
            207.917219, 607.652318, 207.917219, 603.413907, 
            207.917219, 601.294702, 207.917219, 597.056291, 
            210.036424, 592.817881, 210.036424, 590.698675, 
            212.155629, 588.579470, 214.274834, 586.460265, 
            216.394040, 584.341060, 218.513245, 584.341060, 
            220.632450, 582.221854, 220.632450, 577.983444, 
            224.870861, 573.745033, 224.870861, 571.625828, 
            224.870861, 569.506623, 224.870861, 565.268212, 
            226.990066, 563.149007, 229.109272, 561.029801, 
            229.109272, 561.029801, 231.228477, 558.910596, 
            231.228477, 558.910596, 235.466887, 556.791391, 
