%YAML:1.0
    mask: !!opencv-matrix
        rows: 57
        cols: 2
        dt: f
        data: [ -1.000000, -1.000000, 802.149485, 
            516.871134, 800.829897, 516.871134, 790.273196, 
            515.551546, 712.417526, 472.005155, 680.747423, 
            450.891753, 659.634021, 437.695876, 656.994845, 
            437.695876, 651.716495, 435.056701, 616.087629, 
            415.262887, 598.932990, 406.025773, 588.376289, 
            399.427835, 584.417526, 399.427835, 569.902062, 
            386.231959, 568.582474, 384.912371, 567.262887, 
            379.634021, 567.262887, 376.994845, 567.262887, 
            374.355670, 572.541237, 371.716495, 593.654639, 
            369.077320, 620.046392, 369.077320, 621.365979, 
            365.118557, 635.881443, 353.242268, 639.840206, 
            350.603093, 674.149485, 338.726804, 675.469072, 
            337.407216, 682.067010, 334.768041, 684.706186, 
            330.809278, 684.706186, 328.170103, 678.108247, 
            326.850515, 662.273196, 325.530928, 637.201031, 
            328.170103, 614.768041, 333.448454, 600.252577, 
            333.448454, 592.335052, 330.809278, 584.417526, 
            324.211340, 598.932990, 309.695876, 613.448454, 
            303.097938, 627.963918, 296.500000, 660.953608, 
            287.262887, 687.345361, 285.943299, 689.984536, 
            285.943299, 691.304124, 285.943299, 715.056701, 
            285.943299, 733.530928, 300.458763, 757.283505, 
            317.613402, 781.036082, 338.726804, 806.108247, 
            363.798969, 817.984536, 380.953608, 824.582474, 
            396.788660, 848.335052, 421.860825, 858.891753, 
            437.695876, 865.489691, 452.211340, 868.128866, 
            458.809278, 868.128866, 461.448454, -1.000000, 
            -1.000000, -1.000000, -1.000000]
