%YAML:1.0
    mask: !!opencv-matrix
        rows: 1087
        cols: 2
        dt: f
        data: [ 7.917219, 621.162252, 10.036424, 
            621.162252, 14.274834, 621.162252, 16.394040, 
            619.043046, 18.513245, 619.043046, 20.632450, 
            619.043046, 20.632450, 616.923841, 22.751656, 
            616.923841, 24.870861, 614.804636, 26.990066, 
            614.804636, 29.109272, 612.685430, 29.109272, 
            610.566225, 33.347682, 610.566225, 33.347682, 
            608.447020, 35.466887, 608.447020, 35.466887, 
            606.327815, 37.586093, 604.208609, 39.705298, 
            602.089404, 41.824503, 602.089404, 41.824503, 
            599.970199, 43.943709, 597.850993, 43.943709, 
            595.731788, 46.062914, 593.612583, 50.301325, 
            589.374172, 58.778146, 589.374172, 60.897351, 
            587.254967, 63.016556, 587.254967, 65.135762, 
            587.254967, 67.254967, 587.254967, 69.374172, 
            587.254967, 71.493377, 587.254967, 73.612583, 
            587.254967, 75.731788, 587.254967, 77.850993, 
            587.254967, 79.970199, 587.254967, 82.089404, 
            587.254967, 84.208609, 587.254967, 86.327815, 
            587.254967, 88.447020, 587.254967, 90.566225, 
            587.254967, 92.685430, 587.254967, 94.804636, 
            587.254967, 96.923841, 587.254967, 96.923841, 
            589.374172, 99.043046, 589.374172, 101.162252, 
            589.374172, 103.281457, 591.493377, 105.400662, 
            591.493377, 107.519868, 591.493377, 109.639073, 
            591.493377, 111.758278, 591.493377, 113.877483, 
            591.493377, 118.115894, 589.374172, 120.235099, 
            589.374172, 122.354305, 587.254967, 124.473510, 
            585.135762, 126.592715, 585.135762, 128.711921, 
            583.016556, 132.950331, 580.897351, 135.069536, 
            580.897351, 137.188742, 578.778146, 139.307947, 
            578.778146, 141.427152, 576.658940, 145.665563, 
            576.658940, 147.784768, 576.658940, 149.903974, 
            578.778146, 152.023179, 578.778146, 154.142384, 
            580.897351, 156.261589, 583.016556, 158.380795, 
            583.016556, 162.619205, 585.135762, 164.738411, 
            587.254967, 164.738411, 589.374172, 166.857616, 
            589.374172, 168.976821, 591.493377, 171.096026, 
            591.493377, 173.215232, 593.612583, 177.453642, 
            595.731788, 179.572848, 595.731788, 183.811258, 
            597.850993, 188.049669, 597.850993, 190.168874, 
            599.970199, 192.288079, 602.089404, 194.407285, 
            602.089404, 196.526490, 602.089404, 198.645695, 
            604.208609, 202.884106, 604.208609, 205.003311, 
            606.327815, 207.122517, 608.447020, 209.241722, 
            610.566225, 211.360927, 610.566225, 213.480132, 
            610.566225, 213.480132, 612.685430, 215.599338, 
            612.685430, 217.718543, 614.804636, 217.718543, 
            616.923841, 219.837748, 616.923841, 221.956954, 
            616.923841, 224.076159, 619.043046, 226.195364, 
            621.162252, 226.195364, 623.281457, 228.314570, 
            623.281457, 228.314570, 625.400662, 230.433775, 
            627.519868, 232.552980, 627.519868, 232.552980, 
            629.639073, 232.552980, 631.758278, 234.672185, 
            633.877483, 236.791391, 638.115894, 238.910596, 
            640.235099, 238.910596, 642.354305, 241.029801, 
            644.473510, 241.029801, 646.592715, 243.149007, 
            648.711921, 245.268212, 650.831126, 245.268212, 
            652.950331, 245.268212, 655.069536, 247.387417, 
            655.069536, 247.387417, 657.188742, 249.506623, 
            657.188742, 251.625828, 661.427152, 253.745033, 
            663.546358, 253.745033, 667.784768, 255.864238, 
            669.903974, 257.983444, 672.023179, 257.983444, 
            674.142384, 257.983444, 676.261589, 260.102649, 
            678.380795, 260.102649, 680.500000, 260.102649, 
            682.619205, 260.102649, 684.738411, 262.221854, 
            686.857616, 262.221854, 688.976821, 262.221854, 
            693.215232, 262.221854, 695.334437, 262.221854, 
            697.453642, 264.341060, 699.572848, 264.341060, 
            701.692053, 264.341060, 703.811258, 264.341060, 
            705.930464, 264.341060, 708.049669, 264.341060, 
            710.168874, 262.221854, 710.168874, 262.221854, 
            712.288079, 260.102649, 712.288079, 260.102649, 
            714.407285, 257.983444, 714.407285, 257.983444, 
            716.526490, 255.864238, 716.526490, 251.625828, 
            716.526490, 247.387417, 716.526490, 245.268212, 
            716.526490, 241.029801, 716.526490, 238.910596, 
            716.526490, 234.672185, 718.645695, 232.552980, 
            718.645695, 226.195364, 718.645695, 224.076159, 
            718.645695, 221.956954, 718.645695, 217.718543, 
            718.645695, 215.599338, 718.645695, 209.241722, 
            718.645695, 207.122517, 718.645695, 202.884106, 
            718.645695, 200.764901, 718.645695, 198.645695, 
            718.645695, 196.526490, 718.645695, 190.168874, 
            718.645695, 188.049669, 718.645695, 183.811258, 
            718.645695, 179.572848, 718.645695, 171.096026, 
            718.645695, 168.976821, 718.645695, 164.738411, 
            718.645695, 162.619205, 718.645695, 158.380795, 
            718.645695, 152.023179, 718.645695, 147.784768, 
            718.645695, 143.546358, 718.645695, 139.307947, 
            718.645695, 132.950331, 718.645695, 128.711921, 
            718.645695, 124.473510, 718.645695, 120.235099, 
            718.645695, 111.758278, 718.645695, 107.519868, 
            718.645695, 105.400662, 718.645695, 101.162252, 
            718.645695, 1.559603, 631.758278, 1.559603, 
            629.639073, 1.559603, 625.400662, 3.678808, 
            623.281457, 3.678808, 621.162252, 3.678808, 
            619.043046, -1.000000, -1.000000, 465.665563, 
            716.526490, 463.546358, 714.407285, 461.427152, 
            714.407285, 455.069536, 710.168874, 452.950331, 
            708.049669, 452.950331, 705.930464, 450.831126, 
            705.930464, 450.831126, 703.811258, 450.831126, 
            701.692053, 448.711921, 699.572848, 448.711921, 
            695.334437, 448.711921, 693.215232, 448.711921, 
            691.096026, 448.711921, 688.976821, 448.711921, 
            686.857616, 448.711921, 684.738411, 448.711921, 
            682.619205, 448.711921, 680.500000, 448.711921, 
            678.380795, 448.711921, 676.261589, 448.711921, 
            674.142384, 448.711921, 672.023179, 448.711921, 
            669.903974, 448.711921, 667.784768, 450.831126, 
            667.784768, 452.950331, 667.784768, 455.069536, 
            667.784768, 457.188742, 665.665563, 461.427152, 
            665.665563, 463.546358, 665.665563, 465.665563, 
            665.665563, 467.784768, 665.665563, 469.903974, 
            665.665563, 472.023179, 665.665563, 476.261589, 
            665.665563, 478.380795, 665.665563, 480.500000, 
            665.665563, 482.619205, 665.665563, 486.857616, 
            665.665563, 488.976821, 663.546358, 491.096026, 
            661.427152, 493.215232, 661.427152, 495.334437, 
            659.307947, 497.453642, 657.188742, 499.572848, 
            655.069536, 499.572848, 652.950331, 501.692053, 
            652.950331, 501.692053, 650.831126, 503.811258, 
            650.831126, 505.930464, 648.711921, 508.049669, 
            644.473510, 510.168874, 642.354305, 510.168874, 
            640.235099, 512.288079, 638.115894, 512.288079, 
            635.996689, 514.407285, 633.877483, 514.407285, 
            631.758278, 514.407285, 629.639073, 516.526490, 
            625.400662, 518.645695, 625.400662, 518.645695, 
            623.281457, 518.645695, 621.162252, 520.764901, 
            619.043046, 520.764901, 616.923841, 522.884106, 
