%YAML:1.0
    mask: !!opencv-matrix
        rows: 905
        cols: 2
        dt: f
        data: [ 232.552980, 718.645695, 232.552980, 
            716.526490, 236.791391, 712.288079, 236.791391, 
            710.168874, 238.910596, 708.049669, 238.910596, 
            705.930464, 241.029801, 705.930464, 241.029801, 
            703.811258, 243.149007, 701.692053, 245.268212, 
            697.453642, 247.387417, 695.334437, 247.387417, 
            693.215232, 249.506623, 691.096026, 251.625828, 
            691.096026, 251.625828, 688.976821, 253.745033, 
            688.976821, 253.745033, 686.857616, 253.745033, 
            684.738411, 255.864238, 684.738411, 257.983444, 
            682.619205, 257.983444, 680.500000, 260.102649, 
            678.380795, 260.102649, 676.261589, 262.221854, 
            676.261589, 262.221854, 674.142384, 266.460265, 
            669.903974, 266.460265, 667.784768, 268.579470, 
            665.665563, 270.698675, 663.546358, 270.698675, 
            661.427152, 272.817881, 659.307947, 272.817881, 
            657.188742, 272.817881, 655.069536, 272.817881, 
            652.950331, 274.937086, 650.831126, 277.056291, 
            648.711921, 277.056291, 646.592715, 279.175497, 
            644.473510, 283.413907, 640.235099, 283.413907, 
            638.115894, 285.533113, 635.996689, 287.652318, 
            633.877483, 289.771523, 631.758278, 289.771523, 
            629.639073, 291.890728, 629.639073, 294.009934, 
            623.281457, 296.129139, 621.162252, 298.248344, 
            616.923841, 302.486755, 614.804636, 302.486755, 
            612.685430, 304.605960, 612.685430, 304.605960, 
            610.566225, 306.725166, 610.566225, 308.844371, 
            608.447020, 308.844371, 606.327815, 310.963576, 
            606.327815, 310.963576, 604.208609, 313.082781, 
            604.208609, 313.082781, 602.089404, 315.201987, 
            599.970199, 317.321192, 597.850993, 319.440397, 
            595.731788, 319.440397, 593.612583, 321.559603, 
            591.493377, 323.678808, 591.493377, 323.678808, 
            589.374172, 325.798013, 589.374172, 327.917219, 
            585.135762, 330.036424, 585.135762, 332.155629, 
            583.016556, 334.274834, 583.016556, 336.394040, 
            583.016556, 338.513245, 583.016556, 340.632450, 
            583.016556, 344.870861, 583.016556, 346.990066, 
            583.016556, 351.228477, 583.016556, 353.347682, 
            583.016556, 355.466887, 583.016556, 357.586093, 
            583.016556, 359.705298, 583.016556, 361.824503, 
            583.016556, 363.943709, 583.016556, 366.062914, 
            583.016556, 368.182119, 583.016556, 374.539735, 
            583.016556, 378.778146, 583.016556, 385.135762, 
            583.016556, 389.374172, 583.016556, 393.612583, 
            583.016556, 395.731788, 583.016556, 397.850993, 
            583.016556, 399.970199, 583.016556, 404.208609, 
            583.016556, 406.327815, 583.016556, 408.447020, 
            583.016556, 408.447020, 578.778146, 410.566225, 
            576.658940, 412.685430, 576.658940, 412.685430, 
            574.539735, 414.804636, 574.539735, 414.804636, 
            572.420530, 414.804636, 570.301325, 414.804636, 
            568.182119, 416.923841, 568.182119, 416.923841, 
            566.062914, 419.043046, 566.062914, 421.162252, 
            563.943709, 423.281457, 561.824503, 425.400662, 
            561.824503, 429.639073, 559.705298, 429.639073, 
            557.586093, 431.758278, 557.586093, 435.996689, 
            555.466887, 440.235099, 551.228477, 442.354305, 
            551.228477, 444.473510, 551.228477, 444.473510, 
            549.109272, 446.592715, 549.109272, 448.711921, 
            549.109272, 448.711921, 546.990066, 450.831126, 
            544.870861, 452.950331, 544.870861, 452.950331, 
            542.751656, 455.069536, 542.751656, 457.188742, 
            540.632450, 459.307947, 540.632450, 459.307947, 
            538.513245, 461.427152, 536.394040, 463.546358, 
            534.274834, 467.784768, 534.274834, 467.784768, 
            532.155629, 469.903974, 532.155629, 472.023179, 
            530.036424, 472.023179, 527.917219, 474.142384, 
            527.917219, 474.142384, 525.798013, 478.380795, 
            525.798013, 480.500000, 523.678808, 482.619205, 
            521.559603, 484.738411, 521.559603, 484.738411, 
            519.440397, 486.857616, 519.440397, 488.976821, 
            517.321192, 491.096026, 517.321192, 493.215232, 
            515.201987, 497.453642, 513.082781, 499.572848, 
            513.082781, 499.572848, 510.963576, 501.692053, 
            510.963576, 503.811258, 508.844371, 505.930464, 
            508.844371, 508.049669, 508.844371, 512.288079, 
            506.725166, 514.407285, 506.725166, 516.526490, 
            506.725166, 518.645695, 506.725166, 520.764901, 
            506.725166, 525.003311, 506.725166, 527.122517, 
            506.725166, 529.241722, 506.725166, 531.360927, 
            506.725166, 533.480132, 508.844371, 537.718543, 
            508.844371, 544.076159, 508.844371, 546.195364, 
            508.844371, 548.314570, 510.963576, 550.433775, 
            510.963576, 554.672185, 510.963576, 558.910596, 
            510.963576, 563.149007, 510.963576, 567.387417, 
            510.963576, 571.625828, 510.963576, 573.745033, 
            513.082781, 573.745033, 515.201987, 575.864238, 
            515.201987, 577.983444, 515.201987, 580.102649, 
            517.321192, 584.341060, 517.321192, 586.460265, 
            519.440397, 588.579470, 519.440397, 590.698675, 
            521.559603, 592.817881, 521.559603, 599.175497, 
            525.798013, 601.294702, 525.798013, 603.413907, 
            525.798013, 605.533113, 525.798013, 607.652318, 
            527.917219, 609.771523, 527.917219, 611.890728, 
            530.036424, 614.009934, 532.155629, 614.009934, 
            534.274834, 616.129139, 534.274834, 616.129139, 
            536.394040, 616.129139, 538.513245, 616.129139, 
            540.632450, 616.129139, 542.751656, 616.129139, 
            544.870861, 614.009934, 546.990066, 611.890728, 
            549.109272, 609.771523, 551.228477, 609.771523, 
            553.347682, 607.652318, 555.466887, 605.533113, 
            557.586093, 603.413907, 557.586093, 601.294702, 
            557.586093, 599.175497, 559.705298, 597.056291, 
            559.705298, 594.937086, 559.705298, 592.817881, 
            559.705298, 590.698675, 559.705298, 588.579470, 
            559.705298, 586.460265, 559.705298, 584.341060, 
            559.705298, 582.221854, 559.705298, 580.102649, 
            559.705298, 577.983444, 559.705298, 573.745033, 
            559.705298, 571.625828, 559.705298, 569.506623, 
            559.705298, 567.387417, 559.705298, 565.268212, 
            559.705298, 563.149007, 559.705298, 558.910596, 
            559.705298, 556.791391, 559.705298, 552.552980, 
            559.705298, 550.433775, 559.705298, 548.314570, 
            559.705298, 546.195364, 559.705298, 544.076159, 
            559.705298, 541.956954, 559.705298, 539.837748, 
            561.824503, 537.718543, 561.824503, 535.599338, 
            561.824503, 535.599338, 563.943709, 531.360927, 
            566.062914, 529.241722, 568.182119, 525.003311, 
            568.182119, 525.003311, 570.301325, 522.884106, 
            570.301325, 520.764901, 572.420530, 518.645695, 
            572.420530, 516.526490, 576.658940, 512.288079, 
            576.658940, 510.168874, 578.778146, 505.930464, 
            580.897351, 503.811258, 585.135762, 499.572848, 
            585.135762, 497.453642, 587.254967, 495.334437, 
            589.374172, 493.215232, 591.493377, 488.976821, 
            591.493377, 488.976821, 593.612583, 486.857616, 
            593.612583, 484.738411, 595.731788, 482.619205, 
            597.850993, 480.500000, 597.850993, 478.380795, 
