%YAML:1.0
    mask: !!opencv-matrix
        rows: 301
        cols: 2
        dt: f
        data: [ 284.871134, 714.809278, 279.592784, 
            708.211340, 275.634021, 704.252577, 275.634021, 
            702.932990, 272.994845, 700.293814, 271.675258, 
            697.654639, 271.675258, 695.015464, 270.355670, 
            688.417526, 269.036082, 687.097938, 267.716495, 
            684.458763, 267.716495, 683.139175, 265.077320, 
            681.819588, 263.757732, 680.500000, 262.438144, 
            679.180412, 261.118557, 676.541237, 258.479381, 
            676.541237, 258.479381, 675.221649, 249.242268, 
            675.221649, 243.963918, 675.221649, 237.365979, 
            675.221649, 230.768041, 675.221649, 228.128866, 
            675.221649, 225.489691, 675.221649, 221.530928, 
            675.221649, 218.891753, 676.541237, 212.293814, 
            679.180412, 204.376289, 683.139175, 195.139175, 
            688.417526, 192.500000, 688.417526, 189.860825, 
            691.056701, 188.541237, 691.056701, 185.902062, 
            693.695876, 183.262887, 693.695876, 177.984536, 
            696.335052, 172.706186, 697.654639, 171.386598, 
            697.654639, 162.149485, 698.974227, 158.190722, 
            698.974227, 154.231959, 698.974227, 151.592784, 
            698.974227, 148.953608, 698.974227, 142.355670, 
            698.974227, 139.716495, 700.293814, 134.438144, 
            701.613402, 131.798969, 701.613402, 126.520619, 
            702.932990, 125.201031, 704.252577, 122.561856, 
            704.252577, 117.283505, 706.891753, 114.644330, 
            706.891753, 113.324742, 706.891753, 109.365979, 
            710.850515, 106.726804, 712.170103, 105.407216, 
            712.170103, 105.407216, 713.489691, 105.407216, 
            714.809278, -1.000000, -1.000000, 370.644330, 
            714.809278, 371.963918, 708.211340, 373.283505, 
            705.572165, 374.603093, 702.932990, 375.922680, 
            700.293814, 378.561856, 696.335052, 379.881443, 
            695.015464, 381.201031, 692.376289, 382.520619, 
            692.376289, 383.840206, 689.737113, 386.479381, 
            688.417526, 389.118557, 687.097938, 389.118557, 
            685.778351, 390.438144, 685.778351, 390.438144, 
            684.458763, 393.077320, 684.458763, 394.396907, 
            684.458763, 397.036082, 684.458763, 398.355670, 
            684.458763, 399.675258, 684.458763, 403.634021, 
            684.458763, 404.953608, 684.458763, 407.592784, 
            684.458763, 412.871134, 687.097938, 415.510309, 
            689.737113, 416.829897, 689.737113, 419.469072, 
            692.376289, 423.427835, 693.695876, 430.025773, 
            697.654639, 432.664948, 698.974227, 435.304124, 
            701.613402, 439.262887, 702.932990, 440.582474, 
            704.252577, 441.902062, 704.252577, 448.500000, 
            705.572165, 451.139175, 705.572165, 452.458763, 
            705.572165, 455.097938, 705.572165, 457.737113, 
            705.572165, 460.376289, 705.572165, 463.015464, 
            705.572165, 466.974227, 702.932990, 472.252577, 
            701.613402, 473.572165, 701.613402, 477.530928, 
            698.974227, 485.448454, 697.654639, 488.087629, 
            697.654639, 496.005155, 697.654639, 498.644330, 
            697.654639, 501.283505, 697.654639, 506.561856, 
            697.654639, 510.520619, 697.654639, 513.159794, 
            697.654639, 521.077320, 701.613402, 525.036082, 
            702.932990, 526.355670, 704.252577, 528.994845, 
            706.891753, 531.634021, 708.211340, 534.273196, 
            710.850515, 535.592784, 712.170103, 539.551546, 
            716.128866, 540.871134, 718.768041, -1.000000, 
            -1.000000, 522.396907, 255.592784, 522.396907, 
            260.871134, 522.396907, 267.469072, 523.716495, 
            272.747423, 525.036082, 280.664948, 527.675258, 
            289.902062, 528.994845, 292.541237, 530.314433, 
            296.500000, 531.634021, 297.819588, 532.953608, 
            300.458763, 534.273196, 301.778351, 534.273196, 
            304.417526, 534.273196, 305.737113, 532.953608, 
            305.737113, 528.994845, 305.737113, 526.355670, 
            305.737113, 518.438144, 305.737113, 509.201031, 
            304.417526, 506.561856, 303.097938, 503.922680, 
            300.458763, 502.603093, 297.819588, 499.963918, 
            296.500000, 498.644330, 293.860825, 498.644330, 
            289.902062, 498.644330, 287.262887, 498.644330, 
            284.623711, 498.644330, 283.304124, 499.963918, 
            276.706186, 502.603093, 272.747423, 502.603093, 
            271.427835, 506.561856, 270.108247, -1.000000, 
            -1.000000, 511.840206, 192.252577, 511.840206, 
            197.530928, 511.840206, 204.128866, 515.798969, 
            219.963918, 517.118557, 223.922680, 519.757732, 
            227.881443, 519.757732, 230.520619, 522.396907, 
            238.438144, 522.396907, 246.355670, 523.716495, 
            248.994845, 523.716495, 250.314433, 525.036082, 
            254.273196, 525.036082, 255.592784, 526.355670, 
            256.912371, 527.675258, 262.190722, 530.314433, 
            267.469072, 532.953608, 275.386598, 534.273196, 
            276.706186, 535.592784, 278.025773, 538.231959, 
            283.304124, 539.551546, 289.902062, 540.871134, 
            293.860825, 540.871134, 297.819588, 540.871134, 
            301.778351, 542.190722, 303.097938, 542.190722, 
            304.417526, 542.190722, 307.056701, 543.510309, 
            311.015464, 544.829897, 316.293814, 546.149485, 
            321.572165, 546.149485, 322.891753, 547.469072, 
            325.530928, 547.469072, 326.850515, 548.788660, 
            328.170103, 550.108247, 329.489691, 550.108247, 
            330.809278, 552.747423, 332.128866, 554.067010, 
            332.128866, 555.386598, 332.128866, 556.706186, 
            333.448454, 558.025773, 333.448454, 559.345361, 
            333.448454, 560.664948, 333.448454, 561.984536, 
            333.448454, 563.304124, 333.448454, 564.623711, 
            333.448454, 565.943299, 334.768041, 565.943299, 
            336.087629, 567.262887, 338.726804, 571.221649, 
            344.005155, 573.860825, 346.644330, 575.180412, 
            347.963918, 576.500000, 349.283505, 577.819588, 
            350.603093, 580.458763, 351.922680, 581.778351, 
            351.922680, 584.417526, 353.242268, 585.737113, 
            353.242268, 589.695876, 353.242268, 594.974227, 
            354.561856, 597.613402, 354.561856, 600.252577, 
            354.561856, 601.572165, 354.561856, 605.530928, 
            354.561856, 609.489691, 354.561856, 610.809278, 
            354.561856, 613.448454, 354.561856, 617.407216, 
            355.881443, 618.726804, 357.201031, 620.046392, 
            357.201031, 621.365979, 357.201031, 622.685567, 
            358.520619, 626.644330, 359.840206, 629.283505, 
            359.840206, 631.922680, 359.840206, 633.242268, 
            362.479381, 639.840206, 363.798969, 642.479381, 
            363.798969, 645.118557, 365.118557, 647.757732, 
            366.438144, 647.757732, 367.757732, 649.077320, 
            369.077320, 650.396907, 369.077320, 651.716495, 
            369.077320, 653.036082, 369.077320, 654.355670, 
            367.757732, 654.355670, 366.438144, 658.314433, 
            359.840206, 658.314433, 358.520619, 658.314433, 
            351.922680, 659.634021, 349.283505, 659.634021, 
            345.324742, 659.634021, 338.726804, 659.634021, 
            334.768041, 659.634021, 325.530928, 659.634021, 
            320.252577, 659.634021, 314.974227, 659.634021, 
            309.695876, 659.634021, 304.417526, 659.634021, 
            301.778351, 658.314433, 289.902062, 658.314433, 
            285.943299, 656.994845, 283.304124, 655.675258, 
            276.706186, 655.675258, 274.067010, 654.355670, 
            271.427835, 650.396907, 259.551546, 647.757732, 
