%YAML:1.0
    mask: !!opencv-matrix
        rows: 535
        cols: 2
        dt: f
        data: [ -1.000000, -1.000000, 867.646283, 
            713.497602, 868.669464, 712.474420, 868.669464, 
            711.451239, 869.692646, 711.451239, 870.715827, 
            710.428058, 871.739009, 710.428058, 877.878098, 
            708.381695, 880.947642, 707.358513, 881.970823, 
            706.335332, 885.040368, 705.312150, 889.133094, 
            705.312150, 894.249001, 705.312150, 897.318545, 
            705.312150, 901.411271, 706.335332, 904.480815, 
            706.335332, 908.573541, 706.335332, 910.619904, 
            706.335332, 911.643086, 706.335332, 915.735811, 
            707.358513, 922.898082, 707.358513, 926.990807, 
            708.381695, 928.013989, 708.381695, 930.060352, 
            708.381695, 932.106715, 708.381695, 933.129896, 
            709.404876, 936.199440, 709.404876, 939.268985, 
            709.404876, 940.292166, 709.404876, 943.361711, 
            710.428058, 944.384892, 710.428058, 947.454436, 
            711.451239, 948.477618, 711.451239, 949.500799, 
            711.451239, 952.570344, 712.474420, 953.593525, 
            712.474420, 954.616707, 713.497602, 956.663070, 
            713.497602, 957.686251, 713.497602, -1.000000, 
            -1.000000, 710.076339, 714.520783, 710.076339, 
            713.497602, 710.076339, 707.358513, 709.053157, 
            698.149880, 709.053157, 692.010791, 709.053157, 
            689.964428, 707.006795, 683.825340, 707.006795, 
            682.802158, 707.006795, 679.732614, 707.006795, 
            676.663070, 707.006795, 674.616707, 705.983613, 
            673.593525, 705.983613, 672.570344, 703.937250, 
            668.477618, 703.937250, 666.431255, 701.890887, 
            662.338529, 701.890887, 659.268985, 701.890887, 
            656.199440, 701.890887, 654.153078, 702.914069, 
            652.106715, 703.937250, 650.060352, 704.960432, 
            650.060352, 712.122702, 645.967626, 713.145883, 
            644.944444, 720.308153, 639.828537, 722.354516, 
            638.805356, 724.400879, 636.758993, 724.400879, 
            635.735811, 725.424061, 632.666267, 725.424061, 
            629.596723, 725.424061, 625.503997, 724.400879, 
            623.457634, 723.377698, 620.388090, 721.331335, 
            618.341727, 719.284972, 615.272182, 718.261791, 
            614.249001, 718.261791, 612.202638, 718.261791, 
            611.179456, 718.261791, 609.133094, 718.261791, 
            608.109912, 718.261791, 607.086731, 718.261791, 
            606.063549, 719.284972, 605.040368, 721.331335, 
            605.040368, 728.493605, 605.040368, 732.586331, 
            605.040368, 733.609512, 605.040368, 738.725420, 
            606.063549, 739.748601, 606.063549, 741.794964, 
            607.086731, 742.818145, 607.086731, 743.841327, 
            608.109912, 745.887690, 608.109912, 747.934053, 
            610.156275, 749.980416, 611.179456, 754.073141, 
            614.249001, 757.142686, 616.295364, 758.165867, 
            616.295364, 760.212230, 617.318545, 761.235412, 
            617.318545, 765.328137, 618.341727, 767.374500, 
            619.364908, 769.420863, 620.388090, 773.513589, 
            622.434452, 776.583133, 624.480815, 780.675859, 
            627.550360, 783.745404, 628.573541, 786.814948, 
            631.643086, 791.930855, 636.758993, 795.000400, 
            639.828537, 798.069944, 642.898082, 799.093125, 
            643.921263, 801.139488, 648.013989, 802.162670, 
            649.037170, 804.209033, 651.083533, 805.232214, 
            652.106715, 807.278577, 654.153078, 807.278577, 
            655.176259, 808.301759, 657.222622, 810.348122, 
            660.292166, 810.348122, 662.338529, 811.371303, 
            664.384892, 811.371303, 666.431255, 811.371303, 
            667.454436, 811.371303, 670.523981, 811.371303, 
            672.570344, 811.371303, 673.593525, 811.371303, 
            674.616707, 810.348122, 675.639888, 809.324940, 
            677.686251, 808.301759, 679.732614, 807.278577, 
            681.778977, 806.255396, 682.802158, 805.232214, 
            684.848521, 805.232214, 685.871703, 804.209033, 
            686.894884, 803.185851, 688.941247, 803.185851, 
            690.987610, 803.185851, 693.033973, 802.162670, 
            695.080336, 801.139488, 698.149880, 800.116307, 
            700.196243, 800.116307, 702.242606, 800.116307, 
            703.265787, 799.093125, 704.288969, 799.093125, 
            705.312150, 799.093125, 707.358513, 799.093125, 
            708.381695, 799.093125, 709.404876, 799.093125, 
            710.428058, 799.093125, 712.474420, 799.093125, 
            713.497602, 799.093125, 714.520783, 799.093125, 
            715.543965, -1.000000, -1.000000, 826.719025, 
            20.803757, 825.695843, 20.803757, 825.695843, 
            19.780576, 820.579936, 18.757394, 818.533573, 
            17.734213, 814.440847, 16.711031, 810.348122, 
            15.687850, 807.278577, 15.687850, 806.255396, 
            14.664668, 805.232214, 13.641487, 803.185851, 
            13.641487, 802.162670, 13.641487, 800.116307, 
            12.618305, 798.069944, 12.618305, 796.023581, 
            11.595124, 793.977218, 11.595124, 790.907674, 
            11.595124, 789.884492, 11.595124, 785.791767, 
            11.595124, 780.675859, 9.548761, 778.629496, 
            9.548761, 775.559952, 8.525580, 770.444045, 
            8.525580, 769.420863, 8.525580, 764.304956, 
            8.525580, 763.281775, 8.525580, 760.212230, 
            8.525580, 754.073141, 8.525580, 748.957234, 
            8.525580, 746.910871, 8.525580, 745.887690, 
            8.525580, 743.841327, 8.525580, 742.818145, 
            8.525580, 739.748601, 7.502398, 736.679057, 
            7.502398, 732.586331, 7.502398, 726.447242, 
            6.479217, 720.308153, 6.479217, 719.284972, 
            6.479217, 716.215428, 6.479217, 714.169065, 
            6.479217, 709.053157, 6.479217, 708.029976, 
            6.479217, 703.937250, 6.479217, 702.914069, 
            6.479217, 697.798161, 6.479217, 696.774980, 
            6.479217, 691.659073, 6.479217, 690.635891, 
            6.479217, 685.519984, 7.502398, 681.427258, 
            8.525580, 674.264988, 11.595124, 671.195444, 
            11.595124, 667.102718, 12.618305, 663.009992, 
            12.618305, 656.870903, 12.618305, 655.847722, 
            13.641487, 651.754996, 13.641487, 650.731815, 
            13.641487, 641.523181, 14.664668, 637.430456, 
            15.687850, 635.384093, 16.711031, 631.291367, 
            16.711031, 629.245004, 16.711031, 626.175460, 
            16.711031, 622.082734, 17.734213, 619.013189, 
            18.757394, 615.943645, 18.757394, 612.874101, 
            18.757394, 608.781375, 20.803757, 604.688649, 
            21.826938, 603.665468, 21.826938, 601.619105, 
            22.850120, 600.595923, 22.850120, 597.526379, 
            23.873301, 596.503197, 24.896483, 592.410472, 
            26.942846, 590.364109, 26.942846, 587.294564, 
            27.966027, 583.201839, 27.966027, 579.109113, 
            30.012390, 573.993205, 31.035572, 572.970024, 
            31.035572, 571.946843, 31.035572, 569.900480, 
            32.058753, 568.877298, 32.058753, 567.854117, 
            32.058753, 566.830935, 32.058753, 564.784572, 
            33.081934, 563.761391, 33.081934, 561.715028, 
            34.105116, 559.668665, 35.128297, 555.575939, 
            36.151479, 550.460032, 38.197842, 549.436851, 
            38.197842, 545.344125, 39.221023, 542.274580, 
            40.244205, 541.251399, 40.244205, 540.228217, 
            40.244205, 540.228217, 41.267386, 538.181855, 
            41.267386, 536.135492, 42.290568, 534.089129, 
            43.313749, 533.065947, 43.313749, 532.042766, 
            44.336930, 526.926859, 46.383293, 525.903677, 
            47.406475, 524.880496, 48.429656, 523.857314, 
