%YAML:1.0
    mask: !!opencv-matrix
        rows: 484
        cols: 2
        dt: f
        data: [ 100.128866, 626.396907, 101.448454, 
            635.634021, 106.726804, 644.871134, 109.365979, 
            648.829897, 112.005155, 650.149485, 115.963918, 
            654.108247, 118.603093, 655.427835, 127.840206, 
            662.025773, 143.675258, 672.582474, 147.634021, 
            673.902062, 154.231959, 677.860825, 158.190722, 
            679.180412, 167.427835, 683.139175, 187.221649, 
            687.097938, 192.500000, 687.097938, 220.211340, 
            687.097938, 226.809278, 687.097938, 237.365979, 
            684.458763, 240.005155, 683.139175, 246.603093, 
            679.180412, 255.840206, 667.304124, 258.479381, 
            664.664948, 261.118557, 662.025773, 266.396907, 
            658.067010, 274.314433, 651.469072, 282.231959, 
            643.551546, 284.871134, 639.592784, 288.829897, 
            631.675258, 291.469072, 627.716495, 302.025773, 
            610.561856, 305.984536, 605.283505, 311.262887, 
            596.046392, 317.860825, 588.128866, 327.097938, 
            568.335052, 331.056701, 559.097938, 337.654639, 
            547.221649, 342.932990, 539.304124, 348.211340, 
            532.706186, 352.170103, 523.469072, 360.087629, 
            511.592784, 366.685567, 503.675258, 369.324742, 
            499.716495, 370.644330, 497.077320, 374.603093, 
            493.118557, 378.561856, 489.159794, 383.840206, 
            479.922680, 386.479381, 475.963918, 389.118557, 
            469.365979, 390.438144, 466.726804, 391.757732, 
            465.407216, 394.396907, 458.809278, 397.036082, 
            454.850515, 399.675258, 452.211340, 399.675258, 
            448.252577, 399.675258, 444.293814, 399.675258, 
            440.335052, 399.675258, 437.695876, 399.675258, 
            436.376289, 399.675258, 433.737113, 398.355670, 
            433.737113, 391.757732, 433.737113, 387.798969, 
            433.737113, 381.201031, 433.737113, 369.324742, 
            433.737113, 368.005155, 433.737113, 356.128866, 
            445.613402, 345.572165, 460.128866, 340.293814, 
            465.407216, 335.015464, 472.005155, 331.056701, 
            474.644330, 327.097938, 477.283505, 325.778351, 
            478.603093, 321.819588, 481.242268, 315.221649, 
            481.242268, 307.304124, 479.922680, 305.984536, 
            478.603093, 304.664948, 478.603093, 304.664948, 
            475.963918, 307.304124, 456.170103, 309.943299, 
            452.211340, 325.778351, 445.613402, 328.417526, 
            445.613402, 335.015464, 444.293814, 341.613402, 
            440.335052, 345.572165, 440.335052, 352.170103, 
            437.695876, 357.448454, 435.056701, 370.644330, 
            429.778351, 374.603093, 425.819588, 381.201031, 
            420.541237, 386.479381, 419.221649, 391.757732, 
            413.943299, 393.077320, 413.943299, 393.077320, 
            415.262887, 393.077320, 416.582474, 393.077320, 
            417.902062, 394.396907, 417.902062, 395.716495, 
            417.902062, 398.355670, 413.943299, 398.355670, 
            412.623711, 399.675258, 408.664948, 400.994845, 
            406.025773, 400.994845, 404.706186, 399.675258, 
            403.386598, 395.716495, 398.108247, 386.479381, 
            388.871134, 383.840206, 386.231959, 379.881443, 
            383.592784, 373.283505, 378.314433, 368.005155, 
            375.675258, 364.046392, 374.355670, 356.128866, 
            374.355670, 342.932990, 373.036082, 333.695876, 
            371.716495, 320.500000, 367.757732, 320.500000, 
            373.036082, 319.180412, 374.355670, 315.221649, 
            376.994845, 299.386598, 378.314433, 259.798969, 
            379.634021, 250.561856, 379.634021, 242.644330, 
            379.634021, 240.005155, 379.634021, 237.365979, 
            379.634021, 236.046392, 379.634021, 225.489691, 
            378.314433, 222.850515, 378.314433, 220.211340, 
            378.314433, 217.572165, 378.314433, 214.932990, 
            378.314433, 209.654639, 382.273196, 201.737113, 
            394.149485, 184.582474, 412.623711, 177.984536, 
            417.902062, 164.788660, 428.458763, 156.871134, 
            437.695876, 148.953608, 449.572165, 144.994845, 
            456.170103, 138.396907, 473.324742, 134.438144, 
            477.283505, 129.159794, 490.479381, 125.201031, 
            506.314433, 118.603093, 537.984536, 112.005155, 
            559.097938, 112.005155, 561.737113, 110.685567, 
            569.654639, 109.365979, 578.891753, 106.726804, 
            590.768041, -1.000000, -1.000000, 722.974227, 
            672.582474, 713.737113, 669.943299, 697.902062, 
            663.345361, 688.664948, 659.386598, 658.314433, 
            640.912371, 642.479381, 630.355670, 616.087629, 
            607.922680, 583.097938, 584.170103, 581.778351, 
            584.170103, 571.221649, 578.891753, 560.664948, 
            572.293814, 555.386598, 568.335052, 548.788660, 
            561.737113, 546.149485, 559.097938, 540.871134, 
            551.180412, 534.273196, 540.623711, 531.634021, 
            537.984536, 527.675258, 531.386598, 525.036082, 
            526.108247, 518.438144, 516.871134, 517.118557, 
            514.231959, 513.159794, 511.592784, 509.201031, 
            508.953608, 507.881443, 506.314433, 507.881443, 
            503.675258, 507.881443, 502.355670, 510.520619, 
            501.036082, 530.314433, 501.036082, 539.551546, 
            503.675258, 544.829897, 506.314433, 552.747423, 
            508.953608, 558.025773, 510.273196, 560.664948, 
            510.273196, 561.984536, 510.273196, 563.304124, 
            510.273196, 563.304124, 507.634021, 564.623711, 
            497.077320, 564.623711, 485.201031, 561.984536, 
            477.283505, 558.025773, 469.365979, 550.108247, 
            445.613402, 542.190722, 416.582474, 535.592784, 
            398.108247, 530.314433, 387.551546, 526.355670, 
            384.912371, 522.396907, 384.912371, 522.396907, 
            383.592784, 522.396907, 379.634021, 523.716495, 
            371.716495, 528.994845, 363.798969, 536.912371, 
            361.159794, 546.149485, 357.201031, 552.747423, 
            357.201031, 558.025773, 354.561856, 560.664948, 
            353.242268, 572.541237, 350.603093, 581.778351, 
            344.005155, 594.974227, 340.046392, 608.170103, 
            336.087629, 616.087629, 333.448454, 617.407216, 
            333.448454, 625.324742, 333.448454, 642.479381, 
            333.448454, 658.314433, 338.726804, 664.912371, 
            341.365979, 676.788660, 346.644330, 683.386598, 
            351.922680, 689.984536, 354.561856, 699.221649, 
            359.840206, 709.778351, 365.118557, 716.376289, 
            369.077320, 740.128866, 383.592784, 740.128866, 
            387.551546, 750.685567, 402.067010, 762.561856, 
            421.860825, 771.798969, 441.654639, 775.757732, 
            449.572165, 786.314433, 464.087629, 794.231959, 
            472.005155, 799.510309, 478.603093, 803.469072, 
            482.561856, 804.788660, 485.201031, 808.747423, 
            491.798969, 810.067010, 494.438144, 812.706186, 
            499.716495, 816.664948, 512.912371, 820.623711, 
            526.108247, 827.221649, 541.943299, 829.860825, 
            552.500000, 832.500000, 561.737113, 833.819588, 
            572.293814, 833.819588, 576.252577, 835.139175, 
            577.572165, 835.139175, 580.211340, 836.458763, 
            582.850515, 837.778351, 586.809278, 837.778351, 
            594.726804, 837.778351, 596.046392, -1.000000, 
            -1.000000, 969.737113, 97.242268, 963.139175, 
            97.242268, 956.541237, 97.242268, 944.664948, 
            98.561856, 930.149485, 102.520619, 922.231959, 
            102.520619, 910.355670, 102.520619, 903.757732, 
            102.520619, 902.438144, 102.520619, 901.118557, 
            102.520619, 898.479381, 103.840206, 895.840206, 
