%YAML:1.0
    mask: !!opencv-matrix
        rows: 453
        cols: 2
        dt: f
        data: [ 267.716495, 714.809278, 267.716495, 
            708.211340, 267.716495, 701.613402, 267.716495, 
            695.015464, 267.716495, 689.737113, 267.716495, 
            683.139175, 267.716495, 680.500000, 267.716495, 
            676.541237, 267.716495, 675.221649, 266.396907, 
            673.902062, 266.396907, 668.623711, 266.396907, 
            667.304124, 266.396907, 665.984536, 266.396907, 
            664.664948, 267.716495, 663.345361, 270.355670, 
            663.345361, 271.675258, 662.025773, 272.994845, 
            662.025773, 275.634021, 660.706186, 279.592784, 
            660.706186, 284.871134, 659.386598, 286.190722, 
            659.386598, 286.190722, 658.067010, 284.871134, 
            651.469072, 280.912371, 644.871134, 276.953608, 
            639.592784, 275.634021, 638.273196, 275.634021, 
            635.634021, 274.314433, 635.634021, 274.314433, 
            634.314433, 274.314433, 632.994845, 271.675258, 
            631.675258, 270.355670, 629.036082, 266.396907, 
            626.396907, 265.077320, 625.077320, 262.438144, 
            623.757732, 261.118557, 622.438144, 255.840206, 
            617.159794, 253.201031, 615.840206, 250.561856, 
            611.881443, 249.242268, 611.881443, 243.963918, 
            609.242268, 240.005155, 606.603093, 230.768041, 
            600.005155, 220.211340, 593.407216, 217.572165, 
            590.768041, 216.252577, 590.768041, 213.613402, 
            588.128866, 209.654639, 586.809278, 207.015464, 
            584.170103, 204.376289, 582.850515, 197.778351, 
            580.211340, 192.500000, 578.891753, 185.902062, 
            576.252577, 183.262887, 576.252577, 180.623711, 
            576.252577, 179.304124, 576.252577, 177.984536, 
            576.252577, 177.984536, 577.572165, 176.664948, 
            578.891753, 174.025773, 581.530928, 167.427835, 
            585.489691, 160.829897, 590.768041, 156.871134, 
            593.407216, 152.912371, 593.407216, 150.273196, 
            596.046392, 147.634021, 598.685567, 139.716495, 
            601.324742, 135.757732, 603.963918, 130.479381, 
            605.283505, 126.520619, 606.603093, 117.283505, 
            610.561856, 113.324742, 613.201031, 108.046392, 
            614.520619, 105.407216, 617.159794, 97.489691, 
            619.798969, 94.850515, 621.118557, 93.530928, 
            622.438144, 90.891753, 622.438144, 88.252577, 
            622.438144, 81.654639, 625.077320, 76.376289, 
            630.355670, 75.056701, 631.675258, 71.097938, 
            635.634021, 69.778351, 639.592784, 67.139175, 
            640.912371, 63.180412, 646.190722, 61.860825, 
            648.829897, 60.541237, 650.149485, 57.902062, 
            652.788660, 55.262887, 655.427835, 53.943299, 
            655.427835, 51.304124, 656.747423, 49.984536, 
            656.747423, 48.664948, 658.067010, 44.706186, 
            659.386598, 42.067010, 660.706186, 38.108247, 
            664.664948, 36.788660, 667.304124, 32.829897, 
            671.262887, 31.510309, 672.582474, 28.871134, 
            677.860825, 26.231959, 681.819588, 24.912371, 
            685.778351, 23.592784, 688.417526, 23.592784, 
            691.056701, 22.273196, 693.695876, 19.634021, 
            702.932990, 18.314433, 704.252577, 18.314433, 
            706.891753, 16.994845, 706.891753, 16.994845, 
            708.211340, 16.994845, 709.530928, 16.994845, 
            710.850515, 15.675258, 710.850515, 15.675258, 
            713.489691, 15.675258, 714.809278, -1.000000, 
            -1.000000, 543.510309, 713.489691, 544.829897, 
            706.891753, 548.788660, 702.932990, 551.427835, 
            697.654639, 552.747423, 695.015464, 555.386598, 
            691.056701, 558.025773, 688.417526, 559.345361, 
            688.417526, 561.984536, 685.778351, 563.304124, 
            685.778351, 563.304124, 684.458763, 564.623711, 
            683.139175, 564.623711, 681.819588, 565.943299, 
            680.500000, 568.582474, 677.860825, 569.902062, 
            676.541237, 572.541237, 675.221649, 573.860825, 
            673.902062, 576.500000, 672.582474, 577.819588, 
            672.582474, 579.139175, 672.582474, 587.056701, 
            672.582474, 596.293814, 676.541237, 604.211340, 
            680.500000, 610.809278, 683.139175, 614.768041, 
            684.458763, 622.685567, 687.097938, 626.644330, 
            689.737113, 634.561856, 691.056701, 638.520619, 
            692.376289, 641.159794, 692.376289, 643.798969, 
            693.695876, 656.994845, 695.015464, 700.541237, 
            701.613402, 701.860825, 701.613402, 705.819588, 
            702.932990, 709.778351, 702.932990, 711.097938, 
            702.932990, 712.417526, 702.932990, 713.737113, 
            704.252577, 715.056701, 705.572165, 716.376289, 
            705.572165, 716.376289, 706.891753, 716.376289, 
            708.211340, 716.376289, 709.530928, 717.695876, 
            710.850515, 717.695876, 712.170103, 717.695876, 
            713.489691, 719.015464, 714.809278, 720.335052, 
            718.768041, 721.654639, 718.768041, -1.000000, 
            -1.000000, 647.757732, 148.706186, 641.159794, 
            152.664948, 637.201031, 152.664948, 630.603093, 
            156.623711, 627.963918, 157.943299, 624.005155, 
            157.943299, 622.685567, 160.582474, 618.726804, 
            161.902062, 616.087629, 164.541237, 614.768041, 
            164.541237, 609.489691, 167.180412, 602.891753, 
            171.139175, 601.572165, 172.458763, 598.932990, 
            173.778351, 597.613402, 175.097938, 593.654639, 
            175.097938, 592.335052, 177.737113, 591.015464, 
            177.737113, 587.056701, 179.056701, 585.737113, 
            179.056701, 583.097938, 180.376289, 580.458763, 
            181.695876, 575.180412, 184.335052, 573.860825, 
            184.335052, 573.860825, 185.654639, 571.221649, 
            186.974227, 569.902062, 186.974227, 568.582474, 
            188.293814, 565.943299, 189.613402, 564.623711, 
            192.252577, 563.304124, 193.572165, 561.984536, 
            196.211340, 559.345361, 197.530928, 558.025773, 
            198.850515, 555.386598, 201.489691, 554.067010, 
            202.809278, 552.747423, 204.128866, 548.788660, 
            208.087629, 548.788660, 209.407216, 546.149485, 
            212.046392, 544.829897, 214.685567, 543.510309, 
            218.644330, 542.190722, 221.283505, 539.551546, 
            223.922680, 538.231959, 223.922680, 538.231959, 
            225.242268, 538.231959, 226.561856, 536.912371, 
            227.881443, 535.592784, 229.201031, 535.592784, 
            230.520619, 534.273196, 230.520619, 534.273196, 
            231.840206, 534.273196, 233.159794, 534.273196, 
            234.479381, 534.273196, 235.798969, 535.592784, 
            237.118557, 536.912371, 241.077320, 536.912371, 
            242.396907, 536.912371, 243.716495, 536.912371, 
            246.355670, 536.912371, 247.675258, 536.912371, 
            248.994845, 536.912371, 251.634021, 536.912371, 
            252.953608, 536.912371, 254.273196, 536.912371, 
            255.592784, 536.912371, 256.912371, 538.231959, 
            256.912371, 539.551546, 259.551546, 539.551546, 
            260.871134, 540.871134, 260.871134, 540.871134, 
            262.190722, 542.190722, 262.190722, 543.510309, 
            262.190722, 544.829897, 262.190722, 546.149485, 
            262.190722, 547.469072, 262.190722, 548.788660, 
            262.190722, 551.427835, 262.190722, 552.747423, 
            262.190722, 554.067010, 262.190722, 554.067010, 
            263.510309, 554.067010, 264.829897, 555.386598, 
            266.149485, 555.386598, 267.469072, 555.386598, 
            270.108247, 556.706186, 270.108247, 556.706186, 
            271.427835, 558.025773, 272.747423, 559.345361, 
