%YAML:1.0
    mask: !!opencv-matrix
        rows: 293
        cols: 2
        dt: f
        data: [ -1.000000, -1.000000, -1.000000, 
            -1.000000, 755.963918, 175.097938, 750.685567, 
            175.097938, 749.365979, 175.097938, 745.407216, 
            175.097938, 744.087629, 176.417526, 741.448454, 
            177.737113, 738.809278, 180.376289, 737.489691, 
            181.695876, 733.530928, 188.293814, 729.572165, 
            192.252577, 725.613402, 197.530928, 725.613402, 
            200.170103, 725.613402, 201.489691, 724.293814, 
            204.128866, 724.293814, 206.768041, 722.974227, 
            209.407216, 721.654639, 212.046392, 719.015464, 
            218.644330, 717.695876, 218.644330, 716.376289, 
            219.963918, 713.737113, 219.963918, 712.417526, 
            219.963918, 709.778351, 221.283505, 704.500000, 
            222.603093, 703.180412, 223.922680, 697.902062, 
            225.242268, 696.582474, 226.561856, 693.943299, 
            227.881443, 692.623711, 230.520619, 689.984536, 
            233.159794, 687.345361, 237.118557, 686.025773, 
            238.438144, 684.706186, 239.757732, 683.386598, 
            243.716495, 682.067010, 245.036082, 680.747423, 
            247.675258, 679.427835, 248.994845, 676.788660, 
            259.551546, 674.149485, 262.190722, 671.510309, 
            268.788660, 668.871134, 274.067010, 666.231959, 
            279.345361, 663.592784, 283.304124, 660.953608, 
            288.582474, 659.634021, 289.902062, 658.314433, 
            295.180412, 658.314433, 296.500000, 656.994845, 
            299.139175, 656.994845, 300.458763, 656.994845, 
            301.778351, 656.994845, 304.417526, 658.314433, 
            308.376289, 659.634021, 309.695876, 660.953608, 
            312.335052, 660.953608, 313.654639, 660.953608, 
            314.974227, 662.273196, 314.974227, 663.592784, 
            316.293814, 664.912371, 317.613402, 666.231959, 
            317.613402, 667.551546, 317.613402, 670.190722, 
            317.613402, 680.747423, 314.974227, 683.386598, 
            313.654639, 687.345361, 312.335052, 688.664948, 
            312.335052, 693.943299, 311.015464, 700.541237, 
            308.376289, 701.860825, 308.376289, 712.417526, 
            304.417526, 716.376289, 303.097938, 726.932990, 
            299.139175, 730.891753, 297.819588, 736.170103, 
            295.180412, 740.128866, 295.180412, 741.448454, 
            293.860825, 744.087629, 292.541237, 749.365979, 
            291.221649, 754.644330, 288.582474, 755.963918, 
            285.943299, 759.922680, 283.304124, 763.881443, 
            280.664948, 766.520619, 279.345361, 770.479381, 
            278.025773, 774.438144, 276.706186, 779.716495, 
            275.386598, 782.355670, 275.386598, 783.675258, 
            275.386598, 784.994845, 276.706186, 786.314433, 
            278.025773, 790.273196, 281.984536, 792.912371, 
            284.623711, 794.231959, 285.943299, 795.551546, 
            287.262887, 798.190722, 289.902062, 799.510309, 
            291.221649, 800.829897, 291.221649, 802.149485, 
            292.541237, 803.469072, 292.541237, 811.386598, 
            293.860825, 814.025773, 293.860825, 816.664948, 
            293.860825, 819.304124, 293.860825, 821.943299, 
            293.860825, 824.582474, 293.860825, 828.541237, 
            293.860825, 835.139175, 289.902062, 840.417526, 
            285.943299, 841.737113, 284.623711, 845.695876, 
            280.664948, 849.654639, 275.386598, 850.974227, 
            272.747423, 853.613402, 268.788660, 854.932990, 
            267.469072, 860.211340, 260.871134, 860.211340, 
            259.551546, 861.530928, 256.912371, 862.850515, 
            248.994845, 862.850515, 242.396907, 862.850515, 
            241.077320, 862.850515, 238.438144, 862.850515, 
            233.159794, 861.530928, 227.881443, 861.530928, 
            226.561856, 858.891753, 222.603093, 856.252577, 
            218.644330, 852.293814, 214.685567, 847.015464, 
            209.407216, 847.015464, 208.087629, 839.097938, 
            204.128866, 837.778351, 202.809278, 824.582474, 
            196.211340, 821.943299, 194.891753, 815.345361, 
            192.252577, 814.025773, 192.252577, 810.067010, 
            189.613402, 808.747423, 188.293814, 802.149485, 
            184.335052, 798.190722, 180.376289, 794.231959, 
            179.056701, 792.912371, 179.056701, 790.273196, 
            177.737113, 783.675258, 175.097938, 781.036082, 
            175.097938, 779.716495, 175.097938, 778.396907, 
            175.097938, 777.077320, 175.097938, 775.757732, 
            175.097938, -1.000000, -1.000000, 280.912371, 
            292.541237, 275.634021, 295.180412, 272.994845, 
            297.819588, 265.077320, 303.097938, 259.798969, 
            307.056701, 257.159794, 309.695876, 253.201031, 
            313.654639, 250.561856, 314.974227, 245.283505, 
            318.932990, 240.005155, 321.572165, 236.046392, 
            325.530928, 233.407216, 326.850515, 228.128866, 
            329.489691, 224.170103, 334.768041, 222.850515, 
            337.407216, 221.530928, 340.046392, 221.530928, 
            341.365979, 221.530928, 342.685567, 221.530928, 
            349.283505, 221.530928, 362.479381, 221.530928, 
            367.757732, 221.530928, 373.036082, 221.530928, 
            375.675258, 222.850515, 378.314433, 224.170103, 
            383.592784, 226.809278, 388.871134, 228.128866, 
            394.149485, 229.448454, 398.108247, 233.407216, 
            402.067010, 234.726804, 404.706186, 238.685567, 
            407.345361, 240.005155, 409.984536, 241.324742, 
            409.984536, 243.963918, 412.623711, 250.561856, 
            417.902062, 257.159794, 419.221649, 259.798969, 
            419.221649, 267.716495, 420.541237, 276.953608, 
            420.541237, 278.273196, 420.541237, 280.912371, 
            420.541237, 282.231959, 420.541237, 284.871134, 
            420.541237, 286.190722, 420.541237, 286.190722, 
            419.221649, 288.829897, 419.221649, 292.788660, 
            417.902062, 294.108247, 417.902062, 295.427835, 
            417.902062, 298.067010, 416.582474, 300.706186, 
            416.582474, 302.025773, 415.262887, 303.345361, 
            415.262887, 303.345361, 413.943299, 303.345361, 
            408.664948, 302.025773, 407.345361, 300.706186, 
            404.706186, 300.706186, 400.747423, 300.706186, 
            395.469072, 300.706186, 392.829897, 303.345361, 
            390.190722, 304.664948, 386.231959, 305.984536, 
            384.912371, 307.304124, 384.912371, 311.262887, 
            384.912371, 312.582474, 384.912371, 313.902062, 
            384.912371, 316.541237, 386.231959, 319.180412, 
            387.551546, 320.500000, 388.871134, 323.139175, 
            392.829897, 325.778351, 396.788660, 325.778351, 
            399.427835, 327.097938, 402.067010, 327.097938, 
            403.386598, 327.097938, 406.025773, 328.417526, 
            407.345361, 329.737113, 409.984536, 329.737113, 
            411.304124, 331.056701, 412.623711, 332.376289, 
            413.943299, 332.376289, 415.262887, 335.015464, 
            415.262887, 338.974227, 416.582474, 342.932990, 
            417.902062, 348.211340, 417.902062, 356.128866, 
            417.902062, 358.768041, 417.902062, 368.005155, 
            417.902062, 371.963918, 417.902062, 374.603093, 
            417.902062, 381.201031, 416.582474, 385.159794, 
            415.262887, 386.479381, 415.262887, 387.798969, 
            413.943299, 389.118557, 413.943299, 394.396907, 
            409.984536, 395.716495, 407.345361, 397.036082, 
            406.025773, 399.675258, 398.108247, 400.994845, 
            394.149485, 400.994845, 388.871134, 400.994845, 
            386.231959, 400.994845, 379.634021, 400.994845, 
            374.355670, 399.675258, 371.716495, 399.675258, 
            369.077320, 398.355670, 366.438144, 398.355670, 
