%YAML:1.0
    mask: !!opencv-matrix
        rows: 538
        cols: 2
        dt: f
        data: [ -1.000000, -1.000000, -1.000000, 
            -1.000000, 738.504640, 516.416473, 738.504640, 
            515.426527, 738.504640, 514.436582, 738.504640, 
            513.446636, 738.504640, 512.456690, 738.504640, 
            511.466744, 738.504640, 510.476798, 739.494586, 
            509.486852, 740.484532, 508.496906, 740.484532, 
            507.506961, 740.484532, 506.517015, 741.474478, 
            506.517015, 742.464424, 506.517015, 743.454370, 
            506.517015, 744.444316, 506.517015, 745.434261, 
            506.517015, 746.424207, 506.517015, 747.414153, 
            506.517015, 748.404099, 507.506961, 748.404099, 
            508.496906, 749.394045, 508.496906, 750.383991, 
            508.496906, 750.383991, 509.486852, 751.373937, 
            510.476798, 752.363882, 510.476798, 752.363882, 
            511.466744, 752.363882, 512.456690, 753.353828, 
            513.446636, 755.333720, 513.446636, 756.323666, 
            514.436582, 757.313612, 514.436582, 758.303558, 
            515.426527, 759.293503, 515.426527, 760.283449, 
            515.426527, 761.273395, 515.426527, 762.263341, 
            514.436582, 763.253287, 514.436582, 764.243233, 
            513.446636, 765.233179, 512.456690, 766.223125, 
            511.466744, 767.213070, 511.466744, 768.203016, 
            510.476798, 769.192962, 510.476798, 769.192962, 
            509.486852, 770.182908, 509.486852, 770.182908, 
            508.496906, 771.172854, 507.506961, 772.162800, 
            506.517015, 772.162800, 505.527069, 772.162800, 
            504.537123, 773.152746, 503.547177, 773.152746, 
            502.557231, 774.142691, 502.557231, 775.132637, 
            502.557231, 776.122583, 500.577340, 777.112529, 
            499.587394, 778.102475, 498.597448, 778.102475, 
            497.607502, 779.092421, 497.607502, 779.092421, 
            496.617556, 779.092421, 495.627610, 780.082367, 
            492.657773, 782.062258, 488.697989, 783.052204, 
            488.697989, 783.052204, 487.708043, 784.042150, 
            486.718097, 784.042150, 485.728152, 786.022042, 
            483.748260, 789.981825, 479.788476, 791.961717, 
            475.828693, 792.951663, 475.828693, 793.941609, 
            474.838747, 793.941609, 473.848801, 793.941609, 
            472.858855, 794.931555, 471.868910, 795.921500, 
            469.889018, 798.891338, 465.929234, 800.871230, 
            463.949343, 801.861176, 462.959397, 802.851121, 
            462.959397, 802.851121, 461.969451, 802.851121, 
            460.979505, 802.851121, 459.989559, 803.841067, 
            459.989559, 803.841067, 458.999613, 803.841067, 
            458.009667, 803.841067, 457.019722, 803.841067, 
            456.029776, 803.841067, 455.039830, 803.841067, 
            454.049884, 803.841067, 453.059938, 803.841067, 
            452.069992, 803.841067, 451.080046, 803.841067, 
            450.090101, 803.841067, 449.100155, 803.841067, 
            448.110209, 803.841067, 447.120263, 803.841067, 
            443.160480, 804.831013, 441.180588, 804.831013, 
            440.190642, 804.831013, 439.200696, 805.820959, 
            439.200696, 805.820959, 438.210750, 804.831013, 
            438.210750, 804.831013, 437.220804, 803.841067, 
            435.240913, 802.851121, 433.261021, 801.861176, 
            432.271075, 800.871230, 432.271075, 799.881284, 
            432.271075, 796.911446, 431.281129, 794.931555, 
            431.281129, 793.941609, 431.281129, 791.961717, 
            430.291183, 789.981825, 429.301237, 788.001933, 
            428.311292, 786.022042, 427.321346, 785.032096, 
            426.331400, 784.042150, 426.331400, 784.042150, 
            425.341454, 783.052204, 425.341454, 782.062258, 
            424.351508, 781.072312, 423.361562, 780.082367, 
            421.381671, 779.092421, 420.391725, 778.102475, 
            419.401779, 778.102475, 418.411833, 776.122583, 
            417.421887, 774.142691, 416.431941, 773.152746, 
            416.431941, 771.172854, 415.441995, 770.182908, 
            414.452049, 769.192962, 414.452049, 768.203016, 
            414.452049, 766.223125, 414.452049, 765.233179, 
            413.462104, 764.243233, 413.462104, 763.253287, 
            413.462104, 762.263341, 413.462104, 761.273395, 
            413.462104, 760.283449, 412.472158, 758.303558, 
            412.472158, 756.323666, 411.482212, 755.333720, 
            411.482212, 755.333720, 410.492266, 754.343774, 
            410.492266, 753.353828, 410.492266, 752.363882, 
            410.492266, 750.383991, 410.492266, 749.394045, 
            409.502320, 748.404099, 409.502320, 747.414153, 
            409.502320, 746.424207, 409.502320, 745.434261, 
            409.502320, 744.444316, 409.502320, 742.464424, 
            409.502320, 741.474478, 409.502320, 740.484532, 
            409.502320, 739.494586, 409.502320, 738.504640, 
            409.502320, 737.514695, 409.502320, -1.000000, 
            -1.000000, 562.294277, 350.105568, 561.304331, 
            350.105568, 560.314385, 350.105568, 559.324439, 
            350.105568, 557.344548, 350.105568, 555.364656, 
            350.105568, 552.394818, 350.105568, 550.414927, 
            350.105568, 549.424981, 351.095514, 547.445089, 
            351.095514, 546.455143, 351.095514, 545.465197, 
            351.095514, 544.475251, 351.095514, 543.485305, 
            351.095514, 542.495360, 351.095514, 541.505414, 
            351.095514, 537.545630, 351.095514, 534.575793, 
            352.085460, 531.605955, 352.085460, 530.616009, 
            352.085460, 529.626063, 352.085460, 528.636118, 
            353.075406, 526.656226, 353.075406, 525.666280, 
            354.065352, 524.676334, 354.065352, 522.696442, 
            355.055298, 521.706497, 355.055298, 520.716551, 
            355.055298, 519.726605, 355.055298, 518.736659, 
            355.055298, 517.746713, 355.055298, 515.766821, 
            355.055298, 513.786930, 355.055298, 510.817092, 
            355.055298, 509.827146, 355.055298, 508.837200, 
            355.055298, 507.847254, 355.055298, 506.857309, 
            355.055298, 505.867363, 355.055298, 504.877417, 
            355.055298, 504.877417, 356.045244, 502.897525, 
            356.045244, 499.927688, 357.035189, 497.947796, 
            358.025135, 496.957850, 358.025135, 495.967904, 
            358.025135, 494.977958, 358.025135, 493.988012, 
            358.025135, 491.018175, 358.025135, 489.038283, 
            359.015081, 487.058391, 359.015081, 486.068445, 
            360.005027, 484.088554, 360.994973, 483.098608, 
            360.994973, 482.108662, 361.984919, 481.118716, 
            361.984919, 481.118716, 363.964811, 479.138824, 
            363.964811, 479.138824, 364.954756, 479.138824, 
            365.944702, 479.138824, 366.934648, 478.148879, 
            367.924594, 477.158933, 368.914540, 476.168987, 
            368.914540, 476.168987, 369.904486, 476.168987, 
            370.894432, 476.168987, 371.884377, 476.168987, 
            372.874323, 476.168987, 373.864269, 477.158933, 
            373.864269, 477.158933, 374.854215, 478.148879, 
            374.854215, 478.148879, 375.844161, 478.148879, 
            376.834107, 479.138824, 377.824053, 480.128770, 
            378.813998, 480.128770, 379.803944, 480.128770, 
            382.773782, 480.128770, 384.753674, 480.128770, 
            385.743619, 481.118716, 385.743619, 481.118716, 
            386.733565, 482.108662, 386.733565, 483.098608, 
            387.723511, 483.098608, 388.713457, 484.088554, 
            389.703403, 485.078500, 390.693349, 486.068445, 
            390.693349, 487.058391, 390.693349, 488.048337, 
            390.693349, 488.048337, 391.683295, 488.048337, 
            392.673241, 488.048337, 394.653132, 487.058391, 
            397.622970, 486.068445, 401.582753, 485.078500, 
