%YAML:1.0
    mask: !!opencv-matrix
        rows: 527
        cols: 2
        dt: f
        data: [ -1.000000, -1.000000, 624.005155, 
            716.128866, 618.726804, 712.170103, 617.407216, 
            709.530928, 616.087629, 709.530928, 614.768041, 
            706.891753, 614.768041, 705.572165, 613.448454, 
            704.252577, 612.128866, 700.293814, 610.809278, 
            697.654639, 608.170103, 691.056701, 605.530928, 
            685.778351, 601.572165, 672.582474, 600.252577, 
            669.943299, 594.974227, 659.386598, 592.335052, 
            655.427835, 591.015464, 654.108247, 589.695876, 
            651.469072, 588.376289, 647.510309, 587.056701, 
            646.190722, 585.737113, 642.231959, 585.737113, 
            639.592784, 584.417526, 638.273196, 581.778351, 
            629.036082, 580.458763, 625.077320, 577.819588, 
            621.118557, 577.819588, 619.798969, 576.500000, 
            615.840206, 576.500000, 611.881443, 577.819588, 
            610.561856, 579.139175, 610.561856, 580.458763, 
            610.561856, 584.417526, 610.561856, 597.613402, 
            617.159794, 609.489691, 622.438144, 631.922680, 
            631.675258, 637.201031, 635.634021, 641.159794, 
            639.592784, 643.798969, 640.912371, 649.077320, 
            644.871134, 658.314433, 650.149485, 660.953608, 
            651.469072, 664.912371, 652.788660, 672.829897, 
            654.108247, 678.108247, 655.427835, 679.427835, 
            655.427835, 684.706186, 651.469072, 688.664948, 
            647.510309, 689.984536, 640.912371, 691.304124, 
            626.396907, 689.984536, 609.242268, 689.984536, 
            602.644330, 689.984536, 600.005155, 689.984536, 
            588.128866, 689.984536, 582.850515, 686.025773, 
            569.654639, 680.747423, 553.819588, 680.747423, 
            552.500000, 676.788660, 543.262887, 675.469072, 
            541.943299, 674.149485, 539.304124, 671.510309, 
            537.984536, 670.190722, 539.304124, 668.871134, 
            544.582474, 668.871134, 548.541237, 666.231959, 
            556.458763, 663.592784, 567.015464, 659.634021, 
            577.572165, 658.314433, 582.850515, 656.994845, 
            586.809278, 655.675258, 590.768041, 653.036082, 
            598.685567, 653.036082, 600.005155, 649.077320, 
            606.603093, 647.757732, 609.242268, 645.118557, 
            610.561856, 642.479381, 610.561856, 639.840206, 
            610.561856, 637.201031, 610.561856, 633.242268, 
            602.644330, 633.242268, 600.005155, 630.603093, 
            584.170103, 630.603093, 581.530928, 630.603093, 
            576.252577, 630.603093, 573.613402, 629.283505, 
            560.417526, 629.283505, 553.819588, 629.283505, 
            544.582474, 630.603093, 537.984536, 630.603093, 
            536.664948, 631.922680, 532.706186, 631.922680, 
            531.386598, 634.561856, 519.510309, 635.881443, 
            514.231959, 637.201031, 511.592784, 637.201031, 
            510.273196, 637.201031, 508.953608, 637.201031, 
            506.314433, 637.201031, 503.675258, 637.201031, 
            502.355670, 637.201031, 501.036082, 634.561856, 
            499.716495, 631.922680, 499.716495, 625.324742, 
            499.716495, 616.087629, 503.675258, 614.768041, 
            506.314433, 608.170103, 510.273196, 606.850515, 
            511.592784, 597.613402, 514.231959, 591.015464, 
            516.871134, 583.097938, 518.190722, 579.139175, 
            519.510309, 577.819588, 519.510309, 576.500000, 
            519.510309, 575.180412, 516.871134, 575.180412, 
            515.551546, 573.860825, 508.953608, 573.860825, 
            504.994845, 577.819588, 493.118557, 580.458763, 
            487.840206, 581.778351, 485.201031, 584.417526, 
            481.242268, 589.695876, 470.685567, 591.015464, 
            465.407216, 593.654639, 460.128866, 597.613402, 
            453.530928, 598.932990, 452.211340, 598.932990, 
            449.572165, 604.211340, 444.293814, 608.170103, 
            441.654639, 614.768041, 437.695876, 620.046392, 
            436.376289, 630.603093, 435.056701, 645.118557, 
            437.695876, 654.355670, 440.335052, 660.953608, 
            440.335052, 679.427835, 442.974227, 689.984536, 
            445.613402, 700.541237, 446.932990, 713.737113, 
            449.572165, 724.293814, 449.572165, 733.530928, 
            449.572165, 740.128866, 449.572165, 755.963918, 
            449.572165, 771.798969, 450.891753, 775.757732, 
            450.891753, 792.912371, 452.211340, 799.510309, 
            452.211340, 814.025773, 453.530928, 823.262887, 
            453.530928, 835.139175, 453.530928, 844.376289, 
            453.530928, 861.530928, 454.850515, 866.809278, 
            456.170103, 878.685567, 458.809278, 885.283505, 
            461.448454, 890.561856, 462.768041, 895.840206, 
            465.407216, 901.118557, 466.726804, 906.396907, 
            469.365979, 907.716495, 470.685567, 910.355670, 
            473.324742, 912.994845, 474.644330, 920.912371, 
            478.603093, 930.149485, 485.201031, 940.706186, 
            490.479381, 945.984536, 493.118557, 948.623711, 
            495.757732, 951.262887, 498.396907, 955.221649, 
            502.355670, 972.376289, 516.871134, 980.293814, 
            523.469072, 982.932990, 527.427835, 989.530928, 
            536.664948, 992.170103, 541.943299, 1001.407216, 
            557.778351, 1004.046392, 561.737113, 1008.005155, 
            568.335052, 1015.922680, 577.572165, 1017.242268, 
            578.891753, 1019.881443, 581.530928, 1025.159794, 
            589.448454, 1031.757732, 600.005155, 1039.675258, 
            617.159794, 1043.634021, 626.396907, 1046.273196, 
            638.273196, 1050.231959, 648.829897, 1052.871134, 
            659.386598, 1054.190722, 665.984536, 1058.149485, 
            693.695876, 1062.108247, 708.211340, 1066.067010, 
            714.809278, 1067.386598, 718.768041, -1.000000, 
            -1.000000, 1165.036082, 420.541237, 1163.716495, 
            425.819588, 1161.077320, 429.778351, 1159.757732, 
            432.417526, 1153.159794, 444.293814, 1149.201031, 
            452.211340, 1146.561856, 453.530928, 1143.922680, 
            458.809278, 1139.963918, 464.087629, 1132.046392, 
            473.324742, 1132.046392, 474.644330, 1129.407216, 
            478.603093, 1125.448454, 483.881443, 1124.128866, 
            485.201031, 1121.489691, 487.840206, 1120.170103, 
            489.159794, 1112.252577, 499.716495, 1108.293814, 
            504.994845, 1106.974227, 507.634021, 1105.654639, 
            510.273196, 1104.335052, 512.912371, 1103.015464, 
            519.510309, 1101.695876, 528.747423, 1100.376289, 
            532.706186, 1099.056701, 537.984536, 1099.056701, 
            539.304124, 1099.056701, 545.902062, 1099.056701, 
            552.500000, 1099.056701, 559.097938, 1099.056701, 
            563.056701, 1099.056701, 567.015464, 1099.056701, 
            568.335052, 1097.737113, 578.891753, 1096.417526, 
            581.530928, 1096.417526, 588.128866, 1096.417526, 
            590.768041, 1096.417526, 592.087629, 1096.417526, 
            593.407216, 1097.737113, 593.407216, 1100.376289, 
            589.448454, 1104.335052, 584.170103, 1112.252577, 
            572.293814, 1117.530928, 561.737113, 1120.170103, 
            552.500000, 1128.087629, 543.262887, 1128.087629, 
            540.623711, 1129.407216, 539.304124, 1137.324742, 
            532.706186, 1143.922680, 530.067010, 1146.561856, 
            530.067010, 1149.201031, 530.067010, 1154.479381, 
            530.067010, 1165.036082, 535.345361, 1168.994845, 
            537.984536, 1170.314433, 539.304124, 1172.953608, 
            541.943299, 1175.592784, 545.902062, 1178.231959, 
            549.860825, 1178.231959, 551.180412, 1182.190722, 
            559.097938, 1183.510309, 573.613402, 1183.510309, 
