%YAML:1.0
    mask: !!opencv-matrix
        rows: 502
        cols: 2
        dt: f
        data: [ -1.000000, -1.000000, 535.599338, 
            714.407285, 539.837748, 712.288079, 552.552980, 
            705.930464, 561.029801, 703.811258, 567.387417, 
            701.692053, 571.625828, 697.453642, 582.221854, 
            695.334437, 584.341060, 693.215232, 586.460265, 
            691.096026, 592.817881, 691.096026, 594.937086, 
            688.976821, 597.056291, 686.857616, 599.175497, 
            686.857616, 599.175497, 684.738411, 603.413907, 
            682.619205, 605.533113, 680.500000, 607.652318, 
            678.380795, 616.129139, 676.261589, 620.367550, 
            674.142384, 620.367550, 672.023179, 622.486755, 
            669.903974, 626.725166, 667.784768, 628.844371, 
            665.665563, 635.201987, 661.427152, 637.321192, 
            661.427152, 639.440397, 661.427152, 643.678808, 
            659.307947, 645.798013, 657.188742, 650.036424, 
            657.188742, 652.155629, 657.188742, 658.513245, 
            655.069536, 660.632450, 655.069536, 662.751656, 
            655.069536, 666.990066, 652.950331, 671.228477, 
            652.950331, 673.347682, 652.950331, 675.466887, 
            652.950331, 677.586093, 655.069536, 681.824503, 
            655.069536, 686.062914, 657.188742, 688.182119, 
            657.188742, 692.420530, 659.307947, 696.658940, 
            661.427152, 703.016556, 663.546358, 705.135762, 
            665.665563, 707.254967, 667.784768, 711.493377, 
            667.784768, 715.731788, 669.903974, 717.850993, 
            672.023179, 722.089404, 674.142384, 724.208609, 
            674.142384, 726.327815, 676.261589, 728.447020, 
            678.380795, 730.566225, 678.380795, 732.685430, 
            680.500000, 734.804636, 680.500000, 734.804636, 
            682.619205, 739.043046, 684.738411, 743.281457, 
            684.738411, 749.639073, 688.976821, 753.877483, 
            688.976821, 760.235099, 691.096026, 764.473510, 
            693.215232, 768.711921, 693.215232, 775.069536, 
            695.334437, 777.188742, 695.334437, 781.427152, 
            697.453642, 783.546358, 697.453642, 787.784768, 
            697.453642, 789.903974, 701.692053, 800.500000, 
            701.692053, 804.738411, 703.811258, 808.976821, 
            705.930464, 815.334437, 708.049669, 821.692053, 
            708.049669, 825.930464, 710.168874, 834.407285, 
            712.288079, 836.526490, 714.407285, 832.288079, 
            714.407285, 802.619205, 714.407285, 794.142384, 
            714.407285, 779.307947, 714.407285, 770.831126, 
            714.407285, 766.592715, 714.407285, 764.473510, 
            714.407285, 760.235099, 714.407285, 758.115894, 
            712.288079, 753.877483, 712.288079, 751.758278, 
            712.288079, 745.400662, 712.288079, 739.043046, 
            712.288079, 734.804636, 712.288079, 728.447020, 
            712.288079, 719.970199, 712.288079, 715.731788, 
            712.288079, 711.493377, 712.288079, 709.374172, 
            712.288079, 705.135762, 712.288079, 700.897351, 
            712.288079, 698.778146, 712.288079, 696.658940, 
            712.288079, 694.539735, 712.288079, 688.182119, 
            712.288079, 681.824503, 712.288079, 671.228477, 
            712.288079, 664.870861, 712.288079, 654.274834, 
            712.288079, 647.917219, 712.288079, 643.678808, 
            712.288079, 641.559603, 712.288079, 639.440397, 
            712.288079, 637.321192, 712.288079, 635.201987, 
            712.288079, 628.844371, 712.288079, 607.652318, 
            712.288079, 599.175497, 712.288079, 573.745033, 
            712.288079, 571.625828, 712.288079, -1.000000, 
            -1.000000, 1092.950331, 146.460265, 1090.831126, 
            146.460265, 1086.592715, 146.460265, 1084.473510, 
            146.460265, 1080.235099, 146.460265, 1075.996689, 
            148.579470, 1073.877483, 150.698675, 1071.758278, 
            150.698675, 1067.519868, 150.698675, 1063.281457, 
            152.817881, 1061.162252, 152.817881, 1059.043046, 
            152.817881, 1056.923841, 152.817881, 1056.923841, 
            154.937086, 1054.804636, 157.056291, 1052.685430, 
            157.056291, 1048.447020, 159.175497, 1048.447020, 
            161.294702, 1046.327815, 163.413907, 1044.208609, 
            167.652318, 1042.089404, 167.652318, 1039.970199, 
            171.890728, 1035.731788, 176.129139, 1035.731788, 
            178.248344, 1033.612583, 180.367550, 1033.612583, 
            182.486755, 1031.493377, 184.605960, 1031.493377, 
            186.725166, 1029.374172, 186.725166, 1027.254967, 
            190.963576, 1027.254967, 193.082781, 1025.135762, 
            195.201987, 1025.135762, 197.321192, 1023.016556, 
            199.440397, 1023.016556, 201.559603, 1020.897351, 
            203.678808, 1020.897351, 205.798013, 1018.778146, 
            207.917219, 1018.778146, 210.036424, 1018.778146, 
            212.155629, 1016.658940, 214.274834, 1014.539735, 
            218.513245, 1014.539735, 220.632450, 1012.420530, 
            222.751656, 1010.301325, 222.751656, 1008.182119, 
            224.870861, 1008.182119, 226.990066, 1003.943709, 
            231.228477, 1001.824503, 231.228477, 1001.824503, 
            233.347682, 999.705298, 235.466887, 997.586093, 
            237.586093, 997.586093, 239.705298, 995.466887, 
            243.943709, 995.466887, 246.062914, 995.466887, 
            250.301325, 995.466887, 252.420530, 999.705298, 
            256.658940, 999.705298, 258.778146, 1001.824503, 
            260.897351, 1003.943709, 263.016556, 1006.062914, 
            263.016556, 1008.182119, 265.135762, 1010.301325, 
            265.135762, 1012.420530, 265.135762, 1014.539735, 
            267.254967, 1018.778146, 269.374172, 1020.897351, 
            269.374172, 1023.016556, 271.493377, 1025.135762, 
            271.493377, 1027.254967, 271.493377, 1029.374172, 
            273.612583, 1031.493377, 273.612583, 1031.493377, 
            275.731788, 1033.612583, 275.731788, 1033.612583, 
            277.850993, 1037.850993, 277.850993, 1037.850993, 
            279.970199, 1039.970199, 282.089404, 1042.089404, 
            282.089404, 1042.089404, 284.208609, 1044.208609, 
            284.208609, 1046.327815, 286.327815, 1046.327815, 
            290.566225, 1048.447020, 290.566225, 1048.447020, 
            292.685430, 1050.566225, 292.685430, 1052.685430, 
            292.685430, 1054.804636, 292.685430, 1056.923841, 
            292.685430, 1059.043046, 292.685430, 1061.162252, 
            292.685430, 1067.519868, 292.685430, 1071.758278, 
            292.685430, 1075.996689, 292.685430, 1080.235099, 
            292.685430, 1086.592715, 292.685430, 1095.069536, 
            290.566225, 1099.307947, 288.447020, 1101.427152, 
            288.447020, 1103.546358, 286.327815, 1107.784768, 
            286.327815, 1109.903974, 286.327815, 1112.023179, 
            284.208609, 1114.142384, 284.208609, 1116.261589, 
            284.208609, 1120.500000, 284.208609, 1122.619205, 
            284.208609, 1126.857616, 284.208609, 1131.096026, 
            282.089404, 1131.096026, 279.970199, 1135.334437, 
            279.970199, 1137.453642, 279.970199, 1137.453642, 
            277.850993, 1139.572848, 277.850993, 1141.692053, 
            273.612583, 1143.811258, 273.612583, 1145.930464, 
            269.374172, 1150.168874, 267.254967, 1152.288079, 
            265.135762, 1154.407285, 263.016556, 1156.526490, 
            263.016556, 1156.526490, 258.778146, 1156.526490, 
            256.658940, 1158.645695, 254.539735, 1158.645695, 
            252.420530, 1158.645695, 248.182119, 1158.645695, 
            246.062914, 1158.645695, 243.943709, 1158.645695, 
            241.824503, 1158.645695, 237.586093, 1158.645695, 
            235.466887, 1158.645695, 231.228477, 1158.645695, 
