%YAML:1.0
    mask: !!opencv-matrix
        rows: 460
        cols: 2
        dt: f
        data: [ 2.034772, 715.543965, 3.057954, 
            715.543965, 3.057954, 712.474420, 4.081135, 
            711.451239, 5.104317, 706.335332, 7.150679, 
            694.057154, 7.150679, 688.941247, 7.150679, 
            684.848521, 7.150679, 681.778977, 7.150679, 
            680.755795, 7.150679, 678.709432, 7.150679, 
            675.639888, 9.197042, 672.570344, 10.220224, 
            671.547162, 11.243405, 670.523981, 14.312950, 
            667.454436, 17.382494, 665.408074, 20.452038, 
            664.384892, 22.498401, 662.338529, 25.567946, 
            661.315348, 27.614309, 659.268985, 29.660671, 
            657.222622, 30.683853, 657.222622, 33.753397, 
            652.106715, 36.822942, 649.037170, 38.869305, 
            646.990807, 42.962030, 643.921263, 46.031575, 
            641.874900, 48.077938, 638.805356, 51.147482, 
            633.689448, 56.263389, 629.596723, 59.332934, 
            625.503997, 64.448841, 620.388090, 64.448841, 
            619.364908, 69.564748, 615.272182, 69.564748, 
            614.249001, 72.634293, 611.179456, 75.703837, 
            608.109912, 76.727018, 607.086731, 77.750200, 
            607.086731, 81.842926, 602.994005, 84.912470, 
            600.947642, 85.935651, 598.901279, 89.005196, 
            597.878098, 92.074740, 594.808553, 95.144285, 
            593.785372, 97.190647, 592.762190, 102.306555, 
            590.715827, 105.376099, 590.715827, 109.468825, 
            589.692646, 113.561551, 588.669464, 117.654277, 
            588.669464, 118.677458, 588.669464, 120.723821, 
            588.669464, 123.793365, 588.669464, 129.932454, 
            588.669464, 134.025180, 588.669464, 137.094724, 
            588.669464, 143.233813, 588.669464, 148.349720, 
            588.669464, 154.488809, 589.692646, 158.581535, 
            589.692646, 160.627898, 589.692646, 162.674261, 
            589.692646, 164.720624, 589.692646, 165.743805, 
            589.692646, 170.859712, 590.715827, 176.998801, 
            591.739009, 184.161071, 591.739009, 191.323341, 
            592.762190, 198.485612, 592.762190, 203.601519, 
            592.762190, 206.671063, 592.762190, 209.740608, 
            592.762190, 212.810152, 592.762190, 215.879696, 
            593.785372, 216.902878, 593.785372, 217.926059, 
            594.808553, 218.949241, 595.831735, 219.972422, 
            597.878098, 220.995604, 598.901279, 223.041966, 
            600.947642, 224.065148, 604.017186, 224.065148, 
            607.086731, 226.111511, 610.156275, 227.134692, 
            612.202638, 228.157874, 616.295364, 230.204237, 
            620.388090, 231.227418, 622.434452, 232.250600, 
            622.434452, 233.273781, 623.457634, 237.366507, 
            625.503997, 237.366507, 626.527178, 241.459233, 
            628.573541, 242.482414, 628.573541, 244.528777, 
            630.619904, 246.575140, 631.643086, 247.598321, 
            632.666267, 248.621503, 632.666267, 250.667866, 
            634.712630, 251.691047, 636.758993, 252.714229, 
            638.805356, 253.737410, 641.874900, 254.760592, 
            643.921263, 254.760592, 645.967626, 254.760592, 
            650.060352, 254.760592, 654.153078, 252.714229, 
            658.245803, 250.667866, 661.315348, 250.667866, 
            662.338529, 249.644684, 664.384892, 248.621503, 
            667.454436, 248.621503, 668.477618, 248.621503, 
            669.500799, 248.621503, 670.523981, 249.644684, 
            672.570344, 250.667866, 673.593525, 251.691047, 
            676.663070, 252.714229, 678.709432, 252.714229, 
            679.732614, 252.714229, 680.755795, 252.714229, 
            681.778977, 253.737410, 682.802158, 253.737410, 
            683.825340, 253.737410, 684.848521, 251.691047, 
            686.894884, 250.667866, 688.941247, 249.644684, 
            689.964428, 247.598321, 690.987610, 247.598321, 
            692.010791, 243.505596, 694.057154, 241.459233, 
            695.080336, 239.412870, 696.103517, 239.412870, 
            697.126699, 238.389688, 697.126699, 236.343325, 
            698.149880, 235.320144, 699.173062, 235.320144, 
            701.219424, 234.296962, 704.288969, 233.273781, 
            705.312150, 232.250600, 708.381695, 232.250600, 
            710.428058, 232.250600, 711.451239, 232.250600, 
            713.497602, 232.250600, 714.520783, 231.227418, 
            715.543965, 231.227418, 716.567146, 231.227418, 
            718.613509, -1.000000, -1.000000, 10.220224, 
            13.641487, 11.243405, 17.734213, 14.312950, 
            21.826938, 17.382494, 27.966027, 17.382494, 
            28.989209, 21.475220, 37.174660, 24.544764, 
            41.267386, 33.753397, 51.499201, 37.846123, 
            56.615108, 38.869305, 60.707834, 45.008393, 
            64.800560, 46.031575, 66.846922, 50.124301, 
            69.916467, 53.193845, 70.939648, 58.309752, 
            76.055556, 70.587930, 84.241007, 75.703837, 
            88.333733, 83.889289, 93.449640, 86.958833, 
            94.472822, 91.051559, 98.565548, 96.167466, 
            102.658273, 102.306555, 107.774181, 105.376099, 
            108.797362, 110.492006, 111.866906, 112.538369, 
            113.913269, 119.700639, 118.005995, 120.723821, 
            118.005995, 131.978817, 123.121902, 140.164269, 
            129.260991, 142.210631, 129.260991, 144.256994, 
            130.284173, 145.280176, 131.307354, 152.442446, 
            136.423261, 158.581535, 139.492806, 160.627898, 
            140.515987, 167.790168, 143.585532, 171.882894, 
            146.655076, 181.091527, 151.770983, 190.300160, 
            154.840528, 192.346523, 155.863709, 203.601519, 
            160.979616, 204.624700, 162.002798, 211.786970, 
            165.072342, 219.972422, 169.165068, 224.065148, 
            171.211431, 230.204237, 175.304157, 231.227418, 
            176.327338, 239.412870, 180.420064, 242.482414, 
            181.443245, 250.667866, 188.605516, 259.876499, 
            192.698241, 262.946043, 194.744604, 270.108313, 
            199.860512, 275.224221, 202.930056, 282.386491, 
            207.022782, 291.595124, 212.138689, 293.641487, 
            213.161871, 303.873301, 217.254596, 305.919664, 
            218.277778, 315.128297, 223.393685, 316.151479, 
            223.393685, 324.336930, 226.463229, 331.499201, 
            229.532774, 332.522382, 230.555955, 337.638289, 
            232.602318, 339.684652, 233.625500, 350.939648, 
            238.741407, 357.078737, 241.810951, 360.148281, 
            242.834133, 371.403277, 247.950040, 379.588729, 
            252.042766, 382.658273, 253.065947, 393.913269, 
            259.205036, 400.052358, 262.274580, 402.098721, 
            263.297762, 406.191447, 264.320943, 408.237810, 
            266.367306, 421.539169, 272.506395, 424.608713, 
            274.552758, 435.863709, 279.668665, 448.141886, 
            284.784572, 454.280975, 286.830935, 460.420064, 
            289.900480, 462.466427, 290.923661, 466.559153, 
            291.946843, 472.698241, 295.016387, 479.860512, 
            297.062750, 485.999600, 301.155476, 488.045963, 
            301.155476, 501.347322, 307.294564, 504.416867, 
            308.317746, 510.555955, 311.387290, 513.625500, 
            312.410472, 526.926859, 319.572742, 534.089129, 
            321.619105, 535.112310, 321.619105, 545.344125, 
            323.665468, 546.367306, 324.688649, 551.483213, 
            326.735012, 554.552758, 327.758193, 562.738209, 
            329.804556, 564.784572, 329.804556, 573.993205, 
            330.827738, 575.016387, 330.827738, 580.132294, 
            331.850919, 586.271383, 332.874101, 588.317746, 
            332.874101, 597.526379, 334.920464, 602.642286, 
            334.920464, 603.665468, 334.920464, 607.758193, 
            335.943645, 610.827738, 335.943645, 614.920464, 
