%YAML:1.0
    mask: !!opencv-matrix
        rows: 469
        cols: 2
        dt: f
        data: [ 287.510309, 717.448454, 290.149485, 
            710.850515, 292.788660, 702.932990, 298.067010, 
            692.376289, 303.345361, 680.500000, 304.664948, 
            671.262887, 305.984536, 667.304124, 308.623711, 
            658.067010, 308.623711, 654.108247, 309.943299, 
            648.829897, 311.262887, 642.231959, 311.262887, 
            638.273196, 313.902062, 618.479381, 316.541237, 
            610.561856, 316.541237, 609.242268, 321.819588, 
            603.963918, 324.458763, 601.324742, 328.417526, 
            596.046392, 332.376289, 594.726804, 335.015464, 
            592.087629, 335.015464, 590.768041, 336.335052, 
            588.128866, 336.335052, 586.809278, 335.015464, 
            586.809278, 327.097938, 586.809278, 321.819588, 
            586.809278, 309.943299, 585.489691, 307.304124, 
            585.489691, 307.304124, 584.170103, 305.984536, 
            584.170103, 305.984536, 582.850515, 304.664948, 
            578.891753, 304.664948, 576.252577, 304.664948, 
            574.932990, 304.664948, 570.974227, 304.664948, 
            569.654639, 304.664948, 563.056701, 305.984536, 
            561.737113, 305.984536, 559.097938, 305.984536, 
            556.458763, 305.984536, 552.500000, 305.984536, 
            545.902062, 305.984536, 539.304124, 304.664948, 
            536.664948, 304.664948, 535.345361, 303.345361, 
            530.067010, 300.706186, 523.469072, 299.386598, 
            518.190722, 296.747423, 511.592784, 292.788660, 
            504.994845, 291.469072, 501.036082, 290.149485, 
            501.036082, 290.149485, 499.716495, 287.510309, 
            498.396907, 283.551546, 498.396907, 282.231959, 
            498.396907, 280.912371, 498.396907, 278.273196, 
            501.036082, 271.675258, 515.551546, 267.716495, 
            522.149485, 265.077320, 527.427835, 261.118557, 
            534.025773, 255.840206, 543.262887, 254.520619, 
            548.541237, 247.922680, 569.654639, 243.963918, 
            578.891753, 241.324742, 585.489691, 240.005155, 
            586.809278, 237.365979, 593.407216, 234.726804, 
            598.685567, 233.407216, 601.324742, 228.128866, 
            609.242268, 224.170103, 617.159794, 217.572165, 
            625.077320, 216.252577, 627.716495, 209.654639, 
            632.994845, 203.056701, 639.592784, 197.778351, 
            643.551546, 192.500000, 648.829897, 187.221649, 
            654.108247, 181.943299, 658.067010, 174.025773, 
            664.664948, 168.747423, 668.623711, 160.829897, 
            673.902062, 156.871134, 679.180412, 152.912371, 
            681.819588, 147.634021, 687.097938, 146.314433, 
            689.737113, 143.675258, 693.695876, 142.355670, 
            696.335052, 141.036082, 700.293814, 138.396907, 
            705.572165, 138.396907, 706.891753, 138.396907, 
            708.211340, 138.396907, 709.530928, 138.396907, 
            710.850515, 138.396907, 713.489691, -1.000000, 
            -1.000000, 490.726804, 712.170103, 461.695876, 
            692.376289, 460.376289, 691.056701, 457.737113, 
            688.417526, 456.417526, 688.417526, 449.819588, 
            683.139175, 448.500000, 681.819588, 447.180412, 
            680.500000, 443.221649, 679.180412, 440.582474, 
            677.860825, 436.623711, 675.221649, 436.623711, 
            672.582474, 436.623711, 671.262887, 432.664948, 
            664.664948, 432.664948, 660.706186, 433.984536, 
            654.108247, 436.623711, 651.469072, 443.221649, 
            643.551546, 445.860825, 640.912371, 447.180412, 
            640.912371, 452.458763, 638.273196, 456.417526, 
            638.273196, 463.015464, 638.273196, 469.613402, 
            639.592784, 484.128866, 643.551546, 485.448454, 
            643.551546, 499.963918, 646.190722, 510.520619, 
            646.190722, 536.912371, 625.077320, 539.551546, 
            619.798969, 540.871134, 617.159794, 540.871134, 
            613.201031, 540.871134, 611.881443, 540.871134, 
            609.242268, 540.871134, 607.922680, 539.551546, 
            606.603093, 534.273196, 601.324742, 513.159794, 
            584.170103, 506.561856, 576.252577, 489.407216, 
            563.056701, 486.768041, 561.737113, 486.768041, 
            560.417526, 485.448454, 560.417526, 488.087629, 
            555.139175, 492.046392, 553.819588, 521.077320, 
            531.386598, 548.788660, 510.273196, 550.108247, 
            510.273196, 552.747423, 510.273196, 577.819588, 
            527.427835, 597.613402, 531.386598, 610.809278, 
            532.706186, 614.768041, 532.706186, 620.046392, 
            534.025773, 643.798969, 536.664948, 647.757732, 
            536.664948, 672.829897, 541.943299, 676.788660, 
            543.262887, 680.747423, 544.582474, 682.067010, 
            544.582474, 696.582474, 549.860825, 709.778351, 
            577.572165, 713.737113, 581.530928, 720.335052, 
            593.407216, 726.932990, 602.644330, 732.211340, 
            610.561856, 737.489691, 617.159794, 744.087629, 
            626.396907, 748.046392, 634.314433, 750.685567, 
            639.592784, 755.963918, 648.829897, 757.283505, 
            652.788660, 757.283505, 655.427835, 759.922680, 
            660.706186, 763.881443, 668.623711, 766.520619, 
            675.221649, 767.840206, 681.819588, 769.159794, 
            684.458763, 770.479381, 687.097938, 771.798969, 
            692.376289, 773.118557, 697.654639, 774.438144, 
            704.252577, 775.757732, 712.170103, 778.396907, 
            717.448454, -1.000000, -1.000000, 700.541237, 
            131.551546, 701.860825, 138.149485, 701.860825, 
            142.108247, 697.902062, 151.345361, 695.262887, 
            152.664948, 689.984536, 155.304124, 687.345361, 
            156.623711, 683.386598, 156.623711, 675.469072, 
            159.262887, 672.829897, 160.582474, 671.510309, 
            160.582474, 668.871134, 161.902062, 660.953608, 
            164.541237, 656.994845, 165.860825, 645.118557, 
            168.500000, 638.520619, 169.819588, 637.201031, 
            169.819588, 626.644330, 175.097938, 621.365979, 
            175.097938, 614.768041, 175.097938, 612.128866, 
            175.097938, 609.489691, 175.097938, 602.891753, 
            176.417526, 597.613402, 176.417526, 594.974227, 
            177.737113, 593.654639, 177.737113, 588.376289, 
            181.695876, 584.417526, 183.015464, 583.097938, 
            184.335052, 580.458763, 186.974227, 576.500000, 
            189.613402, 576.500000, 190.932990, 575.180412, 
            193.572165, 579.139175, 198.850515, 581.778351, 
            201.489691, 588.376289, 206.768041, 601.572165, 
            210.726804, 609.489691, 213.365979, 614.768041, 
            214.685567, 626.644330, 217.324742, 631.922680, 
            218.644330, 635.881443, 218.644330, 642.479381, 
            221.283505, 649.077320, 221.283505, 658.314433, 
            222.603093, 662.273196, 222.603093, 676.788660, 
            223.922680, 680.747423, 225.242268, 686.025773, 
            225.242268, 689.984536, 225.242268, 692.623711, 
            225.242268, 697.902062, 225.242268, 699.221649, 
            225.242268, 703.180412, 223.922680, 711.097938, 
            222.603093, 716.376289, 219.963918, 717.695876, 
            218.644330, 724.293814, 214.685567, 726.932990, 
            212.046392, 733.530928, 206.768041, 738.809278, 
            197.530928, 742.768041, 190.932990, 748.046392, 
            183.015464, 749.365979, 180.376289, 753.324742, 
            175.097938, 757.283505, 169.819588, 771.798969, 
            152.664948, 775.757732, 148.706186, 779.716495, 
            143.427835, 783.675258, 138.149485, 783.675258, 
            136.829897, 783.675258, 135.510309, 783.675258, 
            134.190722, 781.036082, 132.871134, 778.396907, 
