%YAML:1.0
    mask: !!opencv-matrix
        rows: 566
        cols: 2
        dt: f
        data: [ 379.881443, 716.128866, 385.159794, 
            714.809278, 389.118557, 713.489691, 398.355670, 
            708.211340, 404.953608, 702.932990, 411.551546, 
            698.974227, 424.747423, 691.056701, 445.860825, 
            683.139175, 453.778351, 679.180412, 464.335052, 
            672.582474, 474.891753, 667.304124, 478.850515, 
            665.984536, 482.809278, 662.025773, 486.768041, 
            658.067010, 490.726804, 655.427835, 494.685567, 
            652.788660, 497.324742, 650.149485, 499.963918, 
            647.510309, 499.963918, 646.190722, 499.963918, 
            643.551546, 499.963918, 639.592784, 499.963918, 
            635.634021, 499.963918, 632.994845, 498.644330, 
            630.355670, 496.005155, 629.036082, 496.005155, 
            627.716495, 493.365979, 627.716495, 489.407216, 
            627.716495, 482.809278, 627.716495, 473.572165, 
            631.675258, 465.654639, 634.314433, 459.056701, 
            636.953608, 452.458763, 638.273196, 440.582474, 
            640.912371, 431.345361, 644.871134, 424.747423, 
            646.190722, 419.469072, 647.510309, 411.551546, 
            650.149485, 404.953608, 652.788660, 400.994845, 
            654.108247, 395.716495, 655.427835, 390.438144, 
            655.427835, 389.118557, 656.747423, 386.479381, 
            656.747423, 383.840206, 656.747423, 381.201031, 
            656.747423, 377.242268, 654.108247, 370.644330, 
            650.149485, 369.324742, 648.829897, 368.005155, 
            647.510309, 368.005155, 644.871134, 366.685567, 
            639.592784, 365.365979, 635.634021, 365.365979, 
            634.314433, 364.046392, 629.036082, 364.046392, 
            625.077320, 364.046392, 622.438144, 362.726804, 
            619.798969, 362.726804, 617.159794, 361.407216, 
            611.881443, 361.407216, 610.561856, 361.407216, 
            609.242268, 361.407216, 607.922680, 361.407216, 
            606.603093, 361.407216, 603.963918, 361.407216, 
            602.644330, 361.407216, 601.324742, 362.726804, 
            600.005155, 361.407216, 600.005155, 362.726804, 
            600.005155, 364.046392, 600.005155, 366.685567, 
            600.005155, 368.005155, 600.005155, 369.324742, 
            600.005155, 370.644330, 597.365979, 370.644330, 
            594.726804, 370.644330, 593.407216, 370.644330, 
            589.448454, 370.644330, 581.530928, 370.644330, 
            573.613402, 370.644330, 570.974227, 370.644330, 
            569.654639, 373.283505, 567.015464, 374.603093, 
            565.695876, 377.242268, 565.695876, 379.881443, 
            565.695876, 386.479381, 565.695876, 390.438144, 
            565.695876, 394.396907, 565.695876, 395.716495, 
            565.695876, 397.036082, 564.376289, 398.355670, 
            564.376289, 398.355670, 561.737113, 394.396907, 
            551.180412, 391.757732, 544.582474, 391.757732, 
            543.262887, 391.757732, 541.943299, 391.757732, 
            540.623711, 391.757732, 537.984536, 391.757732, 
            536.664948, 393.077320, 535.345361, 395.716495, 
            532.706186, 395.716495, 531.386598, 397.036082, 
            531.386598, 400.994845, 528.747423, 404.953608, 
            527.427835, 407.592784, 527.427835, 408.912371, 
            526.108247, 410.231959, 524.788660, 411.551546, 
            524.788660, 412.871134, 524.788660, 415.510309, 
            524.788660, 419.469072, 524.788660, 424.747423, 
            524.788660, 428.706186, 527.427835, 433.984536, 
            532.706186, 439.262887, 536.664948, 441.902062, 
            537.984536, 444.541237, 541.943299, 445.860825, 
            543.262887, 448.500000, 544.582474, 449.819588, 
            544.582474, 451.139175, 544.582474, 452.458763, 
            544.582474, 453.778351, 544.582474, 456.417526, 
            544.582474, 457.737113, 543.262887, 459.056701, 
            541.943299, 459.056701, 540.623711, 460.376289, 
            540.623711, 460.376289, 539.304124, 461.695876, 
            537.984536, 461.695876, 536.664948, 461.695876, 
            532.706186, 461.695876, 531.386598, 461.695876, 
            530.067010, 459.056701, 527.427835, 457.737113, 
            523.469072, 455.097938, 520.829897, 453.778351, 
            518.190722, 451.139175, 515.551546, 449.819588, 
            515.551546, 447.180412, 512.912371, 445.860825, 
            511.592784, 445.860825, 510.273196, 439.262887, 
            503.675258, 437.943299, 501.036082, 433.984536, 
            494.438144, 430.025773, 493.118557, 426.067010, 
            489.159794, 420.788660, 486.520619, 411.551546, 
            478.603093, 403.634021, 473.324742, 397.036082, 
            470.685567, 390.438144, 469.365979, 387.798969, 
            469.365979, 385.159794, 468.046392, 382.520619, 
            468.046392, 378.561856, 466.726804, 374.603093, 
            466.726804, 373.283505, 466.726804, 369.324742, 
            468.046392, 368.005155, 468.046392, 364.046392, 
            469.365979, 357.448454, 470.685567, 349.530928, 
            474.644330, 342.932990, 475.963918, 338.974227, 
            477.283505, 335.015464, 478.603093, 331.056701, 
            479.922680, 329.737113, 479.922680, 325.778351, 
            481.242268, 323.139175, 483.881443, 317.860825, 
            487.840206, 313.902062, 493.118557, 309.943299, 
            497.077320, 303.345361, 503.675258, 299.386598, 
            508.953608, 292.788660, 515.551546, 288.829897, 
            519.510309, 284.871134, 524.788660, 282.231959, 
            527.427835, 275.634021, 534.025773, 270.355670, 
            541.943299, 262.438144, 553.819588, 257.159794, 
            561.737113, 254.520619, 565.695876, 251.881443, 
            569.654639, 245.283505, 576.252577, 240.005155, 
            584.170103, 228.128866, 597.365979, 220.211340, 
            606.603093, 216.252577, 610.561856, 213.613402, 
            614.520619, 210.974227, 618.479381, 208.335052, 
            623.757732, 204.376289, 630.355670, 200.417526, 
            635.634021, 197.778351, 640.912371, 196.458763, 
            643.551546, 195.139175, 648.829897, 192.500000, 
            655.427835, 188.541237, 664.664948, 184.582474, 
            671.262887, 181.943299, 676.541237, 180.623711, 
            681.819588, 176.664948, 687.097938, 172.706186, 
            696.335052, 168.747423, 700.293814, 164.788660, 
            705.572165, 160.829897, 714.809278, 159.510309, 
            716.128866, 158.190722, 717.448454, -1.000000, 
            -1.000000, 750.685567, 706.891753, 745.407216, 
            704.252577, 736.170103, 698.974227, 716.376289, 
            679.180412, 711.097938, 673.902062, 703.180412, 
            665.984536, 697.902062, 660.706186, 692.623711, 
            656.747423, 684.706186, 650.149485, 674.149485, 
            642.231959, 668.871134, 638.273196, 662.273196, 
            630.355670, 658.314433, 626.396907, 654.355670, 
            622.438144, 650.396907, 619.798969, 645.118557, 
            615.840206, 634.561856, 605.283505, 631.922680, 
            601.324742, 629.283505, 598.685567, 626.644330, 
            596.046392, 624.005155, 592.087629, 622.685567, 
            589.448454, 621.365979, 586.809278, 620.046392, 
            584.170103, 621.365979, 581.530928, 622.685567, 
            576.252577, 624.005155, 573.613402, 625.324742, 
            570.974227, 626.644330, 569.654639, 627.963918, 
            569.654639, 630.603093, 568.335052, 637.201031, 
            569.654639, 642.479381, 570.974227, 647.757732, 
            573.613402, 653.036082, 577.572165, 654.355670, 
            578.891753, 660.953608, 585.489691, 663.592784, 
            588.128866, 666.231959, 590.768041, 668.871134, 
            592.087629, 670.190722, 593.407216, 672.829897, 
            593.407216, 675.469072, 593.407216, 676.788660, 
