%YAML:1.0
    mask: !!opencv-matrix
        rows: 279
        cols: 2
        dt: f
        data: [ -1.000000, -1.000000, -1.000000, 
            -1.000000, 630.603093, 293.860825, 639.840206, 
            299.139175, 645.118557, 304.417526, 650.396907, 
            308.376289, 662.273196, 325.530928, 663.592784, 
            326.850515, 663.592784, 329.489691, 666.231959, 
            333.448454, 666.231959, 338.726804, 667.551546, 
            341.365979, 671.510309, 347.963918, 672.829897, 
            353.242268, 676.788660, 361.159794, 678.108247, 
            365.118557, 680.747423, 370.396907, 682.067010, 
            371.716495, 683.386598, 376.994845, 683.386598, 
            379.634021, 686.025773, 382.273196, 686.025773, 
            383.592784, 686.025773, 384.912371, 688.664948, 
            386.231959, 689.984536, 387.551546, 691.304124, 
            387.551546, 692.623711, 387.551546, 693.943299, 
            383.592784, 696.582474, 367.757732, 699.221649, 
            361.159794, 700.541237, 355.881443, 701.860825, 
            354.561856, 703.180412, 351.922680, 704.500000, 
            350.603093, 705.819588, 350.603093, 705.819588, 
            349.283505, 707.139175, 349.283505, 708.458763, 
            349.283505, 709.778351, 349.283505, 709.778351, 
            353.242268, 711.097938, 361.159794, 711.097938, 
            362.479381, 711.097938, 365.118557, 712.417526, 
            375.675258, 712.417526, 378.314433, 713.737113, 
            379.634021, 715.056701, 382.273196, 715.056701, 
            383.592784, 719.015464, 384.912371, 719.015464, 
            386.231959, 725.613402, 386.231959, 730.891753, 
            386.231959, 732.211340, 383.592784, 733.530928, 
            380.953608, 736.170103, 373.036082, 736.170103, 
            369.077320, 736.170103, 363.798969, 736.170103, 
            359.840206, 736.170103, 350.603093, 736.170103, 
            346.644330, 736.170103, 336.087629, 736.170103, 
            330.809278, 736.170103, 325.530928, 736.170103, 
            321.572165, 736.170103, 317.613402, 736.170103, 
            314.974227, 736.170103, 308.376289, 736.170103, 
            301.778351, 736.170103, 299.139175, 736.170103, 
            296.500000, 737.489691, 293.860825, 737.489691, 
            288.582474, 738.809278, 284.623711, 738.809278, 
            281.984536, 738.809278, 279.345361, 740.128866, 
            274.067010, 740.128866, 272.747423, 740.128866, 
            271.427835, 740.128866, 270.108247, 734.850515, 
            260.871134, 732.211340, 258.231959, 728.252577, 
            255.592784, 724.293814, 252.953608, 720.335052, 
            248.994845, 716.376289, 243.716495, 709.778351, 
            239.757732, 709.778351, 238.438144, 708.458763, 
            238.438144, 705.819588, 238.438144, 704.500000, 
            238.438144, 699.221649, 238.438144, 697.902062, 
            239.757732, 692.623711, 241.077320, 688.664948, 
            247.675258, 684.706186, 252.953608, 676.788660, 
            262.190722, 672.829897, 266.149485, 668.871134, 
            268.788660, 659.634021, 274.067010, 656.994845, 
            276.706186, 654.355670, 278.025773, 646.438144, 
            283.304124, 643.798969, 284.623711, -1.000000, 
            -1.000000, 447.180412, 281.984536, 447.180412, 
            288.582474, 449.819588, 301.778351, 451.139175, 
            307.056701, 456.417526, 314.974227, 457.737113, 
            318.932990, 461.695876, 329.489691, 463.015464, 
            329.489691, 465.654639, 333.448454, 468.293814, 
            337.407216, 472.252577, 342.685567, 474.891753, 
            346.644330, 477.530928, 350.603093, 478.850515, 
            354.561856, 482.809278, 357.201031, 486.768041, 
            359.840206, 492.046392, 365.118557, 494.685567, 
            367.757732, 503.922680, 379.634021, 506.561856, 
            383.592784, 510.520619, 388.871134, 514.479381, 
            394.149485, 518.438144, 400.747423, 519.757732, 
            403.386598, 527.675258, 416.582474, 530.314433, 
            420.541237, 532.953608, 424.500000, 535.592784, 
            428.458763, 536.912371, 431.097938, 538.231959, 
            432.417526, 539.551546, 432.417526, 542.190722, 
            432.417526, 542.190722, 428.458763, 548.788660, 
            419.221649, 550.108247, 417.902062, 552.747423, 
            413.943299, 552.747423, 412.623711, 556.706186, 
            408.664948, 559.345361, 406.025773, 563.304124, 
            406.025773, 564.623711, 406.025773, 565.943299, 
            406.025773, 567.262887, 407.345361, 567.262887, 
            408.664948, 569.902062, 415.262887, 569.902062, 
            416.582474, 569.902062, 421.860825, 569.902062, 
            425.819588, 569.902062, 427.139175, 568.582474, 
            428.458763, 564.623711, 433.737113, 564.623711, 
            435.056701, 564.623711, 440.335052, 564.623711, 
            444.293814, 567.262887, 449.572165, 569.902062, 
            452.211340, 569.902062, 453.530928, 573.860825, 
            456.170103, 576.500000, 458.809278, 579.139175, 
            460.128866, 581.778351, 460.128866, 584.417526, 
            460.128866, 587.056701, 460.128866, 589.695876, 
            460.128866, 593.654639, 460.128866, 604.211340, 
            460.128866, 618.726804, 457.489691, 621.365979, 
            457.489691, 622.685567, 458.809278, 622.685567, 
            466.726804, 624.005155, 472.005155, 624.005155, 
            473.324742, 624.005155, 475.963918, 624.005155, 
            479.922680, 624.005155, 482.561856, 624.005155, 
            487.840206, 624.005155, 490.479381, 624.005155, 
            491.798969, 624.005155, 493.118557, 630.603093, 
            498.396907, 631.922680, 501.036082, 637.201031, 
            503.675258, 642.479381, 504.994845, 643.798969, 
            504.994845, 643.798969, 503.675258, 646.438144, 
            493.118557, 646.438144, 481.242268, 647.757732, 
            475.963918, 649.077320, 474.644330, 650.396907, 
            472.005155, 653.036082, 469.365979, 654.355670, 
            469.365979, 655.675258, 469.365979, 656.994845, 
            470.685567, 659.634021, 472.005155, 660.953608, 
            472.005155, 663.592784, 474.644330, 664.912371, 
            474.644330, 666.231959, 474.644330, 667.551546, 
            474.644330, 668.871134, 474.644330, 668.871134, 
            473.324742, 670.190722, 468.046392, 671.510309, 
            464.087629, 671.510309, 457.489691, 672.829897, 
            452.211340, 672.829897, 449.572165, 674.149485, 
            444.293814, 675.469072, 437.695876, 676.788660, 
            429.778351, 676.788660, 424.500000, 676.788660, 
            421.860825, 678.108247, 409.984536, 678.108247, 
            408.664948, 678.108247, 406.025773, 678.108247, 
            404.706186, 679.427835, 400.747423, 679.427835, 
            394.149485, 679.427835, 386.231959, 675.469072, 
            378.314433, 674.149485, 374.355670, 670.190722, 
            366.438144, 664.912371, 353.242268, 663.592784, 
            350.603093, 662.273196, 347.963918, 660.953608, 
            344.005155, 660.953608, 341.365979, 659.634021, 
            340.046392, 658.314433, 338.726804, 658.314433, 
            337.407216, 658.314433, 336.087629, 656.994845, 
            336.087629, 656.994845, 333.448454, 654.355670, 
            330.809278, 653.036082, 329.489691, 651.716495, 
            328.170103, 646.438144, 324.211340, 645.118557, 
            322.891753, 641.159794, 321.572165, 634.561856, 
            318.932990, 629.283505, 317.613402, 625.324742, 
            316.293814, 621.365979, 313.654639, 616.087629, 
            312.335052, 604.211340, 309.695876, 596.293814, 
            307.056701, 591.015464, 303.097938, 587.056701, 
            301.778351, 576.500000, 299.139175, 572.541237, 
            296.500000, 568.582474, 293.860825, 564.623711, 
            291.221649, 561.984536, 289.902062, 558.025773, 
            287.262887, 552.747423, 284.623711, 547.469072, 
