%YAML:1.0
    mask: !!opencv-matrix
        rows: 1291
        cols: 2
        dt: f
        data: [ 457.350520, 710.428058, 458.373701, 
            709.404876, 459.396882, 708.381695, 460.420064, 
            707.358513, 461.443245, 706.335332, 462.466427, 
            705.312150, 463.489608, 704.288969, 464.512790, 
            703.265787, 464.512790, 702.242606, 465.535971, 
            700.196243, 465.535971, 699.173062, 466.559153, 
            698.149880, 467.582334, 696.103517, 468.605516, 
            695.080336, 468.605516, 693.033973, 469.628697, 
            692.010791, 469.628697, 690.987610, 471.675060, 
            688.941247, 472.698241, 687.918066, 473.721423, 
            686.894884, 473.721423, 685.871703, 474.744604, 
            684.848521, 475.767786, 682.802158, 477.814149, 
            681.778977, 479.860512, 678.709432, 479.860512, 
            676.663070, 480.883693, 675.639888, 481.906875, 
            674.616707, 482.930056, 673.593525, 483.953237, 
            672.570344, 484.976419, 670.523981, 485.999600, 
            668.477618, 488.045963, 665.408074, 489.069145, 
            663.361711, 490.092326, 662.338529, 491.115508, 
            661.315348, 491.115508, 660.292166, 492.138689, 
            658.245803, 493.161871, 656.199440, 494.185052, 
            653.129896, 495.208233, 652.106715, 495.208233, 
            650.060352, 496.231415, 648.013989, 497.254596, 
            645.967626, 497.254596, 644.944444, 497.254596, 
            642.898082, 498.277778, 640.851719, 498.277778, 
            639.828537, 499.300959, 638.805356, 499.300959, 
            637.782174, 500.324141, 635.735811, 501.347322, 
            632.666267, 502.370504, 630.619904, 502.370504, 
            629.596723, 503.393685, 628.573541, 504.416867, 
            626.527178, 505.440048, 625.503997, 505.440048, 
            624.480815, 506.463229, 622.434452, 507.486411, 
            621.411271, 508.509592, 619.364908, 509.532774, 
            617.318545, 511.579137, 615.272182, 513.625500, 
            612.202638, 514.648681, 611.179456, 516.695044, 
            610.156275, 517.718225, 608.109912, 517.718225, 
            607.086731, 518.741407, 607.086731, 518.741407, 
            606.063549, 520.787770, 605.040368, 520.787770, 
            604.017186, 521.810951, 604.017186, 521.810951, 
            602.994005, 522.834133, 601.970823, 523.857314, 
            600.947642, 525.903677, 599.924460, 526.926859, 
            597.878098, 527.950040, 597.878098, 529.996403, 
            595.831735, 531.019584, 594.808553, 531.019584, 
            593.785372, 532.042766, 593.785372, 533.065947, 
            593.785372, 533.065947, 592.762190, 534.089129, 
            591.739009, 535.112310, 590.715827, 536.135492, 
            590.715827, 537.158673, 590.715827, 537.158673, 
            589.692646, 538.181855, 589.692646, 538.181855, 
            588.669464, 541.251399, 587.646283, 541.251399, 
            586.623102, 543.297762, 585.599920, 544.320943, 
            584.576739, 545.344125, 583.553557, 547.390488, 
            582.530376, 548.413669, 580.484013, 550.460032, 
            580.484013, 550.460032, 579.460831, 550.460032, 
            578.437650, 551.483213, 577.414468, 551.483213, 
            576.391287, 551.483213, 574.344924, 551.483213, 
            571.275380, 550.460032, 569.229017, 549.436851, 
            568.205835, 548.413669, 567.182654, 546.367306, 
            564.113110, 545.344125, 562.066747, 544.320943, 
            562.066747, 543.297762, 561.043565, 541.251399, 
            561.043565, 540.228217, 561.043565, 538.181855, 
            561.043565, 537.158673, 561.043565, 535.112310, 
            561.043565, 534.089129, 561.043565, 533.065947, 
            561.043565, 532.042766, 561.043565, 531.019584, 
            561.043565, 529.996403, 561.043565, 528.973221, 
            561.043565, 526.926859, 562.066747, 524.880496, 
            562.066747, 522.834133, 563.089928, 520.787770, 
            563.089928, 519.764588, 563.089928, 516.695044, 
            565.136291, 513.625500, 566.159472, 510.555955, 
            568.205835, 508.509592, 569.229017, 506.463229, 
            570.252198, 503.393685, 571.275380, 502.370504, 
            572.298561, 501.347322, 572.298561, 499.300959, 
            573.321743, 496.231415, 575.368106, 494.185052, 
            576.391287, 491.115508, 579.460831, 489.069145, 
            581.507194, 485.999600, 583.553557, 484.976419, 
            586.623102, 483.953237, 587.646283, 481.906875, 
            589.692646, 480.883693, 591.739009, 479.860512, 
            593.785372, 478.837330, 595.831735, 475.767786, 
            599.924460, 474.744604, 601.970823, 472.698241, 
            605.040368, 470.651878, 608.109912, 468.605516, 
            610.156275, 468.605516, 611.179456, 467.582334, 
            613.225819, 466.559153, 616.295364, 465.535971, 
            616.295364, 465.535971, 617.318545, 465.535971, 
            615.272182, 465.535971, 609.133094, 465.535971, 
            607.086731, 465.535971, 602.994005, 465.535971, 
            598.901279, 465.535971, 595.831735, 465.535971, 
            594.808553, 465.535971, 592.762190, 465.535971, 
            589.692646, 466.559153, 588.669464, 466.559153, 
            585.599920, 468.605516, 581.507194, 469.628697, 
            578.437650, 471.675060, 575.368106, 472.698241, 
            574.344924, 474.744604, 571.275380, 474.744604, 
            570.252198, 475.767786, 568.205835, 477.814149, 
            566.159472, 477.814149, 565.136291, 478.837330, 
            563.089928, 479.860512, 562.066747, 479.860512, 
            561.043565, 480.883693, 558.997202, 481.906875, 
            556.950839, 481.906875, 555.927658, 482.930056, 
            554.904476, 483.953237, 551.834932, 484.976419, 
            550.811751, 484.976419, 548.765388, 485.999600, 
            547.742206, 485.999600, 546.719025, 487.022782, 
            545.695843, 488.045963, 544.672662, 489.069145, 
            542.626299, 490.092326, 541.603118, 491.115508, 
            540.579936, 492.138689, 538.533573, 492.138689, 
            537.510392, 494.185052, 536.487210, 495.208233, 
            534.440847, 497.254596, 532.394484, 498.277778, 
            530.348122, 499.300959, 528.301759, 500.324141, 
            527.278577, 501.347322, 526.255396, 502.370504, 
            526.255396, 502.370504, 525.232214, 504.416867, 
            524.209033, 505.440048, 523.185851, 506.463229, 
            523.185851, 508.509592, 523.185851, 509.532774, 
            523.185851, 512.602318, 523.185851, 515.671863, 
            525.232214, 516.695044, 526.255396, 519.764588, 
            527.278577, 521.810951, 529.324940, 522.834133, 
            530.348122, 524.880496, 530.348122, 525.903677, 
            532.394484, 528.973221, 533.417666, 529.996403, 
            534.440847, 532.042766, 535.464029, 533.065947, 
            535.464029, 533.065947, 536.487210, 534.089129, 
            536.487210, 535.112310, 536.487210, 537.158673, 
            536.487210, 539.205036, 536.487210, 540.228217, 
            536.487210, 542.274580, 536.487210, 543.297762, 
            535.464029, 545.344125, 534.440847, 546.367306, 
            534.440847, 548.413669, 533.417666, 553.529576, 
            529.324940, 555.575939, 528.301759, 555.575939, 
            527.278577, 556.599121, 527.278577, 556.599121, 
            526.255396, 556.599121, 525.232214, 556.599121, 
            524.209033, 556.599121, 523.185851, 556.599121, 
            522.162670, 556.599121, 521.139488, 554.552758, 
            520.116307, 554.552758, 519.093125, 553.529576, 
            517.046763, 551.483213, 517.046763, 550.460032, 
            516.023581, 547.390488, 513.977218, 546.367306, 
            512.954037, 545.344125, 510.907674, 543.297762, 
            508.861311, 542.274580, 507.838129, 542.274580, 
            505.791767, 540.228217, 504.768585, 539.205036, 
