%YAML:1.0
    mask: !!opencv-matrix
        rows: 597
        cols: 2
        dt: f
        data: [ 341.613402, 710.850515, 346.891753, 
            705.572165, 350.850515, 701.613402, 357.448454, 
            698.974227, 365.365979, 696.335052, 368.005155, 
            695.015464, 371.963918, 693.695876, 374.603093, 
            691.056701, 375.922680, 689.737113, 379.881443, 
            688.417526, 383.840206, 688.417526, 390.438144, 
            687.097938, 393.077320, 685.778351, 399.675258, 
            683.139175, 400.994845, 681.819588, 402.314433, 
            681.819588, 404.953608, 676.541237, 406.273196, 
            671.262887, 407.592784, 671.262887, 408.912371, 
            671.262887, 414.190722, 669.943299, 420.788660, 
            668.623711, 423.427835, 668.623711, 427.386598, 
            667.304124, 432.664948, 664.664948, 433.984536, 
            664.664948, 437.943299, 664.664948, 443.221649, 
            662.025773, 445.860825, 660.706186, 463.015464, 
            656.747423, 478.850515, 654.108247, 484.128866, 
            651.469072, 488.087629, 650.149485, 490.726804, 
            648.829897, 493.365979, 646.190722, 494.685567, 
            640.912371, 494.685567, 639.592784, 494.685567, 
            636.953608, 492.046392, 631.675258, 490.726804, 
            629.036082, 485.448454, 619.798969, 484.128866, 
            615.840206, 481.489691, 613.201031, 481.489691, 
            611.881443, 478.850515, 610.561856, 474.891753, 
            610.561856, 469.613402, 610.561856, 459.056701, 
            610.561856, 453.778351, 610.561856, 430.025773, 
            610.561856, 416.829897, 610.561856, 407.592784, 
            610.561856, 394.396907, 610.561856, 386.479381, 
            609.242268, 371.963918, 607.922680, 360.087629, 
            607.922680, 352.170103, 607.922680, 342.932990, 
            606.603093, 338.974227, 606.603093, 337.654639, 
            606.603093, 336.335052, 605.283505, 335.015464, 
            603.963918, 335.015464, 600.005155, 335.015464, 
            597.365979, 333.695876, 596.046392, 332.376289, 
            594.726804, 332.376289, 593.407216, 329.737113, 
            589.448454, 327.097938, 586.809278, 324.458763, 
            582.850515, 321.819588, 581.530928, 317.860825, 
            577.572165, 316.541237, 577.572165, 313.902062, 
            573.613402, 312.582474, 573.613402, 311.262887, 
            569.654639, 308.623711, 567.015464, 302.025773, 
            557.778351, 300.706186, 553.819588, 299.386598, 
            545.902062, 299.386598, 543.262887, 299.386598, 
            537.984536, 299.386598, 534.025773, 296.747423, 
            524.788660, 296.747423, 522.149485, 296.747423, 
            516.871134, 296.747423, 512.912371, 298.067010, 
            503.675258, 298.067010, 501.036082, 298.067010, 
            499.716495, 298.067010, 493.118557, 298.067010, 
            490.479381, 298.067010, 489.159794, 298.067010, 
            485.201031, 298.067010, 482.561856, 296.747423, 
            483.881443, 295.427835, 483.881443, 283.551546, 
            491.798969, 276.953608, 494.438144, 275.634021, 
            495.757732, 269.036082, 497.077320, 255.840206, 
            502.355670, 253.201031, 504.994845, 247.922680, 
            507.634021, 240.005155, 511.592784, 238.685567, 
            512.912371, 237.365979, 515.551546, 234.726804, 
            516.871134, 234.726804, 519.510309, 233.407216, 
            520.829897, 230.768041, 526.108247, 226.809278, 
            535.345361, 225.489691, 539.304124, 216.252577, 
            552.500000, 210.974227, 560.417526, 200.417526, 
            574.932990, 197.778351, 580.211340, 193.819588, 
            585.489691, 189.860825, 590.768041, 183.262887, 
            601.324742, 174.025773, 613.201031, 174.025773, 
            614.520619, 160.829897, 629.036082, 159.510309, 
            631.675258, 159.510309, 632.994845, 158.190722, 
            634.314433, 158.190722, 636.953608, 158.190722, 
            639.592784, 159.510309, 643.551546, 167.427835, 
            651.469072, 171.386598, 655.427835, 174.025773, 
            659.386598, 176.664948, 662.025773, 189.860825, 
            676.541237, 192.500000, 677.860825, 197.778351, 
            684.458763, 203.056701, 691.056701, 204.376289, 
            692.376289, 208.335052, 697.654639, 214.932990, 
            705.572165, 218.891753, 709.530928, 221.530928, 
            710.850515, 222.850515, 710.850515, 222.850515, 
            712.170103, 225.489691, 713.489691, 228.128866, 
            714.809278, 228.128866, 716.128866, 229.448454, 
            716.128866, -1.000000, -1.000000, 750.685567, 
            717.448454, 748.046392, 714.809278, 738.809278, 
            705.572165, 734.850515, 701.613402, 733.530928, 
            700.293814, 732.211340, 698.974227, 730.891753, 
            698.974227, 728.252577, 696.335052, 724.293814, 
            692.376289, 722.974227, 691.056701, 719.015464, 
            687.097938, 717.695876, 685.778351, 709.778351, 
            679.180412, 704.500000, 673.902062, 700.541237, 
            671.262887, 699.221649, 668.623711, 696.582474, 
            665.984536, 689.984536, 658.067010, 686.025773, 
            652.788660, 682.067010, 647.510309, 679.427835, 
            644.871134, 675.469072, 639.592784, 672.829897, 
            635.634021, 668.871134, 629.036082, 663.592784, 
            622.438144, 656.994845, 613.201031, 655.675258, 
            611.881443, 653.036082, 607.922680, 650.396907, 
            603.963918, 643.798969, 594.726804, 641.159794, 
            592.087629, 637.201031, 586.809278, 627.963918, 
            577.572165, 624.005155, 572.293814, 620.046392, 
            569.654639, 612.128866, 561.737113, 608.170103, 
            556.458763, 602.891753, 549.860825, 598.932990, 
            545.902062, 591.015464, 536.664948, 588.376289, 
            535.345361, 584.417526, 530.067010, 581.778351, 
            527.427835, 580.458763, 526.108247, 579.139175, 
            524.788660, 577.819588, 520.829897, 573.860825, 
            516.871134, 568.582474, 504.994845, 567.262887, 
            503.675258, 563.304124, 497.077320, 560.664948, 
            491.798969, 559.345361, 486.520619, 558.025773, 
            485.201031, 558.025773, 481.242268, 558.025773, 
            479.922680, 558.025773, 477.283505, 560.664948, 
            474.644330, 563.304124, 472.005155, 567.262887, 
            470.685567, 569.902062, 470.685567, 572.541237, 
            470.685567, 577.819588, 470.685567, 580.458763, 
            470.685567, 583.097938, 470.685567, 587.056701, 
            470.685567, 591.015464, 472.005155, 597.613402, 
            474.644330, 602.891753, 477.283505, 606.850515, 
            478.603093, 609.489691, 478.603093, 612.128866, 
            478.603093, 614.768041, 478.603093, 620.046392, 
            475.963918, 624.005155, 470.685567, 626.644330, 
            465.407216, 633.242268, 460.128866, 638.520619, 
            454.850515, 647.757732, 448.252577, 653.036082, 
            445.613402, 653.036082, 444.293814, 655.675258, 
            442.974227, 656.994845, 441.654639, 658.314433, 
            440.335052, 660.953608, 437.695876, 664.912371, 
            435.056701, 666.231959, 433.737113, 671.510309, 
            429.778351, 674.149485, 425.819588, 676.788660, 
            423.180412, 678.108247, 421.860825, 679.427835, 
            420.541237, 721.654639, 421.860825, 725.613402, 
            424.500000, 726.932990, 425.819588, 736.170103, 
            429.778351, 740.128866, 431.097938, 752.005155, 
            439.015464, 755.963918, 441.654639, 761.242268, 
            444.293814, 765.201031, 448.252577, 766.520619, 
            448.252577, 770.479381, 450.891753, 774.438144, 
            453.530928, 778.396907, 456.170103, 792.912371, 
            465.407216, 794.231959, 466.726804, 796.871134, 
            469.365979, 799.510309, 470.685567, 800.829897, 
