%YAML:1.0
    mask: !!opencv-matrix
        rows: 255
        cols: 2
        dt: f
        data: [ 1.159794, 717.448454, 1.159794, 
            716.128866, 9.077320, 705.572165, 9.077320, 
            702.932990, 23.592784, 685.778351, 31.510309, 
            683.139175, 35.469072, 680.500000, 39.427835, 
            679.180412, 42.067010, 677.860825, 43.386598, 
            679.180412, 44.706186, 680.500000, 47.345361, 
            691.056701, 47.345361, 696.335052, 47.345361, 
            700.293814, 47.345361, 705.572165, 47.345361, 
            706.891753, 49.984536, 706.891753, 55.262887, 
            704.252577, 69.778351, 692.376289, 80.335052, 
            683.139175, 86.932990, 679.180412, 93.530928, 
            672.582474, 93.530928, 671.262887, 100.128866, 
            662.025773, 110.685567, 650.149485, 138.396907, 
            631.675258, 139.716495, 631.675258, 144.994845, 
            629.036082, 148.953608, 626.396907, 156.871134, 
            623.757732, 158.190722, 625.077320, 160.829897, 
            630.355670, 162.149485, 634.314433, 163.469072, 
            636.953608, 166.108247, 640.912371, 170.067010, 
            638.273196, 179.304124, 629.036082, 195.139175, 
            615.840206, 203.056701, 610.561856, 208.335052, 
            607.922680, 217.572165, 605.283505, 222.850515, 
            603.963918, 224.170103, 603.963918, 224.170103, 
            609.242268, 224.170103, 610.561856, 224.170103, 
            614.520619, 224.170103, 619.798969, 221.530928, 
            626.396907, 221.530928, 627.716495, 216.252577, 
            642.231959, 191.180412, 669.943299, 189.860825, 
            671.262887, 184.582474, 680.500000, 176.664948, 
            692.376289, 174.025773, 696.335052, 174.025773, 
            697.654639, 172.706186, 701.613402, 172.706186, 
            706.891753, 172.706186, 706.891753, 172.706186, 
            705.572165, 172.706186, 705.572165, 177.984536, 
            700.293814, 187.221649, 696.335052, 200.417526, 
            691.056701, 208.335052, 685.778351, 221.530928, 
            673.902062, 232.087629, 665.984536, 241.324742, 
            659.386598, 241.324742, 658.067010, 247.922680, 
            652.788660, 251.881443, 648.829897, 254.520619, 
            646.190722, 257.159794, 646.190722, 258.479381, 
            646.190722, 261.118557, 646.190722, 261.118557, 
            647.510309, 261.118557, 659.386598, 254.520619, 
            672.582474, 254.520619, 673.902062, 250.561856, 
            684.458763, 246.603093, 689.737113, 240.005155, 
            704.252577, 238.685567, 704.252577, 237.365979, 
            708.211340, 236.046392, 710.850515, 233.407216, 
            714.809278, 233.407216, 716.128866, 232.087629, 
            718.768041, 232.087629, 718.768041, -1.000000, 
            -1.000000, 472.252577, 272.747423, 470.932990, 
            272.747423, 469.613402, 272.747423, 463.015464, 
            278.025773, 459.056701, 284.623711, 457.737113, 
            287.262887, 459.056701, 291.221649, 463.015464, 
            299.139175, 469.613402, 307.056701, 473.572165, 
            312.335052, 476.211340, 316.293814, 478.850515, 
            318.932990, 492.046392, 322.891753, 493.365979, 
            322.891753, 505.242268, 324.211340, 542.190722, 
            333.448454, 569.902062, 344.005155, 583.097938, 
            347.963918, 584.417526, 347.963918, 588.376289, 
            347.963918, 613.448454, 353.242268, 638.520619, 
            365.118557, 660.953608, 375.675258, 666.231959, 
            380.953608, 679.427835, 387.551546, 692.623711, 
            396.788660, 708.458763, 407.345361, 712.417526, 
            408.664948, 720.335052, 415.262887, 734.850515, 
            425.819588, 746.726804, 433.737113, 746.726804, 
            433.737113, 746.726804, 466.726804, 748.046392, 
            466.726804, 749.365979, 470.685567, 750.685567, 
            470.685567, 752.005155, 470.685567, 762.561856, 
            472.005155, 777.077320, 466.726804, 792.912371, 
            446.932990, 819.304124, 391.510309, 820.623711, 
            388.871134, 823.262887, 380.953608, 825.902062, 
            375.675258, 825.902062, 375.675258, 821.943299, 
            344.005155, 808.747423, 321.572165, 806.108247, 
            317.613402, 794.231959, 301.778351, 783.675258, 
            289.902062, 762.561856, 267.469072, 762.561856, 
            266.149485, 762.561856, 264.829897, 754.644330, 
            258.231959, 745.407216, 250.314433, 732.211340, 
            238.438144, 705.819588, 196.211340, 699.221649, 
            181.695876, 697.902062, 181.695876, 695.262887, 
            181.695876, 682.067010, 177.737113, 668.871134, 
            173.778351, 655.675258, 167.180412, 642.479381, 
            165.860825, 631.922680, 165.860825, 629.283505, 
            165.860825, 612.128866, 165.860825, 591.015464, 
            165.860825, 580.458763, 165.860825, 575.180412, 
            165.860825, 568.582474, 165.860825, 561.984536, 
            167.180412, 556.706186, 168.500000, 556.706186, 
            171.139175, 556.706186, 181.695876, 556.706186, 
            183.015464, 556.706186, 186.974227, 556.706186, 
            189.613402, 559.345361, 197.530928, 559.345361, 
            197.530928, 563.304124, 200.170103, 567.262887, 
            200.170103, 593.654639, 201.489691, 608.170103, 
            206.768041, 610.809278, 206.768041, 622.685567, 
            212.046392, 622.685567, 213.365979, 616.087629, 
            216.005155, 614.768041, 217.324742, 618.726804, 
            219.963918, 634.561856, 229.201031, 635.881443, 
            233.159794, 635.881443, 234.479381, 635.881443, 
            238.438144, 637.201031, 238.438144, 641.159794, 
            241.077320, 639.840206, 242.396907, 638.520619, 
            262.190722, 638.520619, 263.510309, 634.561856, 
            271.427835, 620.046392, 272.747423, 594.974227, 
            275.386598, 587.056701, 276.706186, 573.860825, 
            279.345361, 565.943299, 280.664948, 564.623711, 
            280.664948, 560.664948, 280.664948, 543.510309, 
            279.345361, 534.273196, 278.025773, 527.675258, 
            276.706186, 517.118557, 276.706186, 515.798969, 
            276.706186, 503.922680, 275.386598, 497.324742, 
            272.747423, 496.005155, 272.747423, -1.000000, 
            -1.000000, 733.530928, 130.231959, 732.211340, 
            131.551546, 730.891753, 132.871134, 721.654639, 
            143.427835, 707.139175, 155.304124, 700.541237, 
            160.582474, 697.902062, 164.541237, 695.262887, 
            168.500000, 693.943299, 171.139175, 693.943299, 
            171.139175, 693.943299, 175.097938, 695.262887, 
            179.056701, 695.262887, 180.376289, 699.221649, 
            186.974227, 722.974227, 209.407216, 726.932990, 
            210.726804, 748.046392, 229.201031, 753.324742, 
            239.757732, 758.603093, 245.036082, 765.201031, 
            252.953608, 769.159794, 258.231959, 770.479381, 
            258.231959, 771.798969, 259.551546, 773.118557, 
            262.190722, 777.077320, 266.149485, 777.077320, 
            259.551546, 781.036082, 252.953608, 787.634021, 
            250.314433, 790.273196, 251.634021, 796.871134, 
            268.788660, 799.510309, 275.386598, 800.829897, 
            276.706186, 803.469072, 279.345361, 804.788660, 
            281.984536, 807.427835, 284.623711, 808.747423, 
            287.262887, 810.067010, 279.345361, 810.067010, 
            245.036082, 807.427835, 218.644330, 804.788660, 
            206.768041, 802.149485, 197.530928, 795.551546, 
            173.778351, 781.036082, 152.664948, 774.438144, 
            144.747423, 762.561856, 135.510309, 758.603093, 
            130.231959, 757.283505, 128.912371, 757.283505, 
            128.912371, -1.000000, -1.000000]
