%YAML:1.0
    mask: !!opencv-matrix
        rows: 213
        cols: 2
        dt: f
        data: [ -1.000000, -1.000000, -1.000000, 
            -1.000000, 683.386598, 408.664948, 675.469072, 
            411.304124, 674.149485, 411.304124, 664.912371, 
            416.582474, 660.953608, 417.902062, 651.716495, 
            423.180412, 650.396907, 424.500000, 649.077320, 
            425.819588, 641.159794, 429.778351, 637.201031, 
            432.417526, 631.922680, 437.695876, 629.283505, 
            439.015464, 625.324742, 441.654639, 618.726804, 
            448.252577, 617.407216, 449.572165, 614.768041, 
            450.891753, 614.768041, 452.211340, 609.489691, 
            457.489691, 608.170103, 460.128866, 606.850515, 
            461.448454, 605.530928, 464.087629, 605.530928, 
            468.046392, 605.530928, 469.365979, 605.530928, 
            474.644330, 605.530928, 477.283505, 605.530928, 
            478.603093, 608.170103, 481.242268, 609.489691, 
            483.881443, 612.128866, 486.520619, 616.087629, 
            490.479381, 618.726804, 493.118557, 625.324742, 
            497.077320, 631.922680, 499.716495, 638.520619, 
            502.355670, 643.798969, 503.675258, 647.757732, 
            506.314433, 653.036082, 507.634021, 663.592784, 
            510.273196, 666.231959, 510.273196, 671.510309, 
            511.592784, 678.108247, 511.592784, 683.386598, 
            512.912371, 684.706186, 512.912371, 687.345361, 
            512.912371, 693.943299, 512.912371, 696.582474, 
            514.231959, 700.541237, 515.551546, 705.819588, 
            515.551546, 707.139175, 515.551546, 708.458763, 
            515.551546, 712.417526, 515.551546, 717.695876, 
            511.592784, 721.654639, 510.273196, 722.974227, 
            508.953608, 725.613402, 507.634021, 729.572165, 
            504.994845, 732.211340, 503.675258, 737.489691, 
            501.036082, 738.809278, 499.716495, 740.128866, 
            497.077320, 746.726804, 495.757732, 749.365979, 
            493.118557, 750.685567, 493.118557, 753.324742, 
            490.479381, 757.283505, 485.201031, 759.922680, 
            481.242268, 761.242268, 475.963918, 762.561856, 
            473.324742, 763.881443, 470.685567, 763.881443, 
            468.046392, 763.881443, 465.407216, 763.881443, 
            462.768041, 763.881443, 458.809278, 763.881443, 
            456.170103, 763.881443, 453.530928, 763.881443, 
            450.891753, 763.881443, 448.252577, 763.881443, 
            444.293814, 763.881443, 441.654639, 763.881443, 
            439.015464, 761.242268, 436.376289, 758.603093, 
            432.417526, 757.283505, 431.097938, 755.963918, 
            429.778351, 755.963918, 427.139175, 753.324742, 
            425.819588, 749.365979, 423.180412, 748.046392, 
            420.541237, 742.768041, 417.902062, 741.448454, 
            416.582474, 740.128866, 416.582474, 737.489691, 
            415.262887, 733.530928, 411.304124, 730.891753, 
            408.664948, 728.252577, 407.345361, 726.932990, 
            407.345361, 724.293814, 406.025773, 720.335052, 
            404.706186, 719.015464, 403.386598, 717.695876, 
            403.386598, 716.376289, 403.386598, 711.097938, 
            403.386598, -1.000000, -1.000000, 394.396907, 
            402.067010, 387.798969, 407.345361, 386.479381, 
            408.664948, 383.840206, 412.623711, 378.561856, 
            417.902062, 377.242268, 419.221649, 375.922680, 
            421.860825, 373.283505, 425.819588, 370.644330, 
            429.778351, 370.644330, 431.097938, 370.644330, 
            435.056701, 368.005155, 442.974227, 368.005155, 
            445.613402, 368.005155, 449.572165, 368.005155, 
            453.530928, 368.005155, 456.170103, 368.005155, 
            460.128866, 368.005155, 462.768041, 368.005155, 
            473.324742, 368.005155, 475.963918, 368.005155, 
            477.283505, 368.005155, 481.242268, 368.005155, 
            485.201031, 368.005155, 486.520619, 371.963918, 
            494.438144, 375.922680, 499.716495, 379.881443, 
            503.675258, 383.840206, 507.634021, 387.798969, 
            511.592784, 389.118557, 511.592784, 393.077320, 
            514.231959, 398.355670, 515.551546, 402.314433, 
            518.190722, 406.273196, 519.510309, 411.551546, 
            519.510309, 414.190722, 520.829897, 427.386598, 
            520.829897, 433.984536, 520.829897, 439.262887, 
            519.510309, 439.262887, 518.190722, 440.582474, 
            518.190722, 440.582474, 514.231959, 441.902062, 
            514.231959, 443.221649, 508.953608, 444.541237, 
            508.953608, 444.541237, 504.994845, 445.860825, 
            499.716495, 445.860825, 497.077320, 447.180412, 
            491.798969, 448.500000, 486.520619, 449.819588, 
            483.881443, 451.139175, 482.561856, 452.458763, 
            481.242268, 455.097938, 481.242268, 456.417526, 
            481.242268, 459.056701, 481.242268, 460.376289, 
            481.242268, 461.695876, 481.242268, 464.335052, 
            481.242268, 468.293814, 481.242268, 469.613402, 
            481.242268, 469.613402, 482.561856, 470.932990, 
            482.561856, 472.252577, 481.242268, 473.572165, 
            481.242268, 473.572165, 479.922680, 474.891753, 
            478.603093, 476.211340, 477.283505, 476.211340, 
            475.963918, 477.530928, 472.005155, 480.170103, 
            466.726804, 481.489691, 464.087629, 481.489691, 
            462.768041, 484.128866, 460.128866, 484.128866, 
            456.170103, 484.128866, 449.572165, 484.128866, 
            442.974227, 484.128866, 441.654639, 484.128866, 
            440.335052, 484.128866, 439.015464, 484.128866, 
            437.695876, 484.128866, 432.417526, 478.850515, 
            428.458763, 476.211340, 423.180412, 472.252577, 
            416.582474, 470.932990, 415.262887, 469.613402, 
            412.623711, 468.293814, 412.623711, 466.974227, 
            408.664948, 465.654639, 406.025773, 465.654639, 
            404.706186, 464.335052, 403.386598, 464.335052, 
            402.067010, 461.695876, 400.747423, 459.056701, 
            400.747423, 456.417526, 398.108247, 455.097938, 
            396.788660, 449.819588, 396.788660, 441.902062, 
            395.469072, 437.943299, 395.469072, 432.664948, 
            395.469072, 424.747423, 395.469072, 418.149485, 
            395.469072, 416.829897, 395.469072, 412.871134, 
            395.469072, 408.912371, 395.469072, 406.273196, 
            396.788660, 404.953608, 399.427835]
