%YAML:1.0
    mask: !!opencv-matrix
        rows: 3
        cols: 2
        dt: f
        data: [ -1.000000, -1.000000, -1.000000, 
            -1.000000, -1.000000, -1.000000]
