%YAML:1.0
    mask: !!opencv-matrix
        rows: 332
        cols: 2
        dt: f
        data: [ -1.000000, -1.000000, -1.000000, 
            -1.000000, 765.201031, 382.273196, 757.283505, 
            386.231959, 738.809278, 396.788660, 729.572165, 
            402.067010, 712.417526, 411.304124, 703.180412, 
            417.902062, 683.386598, 429.778351, 678.108247, 
            433.737113, 664.912371, 442.974227, 658.314433, 
            450.891753, 650.396907, 458.809278, 645.118557, 
            462.768041, 641.159794, 468.046392, 639.840206, 
            470.685567, 637.201031, 474.644330, 627.963918, 
            483.881443, 622.685567, 494.438144, 617.407216, 
            506.314433, 616.087629, 510.273196, 614.768041, 
            515.551546, 609.489691, 528.747423, 608.170103, 
            544.582474, 602.891753, 564.376289, 601.572165, 
            569.654639, 601.572165, 578.891753, 597.613402, 
            593.407216, 592.335052, 611.881443, 587.056701, 
            627.716495, 583.097938, 639.592784, 580.458763, 
            646.190722, 579.139175, 647.510309, 577.819588, 
            652.788660, 576.500000, 655.427835, 575.180412, 
            659.386598, 575.180412, 662.025773, 573.860825, 
            671.262887, 573.860825, 673.902062, 573.860825, 
            675.221649, 573.860825, 677.860825, 577.819588, 
            681.819588, 579.139175, 683.139175, 583.097938, 
            683.139175, 589.695876, 683.139175, 591.015464, 
            683.139175, 594.974227, 677.860825, 609.489691, 
            662.025773, 612.128866, 659.386598, 621.365979, 
            648.829897, 629.283505, 640.912371, 631.922680, 
            638.273196, 635.881443, 631.675258, 639.840206, 
            621.118557, 643.798969, 611.881443, 646.438144, 
            605.283505, 653.036082, 596.046392, 667.551546, 
            578.891753, 670.190722, 573.613402, 675.469072, 
            568.335052, 679.427835, 564.376289, 680.747423, 
            564.376289, 682.067010, 564.376289, 683.386598, 
            568.335052, 684.706186, 577.572165, 684.706186, 
            593.407216, 682.067010, 605.283505, 678.108247, 
            611.881443, 672.829897, 619.798969, 668.871134, 
            627.716495, 664.912371, 632.994845, 659.634021, 
            640.912371, 650.396907, 651.469072, 641.159794, 
            662.025773, 637.201031, 665.984536, 633.242268, 
            669.943299, 629.283505, 672.582474, 624.005155, 
            677.860825, 621.365979, 683.139175, 620.046392, 
            683.139175, 620.046392, 684.458763, 620.046392, 
            687.097938, 620.046392, 692.376289, 620.046392, 
            696.335052, 620.046392, 704.252577, 620.046392, 
            705.572165, 621.365979, 706.891753, 624.005155, 
            712.170103, 629.283505, 716.128866, 631.922680, 
            718.768041, 642.479381, 717.448454, 649.077320, 
            712.170103, 655.675258, 702.932990, 674.149485, 
            680.500000, 679.427835, 675.221649, 683.386598, 
            669.943299, 687.345361, 664.664948, 703.180412, 
            646.190722, 711.097938, 639.592784, 715.056701, 
            636.953608, 720.335052, 632.994845, 725.613402, 
            626.396907, 726.932990, 626.396907, 726.932990, 
            627.716495, 726.932990, 632.994845, 722.974227, 
            660.706186, 720.335052, 668.623711, 719.015464, 
            676.541237, 717.695876, 683.139175, 713.737113, 
            696.335052, 712.417526, 697.654639, 712.417526, 
            698.974227, 712.417526, 704.252577, 713.737113, 
            709.530928, 715.056701, 710.850515, 716.376289, 
            710.850515, 717.695876, 710.850515, 719.015464, 
            710.850515, 729.572165, 695.015464, 732.211340, 
            691.056701, 733.530928, 687.097938, 740.128866, 
            684.458763, 741.448454, 684.458763, 742.768041, 
            684.458763, 748.046392, 688.417526, 754.644330, 
            693.695876, 761.242268, 697.654639, 771.798969, 
            702.932990, 777.077320, 702.932990, 779.716495, 
            702.932990, 790.273196, 702.932990, 791.592784, 
            700.293814, 791.592784, 698.974227, 794.231959, 
            695.015464, 796.871134, 688.417526, 799.510309, 
            679.180412, 803.469072, 669.943299, 807.427835, 
            660.706186, 811.386598, 651.469072, 815.345361, 
            640.912371, 817.984536, 629.036082, 823.262887, 
            614.520619, 827.221649, 602.644330, 833.819588, 
            580.211340, 836.458763, 574.932990, 837.778351, 
            569.654639, 840.417526, 561.737113, 841.737113, 
            555.139175, 845.695876, 547.221649, 847.015464, 
            539.304124, 848.335052, 530.067010, 848.335052, 
            506.314433, 848.335052, 498.396907, 848.335052, 
            491.798969, 848.335052, 483.881443, 848.335052, 
            478.603093, 850.974227, 466.726804, 852.293814, 
            461.448454, 853.613402, 456.170103, 856.252577, 
            449.572165, 858.891753, 441.654639, 860.211340, 
            432.417526, 860.211340, 429.778351, 860.211340, 
            425.819588, 858.891753, 423.180412, 856.252577, 
            421.860825, 854.932990, 419.221649, -1.000000, 
            -1.000000, 328.417526, 349.283505, 328.417526, 
            358.520619, 327.097938, 367.757732, 325.778351, 
            380.953608, 324.458763, 390.190722, 324.458763, 
            400.747423, 324.458763, 407.345361, 323.139175, 
            412.623711, 320.500000, 425.819588, 317.860825, 
            433.737113, 315.221649, 444.293814, 312.582474, 
            449.572165, 312.582474, 454.850515, 307.304124, 
            461.448454, 305.984536, 464.087629, 304.664948, 
            466.726804, 303.345361, 469.365979, 300.706186, 
            474.644330, 300.706186, 479.922680, 296.747423, 
            483.881443, 295.427835, 489.159794, 292.788660, 
            493.118557, 291.469072, 495.757732, 288.829897, 
            503.675258, 287.510309, 511.592784, 287.510309, 
            520.829897, 287.510309, 530.067010, 286.190722, 
            539.304124, 286.190722, 541.943299, 286.190722, 
            547.221649, 286.190722, 549.860825, 286.190722, 
            551.180412, 287.510309, 561.737113, 290.149485, 
            569.654639, 291.469072, 572.293814, 292.788660, 
            574.932990, 296.747423, 580.211340, 299.386598, 
            584.170103, 302.025773, 586.809278, 303.345361, 
            589.448454, 305.984536, 594.726804, 309.943299, 
            603.963918, 312.582474, 606.603093, 317.860825, 
            613.201031, 319.180412, 614.520619, 321.819588, 
            619.798969, 329.737113, 630.355670, 333.695876, 
            634.314433, 337.654639, 639.592784, 340.293814, 
            642.231959, 349.530928, 648.829897, 352.170103, 
            651.469072, 358.768041, 655.427835, 362.726804, 
            656.747423, 368.005155, 658.067010, 371.963918, 
            659.386598, 375.922680, 660.706186, 389.118557, 
            663.345361, 391.757732, 663.345361, 394.396907, 
            664.664948, 397.036082, 665.984536, 400.994845, 
            665.984536, 402.314433, 665.984536, 403.634021, 
            665.984536, 408.912371, 665.984536, 410.231959, 
            665.984536, 411.551546, 665.984536, 412.871134, 
            665.984536, 412.871134, 662.025773, 412.871134, 
            656.747423, 411.551546, 643.551546, 410.231959, 
            638.273196, 407.592784, 630.355670, 406.273196, 
            625.077320, 403.634021, 614.520619, 400.994845, 
            602.644330, 398.355670, 590.768041, 397.036082, 
            584.170103, 394.396907, 574.932990, 390.438144, 
            567.015464, 390.438144, 557.778351, 390.438144, 
            545.902062, 390.438144, 531.386598, 390.438144, 
            527.427835, 390.438144, 523.469072, 391.757732, 
            523.469072, 395.716495, 526.108247, 400.994845, 
            531.386598, 402.314433, 534.025773, 404.953608, 
            539.304124, 407.592784, 547.221649, 408.912371, 
