%YAML:1.0
    mask: !!opencv-matrix
        rows: 514
        cols: 2
        dt: f
        data: [ 230.768041, 716.128866, 237.365979, 
            709.530928, 238.685567, 706.891753, 240.005155, 
            704.252577, 242.644330, 702.932990, 243.963918, 
            700.293814, 247.922680, 697.654639, 249.242268, 
            697.654639, 249.242268, 696.335052, 254.520619, 
            695.015464, 259.798969, 689.737113, 262.438144, 
            685.778351, 263.757732, 684.458763, 267.716495, 
            680.500000, 272.994845, 679.180412, 278.273196, 
            671.262887, 280.912371, 669.943299, 283.551546, 
            665.984536, 287.510309, 662.025773, 288.829897, 
            660.706186, 292.788660, 659.386598, 296.747423, 
            656.747423, 298.067010, 655.427835, 302.025773, 
            651.469072, 307.304124, 647.510309, 308.623711, 
            646.190722, 312.582474, 643.551546, 315.221649, 
            640.912371, 316.541237, 639.592784, 320.500000, 
            636.953608, 321.819588, 636.953608, 327.097938, 
            630.355670, 331.056701, 630.355670, 331.056701, 
            629.036082, 331.056701, 627.716495, 333.695876, 
            625.077320, 335.015464, 625.077320, 336.335052, 
            623.757732, 337.654639, 623.757732, 338.974227, 
            623.757732, 341.613402, 621.118557, 346.891753, 
            619.798969, 349.530928, 617.159794, 354.809278, 
            614.520619, 356.128866, 613.201031, 362.726804, 
            609.242268, 364.046392, 607.922680, 366.685567, 
            605.283505, 370.644330, 603.963918, 374.603093, 
            601.324742, 377.242268, 601.324742, 381.201031, 
            598.685567, 387.798969, 597.365979, 391.757732, 
            596.046392, 395.716495, 594.726804, 397.036082, 
            594.726804, 400.994845, 594.726804, 402.314433, 
            594.726804, 402.314433, 596.046392, 402.314433, 
            600.005155, 402.314433, 606.603093, 402.314433, 
            617.159794, 402.314433, 621.118557, 402.314433, 
            626.396907, 402.314433, 627.716495, 400.994845, 
            627.716495, 400.994845, 629.036082, 403.634021, 
            629.036082, 408.912371, 629.036082, 411.551546, 
            627.716495, 416.829897, 625.077320, 422.108247, 
            623.757732, 424.747423, 621.118557, 428.706186, 
            618.479381, 432.664948, 615.840206, 436.623711, 
            613.201031, 439.262887, 611.881443, 444.541237, 
            607.922680, 448.500000, 606.603093, 452.458763, 
            605.283505, 456.417526, 602.644330, 459.056701, 
            602.644330, 463.015464, 601.324742, 468.293814, 
            600.005155, 469.613402, 600.005155, 472.252577, 
            600.005155, 473.572165, 600.005155, 474.891753, 
            602.644330, 474.891753, 603.963918, 474.891753, 
            605.283505, 474.891753, 606.603093, 474.891753, 
            609.242268, 474.891753, 610.561856, 474.891753, 
            611.881443, 473.572165, 615.840206, 472.252577, 
            618.479381, 470.932990, 619.798969, 468.293814, 
            623.757732, 466.974227, 625.077320, 465.654639, 
            626.396907, 463.015464, 630.355670, 459.056701, 
            634.314433, 453.778351, 642.231959, 449.819588, 
            644.871134, 445.860825, 648.829897, 443.221649, 
            650.149485, 440.582474, 654.108247, 433.984536, 
            659.386598, 432.664948, 659.386598, 432.664948, 
            660.706186, 428.706186, 663.345361, 420.788660, 
            668.623711, 418.149485, 669.943299, 416.829897, 
            672.582474, 411.551546, 677.860825, 406.273196, 
            683.139175, 404.953608, 684.458763, 402.314433, 
            687.097938, 399.675258, 689.737113, 398.355670, 
            693.695876, 394.396907, 701.613402, 391.757732, 
            706.891753, 390.438144, 709.530928, 390.438144, 
            713.489691, 387.798969, 717.448454, 387.798969, 
            718.768041, 406.273196, 717.448454, 407.592784, 
            716.128866, 410.231959, 712.170103, 415.510309, 
            706.891753, 419.469072, 705.572165, 420.788660, 
            704.252577, 420.788660, 702.932990, 423.427835, 
            701.613402, 427.386598, 697.654639, 430.025773, 
            697.654639, 432.664948, 693.695876, 435.304124, 
            691.056701, 436.623711, 689.737113, 443.221649, 
            683.139175, 449.819588, 676.541237, 451.139175, 
            675.221649, 459.056701, 672.582474, 464.335052, 
            667.304124, 469.613402, 664.664948, 477.530928, 
            662.025773, 478.850515, 660.706186, 485.448454, 
            656.747423, 490.726804, 655.427835, 496.005155, 
            654.108247, 499.963918, 651.469072, 502.603093, 
            651.469072, 506.561856, 647.510309, 507.881443, 
            647.510309, 509.201031, 647.510309, 510.520619, 
            648.829897, 511.840206, 650.149485, 511.840206, 
            651.469072, 511.840206, 652.788660, 513.159794, 
            652.788660, 513.159794, 654.108247, 513.159794, 
            655.427835, 511.840206, 668.623711, 509.201031, 
            673.902062, 506.561856, 677.860825, 499.963918, 
            685.778351, 490.726804, 698.974227, 484.128866, 
            709.530928, 477.530928, 718.768041, -1.000000, 
            -1.000000, 637.201031, 714.809278, 633.242268, 
            709.530928, 631.922680, 708.211340, 626.644330, 
            701.613402, 622.685567, 697.654639, 618.726804, 
            692.376289, 618.726804, 691.056701, 617.407216, 
            689.737113, 614.768041, 683.139175, 612.128866, 
            677.860825, 606.850515, 668.623711, 604.211340, 
            662.025773, 601.572165, 658.067010, 600.252577, 
            655.427835, 587.056701, 603.963918, 588.376289, 
            602.644330, 591.015464, 601.324742, 592.335052, 
            600.005155, 594.974227, 600.005155, 594.974227, 
            598.685567, 597.613402, 598.685567, 600.252577, 
            598.685567, 601.572165, 598.685567, 604.211340, 
            598.685567, 608.170103, 598.685567, 610.809278, 
            598.685567, 649.077320, 617.159794, 650.396907, 
            618.479381, 655.675258, 622.438144, 687.345361, 
            607.922680, 687.345361, 606.603093, 687.345361, 
            605.283505, 688.664948, 596.046392, 688.664948, 
            592.087629, 689.984536, 590.768041, 689.984536, 
            589.448454, 689.984536, 588.128866, 688.664948, 
            581.530928, 684.706186, 577.572165, 680.747423, 
            569.654639, 678.108247, 567.015464, 676.788660, 
            567.015464, 674.149485, 567.015464, 672.829897, 
            565.695876, 670.190722, 565.695876, 664.912371, 
            564.376289, 658.314433, 563.056701, 655.675258, 
            561.737113, 650.396907, 560.417526, 646.438144, 
            559.097938, 643.798969, 557.778351, 642.479381, 
            556.458763, 639.840206, 555.139175, 635.881443, 
            553.819588, 634.561856, 552.500000, 630.603093, 
            548.541237, 629.283505, 548.541237, 626.644330, 
            547.221649, 624.005155, 543.262887, 624.005155, 
            541.943299, 621.365979, 539.304124, 621.365979, 
            537.984536, 624.005155, 536.664948, 627.963918, 
            535.345361, 630.603093, 534.025773, 634.561856, 
            534.025773, 643.798969, 534.025773, 645.118557, 
            534.025773, 649.077320, 531.386598, 659.634021, 
            527.427835, 664.912371, 524.788660, 672.829897, 
            523.469072, 675.469072, 522.149485, 682.067010, 
            522.149485, 687.345361, 520.829897, 691.304124, 
            520.829897, 695.262887, 520.829897, 701.860825, 
            520.829897, 713.737113, 520.829897, 720.335052, 
            520.829897, 726.932990, 520.829897, 734.850515, 
            522.149485, 738.809278, 523.469072, 750.685567, 
            527.427835, 765.201031, 531.386598, 771.798969, 
            532.706186, 774.438144, 534.025773, 775.757732, 
