%YAML:1.0
    mask: !!opencv-matrix
        rows: 367
        cols: 2
        dt: f
        data: [ 402.314433, 714.809278, 406.273196, 
            704.252577, 410.231959, 698.974227, 412.871134, 
            693.695876, 414.190722, 692.376289, 414.190722, 
            691.056701, 418.149485, 685.778351, 420.788660, 
            681.819588, 423.427835, 677.860825, 426.067010, 
            669.943299, 431.345361, 656.747423, 433.984536, 
            652.788660, 435.304124, 650.149485, 435.304124, 
            647.510309, 436.623711, 646.190722, 436.623711, 
            644.871134, 437.943299, 644.871134, 437.943299, 
            643.551546, 439.262887, 643.551546, 440.582474, 
            643.551546, 441.902062, 642.231959, 443.221649, 
            640.912371, 444.541237, 640.912371, 445.860825, 
            640.912371, 448.500000, 640.912371, 452.458763, 
            640.912371, 455.097938, 640.912371, 456.417526, 
            640.912371, 461.695876, 640.912371, 468.293814, 
            640.912371, 473.572165, 640.912371, 476.211340, 
            640.912371, 477.530928, 640.912371, 480.170103, 
            640.912371, 481.489691, 640.912371, 484.128866, 
            640.912371, 489.407216, 638.273196, 489.407216, 
            636.953608, 489.407216, 635.634021, 489.407216, 
            631.675258, 489.407216, 627.716495, 485.448454, 
            622.438144, 482.809278, 618.479381, 481.489691, 
            613.201031, 481.489691, 611.881443, 481.489691, 
            609.242268, 481.489691, 607.922680, 485.448454, 
            603.963918, 492.046392, 600.005155, 496.005155, 
            597.365979, 497.324742, 597.365979, 501.283505, 
            596.046392, 502.603093, 594.726804, 503.922680, 
            594.726804, 505.242268, 593.407216, 506.561856, 
            593.407216, 507.881443, 593.407216, 509.201031, 
            593.407216, 510.520619, 592.087629, 511.840206, 
            592.087629, 514.479381, 592.087629, 515.798969, 
            590.768041, 517.118557, 590.768041, 519.757732, 
            589.448454, 519.757732, 588.128866, 519.757732, 
            585.489691, 519.757732, 582.850515, 519.757732, 
            580.211340, 519.757732, 578.891753, 518.438144, 
            577.572165, 517.118557, 577.572165, 513.159794, 
            573.613402, 511.840206, 573.613402, 509.201031, 
            572.293814, 505.242268, 569.654639, 501.283505, 
            568.335052, 498.644330, 565.695876, 496.005155, 
            564.376289, 493.365979, 564.376289, 489.407216, 
            563.056701, 486.768041, 561.737113, 484.128866, 
            560.417526, 481.489691, 559.097938, 477.530928, 
            557.778351, 473.572165, 556.458763, 472.252577, 
            556.458763, 469.613402, 555.139175, 466.974227, 
            555.139175, 465.654639, 555.139175, 463.015464, 
            555.139175, 461.695876, 555.139175, 455.097938, 
            555.139175, 453.778351, 555.139175, 452.458763, 
            555.139175, 451.139175, 553.819588, 448.500000, 
            551.180412, 447.180412, 549.860825, 444.541237, 
            544.582474, 443.221649, 543.262887, 443.221649, 
            541.943299, 443.221649, 539.304124, 441.902062, 
            539.304124, 440.582474, 537.984536, 439.262887, 
            537.984536, 431.345361, 535.345361, 430.025773, 
            535.345361, 428.706186, 535.345361, 427.386598, 
            535.345361, 426.067010, 535.345361, 419.469072, 
            535.345361, 412.871134, 536.664948, 411.551546, 
            536.664948, 408.912371, 537.984536, 403.634021, 
            539.304124, 400.994845, 540.623711, 399.675258, 
            540.623711, 394.396907, 541.943299, 393.077320, 
            543.262887, 390.438144, 543.262887, 378.561856, 
            540.623711, 374.603093, 537.984536, 371.963918, 
            536.664948, 368.005155, 534.025773, 366.685567, 
            532.706186, 366.685567, 531.386598, 365.365979, 
            530.067010, 361.407216, 528.747423, 361.407216, 
            527.427835, 360.087629, 527.427835, 358.768041, 
            527.427835, 357.448454, 527.427835, 354.809278, 
            527.427835, 353.489691, 528.747423, 349.530928, 
            530.067010, 348.211340, 530.067010, 341.613402, 
            534.025773, 337.654639, 537.984536, 335.015464, 
            540.623711, 331.056701, 545.902062, 328.417526, 
            549.860825, 321.819588, 559.097938, 316.541237, 
            564.376289, 313.902062, 569.654639, 311.262887, 
            573.613402, 308.623711, 576.252577, 302.025773, 
            580.211340, 295.427835, 582.850515, 290.149485, 
            585.489691, 283.551546, 589.448454, 278.273196, 
            592.087629, 276.953608, 592.087629, 270.355670, 
            596.046392, 269.036082, 598.685567, 266.396907, 
            600.005155, 262.438144, 603.963918, 255.840206, 
            609.242268, 243.963918, 614.520619, 237.365979, 
            618.479381, 233.407216, 619.798969, 228.128866, 
            622.438144, 222.850515, 626.396907, 221.530928, 
            627.716495, 217.572165, 630.355670, 213.613402, 
            632.994845, 210.974227, 635.634021, 209.654639, 
            636.953608, 208.335052, 638.273196, 205.695876, 
            642.231959, 205.695876, 644.871134, 200.417526, 
            652.788660, 197.778351, 654.108247, 193.819588, 
            658.067010, 192.500000, 659.386598, 188.541237, 
            664.664948, 185.902062, 665.984536, 184.582474, 
            668.623711, 183.262887, 668.623711, 183.262887, 
            669.943299, 179.304124, 676.541237, 177.984536, 
            679.180412, 175.345361, 681.819588, 172.706186, 
            684.458763, 170.067010, 689.737113, 168.747423, 
            691.056701, 166.108247, 695.015464, 163.469072, 
            698.974227, 162.149485, 700.293814, 158.190722, 
            706.891753, 156.871134, 710.850515, 155.551546, 
            714.809278, 154.231959, 714.809278, 154.231959, 
            716.128866, -1.000000, -1.000000, 618.726804, 
            717.448454, 618.726804, 712.170103, 621.365979, 
            709.530928, 624.005155, 706.891753, 625.324742, 
            705.572165, 626.644330, 704.252577, 627.963918, 
            702.932990, 630.603093, 701.613402, 630.603093, 
            700.293814, 633.242268, 700.293814, 635.881443, 
            697.654639, 637.201031, 696.335052, 639.840206, 
            695.015464, 646.438144, 692.376289, 653.036082, 
            689.737113, 658.314433, 688.417526, 662.273196, 
            688.417526, 671.510309, 685.778351, 679.427835, 
            684.458763, 687.345361, 684.458763, 693.943299, 
            683.139175, 697.902062, 683.139175, 701.860825, 
            681.819588, 708.458763, 680.500000, 709.778351, 
            680.500000, 719.015464, 676.541237, 725.613402, 
            675.221649, 733.530928, 675.221649, 737.489691, 
            675.221649, 740.128866, 675.221649, 742.768041, 
            675.221649, 744.087629, 675.221649, 750.685567, 
            675.221649, 755.963918, 676.541237, 758.603093, 
            676.541237, 765.201031, 681.819588, 769.159794, 
            683.139175, 773.118557, 685.778351, 774.438144, 
            687.097938, 778.396907, 689.737113, 783.675258, 
            693.695876, 786.314433, 696.335052, 795.551546, 
            704.252577, 800.829897, 713.489691, 806.108247, 
            716.128866, 806.108247, 717.448454, -1.000000, 
            -1.000000, 361.407216, 89.324742, 356.128866, 
            91.963918, 353.489691, 94.603093, 352.170103, 
            94.603093, 344.252577, 99.881443, 341.613402, 
            102.520619, 340.293814, 102.520619, 336.335052, 
            105.159794, 333.695876, 106.479381, 331.056701, 
            107.798969, 325.778351, 109.118557, 317.860825, 
            113.077320, 313.902062, 115.716495, 312.582474, 
            118.355670, 311.262887, 119.675258, 309.943299, 
            122.314433, 308.623711, 123.634021, 302.025773, 
            126.273196, 302.025773, 127.592784, 300.706186, 
