%YAML:1.0
    mask: !!opencv-matrix
        rows: 417
        cols: 2
        dt: f
        data: [ -1.000000, -1.000000, -1.000000, 
            -1.000000, 658.513245, 157.056291, 656.394040, 
            157.056291, 654.274834, 157.056291, 652.155629, 
            157.056291, 650.036424, 157.056291, 647.917219, 
            157.056291, 643.678808, 157.056291, 641.559603, 
            157.056291, 639.440397, 157.056291, 637.321192, 
            157.056291, 635.201987, 157.056291, 633.082781, 
            157.056291, 630.963576, 157.056291, 628.844371, 
            157.056291, 624.605960, 154.937086, 620.367550, 
            154.937086, 618.248344, 154.937086, 616.129139, 
            154.937086, 614.009934, 154.937086, 611.890728, 
            154.937086, 609.771523, 154.937086, 607.652318, 
            154.937086, 605.533113, 154.937086, 601.294702, 
            154.937086, 599.175497, 154.937086, 597.056291, 
            154.937086, 594.937086, 154.937086, 592.817881, 
            154.937086, 588.579470, 154.937086, 586.460265, 
            154.937086, 584.341060, 154.937086, 582.221854, 
            157.056291, 580.102649, 159.175497, 577.983444, 
            161.294702, 575.864238, 163.413907, 573.745033, 
            165.533113, 571.625828, 167.652318, 569.506623, 
            167.652318, 567.387417, 169.771523, 565.268212, 
            169.771523, 563.149007, 171.890728, 561.029801, 
            171.890728, 558.910596, 171.890728, 556.791391, 
            174.009934, 556.791391, 176.129139, 554.672185, 
            176.129139, 550.433775, 178.248344, 548.314570, 
            178.248344, 548.314570, 180.367550, 546.195364, 
            180.367550, 546.195364, 182.486755, 544.076159, 
            182.486755, 541.956954, 184.605960, 539.837748, 
            184.605960, 539.837748, 186.725166, 537.718543, 
            186.725166, 533.480132, 190.963576, 531.360927, 
            193.082781, 529.241722, 195.201987, 527.122517, 
            197.321192, 525.003311, 199.440397, 525.003311, 
            201.559603, 525.003311, 203.678808, 525.003311, 
            205.798013, 525.003311, 207.917219, 525.003311, 
            210.036424, 527.122517, 212.155629, 527.122517, 
            214.274834, 527.122517, 216.394040, 527.122517, 
            218.513245, 527.122517, 220.632450, 525.003311, 
            222.751656, 522.884106, 224.870861, 522.884106, 
            226.990066, 520.764901, 226.990066, 518.645695, 
            229.109272, 516.526490, 229.109272, 514.407285, 
            231.228477, 514.407285, 233.347682, 514.407285, 
            235.466887, 514.407285, 237.586093, 514.407285, 
            239.705298, 512.288079, 241.824503, 512.288079, 
            243.943709, 510.168874, 243.943709, 510.168874, 
            246.062914, 512.288079, 246.062914, 512.288079, 
            248.182119, 514.407285, 248.182119, 516.526490, 
            250.301325, 518.645695, 252.420530, 520.764901, 
            252.420530, 522.884106, 252.420530, 525.003311, 
            252.420530, 525.003311, 254.539735, 527.122517, 
            254.539735, 529.241722, 254.539735, 531.360927, 
            254.539735, 533.480132, 254.539735, 535.599338, 
            256.658940, 537.718543, 256.658940, 539.837748, 
            258.778146, 541.956954, 258.778146, 544.076159, 
            258.778146, 546.195364, 258.778146, 548.314570, 
            260.897351, 552.552980, 260.897351, 554.672185, 
            263.016556, 556.791391, 263.016556, 558.910596, 
            263.016556, 561.029801, 265.135762, 561.029801, 
            267.254967, 563.149007, 267.254967, 565.268212, 
            267.254967, 567.387417, 267.254967, 569.506623, 
            267.254967, 573.745033, 267.254967, 575.864238, 
            267.254967, 577.983444, 267.254967, 580.102649, 
            267.254967, 586.460265, 267.254967, 588.579470, 
            267.254967, 590.698675, 267.254967, 592.817881, 
            267.254967, 594.937086, 267.254967, 597.056291, 
            267.254967, 599.175497, 265.135762, 601.294702, 
            265.135762, 603.413907, 265.135762, 605.533113, 
            265.135762, 605.533113, 263.016556, 607.652318, 
            263.016556, 609.771523, 263.016556, 611.890728, 
            260.897351, 614.009934, 260.897351, 616.129139, 
            258.778146, 618.248344, 258.778146, 622.486755, 
            256.658940, 622.486755, 254.539735, 624.605960, 
            254.539735, 626.725166, 252.420530, 628.844371, 
            250.301325, 628.844371, 248.182119, 633.082781, 
            248.182119, 635.201987, 246.062914, 637.321192, 
            246.062914, 639.440397, 243.943709, 641.559603, 
            243.943709, 643.678808, 241.824503, 645.798013, 
            241.824503, 647.917219, 239.705298, 650.036424, 
            237.586093, 652.155629, 237.586093, 654.274834, 
            235.466887, 656.394040, 233.347682, 658.513245, 
            231.228477, 660.632450, 229.109272, 660.632450, 
            226.990066, 662.751656, 226.990066, 662.751656, 
            224.870861, 664.870861, 224.870861, 664.870861, 
            222.751656, 666.990066, 220.632450, 666.990066, 
            218.513245, 669.109272, 216.394040, 669.109272, 
            214.274834, 669.109272, 212.155629, 669.109272, 
            210.036424, 669.109272, 207.917219, 669.109272, 
            205.798013, 669.109272, 203.678808, 669.109272, 
            201.559603, 669.109272, 199.440397, 669.109272, 
            197.321192, 669.109272, 195.201987, 669.109272, 
            193.082781, 669.109272, 190.963576, 669.109272, 
            188.844371, 669.109272, 186.725166, 669.109272, 
            184.605960, 666.990066, 182.486755, 664.870861, 
            178.248344, 664.870861, 176.129139, 662.751656, 
            174.009934, 662.751656, 171.890728, 660.632450, 
            171.890728, 660.632450, 169.771523, 658.513245, 
            169.771523, 658.513245, 167.652318, 656.394040, 
            167.652318, 654.274834, 165.533113, 652.155629, 
            163.413907, 652.155629, 161.294702, 650.036424, 
            161.294702, -1.000000, -1.000000, 488.976821, 
            214.274834, 486.857616, 214.274834, 484.738411, 
            214.274834, 482.619205, 212.155629, 482.619205, 
            210.036424, 480.500000, 210.036424, 480.500000, 
            207.917219, 476.261589, 207.917219, 476.261589, 
            205.798013, 474.142384, 205.798013, 474.142384, 
            203.678808, 474.142384, 201.559603, 474.142384, 
            199.440397, 472.023179, 199.440397, 472.023179, 
            197.321192, 469.903974, 197.321192, 467.784768, 
            195.201987, 465.665563, 193.082781, 463.546358, 
            193.082781, 461.427152, 190.963576, 459.307947, 
            190.963576, 459.307947, 188.844371, 455.069536, 
            186.725166, 452.950331, 186.725166, 450.831126, 
            186.725166, 448.711921, 184.605960, 446.592715, 
            184.605960, 444.473510, 184.605960, 442.354305, 
            184.605960, 440.235099, 182.486755, 438.115894, 
            180.367550, 435.996689, 180.367550, 433.877483, 
            180.367550, 431.758278, 180.367550, 429.639073, 
            180.367550, 429.639073, 178.248344, 427.519868, 
            178.248344, 425.400662, 178.248344, 423.281457, 
            178.248344, 421.162252, 178.248344, 419.043046, 
            178.248344, 416.923841, 178.248344, 414.804636, 
            178.248344, 412.685430, 178.248344, 410.566225, 
            178.248344, 408.447020, 178.248344, 406.327815, 
            178.248344, 404.208609, 178.248344, 402.089404, 
            178.248344, 399.970199, 178.248344, 399.970199, 
            180.367550, 397.850993, 180.367550, 395.731788, 
            180.367550, 393.612583, 180.367550, 391.493377, 
            180.367550, 389.374172, 182.486755, 387.254967, 
            182.486755, 385.135762, 182.486755, 383.016556, 
            182.486755, 380.897351, 182.486755, 378.778146, 
            184.605960, 376.658940, 184.605960, 374.539735, 
