%YAML:1.0
    mask: !!opencv-matrix
        rows: 1018
        cols: 2
        dt: f
        data: [ -1.000000, -1.000000, 750.452607, 
            719.172986, 748.936019, 719.172986, 747.419431, 
            719.172986, 745.902844, 719.172986, 744.386256, 
            719.172986, 744.386256, 717.656398, 741.353081, 
            714.623223, 741.353081, 713.106635, 739.836493, 
            711.590047, 739.836493, 710.073460, 739.836493, 
            708.556872, 739.836493, 705.523697, 738.319905, 
            705.523697, 738.319905, 704.007109, 738.319905, 
            702.490521, 736.803318, 700.973934, 735.286730, 
            700.973934, 735.286730, 699.457346, 735.286730, 
            697.940758, 735.286730, 696.424171, 735.286730, 
            694.907583, 733.770142, 694.907583, 733.770142, 
            693.390995, 732.253555, 693.390995, 732.253555, 
            691.874408, 730.736967, 691.874408, 729.220379, 
            690.357820, 727.703791, 690.357820, 727.703791, 
            688.841232, 726.187204, 688.841232, 724.670616, 
            688.841232, 723.154028, 687.324645, 721.637441, 
            687.324645, 721.637441, 685.808057, 720.120853, 
            685.808057, 720.120853, 684.291469, 720.120853, 
            682.774882, 718.604265, 682.774882, 717.087678, 
            681.258294, 717.087678, 679.741706, 717.087678, 
            678.225118, 717.087678, 675.191943, 715.571090, 
            675.191943, 715.571090, 673.675355, 715.571090, 
            672.158768, 715.571090, 670.642180, 715.571090, 
            667.609005, 715.571090, 666.092417, 715.571090, 
            663.059242, 715.571090, 661.542654, 715.571090, 
            658.509479, 714.054502, 656.992891, 714.054502, 
            653.959716, 714.054502, 652.443128, 714.054502, 
            650.926540, 714.054502, 649.409953, 714.054502, 
            647.893365, 714.054502, 644.860190, 714.054502, 
            641.827014, 714.054502, 640.310427, 714.054502, 
            637.277251, 714.054502, 635.760664, 715.571090, 
            635.760664, 715.571090, 634.244076, 715.571090, 
            631.210900, 717.087678, 631.210900, 718.604265, 
            629.694313, 718.604265, 628.177725, 718.604265, 
            626.661137, 721.637441, 625.144550, 723.154028, 
            623.627962, 724.670616, 622.111374, 724.670616, 
            620.594787, 727.703791, 620.594787, 729.220379, 
            619.078199, 729.220379, 616.045024, 733.770142, 
            613.011848, 736.803318, 613.011848, 738.319905, 
            613.011848, 738.319905, 611.495261, 741.353081, 
            609.978673, 742.869668, 609.978673, 744.386256, 
            608.462085, 747.419431, 605.428910, 748.936019, 
            605.428910, 750.452607, 605.428910, 750.452607, 
            603.912322, 751.969194, 602.395735, 753.485782, 
            600.879147, 755.002370, 600.879147, 755.002370, 
            599.362559, 756.518957, 597.845972, 758.035545, 
            597.845972, 758.035545, 594.812796, 759.552133, 
            594.812796, 759.552133, 593.296209, 761.068720, 
            593.296209, 762.585308, 590.263033, 764.101896, 
            590.263033, 765.618483, 588.746445, 767.135071, 
            588.746445, 768.651659, 587.229858, 770.168246, 
            585.713270, 770.168246, 584.196682, 771.684834, 
            584.196682, 773.201422, 581.163507, 774.718009, 
            581.163507, 774.718009, 579.646919, 776.234597, 
            578.130332, 777.751185, 578.130332, 777.751185, 
            576.613744, 779.267773, 576.613744, 780.784360, 
            575.097156, 782.300948, 575.097156, 782.300948, 
            573.580569, 783.817536, 573.580569, 785.334123, 
            573.580569, 789.883886, 570.547393, 791.400474, 
            567.514218, 794.433649, 567.514218, 795.950237, 
            565.997630, 797.466825, 564.481043, 798.983412, 
            562.964455, 798.983412, 561.447867, 802.016588, 
            561.447867, 803.533175, 559.931280, 805.049763, 
            559.931280, 806.566351, 559.931280, 808.082938, 
            559.931280, 809.599526, 559.931280, 811.116114, 
            559.931280, 812.632701, 559.931280, 812.632701, 
            558.414692, 814.149289, 556.898104, 815.665877, 
            556.898104, 817.182464, 555.381517, 818.699052, 
            555.381517, 820.215640, 555.381517, 820.215640, 
            553.864929, 821.732227, 553.864929, 824.765403, 
            553.864929, 826.281991, 553.864929, 827.798578, 
            553.864929, 829.315166, 553.864929, 830.831754, 
            553.864929, 833.864929, 553.864929, 836.898104, 
            553.864929, 841.447867, 553.864929, 842.964455, 
            553.864929, 845.997630, 553.864929, 847.514218, 
            553.864929, 850.547393, 553.864929, 852.063981, 
            553.864929, 853.580569, 553.864929, 855.097156, 
            553.864929, 856.613744, 553.864929, 858.130332, 
            553.864929, 861.163507, 553.864929, 864.196682, 
            553.864929, 865.713270, 553.864929, 868.746445, 
            553.864929, 874.812796, 553.864929, 876.329384, 
            553.864929, 877.845972, 553.864929, 879.362559, 
            553.864929, 880.879147, 553.864929, 882.395735, 
            553.864929, 883.912322, 553.864929, 885.428910, 
            553.864929, 886.945498, 553.864929, 886.945498, 
            555.381517, 888.462085, 555.381517, 889.978673, 
            555.381517, 893.011848, 555.381517, 894.528436, 
            556.898104, 896.045024, 556.898104, 896.045024, 
            558.414692, 899.078199, 558.414692, 900.594787, 
            558.414692, 902.111374, 558.414692, 903.627962, 
            561.447867, 905.144550, 562.964455, 906.661137, 
            562.964455, 908.177725, 564.481043, 911.210900, 
            565.997630, 911.210900, 567.514218, 914.244076, 
            567.514218, 915.760664, 569.030806, 915.760664, 
            570.547393, 918.793839, 570.547393, 920.310427, 
            570.547393, 921.827014, 570.547393, 923.343602, 
            572.063981, 924.860190, 573.580569, 926.376777, 
            573.580569, 926.376777, 575.097156, 927.893365, 
            576.613744, 930.926540, 578.130332, 933.959716, 
            578.130332, 936.992891, 579.646919, 938.509479, 
            579.646919, 940.026066, 579.646919, 943.059242, 
            579.646919, 943.059242, 581.163507, 944.575829, 
            581.163507, 946.092417, 582.680095, 947.609005, 
            582.680095, 952.158768, 584.196682, 953.675355, 
            584.196682, 958.225118, 584.196682, 961.258294, 
            584.196682, 964.291469, 584.196682, 965.808057, 
            585.713270, 971.874408, 587.229858, 973.390995, 
            587.229858, 974.907583, 587.229858, 976.424171, 
            588.746445, 977.940758, 588.746445, 979.457346, 
            588.746445, 980.973934, 590.263033, 982.490521, 
            590.263033, 984.007109, 590.263033, 985.523697, 
            591.779621, 987.040284, 591.779621, 987.040284, 
            593.296209, 988.556872, 593.296209, 991.590047, 
            593.296209, 994.623223, 594.812796, 996.139810, 
            594.812796, 997.656398, 594.812796, 999.172986, 
            594.812796, 1000.689573, 594.812796, 1000.689573, 
            596.329384, 1002.206161, 596.329384, 1003.722749, 
            596.329384, 1006.755924, 596.329384, 1008.272512, 
            596.329384, 1009.789100, 596.329384, 1012.822275, 
            596.329384, 1015.855450, 596.329384, 1018.888626, 
            596.329384, 1021.921801, 597.845972, 1024.954976, 
            599.362559, 1029.504739, 599.362559, 1034.054502, 
            599.362559, 1037.087678, 600.879147, 1043.154028, 
            600.879147, 1046.187204, 600.879147, 1047.703791, 
            600.879147, 1049.220379, 600.879147, 1052.253555, 
            602.395735, 1053.770142, 602.395735, 1055.286730, 
            602.395735, 1056.803318, 603.912322, 1058.319905, 
            605.428910, 1059.836493, 605.428910, 1061.353081, 
