%YAML:1.0
    mask: !!opencv-matrix
        rows: 1265
        cols: 2
        dt: f
        data: [ 368.500000, 719.456522, 368.500000, 
            718.065217, 369.891304, 715.282609, 371.282609, 
            713.891304, 372.673913, 712.500000, 372.673913, 
            711.108696, 374.065217, 709.717391, 375.456522, 
            708.326087, 375.456522, 706.934783, 375.456522, 
            705.543478, 376.847826, 704.152174, 376.847826, 
            702.760870, 376.847826, 701.369565, 378.239130, 
            699.978261, 379.630435, 698.586957, 381.021739, 
            697.195652, 381.021739, 695.804348, 382.413043, 
            694.413043, 383.804348, 693.021739, 385.195652, 
            691.630435, 386.586957, 690.239130, 387.978261, 
            688.847826, 389.369565, 687.456522, 390.760870, 
            686.065217, 392.152174, 684.673913, 393.543478, 
            683.282609, 393.543478, 681.891304, 394.934783, 
            681.891304, 394.934783, 680.500000, 394.934783, 
            679.108696, 396.326087, 677.717391, 397.717391, 
            677.717391, 399.108696, 677.717391, 400.500000, 
            676.326087, 404.673913, 674.934783, 407.456522, 
            673.543478, 408.847826, 673.543478, 411.630435, 
            672.152174, 413.021739, 672.152174, 417.195652, 
            670.760870, 418.586957, 669.369565, 421.369565, 
            667.978261, 422.760870, 667.978261, 424.152174, 
            667.978261, 425.543478, 667.978261, 428.326087, 
            667.978261, 429.717391, 667.978261, 431.108696, 
            667.978261, 432.500000, 667.978261, 433.891304, 
            667.978261, 436.673913, 667.978261, 438.065217, 
            667.978261, 439.456522, 667.978261, 440.847826, 
            667.978261, 442.239130, 669.369565, 445.021739, 
            669.369565, 446.413043, 670.760870, 447.804348, 
            670.760870, 449.195652, 670.760870, 450.586957, 
            670.760870, 451.978261, 670.760870, 453.369565, 
            670.760870, 454.760870, 670.760870, 456.152174, 
            670.760870, 457.543478, 670.760870, 458.934783, 
            670.760870, 460.326087, 670.760870, 463.108696, 
            670.760870, 464.500000, 673.543478, 465.891304, 
            673.543478, 467.282609, 673.543478, 468.673913, 
            673.543478, 470.065217, 673.543478, 471.456522, 
            673.543478, 472.847826, 674.934783, 474.239130, 
            674.934783, 475.630435, 674.934783, 477.021739, 
            674.934783, 478.413043, 674.934783, 479.804348, 
            674.934783, 482.586957, 674.934783, 483.978261, 
            674.934783, 485.369565, 674.934783, 486.760870, 
            674.934783, 488.152174, 674.934783, 489.543478, 
            674.934783, 490.934783, 674.934783, 492.326087, 
            674.934783, 493.717391, 673.543478, 495.108696, 
            673.543478, 495.108696, 670.760870, 495.108696, 
            669.369565, 495.108696, 666.586957, 495.108696, 
            665.195652, 495.108696, 663.804348, 495.108696, 
            662.413043, 495.108696, 661.021739, 493.717391, 
            661.021739, 493.717391, 659.630435, 492.326087, 
            659.630435, 490.934783, 658.239130, 489.543478, 
            658.239130, 489.543478, 656.847826, 488.152174, 
            656.847826, 486.760870, 655.456522, 485.369565, 
            655.456522, 485.369565, 654.065217, 483.978261, 
            654.065217, 481.195652, 654.065217, 479.804348, 
            654.065217, 478.413043, 652.673913, 477.021739, 
            652.673913, 475.630435, 652.673913, 474.239130, 
            651.282609, 472.847826, 651.282609, 471.456522, 
            651.282609, 470.065217, 651.282609, 468.673913, 
            649.891304, 468.673913, 648.500000, 467.282609, 
            648.500000, 465.891304, 648.500000, 465.891304, 
            647.108696, 465.891304, 645.717391, 467.282609, 
            644.326087, 467.282609, 642.934783, 470.065217, 
            640.152174, 471.456522, 638.760870, 474.239130, 
            635.978261, 474.239130, 634.586957, 475.630435, 
            634.586957, 475.630435, 633.195652, 477.021739, 
            633.195652, 478.413043, 631.804348, 479.804348, 
            630.413043, 481.195652, 629.021739, 482.586957, 
            627.630435, 483.978261, 627.630435, 485.369565, 
            626.239130, 486.760870, 626.239130, 488.152174, 
            623.456522, 489.543478, 622.065217, 490.934783, 
            622.065217, 490.934783, 620.673913, 492.326087, 
            619.282609, 492.326087, 617.891304, 495.108696, 
            616.500000, 495.108696, 615.108696, 496.500000, 
            613.717391, 496.500000, 610.934783, 497.891304, 
            609.543478, 499.282609, 609.543478, 499.282609, 
            608.152174, 499.282609, 606.760870, 499.282609, 
            605.369565, 499.282609, 603.978261, 499.282609, 
            602.586957, 499.282609, 601.195652, 499.282609, 
            599.804348, 499.282609, 598.413043, 499.282609, 
            597.021739, 499.282609, 595.630435, 499.282609, 
            594.239130, 499.282609, 592.847826, 499.282609, 
            591.456522, 499.282609, 590.065217, 499.282609, 
            588.673913, 499.282609, 587.282609, 499.282609, 
            585.891304, 499.282609, 584.500000, 499.282609, 
            583.108696, 497.891304, 583.108696, 497.891304, 
            581.717391, 496.500000, 580.326087, 496.500000, 
            578.934783, 495.108696, 577.543478, 493.717391, 
            577.543478, 492.326087, 577.543478, 490.934783, 
            576.152174, 489.543478, 574.760870, 486.760870, 
            574.760870, 485.369565, 574.760870, 483.978261, 
            574.760870, 482.586957, 574.760870, 481.195652, 
            574.760870, 478.413043, 574.760870, 477.021739, 
            574.760870, 475.630435, 574.760870, 474.239130, 
            574.760870, 472.847826, 574.760870, 471.456522, 
            574.760870, 470.065217, 574.760870, 468.673913, 
            574.760870, 467.282609, 574.760870, 465.891304, 
            574.760870, 464.500000, 576.152174, 463.108696, 
            577.543478, 461.717391, 577.543478, 458.934783, 
            578.934783, 454.760870, 578.934783, 454.760870, 
            580.326087, 453.369565, 581.717391, 451.978261, 
            581.717391, 451.978261, 583.108696, 450.586957, 
            583.108696, 449.195652, 584.500000, 447.804348, 
            584.500000, 446.413043, 585.891304, 445.021739, 
            587.282609, 443.630435, 588.673913, 442.239130, 
            588.673913, 440.847826, 590.065217, 439.456522, 
            590.065217, 438.065217, 591.456522, 438.065217, 
            592.847826, 436.673913, 592.847826, 435.282609, 
            592.847826, 433.891304, 595.630435, 432.500000, 
            595.630435, 431.108696, 595.630435, 429.717391, 
            595.630435, 429.717391, 597.021739, 428.326087, 
            597.021739, 426.934783, 597.021739, 425.543478, 
            598.413043, 422.760870, 599.804348, 421.369565, 
            601.195652, 419.978261, 601.195652, 418.586957, 
            601.195652, 417.195652, 601.195652, 415.804348, 
            602.586957, 415.804348, 603.978261, 414.413043, 
            603.978261, 413.021739, 603.978261, 411.630435, 
            605.369565, 410.239130, 605.369565, 407.456522, 
            605.369565, 404.673913, 605.369565, 401.891304, 
            606.760870, 400.500000, 606.760870, 400.500000, 
            608.152174, 397.717391, 608.152174, 396.326087, 
            608.152174, 394.934783, 609.543478, 393.543478, 
            609.543478, 392.152174, 609.543478, 390.760870, 
            609.543478, 389.369565, 609.543478, 387.978261, 
            609.543478, 386.586957, 610.934783, 385.195652, 
            610.934783, 383.804348, 610.934783, 382.413043, 
            610.934783, 382.413043, 612.326087, 381.021739, 
            612.326087, 379.630435, 612.326087, 378.239130, 
            612.326087, 375.456522, 612.326087, 374.065217, 
