%YAML:1.0
    mask: !!opencv-matrix
        rows: 1633
        cols: 2
        dt: f
        data: [ 10.934783, 669.369565, 12.326087, 
            669.369565, 15.108696, 669.369565, 17.891304, 
            666.586957, 20.673913, 665.195652, 20.673913, 
            663.804348, 22.065217, 662.413043, 24.847826, 
            661.021739, 26.239130, 656.847826, 26.239130, 
            655.456522, 27.630435, 654.065217, 29.021739, 
            652.673913, 29.021739, 651.282609, 30.413043, 
            649.891304, 30.413043, 648.500000, 30.413043, 
            647.108696, 31.804348, 645.717391, 33.195652, 
            644.326087, 34.586957, 642.934783, 34.586957, 
            641.543478, 34.586957, 640.152174, 35.978261, 
            638.760870, 35.978261, 637.369565, 37.369565, 
            637.369565, 38.760870, 634.586957, 40.152174, 
            634.586957, 41.543478, 633.195652, 42.934783, 
            633.195652, 42.934783, 631.804348, 44.326087, 
            630.413043, 45.717391, 629.021739, 47.108696, 
            627.630435, 49.891304, 624.847826, 54.065217, 
            623.456522, 55.456522, 622.065217, 56.847826, 
            620.673913, 58.239130, 619.282609, 59.630435, 
            616.500000, 61.021739, 616.500000, 61.021739, 
            615.108696, 62.413043, 615.108696, 62.413043, 
            613.717391, 63.804348, 610.934783, 65.195652, 
            609.543478, 66.586957, 608.152174, 67.978261, 
            605.369565, 67.978261, 603.978261, 67.978261, 
            602.586957, 67.978261, 601.195652, 69.369565, 
            599.804348, 70.760870, 599.804348, 70.760870, 
            598.413043, 70.760870, 597.021739, 72.152174, 
            595.630435, 72.152174, 594.239130, 73.543478, 
            591.456522, 74.934783, 591.456522, 74.934783, 
            590.065217, 76.326087, 588.673913, 76.326087, 
            587.282609, 77.717391, 585.891304, 79.108696, 
            584.500000, 80.500000, 581.717391, 80.500000, 
            580.326087, 81.891304, 577.543478, 83.282609, 
            576.152174, 83.282609, 574.760870, 84.673913, 
            574.760870, 86.065217, 573.369565, 86.065217, 
            571.978261, 87.456522, 570.586957, 88.847826, 
            569.195652, 88.847826, 567.804348, 91.630435, 
            567.804348, 91.630435, 566.413043, 93.021739, 
            565.021739, 93.021739, 563.630435, 95.804348, 
            563.630435, 97.195652, 562.239130, 97.195652, 
            560.847826, 98.586957, 559.456522, 99.978261, 
            558.065217, 101.369565, 556.673913, 102.760870, 
            555.282609, 104.152174, 553.891304, 104.152174, 
            552.500000, 105.543478, 551.108696, 106.934783, 
            549.717391, 108.326087, 548.326087, 108.326087, 
            546.934783, 109.717391, 545.543478, 109.717391, 
            544.152174, 111.108696, 542.760870, 112.500000, 
            541.369565, 112.500000, 539.978261, 113.891304, 
            538.586957, 115.282609, 537.195652, 115.282609, 
            535.804348, 116.673913, 535.804348, 116.673913, 
            534.413043, 116.673913, 531.630435, 118.065217, 
            528.847826, 118.065217, 527.456522, 119.456522, 
            524.673913, 120.847826, 524.673913, 120.847826, 
            523.282609, 122.239130, 521.891304, 122.239130, 
            520.500000, 122.239130, 519.108696, 123.630435, 
            517.717391, 123.630435, 516.326087, 126.413043, 
            513.543478, 127.804348, 512.152174, 127.804348, 
            510.760870, 129.195652, 509.369565, 130.586957, 
            507.978261, 130.586957, 506.586957, 131.978261, 
            505.195652, 131.978261, 503.804348, 133.369565, 
            503.804348, 133.369565, 502.413043, 134.760870, 
            499.630435, 134.760870, 498.239130, 136.152174, 
            496.847826, 136.152174, 495.456522, 137.543478, 
            495.456522, 137.543478, 494.065217, 137.543478, 
            492.673913, 138.934783, 491.282609, 140.326087, 
            491.282609, 141.717391, 491.282609, 143.108696, 
            491.282609, 144.500000, 491.282609, 147.282609, 
            489.891304, 148.673913, 489.891304, 150.065217, 
            489.891304, 151.456522, 489.891304, 154.239130, 
            489.891304, 155.630435, 492.673913, 157.021739, 
            494.065217, 157.021739, 495.456522, 158.413043, 
            496.847826, 158.413043, 498.239130, 159.804348, 
            498.239130, 161.195652, 499.630435, 162.586957, 
            501.021739, 162.586957, 502.413043, 163.978261, 
            503.804348, 163.978261, 505.195652, 166.760870, 
            506.586957, 166.760870, 507.978261, 168.152174, 
            510.760870, 168.152174, 512.152174, 168.152174, 
            513.543478, 168.152174, 514.934783, 168.152174, 
            516.326087, 168.152174, 517.717391, 169.543478, 
            517.717391, 169.543478, 519.108696, 170.934783, 
            519.108696, 172.326087, 519.108696, 173.717391, 
            519.108696, 175.108696, 517.717391, 176.500000, 
            517.717391, 177.891304, 516.326087, 177.891304, 
            514.934783, 179.282609, 513.543478, 179.282609, 
            512.152174, 180.673913, 512.152174, 180.673913, 
            510.760870, 180.673913, 509.369565, 180.673913, 
            507.978261, 182.065217, 507.978261, 182.065217, 
            506.586957, 182.065217, 505.195652, 183.456522, 
            503.804348, 183.456522, 502.413043, 183.456522, 
            501.021739, 184.847826, 501.021739, 184.847826, 
            498.239130, 184.847826, 496.847826, 186.239130, 
            495.456522, 186.239130, 494.065217, 186.239130, 
            492.673913, 187.630435, 492.673913, 187.630435, 
            489.891304, 187.630435, 488.500000, 187.630435, 
            487.108696, 187.630435, 485.717391, 187.630435, 
            484.326087, 187.630435, 481.543478, 190.413043, 
            480.152174, 190.413043, 477.369565, 190.413043, 
            475.978261, 187.630435, 474.586957, 186.239130, 
            473.195652, 184.847826, 471.804348, 183.456522, 
            471.804348, 182.065217, 471.804348, 182.065217, 
            470.413043, 180.673913, 470.413043, 179.282609, 
            470.413043, 177.891304, 470.413043, 176.500000, 
            470.413043, 175.108696, 470.413043, 173.717391, 
            470.413043, 172.326087, 470.413043, 170.934783, 
            470.413043, 168.152174, 469.021739, 166.760870, 
            466.239130, 165.369565, 466.239130, 165.369565, 
            464.847826, 163.978261, 464.847826, 162.586957, 
            464.847826, 161.195652, 463.456522, 158.413043, 
            462.065217, 157.021739, 462.065217, 155.630435, 
            462.065217, 155.630435, 460.673913, 155.630435, 
            459.282609, 155.630435, 456.500000, 155.630435, 
            455.108696, 155.630435, 452.326087, 155.630435, 
            450.934783, 155.630435, 446.760870, 154.239130, 
            445.369565, 154.239130, 442.586957, 154.239130, 
            441.195652, 155.630435, 441.195652, 157.021739, 
            441.195652, 157.021739, 439.804348, 158.413043, 
            439.804348, 159.804348, 439.804348, 159.804348, 
            438.413043, 162.586957, 438.413043, 163.978261, 
            438.413043, 166.760870, 438.413043, 168.152174, 
            439.804348, 169.543478, 439.804348, 170.934783, 
            442.586957, 172.326087, 442.586957, 175.108696, 
            443.978261, 175.108696, 445.369565, 176.500000, 
            445.369565, 177.891304, 446.760870, 179.282609, 
            446.760870, 179.282609, 448.152174, 180.673913, 
            450.934783, 182.065217, 450.934783, 182.065217, 
            452.326087, 183.456522, 452.326087, 184.847826, 
            452.326087, 184.847826, 453.717391, 184.847826, 
            455.108696, 186.239130, 456.500000, 186.239130, 
            457.891304, 186.239130, 459.282609, 187.630435, 
            459.282609, 187.630435, 460.673913, 189.021739, 
            460.673913, 189.021739, 462.065217, 190.413043, 
