%YAML:1.0
    mask: !!opencv-matrix
        rows: 55
        cols: 2
        dt: f
        data: [ -1.000000, -1.000000, -1.000000, 
            -1.000000, 705.836427, 351.095514, 706.826373, 
            351.095514, 707.816319, 351.095514, 711.776102, 
            356.045244, 715.735886, 357.035189, 717.715777, 
            360.005027, 719.695669, 362.974865, 721.675561, 
            363.964811, 722.665507, 365.944702, 723.655452, 
            365.944702, 724.645398, 368.914540, 724.645398, 
            369.904486, 725.635344, 370.894432, 726.625290, 
            371.884377, 727.615236, 371.884377, 729.595128, 
            373.864269, 729.595128, 375.844161, 732.564965, 
            378.813998, 732.564965, 379.803944, 734.544857, 
            381.783836, 734.544857, 382.773782, 734.544857, 
            383.763728, 735.534803, 383.763728, 735.534803, 
            384.753674, 735.534803, 385.743619, 735.534803, 
            386.733565, 735.534803, 388.713457, 735.534803, 
            390.693349, 733.554911, 393.663186, 731.575019, 
            396.633024, 731.575019, 397.622970, 729.595128, 
            400.592807, 727.615236, 403.562645, 727.615236, 
            404.552591, 725.635344, 405.542537, 722.665507, 
            408.512374, 721.675561, 408.512374, 720.685615, 
            410.492266, 716.725831, 413.462104, 715.735886, 
            414.452049, 713.755994, 415.441995, 710.786156, 
            418.411833, 708.806265, 421.381671, 707.816319, 
            422.371616, 707.816319, 423.361562, 706.826373, 
            424.351508, 705.836427, 424.351508, 705.836427, 
            426.331400, 705.836427, 427.321346, 705.836427, 
            428.311292, 705.836427, 429.301237, 704.846481, 
            429.301237, -1.000000, -1.000000]
