%YAML:1.0
    mask: !!opencv-matrix
        rows: 770
        cols: 2
        dt: f
        data: [ -1.000000, -1.000000, 522.934783, 
            711.108696, 527.108696, 711.108696, 545.195652, 
            711.108696, 560.500000, 708.326087, 561.891304, 
            706.934783, 563.282609, 706.934783, 566.065217, 
            705.543478, 566.065217, 704.152174, 567.456522, 
            704.152174, 570.239130, 702.760870, 570.239130, 
            701.369565, 571.630435, 699.978261, 573.021739, 
            698.586957, 574.413043, 697.195652, 575.804348, 
            697.195652, 577.195652, 695.804348, 578.586957, 
            694.413043, 579.978261, 693.021739, 582.760870, 
            690.239130, 584.152174, 690.239130, 585.543478, 
            687.456522, 586.934783, 687.456522, 588.326087, 
            686.065217, 591.108696, 686.065217, 592.500000, 
            683.282609, 593.891304, 683.282609, 595.282609, 
            681.891304, 596.673913, 680.500000, 598.065217, 
            680.500000, 598.065217, 679.108696, 599.456522, 
            679.108696, 600.847826, 679.108696, 602.239130, 
            679.108696, 607.804348, 679.108696, 609.195652, 
            677.717391, 611.978261, 677.717391, 613.369565, 
            677.717391, 614.760870, 677.717391, 616.152174, 
            677.717391, 617.543478, 677.717391, 618.934783, 
            677.717391, 621.717391, 677.717391, 623.108696, 
            677.717391, 625.891304, 679.108696, 627.282609, 
            680.500000, 630.065217, 680.500000, 631.456522, 
            681.891304, 631.456522, 683.282609, 632.847826, 
            683.282609, 634.239130, 684.673913, 635.630435, 
            684.673913, 637.021739, 687.456522, 637.021739, 
            688.847826, 638.413043, 691.630435, 639.804348, 
            693.021739, 639.804348, 694.413043, 639.804348, 
            695.804348, 641.195652, 695.804348, 641.195652, 
            697.195652, 641.195652, 699.978261, 642.586957, 
            701.369565, 643.978261, 702.760870, 645.369565, 
            704.152174, 645.369565, 705.543478, 645.369565, 
            706.934783, 648.152174, 709.717391, 648.152174, 
            712.500000, 649.543478, 712.500000, 649.543478, 
            713.891304, 652.326087, 716.673913, 653.717391, 
            718.065217, 653.717391, 719.456522, -1.000000, 
            -1.000000, 678.760870, 309.021739, 678.760870, 
            310.413043, 677.369565, 314.586957, 674.586957, 
            315.978261, 674.586957, 317.369565, 673.195652, 
            318.760870, 673.195652, 321.543478, 673.195652, 
            322.934783, 670.413043, 324.326087, 670.413043, 
            327.108696, 669.021739, 327.108696, 667.630435, 
            328.500000, 666.239130, 329.891304, 664.847826, 
            332.673913, 663.456522, 335.456522, 662.065217, 
            336.847826, 660.673913, 338.239130, 659.282609, 
            341.021739, 657.891304, 342.413043, 657.891304, 
            343.804348, 656.500000, 345.195652, 656.500000, 
            346.586957, 656.500000, 347.978261, 656.500000, 
            349.369565, 653.717391, 350.760870, 653.717391, 
            352.152174, 652.326087, 353.543478, 652.326087, 
            354.934783, 652.326087, 356.326087, 649.543478, 
            359.108696, 648.152174, 360.500000, 648.152174, 
            361.891304, 645.369565, 364.673913, 643.978261, 
            366.065217, 643.978261, 368.847826, 641.195652, 
            370.239130, 641.195652, 371.630435, 641.195652, 
            373.021739, 639.804348, 374.413043, 638.413043, 
            375.804348, 638.413043, 377.195652, 635.630435, 
            379.978261, 635.630435, 382.760870, 634.239130, 
            384.152174, 632.847826, 388.326087, 631.456522, 
            391.108696, 631.456522, 392.500000, 631.456522, 
            398.065217, 631.456522, 400.847826, 631.456522, 
            406.413043, 631.456522, 409.195652, 631.456522, 
            410.586957, 631.456522, 411.978261, 631.456522, 
            414.760870, 631.456522, 416.152174, 631.456522, 
            418.934783, 631.456522, 420.326087, 631.456522, 
            423.108696, 631.456522, 424.500000, 632.847826, 
            424.500000, 632.847826, 425.891304, 634.239130, 
            428.673913, 634.239130, 431.456522, 635.630435, 
            432.847826, 635.630435, 434.239130, 637.021739, 
            435.630435, 637.021739, 437.021739, 637.021739, 
            439.804348, 637.021739, 441.195652, 638.413043, 
            443.978261, 638.413043, 446.760870, 638.413043, 
            452.326087, 639.804348, 453.717391, 639.804348, 
            455.108696, 641.195652, 457.891304, 641.195652, 
            459.282609, 642.586957, 459.282609, 642.586957, 
            460.673913, 643.978261, 457.891304, 645.369565, 
            457.891304, 645.369565, 456.500000, 645.369565, 
            455.108696, 646.760870, 452.326087, 648.152174, 
            450.934783, 649.543478, 449.543478, 650.934783, 
            445.369565, 653.717391, 443.978261, 653.717391, 
            442.586957, 655.108696, 439.804348, 656.500000, 
            437.021739, 656.500000, 435.630435, 657.891304, 
            435.630435, 657.891304, 434.239130, 659.282609, 
            432.847826, 659.282609, 431.456522, 659.282609, 
            430.065217, 659.282609, 428.673913, 659.282609, 
            427.282609, 660.673913, 427.282609, 663.456522, 
            431.456522, 663.456522, 434.239130, 664.847826, 
            437.021739, 667.630435, 439.804348, 667.630435, 
            441.195652, 669.021739, 442.586957, 670.413043, 
            445.369565, 671.804348, 445.369565, 674.586957, 
            448.152174, 675.978261, 448.152174, 678.760870, 
            448.152174, 680.152174, 448.152174, 682.934783, 
            448.152174, 684.326087, 448.152174, 687.108696, 
            448.152174, 688.500000, 448.152174, 691.282609, 
            448.152174, 692.673913, 448.152174, 695.456522, 
            448.152174, 696.847826, 448.152174, 699.630435, 
            448.152174, 701.021739, 448.152174, 703.804348, 
            448.152174, 705.195652, 448.152174, 706.586957, 
            446.760870, 707.978261, 446.760870, 709.369565, 
            446.760870, 712.152174, 446.760870, 716.326087, 
            446.760870, 717.717391, 446.760870, 721.891304, 
            446.760870, 723.282609, 446.760870, 724.673913, 
            446.760870, 726.065217, 446.760870, 728.847826, 
            446.760870, 728.847826, 443.978261, 728.847826, 
            442.586957, 728.847826, 439.804348, 730.239130, 
            439.804348, 730.239130, 437.021739, 731.630435, 
            437.021739, 733.021739, 435.630435, 735.804348, 
            435.630435, 737.195652, 432.847826, 738.586957, 
            432.847826, 739.978261, 431.456522, 739.978261, 
            430.065217, 741.369565, 428.673913, 741.369565, 
            425.891304, 742.760870, 424.500000, 744.152174, 
            424.500000, 744.152174, 421.717391, 745.543478, 
            418.934783, 745.543478, 417.543478, 745.543478, 
            416.152174, 745.543478, 414.760870, 745.543478, 
            411.978261, 745.543478, 409.195652, 746.934783, 
            406.413043, 746.934783, 403.630435, 748.326087, 
            402.239130, 748.326087, 400.847826, 748.326087, 
            399.456522, 748.326087, 398.065217, 749.717391, 
            396.673913, 749.717391, 395.282609, 749.717391, 
            393.891304, 749.717391, 392.500000, 749.717391, 
            391.108696, 749.717391, 389.717391, 751.108696, 
            388.326087, 752.500000, 388.326087, 756.673913, 
            398.065217, 756.673913, 399.456522, 758.065217, 
            410.586957, 758.065217, 413.369565, 758.065217, 
            414.760870, 758.065217, 417.543478, 758.065217, 
            418.934783, 758.065217, 420.326087, 758.065217, 
            424.500000, 756.673913, 427.282609, 756.673913, 
            430.065217, 753.891304, 435.630435, 751.108696, 
