%YAML:1.0
    mask: !!opencv-matrix
        rows: 531
        cols: 2
        dt: f
        data: [ -1.000000, -1.000000, -1.000000, 
            -1.000000, 790.011323, 384.910012, 786.960072, 
            384.910012, 786.960072, 386.435638, 785.434446, 
            386.435638, 783.908820, 386.435638, 780.857569, 
            386.435638, 779.331943, 386.435638, 777.806317, 
            386.435638, 776.280691, 386.435638, 774.755066, 
            386.435638, 773.229440, 386.435638, 771.703814, 
            386.435638, 771.703814, 387.961263, 770.178188, 
            387.961263, 768.652563, 387.961263, 767.126937, 
            387.961263, 765.601311, 387.961263, 764.075685, 
            387.961263, 762.550060, 387.961263, 761.024434, 
            389.486889, 759.498808, 389.486889, 757.973182, 
            391.012515, 756.447557, 391.012515, 753.396305, 
            392.538141, 750.345054, 392.538141, 748.819428, 
            392.538141, 747.293802, 392.538141, 747.293802, 
            394.063766, 745.768176, 394.063766, 744.242551, 
            394.063766, 744.242551, 395.589392, 744.242551, 
            397.115018, 744.242551, 398.640644, 742.716925, 
            398.640644, 742.716925, 400.166269, 742.716925, 
            401.691895, 741.191299, 401.691895, 741.191299, 
            403.217521, 739.665673, 403.217521, 739.665673, 
            404.743147, 739.665673, 406.268772, 739.665673, 
            407.794398, 739.665673, 409.320024, 739.665673, 
            410.845650, 739.665673, 412.371275, 739.665673, 
            413.896901, 739.665673, 415.422527, 739.665673, 
            416.948153, 739.665673, 418.473778, 739.665673, 
            419.999404, 739.665673, 421.525030, 739.665673, 
            423.050656, 739.665673, 424.576281, 739.665673, 
            426.101907, 741.191299, 426.101907, 741.191299, 
            427.627533, 741.191299, 429.153159, 741.191299, 
            430.678784, 742.716925, 432.204410, 742.716925, 
            433.730036, 742.716925, 435.255662, 742.716925, 
            436.781287, 742.716925, 438.306913, 744.242551, 
            439.832539, 744.242551, 441.358164, 744.242551, 
            442.883790, 745.768176, 442.883790, 745.768176, 
            444.409416, 745.768176, 445.935042, 747.293802, 
            447.460667, 748.819428, 447.460667, 748.819428, 
            448.986293, 748.819428, 450.511919, 750.345054, 
            452.037545, 751.870679, 453.563170, 751.870679, 
            455.088796, 753.396305, 455.088796, 753.396305, 
            456.614422, 753.396305, 458.140048, 754.921931, 
            458.140048, 756.447557, 459.665673, 757.973182, 
            461.191299, 759.498808, 462.716925, 761.024434, 
            462.716925, 761.024434, 464.242551, 761.024434, 
            467.293802, 762.550060, 467.293802, 764.075685, 
            467.293802, 764.075685, 468.819428, 764.075685, 
            470.345054, 764.075685, 471.870679, 764.075685, 
            473.396305, 765.601311, 473.396305, 765.601311, 
            474.921931, 767.126937, 476.447557, 767.126937, 
            477.973182, 767.126937, 479.498808, 767.126937, 
            481.024434, 767.126937, 482.550060, 768.652563, 
            482.550060, 768.652563, 484.075685, 768.652563, 
            485.601311, 768.652563, 487.126937, 768.652563, 
            488.652563, 770.178188, 491.703814, 771.703814, 
            491.703814, 771.703814, 493.229440, 773.229440, 
            494.755066, 773.229440, 496.280691, 773.229440, 
            497.806317, 774.755066, 497.806317, 774.755066, 
            499.331943, 776.280691, 499.331943, 777.806317, 
            500.857569, 779.331943, 502.383194, 780.857569, 
            502.383194, 782.383194, 503.908820, 783.908820, 
            503.908820, 785.434446, 503.908820, 785.434446, 
            505.434446, 786.960072, 505.434446, 788.485697, 
            505.434446, 790.011323, 505.434446, 791.536949, 
            505.434446, 791.536949, 506.960072, 793.062574, 
            506.960072, 796.113826, 506.960072, 797.639452, 
            506.960072, 799.165077, 506.960072, 800.690703, 
            506.960072, 802.216329, 506.960072, 803.741955, 
            506.960072, 805.267580, 506.960072, 808.318832, 
            508.485697, 809.844458, 508.485697, 811.370083, 
            508.485697, 812.895709, 508.485697, 814.421335, 
            508.485697, 815.946961, 508.485697, 817.472586, 
            508.485697, 818.998212, 508.485697, 820.523838, 
            508.485697, 823.575089, 508.485697, 825.100715, 
            508.485697, 826.626341, 508.485697, 828.151967, 
            508.485697, 829.677592, 508.485697, 829.677592, 
            506.960072, 831.203218, 506.960072, 831.203218, 
            505.434446, 832.728844, 505.434446, 832.728844, 
            503.908820, 834.254470, 500.857569, 835.780095, 
            500.857569, 835.780095, 499.331943, 837.305721, 
            499.331943, 838.831347, 497.806317, 840.356973, 
            496.280691, 841.882598, 494.755066, 841.882598, 
            493.229440, 843.408224, 493.229440, 843.408224, 
            491.703814, 844.933850, 491.703814, 846.459476, 
            491.703814, 846.459476, 490.178188, 847.985101, 
            490.178188, 849.510727, 490.178188, 849.510727, 
            488.652563, 851.036353, 487.126937, 851.036353, 
            485.601311, 852.561979, 485.601311, 854.087604, 
            485.601311, 854.087604, 484.075685, 854.087604, 
            482.550060, 854.087604, 481.024434, 855.613230, 
            479.498808, 857.138856, 477.973182, 858.664482, 
            477.973182, 858.664482, 476.447557, 860.190107, 
            474.921931, 861.715733, 474.921931, 861.715733, 
            473.396305, 863.241359, 471.870679, 864.766985, 
            471.870679, 864.766985, 470.345054, 864.766985, 
            468.819428, 866.292610, 468.819428, 866.292610, 
            467.293802, 867.818236, 467.293802, 867.818236, 
            465.768176, 867.818236, 464.242551, 867.818236, 
            462.716925, 867.818236, 461.191299, 869.343862, 
            459.665673, 869.343862, 458.140048, 869.343862, 
            456.614422, 869.343862, 455.088796, 869.343862, 
            453.563170, 869.343862, 452.037545, 869.343862, 
            450.511919, 869.343862, 448.986293, 869.343862, 
            447.460667, 869.343862, 445.935042, 869.343862, 
            444.409416, 869.343862, 442.883790, 869.343862, 
            441.358164, 869.343862, 439.832539, 869.343862, 
            438.306913, 867.818236, 436.781287, 867.818236, 
            435.255662, 867.818236, 433.730036, 867.818236, 
            432.204410, 867.818236, 430.678784, 867.818236, 
            429.153159, 866.292610, 429.153159, 866.292610, 
            427.627533, 864.766985, 427.627533, 863.241359, 
            426.101907, 863.241359, 424.576281, 863.241359, 
            423.050656, 863.241359, 421.525030, 861.715733, 
            419.999404, 861.715733, 418.473778, 860.190107, 
            418.473778, 860.190107, 416.948153, 860.190107, 
            415.422527, 860.190107, 413.896901, 858.664482, 
            412.371275, 858.664482, 410.845650, 857.138856, 
            410.845650, 855.613230, 410.845650, 855.613230, 
            409.320024, 855.613230, 407.794398, 852.561979, 
            406.268772, 851.036353, 404.743147, 851.036353, 
            401.691895, 849.510727, 401.691895, 847.985101, 
            401.691895, 847.985101, 400.166269, 846.459476, 
            400.166269, 844.933850, 398.640644, 843.408224, 
            398.640644, 841.882598, 398.640644, 840.356973, 
            398.640644, 840.356973, 397.115018, 837.305721, 
            395.589392, 835.780095, 395.589392, 835.780095, 
            394.063766, 834.254470, 394.063766, 831.203218, 
            394.063766, 831.203218, 392.538141, 829.677592, 
            392.538141, 829.677592, 391.012515, 828.151967, 
            391.012515, 826.626341, 391.012515, 825.100715, 
