%YAML:1.0
    mask: !!opencv-matrix
        rows: 231
        cols: 2
        dt: f
        data: [ -1.000000, -1.000000, 956.541237, 
            665.984536, 951.262887, 667.304124, 947.304124, 
            667.304124, 927.510309, 663.345361, 916.953608, 
            660.706186, 902.438144, 655.427835, 897.159794, 
            651.469072, 893.201031, 650.149485, 889.242268, 
            648.829897, 885.283505, 647.510309, 876.046392, 
            638.273196, 874.726804, 635.634021, 869.448454, 
            629.036082, 858.891753, 617.159794, 847.015464, 
            602.644330, 840.417526, 593.407216, 833.819588, 
            584.170103, 827.221649, 578.891753, 824.582474, 
            574.932990, 816.664948, 564.376289, 815.345361, 
            561.737113, 812.706186, 560.417526, 811.386598, 
            559.097938, 806.108247, 557.778351, 795.551546, 
            559.097938, 791.592784, 560.417526, 787.634021, 
            561.737113, 783.675258, 563.056701, 778.396907, 
            563.056701, 775.757732, 563.056701, 773.118557, 
            563.056701, 766.520619, 560.417526, 762.561856, 
            557.778351, 761.242268, 557.778351, 759.922680, 
            557.778351, 757.283505, 553.819588, 755.963918, 
            547.221649, 755.963918, 539.304124, 758.603093, 
            520.829897, 761.242268, 498.396907, 761.242268, 
            494.438144, 761.242268, 493.118557, 759.922680, 
            491.798969, 759.922680, 490.479381, 759.922680, 
            487.840206, 759.922680, 486.520619, 761.242268, 
            472.005155, 765.201031, 460.128866, 767.840206, 
            449.572165, 767.840206, 446.932990, 769.159794, 
            437.695876, 771.798969, 432.417526, 775.757732, 
            423.180412, 777.077320, 420.541237, 778.396907, 
            417.902062, 781.036082, 413.943299, 782.355670, 
            413.943299, 794.231959, 409.984536, 803.469072, 
            408.664948, 807.427835, 408.664948, 817.984536, 
            407.345361, 850.974227, 407.345361, 857.572165, 
            407.345361, 872.087629, 409.984536, 890.561856, 
            412.623711, 894.520619, 412.623711, 903.757732, 
            413.943299, 909.036082, 415.262887, 947.304124, 
            421.860825, 948.623711, 421.860825, 955.221649, 
            424.500000, 959.180412, 427.139175, 960.500000, 
            427.139175, 964.458763, 429.778351, 969.737113, 
            435.056701, 986.891753, 454.850515, 996.128866, 
            466.726804, 1004.046392, 474.644330, 1011.963918, 
            485.201031, 1014.603093, 487.840206, 1015.922680, 
            490.479381, 1017.242268, 491.798969, 1019.881443, 
            493.118557, 1021.201031, 494.438144, 1025.159794, 
            497.077320, 1027.798969, 498.396907, 1030.438144, 
            499.716495, 1031.757732, 503.675258, 1031.757732, 
            507.634021, 1034.396907, 518.190722, 1035.716495, 
            522.149485, 1040.994845, 537.984536, 1054.190722, 
            563.056701, 1055.510309, 564.376289, 1060.788660, 
            572.293814, 1064.747423, 577.572165, 1064.747423, 
            578.891753, 1066.067010, 580.211340, 1066.067010, 
            581.530928, 1064.747423, 582.850515, 1062.108247, 
            584.170103, 1035.716495, 594.726804, 1019.881443, 
            600.005155, -1.000000, -1.000000, -1.000000, 
            -1.000000, 159.510309, 403.386598, 152.912371, 
            407.345361, 138.396907, 415.262887, 127.840206, 
            420.541237, 126.520619, 420.541237, 126.520619, 
            421.860825, 125.201031, 421.860825, 125.201031, 
            423.180412, 123.881443, 424.500000, 121.242268, 
            427.139175, 117.283505, 435.056701, 117.283505, 
            436.376289, 115.963918, 440.335052, 114.644330, 
            442.974227, 112.005155, 450.891753, 112.005155, 
            452.211340, 110.685567, 456.170103, 108.046392, 
            460.128866, 105.407216, 466.726804, 105.407216, 
            468.046392, 102.768041, 473.324742, 98.809278, 
            479.922680, 96.170103, 483.881443, 96.170103, 
            485.201031, 90.891753, 494.438144, 86.932990, 
            501.036082, 85.613402, 504.994845, 84.293814, 
            510.273196, 82.974227, 514.231959, 81.654639, 
            518.190722, 81.654639, 520.829897, 81.654639, 
            527.427835, 82.974227, 528.747423, 85.613402, 
            532.706186, 86.932990, 534.025773, 93.530928, 
            540.623711, 96.170103, 547.221649, 100.128866, 
            549.860825, 104.087629, 555.139175, 108.046392, 
            559.097938, 110.685567, 563.056701, 110.685567, 
            564.376289, 113.324742, 568.335052, 115.963918, 
            572.293814, 118.603093, 576.252577, 123.881443, 
            584.170103, 126.520619, 588.128866, 130.479381, 
            593.407216, 133.118557, 596.046392, 137.077320, 
            598.685567, 138.396907, 600.005155, 139.716495, 
            600.005155, 143.675258, 598.685567, 146.314433, 
            596.046392, 148.953608, 590.768041, 148.953608, 
            588.128866, 148.953608, 586.809278, 148.953608, 
            584.170103, 148.953608, 576.252577, 148.953608, 
            569.654639, 148.953608, 567.015464, 150.273196, 
            567.015464, 158.190722, 567.015464, 162.149485, 
            569.654639, 172.706186, 574.932990, 174.025773, 
            574.932990, 177.984536, 578.891753, 181.943299, 
            581.530928, 183.262887, 581.530928, 187.221649, 
            582.850515, 191.180412, 582.850515, 195.139175, 
            581.530928, 199.097938, 580.211340, 201.737113, 
            578.891753, 204.376289, 576.252577, 205.695876, 
            574.932990, 209.654639, 572.293814, 213.613402, 
            565.695876, 221.530928, 556.458763, 233.407216, 
            543.262887, 242.644330, 536.664948, 253.201031, 
            526.108247, 255.840206, 522.149485, 257.159794, 
            519.510309, 263.757732, 508.953608, 265.077320, 
            507.634021, 266.396907, 507.634021, 267.716495, 
            503.675258, 270.355670, 498.396907, 271.675258, 
            495.757732, 271.675258, 493.118557, 272.994845, 
            489.159794, 272.994845, 486.520619, 272.994845, 
            483.881443, 272.994845, 478.603093, 274.314433, 
            475.963918, 274.314433, 474.644330, 275.634021, 
            464.087629, 276.953608, 461.448454, 276.953608, 
            460.128866, 276.953608, 457.489691, 276.953608, 
            452.211340, 276.953608, 449.572165, 276.953608, 
            448.252577, 276.953608, 444.293814, 276.953608, 
            440.335052, 275.634021, 436.376289, 274.314433, 
            433.737113, 272.994845, 431.097938, 271.675258, 
            428.458763, 269.036082, 423.180412, 265.077320, 
            417.902062, 262.438144, 415.262887, 249.242268, 
            403.386598, 242.644330, 399.427835, 236.046392, 
            396.788660, 234.726804, 395.469072, 230.768041, 
            395.469072, 220.211340, 394.149485, 217.572165, 
            394.149485, 213.613402, 394.149485, 207.015464, 
            394.149485, 200.417526, 394.149485, 188.541237, 
            395.469072, 183.262887, 396.788660]
