%YAML:1.0
    mask: !!opencv-matrix
        rows: 476
        cols: 2
        dt: f
        data: [ 213.480132, 602.089404, 211.360927, 
            602.089404, 207.122517, 602.089404, 200.764901, 
            602.089404, 190.168874, 602.089404, 183.811258, 
            602.089404, 177.453642, 602.089404, 173.215232, 
            602.089404, 168.976821, 602.089404, 166.857616, 
            602.089404, 166.857616, 604.208609, 162.619205, 
            608.447020, 162.619205, 610.566225, 160.500000, 
            612.685430, 158.380795, 616.923841, 158.380795, 
            619.043046, 156.261589, 619.043046, 156.261589, 
            623.281457, 156.261589, 627.519868, 154.142384, 
            629.639073, 154.142384, 631.758278, 154.142384, 
            633.877483, 154.142384, 635.996689, 154.142384, 
            640.235099, 152.023179, 642.354305, 152.023179, 
            646.592715, 152.023179, 648.711921, 152.023179, 
            650.831126, 152.023179, 655.069536, 152.023179, 
            657.188742, 152.023179, 659.307947, 152.023179, 
            661.427152, 152.023179, 663.546358, 152.023179, 
            665.665563, 152.023179, 667.784768, 152.023179, 
            669.903974, 152.023179, 676.261589, 152.023179, 
            680.500000, 152.023179, 682.619205, 152.023179, 
            686.857616, 152.023179, 691.096026, 152.023179, 
            693.215232, 152.023179, 695.334437, 152.023179, 
            697.453642, 152.023179, 699.572848, 152.023179, 
            701.692053, 149.903974, 701.692053, 149.903974, 
            703.811258, 145.665563, 705.930464, 145.665563, 
            708.049669, 143.546358, 708.049669, 141.427152, 
            708.049669, 139.307947, 710.168874, 139.307947, 
            712.288079, 141.427152, 712.288079, 143.546358, 
            712.288079, 145.665563, 714.407285, 147.784768, 
            714.407285, 152.023179, 714.407285, 154.142384, 
            714.407285, 158.380795, 714.407285, 162.619205, 
            714.407285, 168.976821, 714.407285, 175.334437, 
            716.526490, 183.811258, 716.526490, 190.168874, 
            718.645695, 194.407285, 718.645695, 279.175497, 
            718.645695, 274.937086, 716.526490, 272.817881, 
            712.288079, 268.579470, 708.049669, 266.460265, 
            708.049669, 266.460265, 705.930464, 264.341060, 
            703.811258, 264.341060, 701.692053, 262.221854, 
            697.453642, 260.102649, 697.453642, 257.983444, 
            695.334437, 257.983444, 693.215232, 257.983444, 
            691.096026, 255.864238, 691.096026, 255.864238, 
            688.976821, 251.625828, 682.619205, 251.625828, 
            680.500000, 249.506623, 676.261589, 247.387417, 
            676.261589, 247.387417, 674.142384, 245.268212, 
            669.903974, 243.149007, 665.665563, 241.029801, 
            665.665563, 241.029801, 663.546358, 238.910596, 
            663.546358, 238.910596, 661.427152, 234.672185, 
            655.069536, 232.552980, 655.069536, 230.433775, 
            652.950331, 224.076159, 648.711921, 219.837748, 
            644.473510, 215.599338, 638.115894, 211.360927, 
            631.758278, 209.241722, 631.758278, 207.122517, 
            629.639073, 207.122517, 627.519868, 205.003311, 
            625.400662, 200.764901, 623.281457, 200.764901, 
            621.162252, 198.645695, 619.043046, -1.000000, 
            -1.000000, 651.716495, 713.489691, 641.159794, 
            709.530928, 630.603093, 701.613402, 621.365979, 
            695.015464, 618.726804, 692.376289, 613.448454, 
            687.097938, 608.170103, 681.819588, 604.211340, 
            676.541237, 601.572165, 672.582474, 600.252577, 
            669.943299, 600.252577, 668.623711, 600.252577, 
            667.304124, 600.252577, 665.984536, 600.252577, 
            664.664948, 600.252577, 662.025773, 600.252577, 
            660.706186, 601.572165, 658.067010, 601.572165, 
            656.747423, 605.530928, 655.427835, 606.850515, 
            652.788660, 608.170103, 652.788660, 608.170103, 
            650.149485, 609.489691, 650.149485, 610.809278, 
            650.149485, 612.128866, 648.829897, 613.448454, 
            648.829897, 614.768041, 647.510309, 616.087629, 
            647.510309, 618.726804, 646.190722, 626.644330, 
            640.912371, 630.603093, 638.273196, 641.159794, 
            627.716495, 643.798969, 621.118557, 646.438144, 
            617.159794, 649.077320, 615.840206, 650.396907, 
            613.201031, 653.036082, 611.881443, 655.675258, 
            607.922680, 659.634021, 605.283505, 662.273196, 
            603.963918, 663.592784, 601.324742, 663.592784, 
            598.685567, 664.912371, 594.726804, 666.231959, 
            594.726804, 684.706186, 590.768041, 697.902062, 
            586.809278, 704.500000, 586.809278, 712.417526, 
            581.530928, 716.376289, 580.211340, 717.695876, 
            580.211340, 720.335052, 577.572165, 721.654639, 
            576.252577, 725.613402, 573.613402, 728.252577, 
            572.293814, 740.128866, 570.974227, 744.087629, 
            570.974227, 745.407216, 570.974227, 746.726804, 
            570.974227, 749.365979, 570.974227, 761.242268, 
            570.974227, 777.077320, 570.974227, 782.355670, 
            570.974227, 787.634021, 570.974227, 795.551546, 
            572.293814, 799.510309, 574.932990, 802.149485, 
            574.932990, 811.386598, 580.211340, 815.345361, 
            580.211340, 817.984536, 581.530928, 821.943299, 
            582.850515, 824.582474, 582.850515, 827.221649, 
            582.850515, 829.860825, 582.850515, 832.500000, 
            582.850515, 840.417526, 585.489691, 848.335052, 
            585.489691, 852.293814, 585.489691, 858.891753, 
            586.809278, 861.530928, 586.809278, 861.530928, 
            588.128866, 864.170103, 588.128866, 866.809278, 
            590.768041, 868.128866, 593.407216, 876.046392, 
            605.283505, 881.324742, 613.201031, 882.644330, 
            615.840206, 886.603093, 623.757732, 889.242268, 
            627.716495, 890.561856, 630.355670, 891.881443, 
            630.355670, 891.881443, 631.675258, 893.201031, 
            635.634021, 894.520619, 639.592784, 895.840206, 
            646.190722, 897.159794, 648.829897, 901.118557, 
            656.747423, 901.118557, 659.386598, 907.716495, 
            673.902062, 912.994845, 683.139175, 916.953608, 
            693.695876, 918.273196, 695.015464, 919.592784, 
            696.335052, 924.871134, 702.932990, 924.871134, 
            704.252577, 926.190722, 708.211340, 927.510309, 
            710.850515, 927.510309, 713.489691, 928.829897, 
            713.489691, -1.000000, -1.000000, 582.221854, 
            197.321192, 580.102649, 197.321192, 577.983444, 
            197.321192, 575.864238, 197.321192, 573.745033, 
            197.321192, 571.625828, 197.321192, 569.506623, 
            199.440397, 567.387417, 199.440397, 565.268212, 
            199.440397, 563.149007, 199.440397, 561.029801, 
            199.440397, 558.910596, 201.559603, 556.791391, 
            201.559603, 552.552980, 201.559603, 546.195364, 
            201.559603, 539.837748, 201.559603, 533.480132, 
            201.559603, 529.241722, 201.559603, 522.884106, 
            203.678808, 518.645695, 203.678808, 516.526490, 
            203.678808, 512.288079, 203.678808, 510.168874, 
            203.678808, 508.049669, 205.798013, 505.930464, 
            205.798013, 499.572848, 205.798013, 497.453642, 
            205.798013, 493.215232, 205.798013, 491.096026, 
            205.798013, 488.976821, 205.798013, 484.738411, 
            205.798013, 482.619205, 205.798013, 478.380795, 
            205.798013, 476.261589, 205.798013, 472.023179, 
            207.917219, 469.903974, 210.036424, 469.903974, 
            212.155629, 469.903974, 214.274834, 472.023179, 
            216.394040, 474.142384, 218.513245, 476.261589, 
