%YAML:1.0
    mask: !!opencv-matrix
        rows: 492
        cols: 2
        dt: f
        data: [ 110.685567, 537.984536, 119.922680, 
            537.984536, 134.438144, 537.984536, 150.273196, 
            537.984536, 152.912371, 537.984536, 156.871134, 
            537.984536, 163.469072, 539.304124, 167.427835, 
            540.623711, 179.304124, 541.943299, 183.262887, 
            541.943299, 191.180412, 541.943299, 195.139175, 
            541.943299, 197.778351, 541.943299, 204.376289, 
            536.664948, 209.654639, 530.067010, 213.613402, 
            524.788660, 216.252577, 522.149485, 218.891753, 
            520.829897, 225.489691, 512.912371, 229.448454, 
            511.592784, 234.726804, 507.634021, 238.685567, 
            502.355670, 241.324742, 502.355670, 249.242268, 
            497.077320, 257.159794, 493.118557, 259.798969, 
            491.798969, 265.077320, 487.840206, 269.036082, 
            485.201031, 274.314433, 481.242268, 276.953608, 
            479.922680, 290.149485, 470.685567, 294.108247, 
            469.365979, 303.345361, 466.726804, 307.304124, 
            465.407216, 311.262887, 461.448454, 317.860825, 
            458.809278, 332.376289, 453.530928, 340.293814, 
            449.572165, 341.613402, 449.572165, 344.252577, 
            449.572165, 345.572165, 448.252577, 349.530928, 
            446.932990, 353.489691, 445.613402, 356.128866, 
            441.654639, 361.407216, 439.015464, 361.407216, 
            437.695876, 361.407216, 436.376289, 361.407216, 
            435.056701, 361.407216, 433.737113, 361.407216, 
            432.417526, 361.407216, 431.097938, 361.407216, 
            429.778351, 361.407216, 428.458763, 361.407216, 
            427.139175, 361.407216, 425.819588, 357.448454, 
            424.500000, 356.128866, 421.860825, 356.128866, 
            419.221649, 356.128866, 416.582474, 356.128866, 
            413.943299, 356.128866, 411.304124, 356.128866, 
            409.984536, 356.128866, 407.345361, 356.128866, 
            400.747423, 360.087629, 394.149485, 360.087629, 
            391.510309, 361.407216, 391.510309, 361.407216, 
            394.149485, 361.407216, 395.469072, 361.407216, 
            400.747423, 362.726804, 402.067010, 365.365979, 
            403.386598, 370.644330, 407.345361, 379.881443, 
            408.664948, 385.159794, 409.984536, 387.798969, 
            409.984536, 393.077320, 409.984536, 395.716495, 
            409.984536, 397.036082, 409.984536, 398.355670, 
            407.345361, 398.355670, 404.706186, 398.355670, 
            399.427835, 398.355670, 396.788660, 391.757732, 
            387.551546, 387.798969, 382.273196, 383.840206, 
            376.994845, 379.881443, 375.675258, 375.922680, 
            370.396907, 374.603093, 369.077320, 373.283505, 
            369.077320, 371.963918, 366.438144, 368.005155, 
            359.840206, 365.365979, 359.840206, 353.489691, 
            351.922680, 349.530928, 347.963918, 345.572165, 
            345.324742, 338.974227, 340.046392, 337.654639, 
            338.726804, 335.015464, 336.087629, 329.737113, 
            330.809278, 327.097938, 328.170103, 325.778351, 
            326.850515, 317.860825, 318.932990, 315.221649, 
            314.974227, 311.262887, 309.695876, 307.304124, 
            307.056701, 305.984536, 307.056701, 303.345361, 
            305.737113, 300.706186, 304.417526, 299.386598, 
            303.097938, 298.067010, 303.097938, 296.747423, 
            303.097938, 294.108247, 303.097938, 288.829897, 
            303.097938, 286.190722, 303.097938, 282.231959, 
            303.097938, 280.912371, 303.097938, 275.634021, 
            303.097938, 267.716495, 303.097938, 266.396907, 
            303.097938, 261.118557, 305.737113, 258.479381, 
            307.056701, 243.963918, 311.015464, 234.726804, 
            313.654639, 220.211340, 320.252577, 213.613402, 
            321.572165, 200.417526, 328.170103, 195.139175, 
            329.489691, 193.819588, 330.809278, 188.541237, 
            333.448454, 183.262887, 334.768041, 181.943299, 
            334.768041, 175.345361, 337.407216, 171.386598, 
            338.726804, 166.108247, 341.365979, 159.510309, 
            344.005155, 158.190722, 344.005155, 152.912371, 
            346.644330, 143.675258, 350.603093, 142.355670, 
            351.922680, 134.438144, 359.840206, 131.798969, 
            361.159794, 123.881443, 367.757732, 106.726804, 
            380.953608, 97.489691, 390.190722, 92.211340, 
            394.149485, 85.613402, 404.706186, 80.335052, 
            409.984536, 75.056701, 415.262887, 69.778351, 
            419.221649, 67.139175, 421.860825, 60.541237, 
            427.139175, 56.582474, 432.417526, 53.943299, 
            433.737113, 52.623711, 435.056701, 47.345361, 
            440.335052, 44.706186, 442.974227, 42.067010, 
            448.252577, 38.108247, 452.211340, 36.788660, 
            454.850515, 35.469072, 456.170103, 34.149485, 
            460.128866, 31.510309, 466.726804, 28.871134, 
            469.365979, 28.871134, 470.685567, 30.190722, 
            470.685567, 31.510309, 470.685567, 34.149485, 
            472.005155, 36.788660, 473.324742, 40.747423, 
            474.644330, 43.386598, 475.963918, 51.304124, 
            481.242268, 53.943299, 483.881443, 60.541237, 
            489.159794, 65.819588, 494.438144, 75.056701, 
            501.036082, 77.695876, 503.675258, 77.695876, 
            504.994845, 79.015464, 506.314433, 80.335052, 
            506.314433, 81.654639, 507.634021, 84.293814, 
            510.273196, 89.572165, 514.231959, 93.530928, 
            515.551546, 93.530928, 516.871134, 96.170103, 
            516.871134, 97.489691, 518.190722, 100.128866, 
            520.829897, 100.128866, 523.469072, 100.128866, 
            526.108247, 100.128866, 528.747423, 100.128866, 
            531.386598, 100.128866, 532.706186, 100.128866, 
            534.025773, 100.128866, 535.345361, 101.448454, 
            535.345361, 101.448454, 534.025773, -1.000000, 
            -1.000000, 539.551546, 716.128866, 544.829897, 
            710.850515, 548.788660, 706.891753, 550.108247, 
            705.572165, 551.427835, 704.252577, 551.427835, 
            702.932990, 551.427835, 700.293814, 554.067010, 
            698.974227, 556.706186, 695.015464, 558.025773, 
            693.695876, 560.664948, 688.417526, 561.984536, 
            687.097938, 563.304124, 684.458763, 563.304124, 
            683.139175, 565.943299, 679.180412, 571.221649, 
            667.304124, 571.221649, 665.984536, 572.541237, 
            664.664948, 573.860825, 660.706186, 575.180412, 
            659.386598, 575.180412, 658.067010, 576.500000, 
            656.747423, 580.458763, 654.108247, 581.778351, 
            652.788660, 583.097938, 652.788660, 583.097938, 
            651.469072, 585.737113, 651.469072, 587.056701, 
            651.469072, 588.376289, 651.469072, 593.654639, 
            651.469072, 602.891753, 651.469072, 606.850515, 
            651.469072, 612.128866, 651.469072, 624.005155, 
            652.788660, 629.283505, 655.427835, 631.922680, 
            655.427835, 639.840206, 658.067010, 650.396907, 
            659.386598, 662.273196, 660.706186, 664.912371, 
            660.706186, 666.231959, 660.706186, 667.551546, 
            660.706186, 668.871134, 660.706186, 672.829897, 
            660.706186, 674.149485, 660.706186, 676.788660, 
            659.386598, 682.067010, 658.067010, 683.386598, 
            658.067010, 686.025773, 656.747423, 691.304124, 
            652.788660, 695.262887, 651.469072, 696.582474, 
            650.149485, 701.860825, 647.510309, 709.778351, 
            646.190722, 712.417526, 646.190722, 713.737113, 
            646.190722, 716.376289, 647.510309, 720.335052, 
            648.829897, 721.654639, 648.829897, 724.293814, 
            652.788660, 728.252577, 655.427835, 729.572165, 
