%YAML:1.0
    mask: !!opencv-matrix
        rows: 258
        cols: 2
        dt: f
        data: [ -1.000000, -1.000000, -1.000000, 
            -1.000000, 848.335052, 285.943299, 847.015464, 
            291.221649, 845.695876, 295.180412, 841.737113, 
            304.417526, 840.417526, 307.056701, 837.778351, 
            314.974227, 836.458763, 318.932990, 836.458763, 
            322.891753, 833.819588, 330.809278, 832.500000, 
            340.046392, 831.180412, 345.324742, 829.860825, 
            350.603093, 828.541237, 361.159794, 827.221649, 
            366.438144, 825.902062, 370.396907, 825.902062, 
            378.314433, 825.902062, 382.273196, 825.902062, 
            384.912371, 825.902062, 391.510309, 825.902062, 
            394.149485, 825.902062, 399.427835, 825.902062, 
            407.345361, 825.902062, 409.984536, 823.262887, 
            417.902062, 823.262887, 420.541237, 821.943299, 
            425.819588, 821.943299, 428.458763, 821.943299, 
            431.097938, 825.902062, 440.335052, 827.221649, 
            441.654639, 829.860825, 444.293814, 833.819588, 
            446.932990, 837.778351, 448.252577, 839.097938, 
            449.572165, 840.417526, 449.572165, 848.335052, 
            452.211340, 853.613402, 454.850515, 858.891753, 
            454.850515, 860.211340, 454.850515, 865.489691, 
            456.170103, 869.448454, 456.170103, 872.087629, 
            456.170103, 876.046392, 453.530928, 878.685567, 
            452.211340, 881.324742, 448.252577, 889.242268, 
            429.778351, 893.201031, 421.860825, 899.798969, 
            411.304124, 903.757732, 408.664948, 905.077320, 
            407.345361, 907.716495, 400.747423, 912.994845, 
            395.469072, 915.634021, 394.149485, 919.592784, 
            394.149485, 923.551546, 394.149485, 934.108247, 
            394.149485, 936.747423, 395.469072, 938.067010, 
            395.469072, 940.706186, 395.469072, 942.025773, 
            394.149485, 945.984536, 392.829897, 951.262887, 
            390.190722, 953.902062, 388.871134, 955.221649, 
            388.871134, 963.139175, 384.912371, 968.417526, 
            382.273196, 971.056701, 379.634021, 972.376289, 
            379.634021, 976.335052, 378.314433, 984.252577, 
            374.355670, 985.572165, 373.036082, 989.530928, 
            370.396907, 992.170103, 369.077320, 993.489691, 
            367.757732, 997.448454, 365.118557, 1001.407216, 
            359.840206, 1002.726804, 355.881443, 1004.046392, 
            353.242268, 1005.365979, 340.046392, 1005.365979, 
            336.087629, 1005.365979, 325.530928, 1004.046392, 
            318.932990, 1002.726804, 313.654639, 1000.087629, 
            311.015464, 998.768041, 309.695876, 993.489691, 
            308.376289, 986.891753, 305.737113, 978.974227, 
            299.139175, 973.695876, 296.500000, 961.819588, 
            292.541237, 955.221649, 289.902062, 948.623711, 
            287.262887, 938.067010, 283.304124, 930.149485, 
            278.025773, 927.510309, 278.025773, 924.871134, 
            276.706186, 920.912371, 275.386598, 909.036082, 
            270.108247, 897.159794, 266.149485, 893.201031, 
            264.829897, 890.561856, 264.829897, 883.963918, 
            264.829897, 877.365979, 264.829897, 876.046392, 
            266.149485, -1.000000, -1.000000, 130.479381, 
            388.871134, 125.201031, 391.510309, 122.561856, 
            392.829897, 119.922680, 395.469072, 112.005155, 
            400.747423, 108.046392, 402.067010, 104.087629, 
            404.706186, 97.489691, 408.664948, 92.211340, 
            409.984536, 88.252577, 412.623711, 84.293814, 
            415.262887, 79.015464, 416.582474, 75.056701, 
            419.221649, 72.417526, 420.541237, 69.778351, 
            423.180412, 63.180412, 429.778351, 60.541237, 
            432.417526, 55.262887, 439.015464, 52.623711, 
            441.654639, 51.304124, 444.293814, 48.664948, 
            446.932990, 48.664948, 448.252577, 47.345361, 
            450.891753, 44.706186, 454.850515, 42.067010, 
            457.489691, 39.427835, 464.087629, 39.427835, 
            466.726804, 35.469072, 473.324742, 32.829897, 
            477.283505, 32.829897, 481.242268, 30.190722, 
            487.840206, 28.871134, 490.479381, 28.871134, 
            491.798969, 24.912371, 499.716495, 23.592784, 
            503.675258, 23.592784, 506.314433, 23.592784, 
            510.273196, 23.592784, 514.231959, 23.592784, 
            518.190722, 23.592784, 522.149485, 23.592784, 
            530.067010, 23.592784, 532.706186, 24.912371, 
            534.025773, 26.231959, 544.582474, 28.871134, 
            548.541237, 31.510309, 553.819588, 32.829897, 
            559.097938, 38.108247, 565.695876, 40.747423, 
            569.654639, 43.386598, 573.613402, 49.984536, 
            578.891753, 52.623711, 580.211340, 55.262887, 
            581.530928, 56.582474, 582.850515, 57.902062, 
            584.170103, 59.221649, 585.489691, 60.541237, 
            586.809278, 60.541237, 588.128866, 61.860825, 
            589.448454, 64.500000, 592.087629, 65.819588, 
            593.407216, 68.458763, 593.407216, 72.417526, 
            593.407216, 76.376289, 593.407216, 80.335052, 
            593.407216, 82.974227, 593.407216, 84.293814, 
            592.087629, 84.293814, 590.768041, 85.613402, 
            590.768041, 85.613402, 588.128866, 85.613402, 
            584.170103, 85.613402, 580.211340, 85.613402, 
            574.932990, 80.335052, 563.056701, 79.015464, 
            560.417526, 79.015464, 559.097938, 77.695876, 
            555.139175, 77.695876, 553.819588, 77.695876, 
            551.180412, 81.654639, 548.541237, 85.613402, 
            548.541237, 96.170103, 556.458763, 100.128866, 
            560.417526, 101.448454, 563.056701, 104.087629, 
            565.695876, 105.407216, 567.015464, 112.005155, 
            569.654639, 115.963918, 572.293814, 121.242268, 
            573.613402, 125.201031, 573.613402, 131.798969, 
            574.932990, 135.757732, 574.932990, 137.077320, 
            574.932990, 138.396907, 574.932990, 139.716495, 
            574.932990, 142.355670, 574.932990, 143.675258, 
            574.932990, 147.634021, 574.932990, 151.592784, 
            572.293814, 158.190722, 567.015464, 159.510309, 
            564.376289, 160.829897, 563.056701, 162.149485, 
            560.417526, 164.788660, 559.097938, 168.747423, 
            557.778351, 170.067010, 556.458763, 170.067010, 
            555.139175, 172.706186, 552.500000, 176.664948, 
            544.582474, 177.984536, 540.623711, 181.943299, 
            534.025773, 184.582474, 527.427835, 185.902062, 
            524.788660, 188.541237, 514.231959, 188.541237, 
            511.592784, 189.860825, 507.634021, 195.139175, 
            497.077320, 203.056701, 483.881443, 205.695876, 
            475.963918, 208.335052, 472.005155, 208.335052, 
            469.365979, 210.974227, 462.768041, 212.293814, 
            460.128866, 213.613402, 456.170103, 216.252577, 
            452.211340, 217.572165, 448.252577, 217.572165, 
            446.932990, 217.572165, 444.293814, 217.572165, 
            441.654639, 217.572165, 440.335052, 213.613402, 
            429.778351, 210.974227, 425.819588, 208.335052, 
            421.860825, 207.015464, 419.221649, 204.376289, 
            415.262887, 201.737113, 412.623711, 201.737113, 
            411.304124, 199.097938, 407.345361, 197.778351, 
            404.706186, 193.819588, 399.427835, 192.500000, 
            396.788660, 189.860825, 395.469072, 184.582474, 
            391.510309, 183.262887, 391.510309, 177.984536, 
            390.190722, 175.345361, 388.871134, 168.747423, 
            387.551546, 163.469072, 386.231959, 162.149485, 
            386.231959, 160.829897, 384.912371, 159.510309, 
            384.912371]
