%YAML:1.0
    mask: !!opencv-matrix
        rows: 930
        cols: 2
        dt: f
        data: [ 3.057954, 714.520783, 4.081135, 
            714.520783, 7.150679, 714.520783, 11.243405, 
            714.520783, 12.266587, 714.520783, 19.428857, 
            714.520783, 25.567946, 716.567146, 27.614309, 
            716.567146, 30.683853, 716.567146, 31.707034, 
            716.567146, 35.799760, 716.567146, 38.869305, 
            717.590328, 39.892486, 718.613509, 43.985212, 
            719.636691, 45.008393, 719.636691, 93.097922, 
            718.613509, 96.167466, 716.567146, 97.190647, 
            716.567146, 100.260192, 715.543965, 102.306555, 
            712.474420, 103.329736, 712.474420, 106.399281, 
            709.404876, 108.445643, 708.381695, 112.538369, 
            704.288969, 116.631095, 700.196243, 120.723821, 
            696.103517, 123.793365, 694.057154, 123.793365, 
            693.033973, 130.955635, 687.918066, 133.001998, 
            685.871703, 135.048361, 684.848521, 139.141087, 
            680.755795, 141.187450, 679.732614, 143.233813, 
            676.663070, 145.280176, 674.616707, 146.303357, 
            674.616707, 148.349720, 673.593525, 148.349720, 
            672.570344, 152.442446, 670.523981, 155.511990, 
            668.477618, 157.558353, 667.454436, 159.604716, 
            666.431255, 161.651079, 664.384892, 163.697442, 
            662.338529, 164.720624, 662.338529, 167.790168, 
            659.268985, 170.859712, 657.222622, 172.906075, 
            655.176259, 174.952438, 652.106715, 176.998801, 
            648.013989, 178.021982, 645.967626, 179.045164, 
            643.921263, 179.045164, 642.898082, 179.045164, 
            641.874900, 179.045164, 640.851719, 179.045164, 
            637.782174, 179.045164, 633.689448, 178.021982, 
            632.666267, 178.021982, 628.573541, 175.975620, 
            625.503997, 174.952438, 622.434452, 173.929257, 
            619.364908, 170.859712, 615.272182, 169.836531, 
            613.225819, 168.813349, 613.225819, 167.790168, 
            612.202638, 166.766986, 611.179456, 164.720624, 
            609.133094, 162.674261, 607.086731, 159.604716, 
            605.040368, 154.488809, 601.970823, 151.419265, 
            599.924460, 149.372902, 598.901279, 146.303357, 
            597.878098, 143.233813, 597.878098, 142.210631, 
            596.854916, 139.141087, 595.831735, 137.094724, 
            594.808553, 136.071543, 593.785372, 133.001998, 
            593.785372, 131.978817, 592.762190, 129.932454, 
            592.762190, 127.886091, 592.762190, 126.862910, 
            592.762190, 120.723821, 591.739009, 119.700639, 
            591.739009, 115.607914, 590.715827, 110.492006, 
            589.692646, 106.399281, 589.692646, 105.376099, 
            589.692646, 101.283373, 588.669464, 99.237010, 
            588.669464, 96.167466, 586.623102, 94.121103, 
            586.623102, 92.074740, 586.623102, 91.051559, 
            586.623102, 90.028377, 585.599920, 87.982014, 
            584.576739, 86.958833, 584.576739, 86.958833, 
            583.553557, 86.958833, 582.530376, 86.958833, 
            580.484013, 87.982014, 580.484013, 90.028377, 
            578.437650, 91.051559, 578.437650, 95.144285, 
            576.391287, 97.190647, 575.368106, 98.213829, 
            575.368106, 102.306555, 575.368106, 106.399281, 
            575.368106, 107.422462, 575.368106, 113.561551, 
            575.368106, 119.700639, 575.368106, 123.793365, 
            575.368106, 127.886091, 575.368106, 130.955635, 
            575.368106, 134.025180, 575.368106, 137.094724, 
            575.368106, 139.141087, 575.368106, 140.164269, 
            575.368106, 143.233813, 575.368106, 145.280176, 
            575.368106, 149.372902, 575.368106, 152.442446, 
            576.391287, 156.535172, 577.414468, 159.604716, 
            577.414468, 163.697442, 578.437650, 165.743805, 
            578.437650, 167.790168, 578.437650, 169.836531, 
            578.437650, 171.882894, 578.437650, 172.906075, 
            578.437650, 173.929257, 577.414468, 175.975620, 
            577.414468, 179.045164, 577.414468, 180.068345, 
            577.414468, 181.091527, 577.414468, 182.114708, 
            577.414468, 183.137890, 577.414468, 185.184253, 
            577.414468, 186.207434, 577.414468, 187.230616, 
            576.391287, 188.253797, 576.391287, 191.323341, 
            575.368106, 192.346523, 574.344924, 193.369704, 
            572.298561, 193.369704, 571.275380, 194.392886, 
            570.252198, 195.416067, 567.182654, 196.439249, 
            566.159472, 197.462430, 563.089928, 197.462430, 
            561.043565, 197.462430, 558.997202, 197.462430, 
            556.950839, 197.462430, 553.881295, 196.439249, 
            549.788569, 194.392886, 543.649480, 193.369704, 
            537.510392, 193.369704, 536.487210, 191.323341, 
            529.324940, 191.323341, 526.255396, 190.300160, 
            525.232214, 190.300160, 522.162670, 190.300160, 
            519.093125, 190.300160, 517.046763, 189.276978, 
            515.000400, 187.230616, 509.884492, 186.207434, 
            507.838129, 184.161071, 504.768585, 183.137890, 
            503.745404, 181.091527, 501.699041, 179.045164, 
            499.652678, 175.975620, 497.606315, 172.906075, 
            493.513589, 169.836531, 491.467226, 164.720624, 
            486.351319, 161.651079, 483.281775, 157.558353, 
            480.212230, 157.558353, 479.189049, 154.488809, 
            477.142686, 150.396083, 474.073141, 150.396083, 
            473.049960, 148.349720, 472.026779, 144.256994, 
            469.980416, 142.210631, 468.957234, 140.164269, 
            466.910871, 138.117906, 465.887690, 136.071543, 
            464.864508, 134.025180, 464.864508, 130.955635, 
            463.841327, 129.932454, 462.818145, 126.862910, 
            461.794964, 123.793365, 459.748601, 120.723821, 
            458.725420, 116.631095, 456.679057, 113.561551, 
            455.655875, 110.492006, 454.632694, 107.422462, 
            453.609512, 106.399281, 452.586331, 103.329736, 
            452.586331, 102.306555, 452.586331, 100.260192, 
            451.563149, 97.190647, 451.563149, 96.167466, 
            450.539968, 94.121103, 450.539968, 92.074740, 
            450.539968, 89.005196, 450.539968, 86.958833, 
            450.539968, 83.889289, 450.539968, 79.796563, 
            450.539968, 75.703837, 450.539968, 73.657474, 
            449.516787, 72.634293, 449.516787, 69.564748, 
            448.493605, 67.518385, 448.493605, 65.472022, 
            448.493605, 64.448841, 448.493605, 62.402478, 
            448.493605, 59.332934, 448.493605, 57.286571, 
            448.493605, 56.263389, 448.493605, 51.147482, 
            448.493605, 47.054756, 448.493605, 45.008393, 
            449.516787, 39.892486, 449.516787, 34.776579, 
            449.516787, 32.730216, 449.516787, 29.660671, 
            449.516787, 27.614309, 449.516787, 26.591127, 
            449.516787, 25.567946, 449.516787, 22.498401, 
            449.516787, 20.452038, 449.516787, 18.405675, 
            449.516787, 17.382494, 449.516787, 16.359313, 
            449.516787, 15.336131, 449.516787, 14.312950, 
            449.516787, 12.266587, 449.516787, 11.243405, 
            449.516787, 9.197042, 449.516787, 8.173861, 
            449.516787, 7.150679, 449.516787, 6.127498, 
            449.516787, 5.104317, 448.493605, 4.081135, 
            448.493605, 3.057954, 447.470424, 2.034772, 
            447.470424, -1.000000, -1.000000, 961.778977, 
            655.176259, 960.755795, 656.199440, 959.732614, 
            657.222622, 956.663070, 662.338529, 954.616707, 
            663.361711, 953.593525, 664.384892, 951.547162, 
            665.408074, 950.523981, 666.431255, 948.477618, 
            668.477618, 941.315348, 671.547162, 937.222622, 
            673.593525, 935.176259, 675.639888, 931.083533, 
