%YAML:1.0
    mask: !!opencv-matrix
        rows: 1273
        cols: 2
        dt: f
        data: [ 335.108696, 608.152174, 336.500000, 
            608.152174, 337.891304, 606.760870, 339.282609, 
            605.369565, 340.673913, 605.369565, 340.673913, 
            603.978261, 343.456522, 603.978261, 344.847826, 
            602.586957, 346.239130, 601.195652, 347.630435, 
            601.195652, 347.630435, 599.804348, 349.021739, 
            599.804348, 350.413043, 598.413043, 351.804348, 
            598.413043, 353.195652, 597.021739, 354.586957, 
            597.021739, 354.586957, 595.630435, 355.978261, 
            595.630435, 357.369565, 595.630435, 358.760870, 
            595.630435, 360.152174, 594.239130, 361.543478, 
            594.239130, 362.934783, 594.239130, 365.717391, 
            594.239130, 367.108696, 594.239130, 369.891304, 
            592.847826, 371.282609, 592.847826, 374.065217, 
            591.456522, 375.456522, 591.456522, 378.239130, 
            590.065217, 379.630435, 588.673913, 381.021739, 
            587.282609, 382.413043, 585.891304, 383.804348, 
            585.891304, 386.586957, 584.500000, 387.978261, 
            584.500000, 389.369565, 583.108696, 390.760870, 
            583.108696, 392.152174, 583.108696, 394.934783, 
            581.717391, 399.108696, 578.934783, 400.500000, 
            578.934783, 401.891304, 578.934783, 403.282609, 
            578.934783, 404.673913, 578.934783, 406.065217, 
            578.934783, 408.847826, 578.934783, 410.239130, 
            578.934783, 411.630435, 578.934783, 413.021739, 
            578.934783, 414.413043, 578.934783, 415.804348, 
            580.326087, 418.586957, 581.717391, 418.586957, 
            583.108696, 418.586957, 585.891304, 421.369565, 
            588.673913, 422.760870, 590.065217, 422.760870, 
            591.456522, 424.152174, 591.456522, 424.152174, 
            592.847826, 425.543478, 592.847826, 426.934783, 
            595.630435, 428.326087, 597.021739, 431.108696, 
            599.804348, 431.108696, 601.195652, 432.500000, 
            601.195652, 432.500000, 602.586957, 432.500000, 
            603.978261, 433.891304, 605.369565, 433.891304, 
            606.760870, 433.891304, 608.152174, 433.891304, 
            609.543478, 433.891304, 610.934783, 433.891304, 
            612.326087, 433.891304, 613.717391, 433.891304, 
            615.108696, 433.891304, 616.500000, 432.500000, 
            617.891304, 432.500000, 619.282609, 432.500000, 
            620.673913, 432.500000, 622.065217, 431.108696, 
            624.847826, 429.717391, 624.847826, 428.326087, 
            627.630435, 426.934783, 629.021739, 425.543478, 
            630.413043, 425.543478, 631.804348, 424.152174, 
            633.195652, 422.760870, 634.586957, 422.760870, 
            635.978261, 421.369565, 637.369565, 421.369565, 
            638.760870, 421.369565, 640.152174, 421.369565, 
            641.543478, 419.978261, 642.934783, 419.978261, 
            644.326087, 418.586957, 645.717391, 417.195652, 
            647.108696, 415.804348, 648.500000, 415.804348, 
            649.891304, 414.413043, 651.282609, 413.021739, 
            655.456522, 413.021739, 656.847826, 410.239130, 
            659.630435, 410.239130, 661.021739, 408.847826, 
            663.804348, 407.456522, 666.586957, 407.456522, 
            667.978261, 407.456522, 669.369565, 406.065217, 
            672.152174, 404.673913, 673.543478, 403.282609, 
            674.934783, 403.282609, 676.326087, 401.891304, 
            676.326087, 401.891304, 677.717391, 401.891304, 
            679.108696, 400.500000, 680.500000, 399.108696, 
            683.282609, 399.108696, 684.673913, 397.717391, 
            686.065217, 397.717391, 687.456522, 396.326087, 
            690.239130, 393.543478, 693.021739, 390.760870, 
            697.195652, 387.978261, 699.978261, 387.978261, 
            701.369565, 383.804348, 705.543478, 381.021739, 
            709.717391, 379.630435, 712.500000, 375.456522, 
            718.065217, 212.673913, 719.456522, 212.673913, 
            718.065217, 212.673913, 716.673913, 212.673913, 
            715.282609, 212.673913, 713.891304, -1.000000, 
            -1.000000, 752.500000, 719.456522, 752.500000, 
            718.065217, 751.108696, 715.282609, 751.108696, 
            711.108696, 751.108696, 709.717391, 751.108696, 
            708.326087, 751.108696, 706.934783, 749.717391, 
            706.934783, 748.326087, 705.543478, 748.326087, 
            704.152174, 748.326087, 702.760870, 746.934783, 
            701.369565, 746.934783, 699.978261, 746.934783, 
            698.586957, 745.543478, 697.195652, 744.152174, 
            697.195652, 744.152174, 695.804348, 744.152174, 
            694.413043, 744.152174, 693.021739, 742.760870, 
            691.630435, 742.760870, 690.239130, 741.369565, 
            686.065217, 739.978261, 686.065217, 739.978261, 
            684.673913, 739.978261, 683.282609, 739.978261, 
            681.891304, 738.586957, 680.500000, 738.586957, 
            679.108696, 738.586957, 677.717391, 738.586957, 
            676.326087, 735.804348, 673.543478, 735.804348, 
            670.760870, 735.804348, 669.369565, 734.413043, 
            667.978261, 734.413043, 666.586957, 734.413043, 
            665.195652, 734.413043, 663.804348, 733.021739, 
            661.021739, 731.630435, 659.630435, 731.630435, 
            656.847826, 731.630435, 655.456522, 730.239130, 
            652.673913, 730.239130, 651.282609, 730.239130, 
            648.500000, 727.456522, 647.108696, 727.456522, 
            645.717391, 727.456522, 644.326087, 727.456522, 
            642.934783, 727.456522, 640.152174, 727.456522, 
            638.760870, 727.456522, 635.978261, 727.456522, 
            634.586957, 727.456522, 633.195652, 727.456522, 
            631.804348, 727.456522, 630.413043, 727.456522, 
            629.021739, 727.456522, 627.630435, 727.456522, 
            626.239130, 727.456522, 624.847826, 727.456522, 
            623.456522, 727.456522, 622.065217, 730.239130, 
            622.065217, 731.630435, 622.065217, 734.413043, 
            622.065217, 735.804348, 622.065217, 737.195652, 
            622.065217, 738.586957, 622.065217, 741.369565, 
            622.065217, 742.760870, 622.065217, 744.152174, 
            622.065217, 745.543478, 623.456522, 746.934783, 
            623.456522, 748.326087, 624.847826, 749.717391, 
            624.847826, 752.500000, 624.847826, 753.891304, 
            623.456522, 755.282609, 619.282609, 756.673913, 
            617.891304, 756.673913, 615.108696, 758.065217, 
            612.326087, 758.065217, 610.934783, 759.456522, 
            609.543478, 759.456522, 608.152174, 760.847826, 
            608.152174, 760.847826, 606.760870, 760.847826, 
            605.369565, 760.847826, 603.978261, 763.630435, 
            603.978261, 765.021739, 603.978261, 766.413043, 
            603.978261, 767.804348, 603.978261, 769.195652, 
            603.978261, 770.586957, 603.978261, 771.978261, 
            603.978261, 773.369565, 605.369565, 774.760870, 
            606.760870, 776.152174, 609.543478, 777.543478, 
            609.543478, 777.543478, 610.934783, 778.934783, 
            612.326087, 778.934783, 613.717391, 780.326087, 
            615.108696, 780.326087, 616.500000, 780.326087, 
            617.891304, 781.717391, 619.282609, 781.717391, 
            620.673913, 781.717391, 622.065217, 781.717391, 
            623.456522, 781.717391, 624.847826, 783.108696, 
            624.847826, 784.500000, 627.630435, 785.891304, 
            627.630435, 787.282609, 627.630435, 788.673913, 
            627.630435, 790.065217, 627.630435, 791.456522, 
            626.239130, 792.847826, 626.239130, 794.239130, 
            624.847826, 795.630435, 624.847826, 797.021739, 
            624.847826, 798.413043, 624.847826, 799.804348, 
