%YAML:1.0
    mask: !!opencv-matrix
        rows: 310
        cols: 2
        dt: f
        data: [ 101.448454, 718.768041, 101.448454, 
            712.170103, 102.768041, 710.850515, 104.087629, 
            709.530928, 105.407216, 709.530928, 108.046392, 
            708.211340, 109.365979, 706.891753, 112.005155, 
            705.572165, 114.644330, 705.572165, 115.963918, 
            705.572165, 118.603093, 704.252577, 122.561856, 
            704.252577, 125.201031, 704.252577, 127.840206, 
            704.252577, 130.479381, 704.252577, 131.798969, 
            704.252577, 133.118557, 705.572165, 135.757732, 
            705.572165, 137.077320, 706.891753, 142.355670, 
            708.211340, 146.314433, 709.530928, 147.634021, 
            709.530928, 151.592784, 710.850515, 152.912371, 
            710.850515, 156.871134, 712.170103, 159.510309, 
            712.170103, 164.788660, 712.170103, 167.427835, 
            712.170103, 171.386598, 713.489691, 174.025773, 
            713.489691, 177.984536, 713.489691, 180.623711, 
            713.489691, 185.902062, 713.489691, 191.180412, 
            713.489691, 193.819588, 713.489691, 196.458763, 
            713.489691, 200.417526, 713.489691, 207.015464, 
            713.489691, 213.613402, 713.489691, 217.572165, 
            712.170103, 221.530928, 712.170103, 230.768041, 
            710.850515, 234.726804, 710.850515, 236.046392, 
            709.530928, 238.685567, 709.530928, 247.922680, 
            708.211340, 249.242268, 708.211340, 251.881443, 
            708.211340, 257.159794, 706.891753, 258.479381, 
            706.891753, 261.118557, 706.891753, 263.757732, 
            706.891753, 265.077320, 706.891753, 270.355670, 
            706.891753, 275.634021, 706.891753, 276.953608, 
            706.891753, 278.273196, 706.891753, 279.592784, 
            706.891753, 280.912371, 706.891753, 282.231959, 
            708.211340, 282.231959, 709.530928, 284.871134, 
            714.809278, 284.871134, 717.448454, -1.000000, 
            -1.000000, -1.000000, -1.000000, 833.819588, 
            219.963918, 827.221649, 221.283505, 820.623711, 
            223.922680, 808.747423, 227.881443, 800.829897, 
            229.201031, 798.190722, 230.520619, 798.190722, 
            231.840206, 798.190722, 233.159794, 796.871134, 
            233.159794, 795.551546, 234.479381, 794.231959, 
            234.479381, 792.912371, 235.798969, 790.273196, 
            237.118557, 787.634021, 238.438144, 786.314433, 
            239.757732, 786.314433, 241.077320, 784.994845, 
            243.716495, 784.994845, 246.355670, 783.675258, 
            246.355670, 782.355670, 248.994845, 779.716495, 
            251.634021, 777.077320, 254.273196, 775.757732, 
            255.592784, 774.438144, 256.912371, 771.798969, 
            260.871134, 770.479381, 263.510309, 769.159794, 
            266.149485, 767.840206, 268.788660, 763.881443, 
            272.747423, 762.561856, 275.386598, 759.922680, 
            280.664948, 759.922680, 281.984536, 758.603093, 
            283.304124, 757.283505, 285.943299, 757.283505, 
            287.262887, 755.963918, 288.582474, 754.644330, 
            292.541237, 753.324742, 293.860825, 753.324742, 
            296.500000, 753.324742, 297.819588, 752.005155, 
            299.139175, 752.005155, 300.458763, 752.005155, 
            301.778351, 752.005155, 303.097938, 755.963918, 
            307.056701, 757.283505, 308.376289, 759.922680, 
            309.695876, 759.922680, 311.015464, 765.201031, 
            313.654639, 766.520619, 313.654639, 766.520619, 
            314.974227, 777.077320, 320.252577, 783.675258, 
            325.530928, 787.634021, 325.530928, 791.592784, 
            326.850515, 799.510309, 330.809278, 810.067010, 
            336.087629, 811.386598, 337.407216, 814.025773, 
            338.726804, 820.623711, 341.365979, 824.582474, 
            341.365979, 824.582474, 342.685567, 827.221649, 
            344.005155, 828.541237, 344.005155, 833.819588, 
            345.324742, 835.139175, 345.324742, 836.458763, 
            345.324742, 849.654639, 344.005155, 852.293814, 
            344.005155, 853.613402, 344.005155, 857.572165, 
            342.685567, 858.891753, 342.685567, 865.489691, 
            340.046392, 869.448454, 340.046392, 870.768041, 
            340.046392, 870.768041, 338.726804, 872.087629, 
            338.726804, 873.407216, 334.768041, 876.046392, 
            333.448454, 876.046392, 332.128866, 878.685567, 
            326.850515, 881.324742, 325.530928, 881.324742, 
            324.211340, 883.963918, 321.572165, 883.963918, 
            317.613402, 885.283505, 314.974227, 886.603093, 
            312.335052, 889.242268, 308.376289, 893.201031, 
            300.458763, 893.201031, 297.819588, 895.840206, 
            293.860825, 897.159794, 288.582474, 897.159794, 
            285.943299, 897.159794, 284.623711, 897.159794, 
            279.345361, 897.159794, 274.067010, 897.159794, 
            268.788660, 897.159794, 267.469072, 897.159794, 
            264.829897, 897.159794, 263.510309, 897.159794, 
            262.190722, 895.840206, 254.273196, 894.520619, 
            250.314433, 894.520619, 246.355670, 893.201031, 
            245.036082, 891.881443, 242.396907, 890.561856, 
            239.757732, 889.242268, 237.118557, 886.603093, 
            235.798969, 883.963918, 231.840206, 880.005155, 
            227.881443, 878.685567, 226.561856, 877.365979, 
            225.242268, -1.000000, -1.000000, 408.912371, 
            238.438144, 410.231959, 243.716495, 410.231959, 
            245.036082, 410.231959, 248.994845, 410.231959, 
            250.314433, 411.551546, 252.953608, 411.551546, 
            256.912371, 412.871134, 262.190722, 412.871134, 
            264.829897, 412.871134, 266.149485, 414.190722, 
            268.788660, 415.510309, 276.706186, 415.510309, 
            278.025773, 415.510309, 279.345361, 416.829897, 
            283.304124, 416.829897, 285.943299, 418.149485, 
            288.582474, 419.469072, 291.221649, 419.469072, 
            292.541237, 420.788660, 296.500000, 422.108247, 
            297.819588, 422.108247, 299.139175, 422.108247, 
            300.458763, 423.427835, 303.097938, 426.067010, 
            305.737113, 428.706186, 307.056701, 431.345361, 
            309.695876, 435.304124, 311.015464, 439.262887, 
            311.015464, 443.221649, 312.335052, 445.860825, 
            313.654639, 456.417526, 314.974227, 464.335052, 
            316.293814, 466.974227, 317.613402, 468.293814, 
            317.613402, 470.932990, 317.613402, 472.252577, 
            317.613402, 473.572165, 317.613402, 474.891753, 
            317.613402, 476.211340, 317.613402, 477.530928, 
            316.293814, 478.850515, 312.335052, 478.850515, 
            308.376289, 480.170103, 303.097938, 480.170103, 
            301.778351, 482.809278, 299.139175, 484.128866, 
            297.819588, 485.448454, 297.819588, 486.768041, 
            297.819588, 488.087629, 297.819588, 489.407216, 
            297.819588, 492.046392, 300.458763, 494.685567, 
            303.097938, 494.685567, 304.417526, 494.685567, 
            305.737113, 496.005155, 307.056701, 498.644330, 
            312.335052, 499.963918, 313.654639, 501.283505, 
            313.654639, 501.283505, 314.974227, 502.603093, 
            314.974227, 502.603093, 316.293814, 503.922680, 
            316.293814, 505.242268, 316.293814, 507.881443, 
            316.293814, 514.479381, 316.293814, 522.396907, 
            313.654639, 523.716495, 312.335052, 528.994845, 
            311.015464, 531.634021, 308.376289, 536.912371, 
            305.737113, 539.551546, 304.417526, 542.190722, 
            304.417526, 546.149485, 301.778351, 547.469072, 
            301.778351, 550.108247, 300.458763, 554.067010, 
            300.458763, 559.345361, 297.819588, 561.984536, 
            296.500000, 563.304124, 296.500000, 563.304124, 
