%YAML:1.0
    mask: !!opencv-matrix
        rows: 1281
        cols: 2
        dt: f
        data: [ 235.320144, 717.590328, 236.343325, 
            716.567146, 238.389688, 713.497602, 241.459233, 
            710.428058, 244.528777, 706.335332, 248.621503, 
            704.288969, 248.621503, 703.265787, 253.737410, 
            700.196243, 256.806954, 699.173062, 257.830136, 
            698.149880, 258.853317, 697.126699, 260.899680, 
            697.126699, 264.992406, 695.080336, 269.085132, 
            695.080336, 272.154676, 695.080336, 273.177858, 
            695.080336, 277.270584, 694.057154, 280.340128, 
            693.033973, 283.409672, 693.033973, 284.432854, 
            693.033973, 286.479217, 693.033973, 287.502398, 
            693.033973, 289.548761, 693.033973, 291.595124, 
            693.033973, 294.664668, 693.033973, 297.734213, 
            693.033973, 298.757394, 693.033973, 299.780576, 
            692.010791, 302.850120, 692.010791, 306.942846, 
            690.987610, 307.966027, 690.987610, 311.035572, 
            689.964428, 316.151479, 689.964428, 317.174660, 
            688.941247, 318.197842, 688.941247, 320.244205, 
            688.941247, 322.290568, 687.918066, 323.313749, 
            687.918066, 324.336930, 686.894884, 325.360112, 
            686.894884, 325.360112, 685.871703, 325.360112, 
            684.848521, 325.360112, 683.825340, 326.383293, 
            682.802158, 326.383293, 681.778977, 326.383293, 
            680.755795, 328.429656, 678.709432, 328.429656, 
            676.663070, 329.452838, 674.616707, 330.476019, 
            672.570344, 330.476019, 671.547162, 330.476019, 
            670.523981, 330.476019, 669.500799, 329.452838, 
            669.500799, 327.406475, 669.500799, 326.383293, 
            669.500799, 325.360112, 668.477618, 324.336930, 
            667.454436, 323.313749, 667.454436, 321.267386, 
            667.454436, 320.244205, 665.408074, 319.221023, 
            665.408074, 318.197842, 665.408074, 317.174660, 
            665.408074, 317.174660, 663.361711, 319.221023, 
            663.361711, 321.267386, 662.338529, 323.313749, 
            661.315348, 325.360112, 660.292166, 326.383293, 
            659.268985, 327.406475, 657.222622, 327.406475, 
            656.199440, 327.406475, 655.176259, 327.406475, 
            653.129896, 327.406475, 652.106715, 327.406475, 
            651.083533, 327.406475, 649.037170, 327.406475, 
            648.013989, 327.406475, 646.990807, 327.406475, 
            645.967626, 327.406475, 644.944444, 327.406475, 
            643.921263, 326.383293, 642.898082, 326.383293, 
            641.874900, 326.383293, 640.851719, 325.360112, 
            640.851719, 324.336930, 639.828537, 323.313749, 
            636.758993, 322.290568, 634.712630, 321.267386, 
            633.689448, 320.244205, 631.643086, 319.221023, 
            631.643086, 318.197842, 631.643086, 317.174660, 
            631.643086, 316.151479, 631.643086, 313.081934, 
            631.643086, 312.058753, 631.643086, 311.035572, 
            631.643086, 308.989209, 631.643086, 307.966027, 
            631.643086, 305.919664, 630.619904, 303.873301, 
            630.619904, 302.850120, 630.619904, 300.803757, 
            629.596723, 297.734213, 628.573541, 296.711031, 
            627.550360, 295.687850, 627.550360, 292.618305, 
            627.550360, 290.571942, 626.527178, 289.548761, 
            626.527178, 288.525580, 626.527178, 287.502398, 
            626.527178, 286.479217, 626.527178, 285.456035, 
            625.503997, 285.456035, 624.480815, 284.432854, 
            623.457634, 284.432854, 622.434452, 283.409672, 
            621.411271, 283.409672, 620.388090, 282.386491, 
            620.388090, 282.386491, 619.364908, 281.363309, 
            618.341727, 280.340128, 618.341727, 279.316946, 
            618.341727, 277.270584, 618.341727, 275.224221, 
            617.318545, 274.201039, 617.318545, 273.177858, 
            617.318545, 272.154676, 617.318545, 271.131495, 
            617.318545, 270.108313, 617.318545, 269.085132, 
            617.318545, 268.061950, 617.318545, 267.038769, 
            617.318545, 264.992406, 617.318545, 263.969225, 
            617.318545, 262.946043, 617.318545, 260.899680, 
            617.318545, 258.853317, 617.318545, 256.806954, 
            617.318545, 254.760592, 617.318545, 253.737410, 
            617.318545, 244.528777, 617.318545, 238.389688, 
            617.318545, 236.343325, 617.318545, 233.273781, 
            617.318545, 231.227418, 617.318545, 230.204237, 
            617.318545, 229.181055, 617.318545, 227.134692, 
            617.318545, 226.111511, 618.341727, 225.088329, 
            619.364908, 223.041966, 619.364908, 222.018785, 
            620.388090, 219.972422, 621.411271, 218.949241, 
            621.411271, 215.879696, 622.434452, 214.856515, 
            623.457634, 213.833333, 623.457634, 211.786970, 
            624.480815, 208.717426, 624.480815, 208.717426, 
            625.503997, 206.671063, 625.503997, 205.647882, 
            625.503997, 203.601519, 625.503997, 201.555156, 
            625.503997, 197.462430, 625.503997, 195.416067, 
            625.503997, 192.346523, 625.503997, 191.323341, 
            625.503997, 190.300160, 625.503997, 189.276978, 
            625.503997, 188.253797, 625.503997, 187.230616, 
            625.503997, 186.207434, 626.527178, 184.161071, 
            627.550360, 180.068345, 628.573541, 178.021982, 
            628.573541, 174.952438, 628.573541, 170.859712, 
            628.573541, 168.813349, 628.573541, 167.790168, 
            628.573541, 161.651079, 628.573541, 158.581535, 
            628.573541, 155.511990, 628.573541, 152.442446, 
            628.573541, 151.419265, 628.573541, 150.396083, 
            628.573541, 147.326539, 628.573541, 145.280176, 
            628.573541, 144.256994, 628.573541, 143.233813, 
            628.573541, 141.187450, 628.573541, 140.164269, 
            629.596723, 137.094724, 630.619904, 136.071543, 
            631.643086, 133.001998, 632.666267, 131.978817, 
            633.689448, 130.955635, 633.689448, 127.886091, 
            634.712630, 127.886091, 635.735811, 125.839728, 
            636.758993, 124.816547, 637.782174, 123.793365, 
            638.805356, 122.770184, 640.851719, 121.747002, 
            641.874900, 120.723821, 642.898082, 120.723821, 
            643.921263, 118.677458, 645.967626, 116.631095, 
            648.013989, 115.607914, 649.037170, 112.538369, 
            651.083533, 111.515188, 653.129896, 109.468825, 
            654.153078, 107.422462, 656.199440, 106.399281, 
            658.245803, 105.376099, 659.268985, 105.376099, 
            661.315348, 104.352918, 661.315348, 104.352918, 
            663.361711, 103.329736, 664.384892, 102.306555, 
            666.431255, 101.283373, 666.431255, 100.260192, 
            668.477618, 100.260192, 669.500799, 99.237010, 
            672.570344, 98.213829, 674.616707, 97.190647, 
            675.639888, 95.144285, 677.686251, 93.097922, 
            680.755795, 93.097922, 681.778977, 93.097922, 
            682.802158, 93.097922, 683.825340, 92.074740, 
            686.894884, 92.074740, 689.964428, 90.028377, 
            693.033973, 89.005196, 696.103517, 89.005196, 
            698.149880, 87.982014, 700.196243, 87.982014, 
            701.219424, 86.958833, 703.265787, 85.935651, 
            706.335332, 85.935651, 707.358513, 83.889289, 
            710.428058, 81.842926, 714.520783, 80.819744, 
            716.567146, 79.796563, 717.590328, 79.796563, 
            718.613509, -1.000000, -1.000000, 978.149880, 
            715.543965, 978.149880, 714.520783, 978.149880, 
            713.497602, 977.126699, 711.451239, 975.080336, 
            708.381695, 973.033973, 703.265787, 970.987610, 
            700.196243, 970.987610, 698.149880, 968.941247, 
            695.080336, 967.918066, 692.010791, 967.918066, 
