%YAML:1.0
    mask: !!opencv-matrix
        rows: 1129
        cols: 2
        dt: f
        data: [ 303.108696, 716.673913, 305.891304, 
            716.673913, 307.282609, 713.891304, 308.673913, 
            712.500000, 310.065217, 711.108696, 311.456522, 
            711.108696, 311.456522, 709.717391, 312.847826, 
            708.326087, 314.239130, 708.326087, 318.413043, 
            704.152174, 321.195652, 701.369565, 323.978261, 
            699.978261, 325.369565, 699.978261, 326.760870, 
            698.586957, 328.152174, 698.586957, 329.543478, 
            698.586957, 330.934783, 698.586957, 330.934783, 
            701.369565, 332.326087, 704.152174, 332.326087, 
            705.543478, 332.326087, 706.934783, 332.326087, 
            709.717391, 333.717391, 712.500000, 333.717391, 
            713.891304, 333.717391, 716.673913, 333.717391, 
            718.065217, 335.108696, 719.456522, 336.500000, 
            719.456522, -1.000000, -1.000000, 879.108696, 
            718.065217, 880.500000, 719.456522, 883.282609, 
            719.456522, 884.673913, 718.065217, 886.065217, 
            718.065217, 886.065217, 716.673913, 887.456522, 
            716.673913, 888.847826, 715.282609, 890.239130, 
            715.282609, 891.630435, 715.282609, 893.021739, 
            713.891304, 893.021739, 712.500000, 894.413043, 
            712.500000, 897.195652, 711.108696, 897.195652, 
            709.717391, 898.586957, 709.717391, 902.760870, 
            708.326087, 911.108696, 708.326087, 919.456522, 
            706.934783, 922.239130, 705.543478, 926.413043, 
            705.543478, 929.195652, 704.152174, 930.586957, 
            704.152174, 933.369565, 704.152174, 934.760870, 
            704.152174, 937.543478, 702.760870, 940.326087, 
            702.760870, 943.108696, 702.760870, 945.891304, 
            701.369565, 948.673913, 701.369565, 950.065217, 
            701.369565, 952.847826, 699.978261, 955.630435, 
            699.978261, 957.021739, 699.978261, 958.413043, 
            699.978261, 959.804348, 699.978261, 963.978261, 
            699.978261, 966.760870, 697.195652, 968.152174, 
            697.195652, 969.543478, 697.195652, 972.326087, 
            697.195652, 973.717391, 697.195652, 975.108696, 
            697.195652, 976.500000, 697.195652, 977.891304, 
            698.586957, 979.282609, 698.586957, 980.673913, 
            698.586957, 982.065217, 698.586957, 983.456522, 
            698.586957, 984.847826, 698.586957, 986.239130, 
            698.586957, 987.630435, 698.586957, 987.630435, 
            699.978261, 989.021739, 699.978261, 990.413043, 
            699.978261, 991.804348, 701.369565, 993.195652, 
            702.760870, 994.586957, 705.543478, 995.978261, 
            705.543478, 995.978261, 706.934783, 997.369565, 
            708.326087, 998.760870, 709.717391, 1000.152174, 
            709.717391, 1000.152174, 711.108696, 1001.543478, 
            711.108696, 1001.543478, 712.500000, 1002.934783, 
            713.891304, -1.000000, -1.000000, 813.717391, 
            339.630435, 813.717391, 341.021739, 813.717391, 
            342.413043, 810.934783, 343.804348, 810.934783, 
            345.195652, 809.543478, 347.978261, 809.543478, 
            349.369565, 806.760870, 350.760870, 806.760870, 
            352.152174, 806.760870, 353.543478, 805.369565, 
            354.934783, 805.369565, 356.326087, 805.369565, 
            357.717391, 803.978261, 359.108696, 802.586957, 
            359.108696, 802.586957, 360.500000, 801.195652, 
            361.891304, 799.804348, 361.891304, 798.413043, 
            361.891304, 795.630435, 363.282609, 794.239130, 
            363.282609, 792.847826, 364.673913, 791.456522, 
            364.673913, 790.065217, 364.673913, 790.065217, 
            366.065217, 787.282609, 366.065217, 785.891304, 
            366.065217, 783.108696, 366.065217, 781.717391, 
            366.065217, 781.717391, 367.456522, 778.934783, 
            367.456522, 777.543478, 367.456522, 776.152174, 
            368.847826, 774.760870, 368.847826, 773.369565, 
            370.239130, 770.586957, 371.630435, 769.195652, 
            371.630435, 766.413043, 371.630435, 765.021739, 
            373.021739, 763.630435, 374.413043, 760.847826, 
            375.804348, 760.847826, 377.195652, 759.456522, 
            378.586957, 758.065217, 378.586957, 758.065217, 
            379.978261, 755.282609, 381.369565, 753.891304, 
            382.760870, 752.500000, 382.760870, 751.108696, 
            384.152174, 748.326087, 385.543478, 745.543478, 
            386.934783, 744.152174, 388.326087, 741.369565, 
            388.326087, 739.978261, 389.717391, 738.586957, 
            389.717391, 737.195652, 391.108696, 735.804348, 
            392.500000, 735.804348, 393.891304, 734.413043, 
            395.282609, 733.021739, 396.673913, 733.021739, 
            398.065217, 731.630435, 398.065217, 731.630435, 
            399.456522, 730.239130, 399.456522, 730.239130, 
            400.847826, 727.456522, 402.239130, 726.065217, 
            403.630435, 724.673913, 403.630435, 723.282609, 
            405.021739, 721.891304, 406.413043, 720.500000, 
            406.413043, 719.108696, 407.804348, 717.717391, 
            407.804348, 716.326087, 409.195652, 716.326087, 
            410.586957, 716.326087, 411.978261, 714.934783, 
            411.978261, 714.934783, 413.369565, 713.543478, 
            414.760870, 713.543478, 416.152174, 712.152174, 
            417.543478, 712.152174, 418.934783, 712.152174, 
            420.326087, 712.152174, 421.717391, 712.152174, 
            423.108696, 712.152174, 424.500000, 712.152174, 
            425.891304, 712.152174, 427.282609, 712.152174, 
            428.673913, 712.152174, 430.065217, 712.152174, 
            431.456522, 713.543478, 431.456522, 714.934783, 
            432.847826, 716.326087, 432.847826, 717.717391, 
            432.847826, 719.108696, 432.847826, 720.500000, 
            432.847826, 721.891304, 431.456522, 723.282609, 
            430.065217, 726.065217, 428.673913, 727.456522, 
            427.282609, 728.847826, 425.891304, 730.239130, 
            424.500000, 731.630435, 424.500000, 731.630435, 
            423.108696, 733.021739, 423.108696, 733.021739, 
            420.326087, 734.413043, 418.934783, 735.804348, 
            418.934783, 735.804348, 417.543478, 737.195652, 
            416.152174, 738.586957, 414.760870, 739.978261, 
            413.369565, 741.369565, 413.369565, 741.369565, 
            411.978261, 744.152174, 410.586957, 744.152174, 
            409.195652, 745.543478, 407.804348, 746.934783, 
            407.804348, 746.934783, 406.413043, 748.326087, 
            406.413043, 748.326087, 405.021739, 751.108696, 
            405.021739, 752.500000, 403.630435, 755.282609, 
            403.630435, 756.673913, 402.239130, 758.065217, 
            402.239130, 759.456522, 402.239130, 760.847826, 
            402.239130, 763.630435, 400.847826, 765.021739, 
            400.847826, 766.413043, 400.847826, 767.804348, 
            400.847826, 769.195652, 400.847826, 770.586957, 
            402.239130, 771.978261, 403.630435, 771.978261, 
            406.413043, 771.978261, 407.804348, 771.978261, 
            410.586957, 771.978261, 411.978261, 770.586957, 
            414.760870, 770.586957, 416.152174, 767.804348, 
            417.543478, 767.804348, 418.934783, 766.413043, 
            420.326087, 765.021739, 423.108696, 765.021739, 
            424.500000, 763.630435, 424.500000, 763.630435, 
            427.282609, 763.630435, 428.673913, 763.630435, 
            430.065217, 763.630435, 431.456522, 763.630435, 
            432.847826, 762.239130, 434.239130, 762.239130, 
            435.630435, 762.239130, 437.021739, 759.456522, 
            439.804348, 759.456522, 441.195652, 759.456522, 
            442.586957, 758.065217, 445.369565, 756.673913, 
