%YAML:1.0
    mask: !!opencv-matrix
        rows: 457
        cols: 2
        dt: f
        data: [ 255.840206, 652.788660, 261.118557, 
            648.829897, 262.438144, 647.510309, 265.077320, 
            646.190722, 266.396907, 646.190722, 267.716495, 
            643.551546, 269.036082, 642.231959, 269.036082, 
            640.912371, 270.355670, 639.592784, 272.994845, 
            636.953608, 274.314433, 634.314433, 275.634021, 
            632.994845, 275.634021, 630.355670, 275.634021, 
            629.036082, 275.634021, 626.396907, 275.634021, 
            622.438144, 278.273196, 611.881443, 279.592784, 
            607.922680, 279.592784, 606.603093, 280.912371, 
            605.283505, 283.551546, 602.644330, 284.871134, 
            598.685567, 286.190722, 594.726804, 290.149485, 
            586.809278, 294.108247, 578.891753, 294.108247, 
            577.572165, 295.427835, 572.293814, 298.067010, 
            568.335052, 299.386598, 563.056701, 300.706186, 
            560.417526, 302.025773, 556.458763, 302.025773, 
            553.819588, 302.025773, 552.500000, 302.025773, 
            549.860825, 304.664948, 545.902062, 304.664948, 
            543.262887, 307.304124, 537.984536, 309.943299, 
            534.025773, 311.262887, 534.025773, 312.582474, 
            532.706186, 313.902062, 532.706186, 315.221649, 
            532.706186, 315.221649, 531.386598, 316.541237, 
            531.386598, 319.180412, 531.386598, 320.500000, 
            531.386598, 321.819588, 532.706186, 323.139175, 
            534.025773, 324.458763, 534.025773, 327.097938, 
            535.345361, 328.417526, 536.664948, 331.056701, 
            536.664948, 332.376289, 536.664948, 333.695876, 
            536.664948, 335.015464, 536.664948, 336.335052, 
            532.706186, 337.654639, 527.427835, 338.974227, 
            524.788660, 340.293814, 520.829897, 341.613402, 
            516.871134, 341.613402, 515.551546, 341.613402, 
            511.592784, 341.613402, 506.314433, 341.613402, 
            504.994845, 341.613402, 502.355670, 341.613402, 
            499.716495, 338.974227, 489.159794, 337.654639, 
            486.520619, 336.335052, 485.201031, 336.335052, 
            482.561856, 335.015464, 482.561856, 335.015464, 
            481.242268, 335.015464, 478.603093, 336.335052, 
            478.603093, 337.654639, 478.603093, 338.974227, 
            478.603093, 342.932990, 478.603093, 345.572165, 
            478.603093, 348.211340, 478.603093, 350.850515, 
            478.603093, 352.170103, 479.922680, 353.489691, 
            481.242268, 358.768041, 485.201031, 361.407216, 
            486.520619, 361.407216, 487.840206, 362.726804, 
            487.840206, 364.046392, 487.840206, 365.365979, 
            487.840206, 366.685567, 487.840206, 368.005155, 
            487.840206, 370.644330, 487.840206, 374.603093, 
            487.840206, 377.242268, 486.520619, 379.881443, 
            486.520619, 379.881443, 485.201031, 379.881443, 
            483.881443, 379.881443, 481.242268, 379.881443, 
            479.922680, 378.561856, 472.005155, 377.242268, 
            470.685567, 377.242268, 468.046392, 375.922680, 
            464.087629, 371.963918, 456.170103, 365.365979, 
            448.252577, 365.365979, 446.932990, 365.365979, 
            437.695876, 368.005155, 429.778351, 370.644330, 
            423.180412, 371.963918, 417.902062, 374.603093, 
            408.664948, 374.603093, 406.025773, 374.603093, 
            399.427835, 375.922680, 394.149485, 379.881443, 
            387.551546, 381.201031, 386.231959, 382.520619, 
            382.273196, 382.520619, 380.953608, 382.520619, 
            378.314433, 381.201031, 378.314433, 379.881443, 
            376.994845, 373.283505, 375.675258, 370.644330, 
            375.675258, 369.324742, 375.675258, 366.685567, 
            375.675258, 364.046392, 375.675258, 358.768041, 
            375.675258, 356.128866, 375.675258, 350.850515, 
            375.675258, 346.891753, 375.675258, 340.293814, 
            375.675258, 337.654639, 375.675258, 335.015464, 
            375.675258, 331.056701, 375.675258, 324.458763, 
            375.675258, 323.139175, 375.675258, 319.180412, 
            375.675258, 313.902062, 376.994845, 311.262887, 
            376.994845, 305.984536, 378.314433, 304.664948, 
            379.634021, 303.345361, 379.634021, 300.706186, 
            380.953608, 296.747423, 382.273196, 282.231959, 
            388.871134, 272.994845, 395.469072, 263.757732, 
            398.108247, 258.479381, 399.427835, 253.201031, 
            400.747423, 245.283505, 403.386598, 243.963918, 
            403.386598, 238.685567, 404.706186, 222.850515, 
            409.984536, 221.530928, 411.304124, 216.252577, 
            413.943299, 210.974227, 416.582474, 205.695876, 
            420.541237, 203.056701, 421.860825, 200.417526, 
            424.500000, 199.097938, 425.819588, 199.097938, 
            427.139175, 197.778351, 429.778351, 196.458763, 
            431.097938, 196.458763, 432.417526, 196.458763, 
            435.056701, 196.458763, 437.695876, 196.458763, 
            449.572165, 196.458763, 464.087629, 196.458763, 
            470.685567, 197.778351, 479.922680, 197.778351, 
            493.118557, 199.097938, 497.077320, 199.097938, 
            502.355670, 199.097938, 515.551546, 199.097938, 
            518.190722, 199.097938, 523.469072, 197.778351, 
            534.025773, 196.458763, 536.664948, 196.458763, 
            545.902062, 193.819588, 547.221649, 193.819588, 
            552.500000, 191.180412, 561.737113, 180.623711, 
            582.850515, 177.984536, 588.128866, 176.664948, 
            593.407216, 176.664948, 594.726804, 176.664948, 
            596.046392, 176.664948, 598.685567, 176.664948, 
            602.644330, 176.664948, 603.963918, -1.000000, 
            -1.000000, -1.000000, -1.000000, 624.005155, 
            225.242268, 618.726804, 225.242268, 609.489691, 
            225.242268, 597.613402, 225.242268, 593.654639, 
            225.242268, 589.695876, 225.242268, 587.056701, 
            225.242268, 580.458763, 225.242268, 577.819588, 
            225.242268, 575.180412, 225.242268, 573.860825, 
            226.561856, 569.902062, 226.561856, 568.582474, 
            227.881443, 564.623711, 229.201031, 563.304124, 
            229.201031, 561.984536, 229.201031, 556.706186, 
            233.159794, 554.067010, 233.159794, 554.067010, 
            234.479381, 552.747423, 234.479381, 551.427835, 
            237.118557, 547.469072, 241.077320, 546.149485, 
            242.396907, 546.149485, 243.716495, 544.829897, 
            245.036082, 543.510309, 246.355670, 540.871134, 
            252.953608, 536.912371, 259.551546, 535.592784, 
            259.551546, 536.912371, 259.551546, 538.231959, 
            259.551546, 544.829897, 259.551546, 547.469072, 
            259.551546, 554.067010, 258.231959, 555.386598, 
            258.231959, 556.706186, 258.231959, 558.025773, 
            258.231959, 559.345361, 258.231959, 560.664948, 
            258.231959, 560.664948, 259.551546, 560.664948, 
            260.871134, 560.664948, 262.190722, 560.664948, 
            263.510309, 559.345361, 263.510309, 558.025773, 
            264.829897, 554.067010, 268.788660, 552.747423, 
            268.788660, 548.788660, 270.108247, 546.149485, 
            271.427835, 543.510309, 272.747423, 538.231959, 
            274.067010, 534.273196, 276.706186, 526.355670, 
            281.984536, 521.077320, 284.623711, 518.438144, 
            285.943299, 515.798969, 285.943299, 513.159794, 
            288.582474, 511.840206, 289.902062, 506.561856, 
            291.221649, 503.922680, 291.221649, 503.922680, 
            292.541237, 502.603093, 292.541237, 499.963918, 
            293.860825, 497.324742, 296.500000, 497.324742, 
            297.819588, 496.005155, 299.139175, 496.005155, 
