%YAML:1.0
    mask: !!opencv-matrix
        rows: 529
        cols: 2
        dt: f
        data: [ -1.000000, -1.000000, 678.357714, 
            637.782174, 678.357714, 635.735811, 676.311351, 
            631.643086, 674.264988, 626.527178, 671.195444, 
            613.225819, 670.172262, 605.040368, 669.149081, 
            601.970823, 669.149081, 594.808553, 668.125899, 
            589.692646, 668.125899, 583.553557, 669.149081, 
            577.414468, 669.149081, 569.229017, 669.149081, 
            566.159472, 670.172262, 561.043565, 671.195444, 
            553.881295, 672.218625, 549.788569, 673.241807, 
            543.649480, 676.311351, 536.487210, 678.357714, 
            530.348122, 683.473621, 520.116307, 685.519984, 
            513.977218, 689.612710, 506.814948, 691.659073, 
            504.768585, 693.705436, 499.652678, 696.774980, 
            494.536771, 698.821343, 490.444045, 701.890887, 
            487.374500, 703.937250, 484.304956, 704.960432, 
            482.258593, 707.006795, 479.189049, 708.029976, 
            476.119504, 709.053157, 474.073141, 710.076339, 
            473.049960, 711.099520, 471.003597, 712.122702, 
            471.003597, 713.145883, 468.957234, 716.215428, 
            465.887690, 721.331335, 460.771783, 723.377698, 
            458.725420, 725.424061, 456.679057, 726.447242, 
            455.655875, 726.447242, 453.609512, 726.447242, 
            452.586331, 726.447242, 451.563149, 724.400879, 
            448.493605, 720.308153, 445.424061, 713.145883, 
            440.308153, 704.960432, 435.192246, 699.844524, 
            432.122702, 692.682254, 428.029976, 688.589528, 
            424.960432, 684.496803, 421.890887, 679.380895, 
            416.774980, 676.311351, 414.728617, 673.241807, 
            411.659073, 669.149081, 408.589528, 666.079536, 
            406.543165, 664.033173, 404.496803, 660.963629, 
            402.450440, 658.917266, 401.427258, 656.870903, 
            400.404077, 653.801359, 399.380895, 650.731815, 
            398.357714, 648.685452, 398.357714, 646.639089, 
            398.357714, 645.615907, 398.357714, 642.546363, 
            399.380895, 639.476819, 400.404077, 638.453637, 
            401.427258, 636.407274, 402.450440, 635.384093, 
            404.496803, 633.337730, 407.566347, 633.337730, 
            410.635891, 633.337730, 413.705436, 633.337730, 
            416.774980, 633.337730, 418.821343, 633.337730, 
            421.890887, 633.337730, 422.914069, 632.314548, 
            425.983613, 628.221823, 428.029976, 625.152278, 
            430.076339, 621.059552, 431.099520, 615.943645, 
            433.145883, 612.874101, 433.145883, 608.781375, 
            433.145883, 603.665468, 431.099520, 599.572742, 
            429.053157, 595.480016, 429.053157, 593.433653, 
            429.053157, 590.364109, 429.053157, 587.294564, 
            429.053157, 584.225020, 429.053157, 580.132294, 
            430.076339, 578.085931, 431.099520, 577.062750, 
            432.122702, 575.016387, 434.169065, 572.970024, 
            436.215428, 571.946843, 439.284972, 568.877298, 
            442.354516, 567.854117, 443.377698, 564.784572, 
            447.470424, 562.738209, 449.516787, 558.645484, 
            452.586331, 555.575939, 455.655875, 552.506395, 
            456.679057, 546.367306, 460.771783, 543.297762, 
            462.818145, 540.228217, 465.887690, 536.135492, 
            467.934053, 534.089129, 469.980416, 532.042766, 
            473.049960, 528.973221, 476.119504, 527.950040, 
            479.189049, 525.903677, 481.235412, 524.880496, 
            484.304956, 523.857314, 486.351319, 522.834133, 
            488.397682, 521.810951, 489.420863, 520.787770, 
            493.513589, 519.764588, 497.606315, 518.741407, 
            500.675859, 518.741407, 505.791767, 516.695044, 
            510.907674, 515.671863, 517.046763, 514.648681, 
            524.209033, 514.648681, 528.301759, 514.648681, 
            534.440847, 514.648681, 538.533573, 514.648681, 
            542.626299, 514.648681, 547.742206, 515.671863, 
            552.858114, 516.695044, 557.974021, 517.718225, 
            564.113110, 519.764588, 568.205835, 521.810951, 
            573.321743, 522.834133, 578.437650, 523.857314, 
            581.507194, 526.926859, 585.599920, 527.950040, 
            587.646283, 528.973221, 589.692646, 532.042766, 
            592.762190, 534.089129, 594.808553, 535.112310, 
            594.808553, 536.135492, 594.808553, 536.135492, 
            593.785372, 538.181855, 592.762190, 540.228217, 
            590.715827, 543.297762, 588.669464, 546.367306, 
            586.623102, 548.413669, 582.530376, 550.460032, 
            577.414468, 552.506395, 573.321743, 553.529576, 
            569.229017, 554.552758, 564.113110, 556.599121, 
            560.020384, 557.622302, 557.974021, 559.668665, 
            554.904476, 560.691847, 552.858114, 562.738209, 
            552.858114, 563.761391, 552.858114, 564.784572, 
            552.858114, 569.900480, 554.904476, 577.062750, 
            558.997202, 581.155476, 560.020384, 587.294564, 
            563.089928, 589.340927, 564.113110, 591.387290, 
            566.159472, 594.456835, 569.229017, 596.503197, 
            571.275380, 597.526379, 572.298561, 598.549560, 
            576.391287, 599.572742, 580.484013, 600.595923, 
            584.576739, 600.595923, 589.692646, 601.619105, 
            592.762190, 602.642286, 599.924460, 602.642286, 
            600.947642, 603.665468, 602.994005, 603.665468, 
            605.040368, 604.688649, 608.109912, 604.688649, 
            611.179456, 605.711831, 615.272182, 605.711831, 
            618.341727, 605.711831, 622.434452, 605.711831, 
            626.527178, 605.711831, 631.643086, 605.711831, 
            636.758993, 605.711831, 641.874900, 605.711831, 
            648.013989, 605.711831, 651.083533, 605.711831, 
            655.176259, 605.711831, 659.268985, 605.711831, 
            664.384892, 606.735012, 667.454436, 607.758193, 
            670.523981, 608.781375, 673.593525, 610.827738, 
            677.686251, 610.827738, 678.709432, 612.874101, 
            680.755795, 614.920464, 682.802158, 615.943645, 
            684.848521, 616.966827, 685.871703, 619.013189, 
            686.894884, 620.036371, 688.941247, 622.082734, 
            689.964428, 624.129097, 692.010791, 626.175460, 
            693.033973, 627.198641, 693.033973, 629.245004, 
            694.057154, 630.268185, 694.057154, 631.291367, 
            694.057154, 631.291367, 693.033973, 633.337730, 
            690.987610, 636.407274, 688.941247, 639.476819, 
            684.848521, 641.523181, 681.778977, 645.615907, 
            677.686251, 646.639089, 675.639888, 648.685452, 
            672.570344, 650.731815, 670.523981, 652.778177, 
            668.477618, 655.847722, 665.408074, 656.870903, 
            664.384892, 658.917266, 663.361711, 659.940448, 
            661.315348, 660.963629, 661.315348, 664.033173, 
            659.268985, 665.056355, 658.245803, 669.149081, 
            656.199440, 671.195444, 655.176259, 672.218625, 
            654.153078, 673.241807, 654.153078, 675.288169, 
            654.153078, 677.334532, 653.129896, 678.357714, 
            653.129896, 679.380895, 653.129896, 680.404077, 
            653.129896, -1.000000, -1.000000, 897.318545, 
            322.642286, 896.295364, 322.642286, 888.109912, 
            320.595923, 885.040368, 319.572742, 882.994005, 
            319.572742, 882.994005, 318.549560, 880.947642, 
            318.549560, 878.901279, 317.526379, 874.808553, 
            316.503197, 872.762190, 316.503197, 870.715827, 
            315.480016, 866.623102, 315.480016, 864.576739, 
            315.480016, 861.507194, 315.480016, 856.391287, 
            315.480016, 854.344924, 315.480016, 850.252198, 
            315.480016, 847.182654, 315.480016, 844.113110, 
