%YAML:1.0
    mask: !!opencv-matrix
        rows: 389
        cols: 2
        dt: f
        data: [ 280.912371, 718.768041, 287.510309, 
            714.809278, 292.788660, 712.170103, 295.427835, 
            709.530928, 299.386598, 708.211340, 300.706186, 
            706.891753, 305.984536, 704.252577, 307.304124, 
            704.252577, 309.943299, 704.252577, 311.262887, 
            704.252577, 312.582474, 704.252577, 315.221649, 
            702.932990, 319.180412, 702.932990, 320.500000, 
            702.932990, 321.819588, 702.932990, 324.458763, 
            702.932990, 325.778351, 702.932990, 325.778351, 
            704.252577, 325.778351, 708.211340, 325.778351, 
            714.809278, -1.000000, -1.000000, 697.902062, 
            717.448454, 692.623711, 716.128866, 691.304124, 
            716.128866, 689.984536, 714.809278, 688.664948, 
            714.809278, 688.664948, 713.489691, 688.664948, 
            710.850515, 688.664948, 708.211340, 688.664948, 
            706.891753, 688.664948, 705.572165, 688.664948, 
            704.252577, 688.664948, 702.932990, 689.984536, 
            702.932990, 691.304124, 698.974227, 693.943299, 
            697.654639, 693.943299, 696.335052, 693.943299, 
            693.695876, 691.304124, 693.695876, 680.747423, 
            693.695876, 667.551546, 693.695876, 663.592784, 
            693.695876, 654.355670, 693.695876, 651.716495, 
            692.376289, 650.396907, 692.376289, 649.077320, 
            692.376289, 647.757732, 692.376289, 646.438144, 
            692.376289, 645.118557, 691.056701, 645.118557, 
            689.737113, 643.798969, 689.737113, 643.798969, 
            688.417526, 642.479381, 685.778351, 642.479381, 
            684.458763, 641.159794, 679.180412, 639.840206, 
            676.541237, 639.840206, 675.221649, 638.520619, 
            673.902062, 633.242268, 671.262887, 631.922680, 
            668.623711, 630.603093, 667.304124, 630.603093, 
            665.984536, 630.603093, 664.664948, 630.603093, 
            663.345361, 630.603093, 662.025773, 630.603093, 
            660.706186, 630.603093, 659.386598, 631.922680, 
            659.386598, 643.798969, 655.427835, 650.396907, 
            654.108247, 671.510309, 648.829897, 672.829897, 
            648.829897, 675.469072, 648.829897, 678.108247, 
            647.510309, 679.427835, 647.510309, 684.706186, 
            646.190722, 686.025773, 644.871134, 688.664948, 
            644.871134, 693.943299, 644.871134, 697.902062, 
            644.871134, 700.541237, 644.871134, 704.500000, 
            644.871134, 709.778351, 644.871134, 712.417526, 
            644.871134, 713.737113, 644.871134, 716.376289, 
            644.871134, 721.654639, 644.871134, 722.974227, 
            644.871134, 729.572165, 644.871134, 733.530928, 
            644.871134, 737.489691, 644.871134, 744.087629, 
            644.871134, 746.726804, 646.190722, 767.840206, 
            651.469072, 781.036082, 654.108247, 786.314433, 
            655.427835, 788.953608, 656.747423, 795.551546, 
            660.706186, 799.510309, 662.025773, 806.108247, 
            665.984536, 812.706186, 668.623711, 817.984536, 
            671.262887, 825.902062, 673.902062, 827.221649, 
            675.221649, 831.180412, 676.541237, 835.139175, 
            679.180412, 839.097938, 680.500000, 841.737113, 
            681.819588, 843.056701, 683.139175, 844.376289, 
            683.139175, 845.695876, 683.139175, 847.015464, 
            685.778351, 848.335052, 687.097938, 849.654639, 
            688.417526, 849.654639, 691.056701, 849.654639, 
            692.376289, 850.974227, 695.015464, 852.293814, 
            702.932990, 852.293814, 704.252577, 853.613402, 
            706.891753, 853.613402, 709.530928, 853.613402, 
            713.489691, 853.613402, 714.809278, 854.932990, 
            716.128866, 853.613402, 716.128866, -1.000000, 
            -1.000000, 669.109272, 248.182119, 671.228477, 
            250.301325, 671.228477, 254.539735, 671.228477, 
            256.658940, 671.228477, 258.778146, 671.228477, 
            260.897351, 671.228477, 263.016556, 669.109272, 
            263.016556, 669.109272, 265.135762, 666.990066, 
            267.254967, 664.870861, 267.254967, 660.632450, 
            269.374172, 658.513245, 269.374172, 652.155629, 
            269.374172, 645.798013, 269.374172, 641.559603, 
            269.374172, 637.321192, 269.374172, 633.082781, 
            269.374172, 630.963576, 269.374172, 626.725166, 
            269.374172, 624.605960, 269.374172, 622.486755, 
            269.374172, 618.248344, 269.374172, 616.129139, 
            269.374172, 611.890728, 271.493377, 609.771523, 
            271.493377, 605.533113, 271.493377, 603.413907, 
            271.493377, 601.294702, 271.493377, 599.175497, 
            271.493377, 597.056291, 273.612583, 594.937086, 
            273.612583, 592.817881, 273.612583, 590.698675, 
            273.612583, 586.460265, 275.731788, 582.221854, 
            275.731788, 577.983444, 275.731788, 571.625828, 
            277.850993, 567.387417, 277.850993, 563.149007, 
            277.850993, 558.910596, 277.850993, 556.791391, 
            277.850993, 556.791391, 279.970199, 554.672185, 
            282.089404, 554.672185, 284.208609, 554.672185, 
            288.447020, 554.672185, 290.566225, 554.672185, 
            292.685430, 554.672185, 294.804636, 554.672185, 
            296.923841, 554.672185, 299.043046, 556.791391, 
            299.043046, 556.791391, 301.162252, 558.910596, 
            303.281457, 561.029801, 305.400662, 563.149007, 
            307.519868, 565.268212, 309.639073, 567.387417, 
            311.758278, 569.506623, 313.877483, 571.625828, 
            315.996689, 573.745033, 318.115894, 575.864238, 
            320.235099, 577.983444, 322.354305, 580.102649, 
            324.473510, 582.221854, 324.473510, 584.341060, 
            326.592715, 586.460265, 326.592715, 590.698675, 
            330.831126, 592.817881, 330.831126, 601.294702, 
            335.069536, 603.413907, 337.188742, 609.771523, 
            337.188742, 614.009934, 341.427152, 624.605960, 
            345.665563, 628.844371, 345.665563, 637.321192, 
            349.903974, 641.559603, 352.023179, 645.798013, 
            352.023179, 647.917219, 352.023179, 650.036424, 
            352.023179, 652.155629, 352.023179, 654.274834, 
            352.023179, 658.513245, 352.023179, 660.632450, 
            352.023179, 664.870861, 352.023179, 671.228477, 
            349.903974, 673.347682, 349.903974, 675.466887, 
            349.903974, 675.466887, 347.784768, 679.705298, 
            345.665563, 686.062914, 341.427152, 694.539735, 
            335.069536, 694.539735, 332.950331, 698.778146, 
            330.831126, 698.778146, 328.711921, 700.897351, 
            328.711921, 700.897351, 326.592715, 703.016556, 
            326.592715, 703.016556, 322.354305, 705.135762, 
            320.235099, 705.135762, 318.115894, 707.254967, 
            318.115894, 707.254967, 315.996689, 707.254967, 
            313.877483, 707.254967, 311.758278, 707.254967, 
            309.639073, 707.254967, 307.519868, 709.374172, 
            305.400662, 709.374172, 301.162252, 709.374172, 
            299.043046, 709.374172, 296.923841, 709.374172, 
            294.804636, 709.374172, 290.566225, 709.374172, 
            288.447020, 709.374172, 284.208609, 707.254967, 
            282.089404, 707.254967, 279.970199, 707.254967, 
            277.850993, 705.135762, 275.731788, 703.016556, 
            273.612583, 703.016556, 271.493377, 700.897351, 
            271.493377, 698.778146, 269.374172, 696.658940, 
            267.254967, 696.658940, 265.135762, 694.539735, 
            265.135762, 692.420530, 263.016556, 690.301325, 
            260.897351, 688.182119, 258.778146, 686.062914, 
            256.658940, 683.943709, 254.539735, 681.824503, 
            254.539735, -1.000000, -1.000000, 493.215232, 
