%YAML:1.0
    mask: !!opencv-matrix
        rows: 197
        cols: 2
        dt: f
        data: [ -1.000000, -1.000000, -1.000000, 
            -1.000000, 498.644330, 175.097938, 498.644330, 
            181.695876, 499.963918, 184.335052, 505.242268, 
            194.891753, 511.840206, 200.170103, 518.438144, 
            209.407216, 523.716495, 214.685567, 526.355670, 
            217.324742, 528.994845, 219.963918, 532.953608, 
            221.283505, 538.231959, 226.561856, 539.551546, 
            227.881443, 542.190722, 229.201031, 543.510309, 
            229.201031, 550.108247, 235.798969, 556.706186, 
            239.757732, 559.345361, 241.077320, 560.664948, 
            241.077320, 563.304124, 241.077320, 571.221649, 
            243.716495, 575.180412, 243.716495, 576.500000, 
            245.036082, 577.819588, 245.036082, 580.458763, 
            245.036082, 584.417526, 245.036082, 587.056701, 
            245.036082, 587.056701, 243.716495, 587.056701, 
            242.396907, 587.056701, 238.438144, 584.417526, 
            230.520619, 579.139175, 217.324742, 573.860825, 
            210.726804, 569.902062, 206.768041, 568.582474, 
            204.128866, 568.582474, 202.809278, 565.943299, 
            201.489691, 563.304124, 197.530928, 561.984536, 
            196.211340, 559.345361, 193.572165, 550.108247, 
            184.335052, 546.149485, 180.376289, 542.190722, 
            177.737113, 540.871134, 176.417526, 539.551546, 
            176.417526, 532.953608, 171.139175, 526.355670, 
            168.500000, 525.036082, 168.500000, 523.716495, 
            167.180412, 521.077320, 167.180412, -1.000000, 
            -1.000000, 402.314433, 263.510309, 402.314433, 
            268.788660, 402.314433, 278.025773, 403.634021, 
            293.860825, 403.634021, 300.458763, 404.953608, 
            303.097938, 408.912371, 309.695876, 411.551546, 
            316.293814, 414.190722, 318.932990, 422.108247, 
            329.489691, 427.386598, 334.768041, 433.984536, 
            341.365979, 436.623711, 345.324742, 437.943299, 
            346.644330, 443.221649, 350.603093, 451.139175, 
            359.840206, 452.458763, 361.159794, 453.778351, 
            362.479381, 461.695876, 373.036082, 465.654639, 
            375.675258, 472.252577, 382.273196, 485.448454, 
            394.149485, 489.407216, 396.788660, 490.726804, 
            398.108247, 494.685567, 399.427835, 494.685567, 
            402.067010, 497.324742, 408.664948, 501.283505, 
            416.582474, 502.603093, 419.221649, 507.881443, 
            431.097938, 510.520619, 435.056701, 523.716495, 
            450.891753, 525.036082, 453.530928, 528.994845, 
            458.809278, 531.634021, 466.726804, 532.953608, 
            468.046392, 534.273196, 470.685567, 534.273196, 
            472.005155, 534.273196, 474.644330, 538.231959, 
            478.603093, 539.551546, 481.242268, 544.829897, 
            481.242268, 547.469072, 481.242268, 550.108247, 
            481.242268, 552.747423, 481.242268, 561.984536, 
            481.242268, 563.304124, 481.242268, 564.623711, 
            479.922680, 565.943299, 478.603093, 567.262887, 
            478.603093, 575.180412, 478.603093, 577.819588, 
            479.922680, 580.458763, 481.242268, 587.056701, 
            482.561856, 591.015464, 483.881443, 597.613402, 
            483.881443, 600.252577, 485.201031, 604.211340, 
            485.201031, 606.850515, 485.201031, 609.489691, 
            485.201031, 612.128866, 485.201031, 616.087629, 
            482.561856, 617.407216, 479.922680, 620.046392, 
            478.603093, 621.365979, 477.283505, 624.005155, 
            475.963918, 627.963918, 473.324742, 627.963918, 
            472.005155, 629.283505, 472.005155, 629.283505, 
            470.685567, 633.242268, 462.768041, 642.479381, 
            448.252577, 646.438144, 441.654639, 647.757732, 
            440.335052, 651.716495, 436.376289, 651.716495, 
            433.737113, 651.716495, 432.417526, 653.036082, 
            424.500000, 655.675258, 416.582474, 658.314433, 
            408.664948, 659.634021, 406.025773, 660.953608, 
            403.386598, 663.592784, 394.149485, 663.592784, 
            392.829897, 663.592784, 382.273196, 663.592784, 
            363.798969, 663.592784, 355.881443, 663.592784, 
            351.922680, 662.273196, 347.963918, 660.953608, 
            341.365979, 656.994845, 330.809278, 654.355670, 
            314.974227, 653.036082, 307.056701, 651.716495, 
            305.737113, 651.716495, 304.417526, 649.077320, 
            297.819588, 647.757732, 296.500000, 647.757732, 
            295.180412, 645.118557, 293.860825, 642.479381, 
            288.582474, 641.159794, 285.943299, 638.520619, 
            284.623711, 637.201031, 283.304124, 635.881443, 
            283.304124, 634.561856, 283.304124, 627.963918, 
            281.984536, 617.407216, 275.386598, 614.768041, 
            272.747423, 612.128866, 271.427835, 608.170103, 
            268.788660, 602.891753, 266.149485, 598.932990, 
            263.510309, 592.335052, 260.871134, 581.778351, 
            251.634021, 575.180412, 248.994845, 573.860825, 
            247.675258, 569.902062, 247.675258, 568.582474, 
            247.675258, 552.747423, 242.396907, 534.273196, 
            235.798969, 523.716495, 230.520619, 519.757732, 
            227.881443, 515.798969, 225.242268, 514.479381, 
            223.922680, 513.159794, 223.922680, 513.159794, 
            222.603093, 513.159794, 221.283505, 513.159794, 
            219.963918, 513.159794, 218.644330, 513.159794, 
            217.324742, 510.520619, 214.685567, 507.881443, 
            212.046392, 503.922680, 206.768041, 502.603093, 
            206.768041, 501.283505, 205.448454, 494.685567, 
            202.809278, 486.768041, 198.850515, 474.891753, 
            192.252577, 468.293814, 189.613402, 464.335052, 
            189.613402, 463.015464, 188.293814, 456.417526, 
            188.293814, 448.500000, 188.293814, 447.180412, 
            188.293814, 445.860825, 188.293814]
