%YAML:1.0
    mask: !!opencv-matrix
        rows: 539
        cols: 2
        dt: f
        data: [ -1.000000, -1.000000, 781.717391, 
            288.152174, 780.326087, 288.152174, 774.760870, 
            289.543478, 773.369565, 289.543478, 771.978261, 
            289.543478, 770.586957, 289.543478, 769.195652, 
            290.934783, 767.804348, 290.934783, 766.413043, 
            290.934783, 765.021739, 290.934783, 763.630435, 
            290.934783, 759.456522, 290.934783, 753.891304, 
            290.934783, 745.543478, 293.717391, 741.369565, 
            295.108696, 738.586957, 295.108696, 733.021739, 
            295.108696, 728.847826, 295.108696, 726.065217, 
            295.108696, 724.673913, 295.108696, 720.500000, 
            295.108696, 717.717391, 295.108696, 714.934783, 
            295.108696, 713.543478, 295.108696, 710.760870, 
            295.108696, 706.586957, 295.108696, 703.804348, 
            295.108696, 699.630435, 295.108696, 696.847826, 
            295.108696, 695.456522, 295.108696, 692.673913, 
            295.108696, 691.282609, 295.108696, 689.891304, 
            295.108696, 687.108696, 296.500000, 685.717391, 
            296.500000, 682.934783, 299.282609, 681.543478, 
            299.282609, 678.760870, 299.282609, 677.369565, 
            300.673913, 674.586957, 300.673913, 673.195652, 
            300.673913, 670.413043, 300.673913, 667.630435, 
            300.673913, 666.239130, 300.673913, 659.282609, 
            303.456522, 657.891304, 303.456522, 656.500000, 
            304.847826, 655.108696, 304.847826, 650.934783, 
            304.847826, 649.543478, 306.239130, 648.152174, 
            306.239130, 646.760870, 307.630435, 645.369565, 
            307.630435, 645.369565, 309.021739, 643.978261, 
            309.021739, 642.586957, 309.021739, 642.586957, 
            310.413043, 639.804348, 311.804348, 638.413043, 
            313.195652, 637.021739, 314.586957, 634.239130, 
            314.586957, 631.456522, 314.586957, 630.065217, 
            314.586957, 628.673913, 315.978261, 625.891304, 
            315.978261, 624.500000, 315.978261, 621.717391, 
            315.978261, 620.326087, 317.369565, 618.934783, 
            317.369565, 616.152174, 317.369565, 614.760870, 
            317.369565, 613.369565, 317.369565, 611.978261, 
            317.369565, 610.586957, 317.369565, 607.804348, 
            317.369565, 605.021739, 317.369565, 603.630435, 
            318.760870, 602.239130, 318.760870, 598.065217, 
            320.152174, 595.282609, 320.152174, 592.500000, 
            322.934783, 589.717391, 324.326087, 588.326087, 
            325.717391, 586.934783, 327.108696, 585.543478, 
            327.108696, 585.543478, 328.500000, 584.152174, 
            329.891304, 584.152174, 332.673913, 584.152174, 
            335.456522, 584.152174, 336.847826, 584.152174, 
            339.630435, 582.760870, 341.021739, 582.760870, 
            346.586957, 579.978261, 350.760870, 579.978261, 
            354.934783, 579.978261, 359.108696, 579.978261, 
            360.500000, 579.978261, 363.282609, 579.978261, 
            364.673913, 579.978261, 370.239130, 579.978261, 
            371.630435, 579.978261, 374.413043, 579.978261, 
            375.804348, 579.978261, 378.586957, 579.978261, 
            382.760870, 578.586957, 384.152174, 577.195652, 
            386.934783, 577.195652, 388.326087, 577.195652, 
            391.108696, 575.804348, 392.500000, 575.804348, 
            393.891304, 575.804348, 395.282609, 575.804348, 
            398.065217, 575.804348, 400.847826, 574.413043, 
            403.630435, 574.413043, 405.021739, 574.413043, 
            407.804348, 574.413043, 409.195652, 574.413043, 
            410.586957, 574.413043, 413.369565, 574.413043, 
            416.152174, 574.413043, 417.543478, 574.413043, 
            418.934783, 574.413043, 420.326087, 574.413043, 
            421.717391, 574.413043, 423.108696, 574.413043, 
            424.500000, 574.413043, 425.891304, 574.413043, 
            427.282609, 574.413043, 430.065217, 574.413043, 
            431.456522, 574.413043, 432.847826, 574.413043, 
            434.239130, 574.413043, 437.021739, 574.413043, 
            438.413043, 574.413043, 439.804348, 574.413043, 
            442.586957, 574.413043, 443.978261, 574.413043, 
            445.369565, 574.413043, 446.760870, 574.413043, 
            448.152174, 574.413043, 449.543478, 574.413043, 
            450.934783, 574.413043, 452.326087, 574.413043, 
            453.717391, 574.413043, 456.500000, 574.413043, 
            457.891304, 574.413043, 460.673913, 574.413043, 
            462.065217, 574.413043, 463.456522, 574.413043, 
            464.847826, 574.413043, 466.239130, 574.413043, 
            467.630435, 574.413043, 469.021739, 574.413043, 
            470.413043, 575.804348, 471.804348, 575.804348, 
            473.195652, 575.804348, 474.586957, 575.804348, 
            475.978261, 577.195652, 475.978261, 577.195652, 
            477.369565, 578.586957, 478.760870, 579.978261, 
            480.152174, 579.978261, 481.543478, 582.760870, 
            481.543478, 584.152174, 481.543478, 585.543478, 
            482.934783, 588.326087, 482.934783, 589.717391, 
            482.934783, 592.500000, 482.934783, 593.891304, 
            482.934783, 596.673913, 482.934783, 598.065217, 
            482.934783, 599.456522, 482.934783, 600.847826, 
            482.934783, 602.239130, 482.934783, 605.021739, 
            482.934783, 606.413043, 482.934783, 607.804348, 
            482.934783, 609.195652, 482.934783, 610.586957, 
            482.934783, 613.369565, 482.934783, 614.760870, 
            482.934783, 616.152174, 482.934783, 617.543478, 
            482.934783, 618.934783, 482.934783, 620.326087, 
            482.934783, 621.717391, 484.326087, 623.108696, 
            484.326087, 624.500000, 484.326087, 625.891304, 
            484.326087, 625.891304, 485.717391, 627.282609, 
            485.717391, 628.673913, 485.717391, 630.065217, 
            485.717391, 631.456522, 487.108696, 632.847826, 
            487.108696, 632.847826, 488.500000, 634.239130, 
            489.891304, 635.630435, 489.891304, 637.021739, 
            489.891304, 638.413043, 492.673913, 639.804348, 
            494.065217, 641.195652, 495.456522, 641.195652, 
            496.847826, 642.586957, 496.847826, 642.586957, 
            499.630435, 642.586957, 501.021739, 642.586957, 
            503.804348, 642.586957, 505.195652, 642.586957, 
            507.978261, 642.586957, 509.369565, 642.586957, 
            512.152174, 642.586957, 513.543478, 641.195652, 
            514.934783, 639.804348, 516.326087, 638.413043, 
            517.717391, 637.021739, 519.108696, 634.239130, 
            520.500000, 634.239130, 521.891304, 632.847826, 
            521.891304, 631.456522, 521.891304, 628.673913, 
            523.282609, 627.282609, 524.673913, 624.500000, 
            524.673913, 621.717391, 526.065217, 620.326087, 
            527.456522, 618.934783, 527.456522, 617.543478, 
            527.456522, 614.760870, 528.847826, 614.760870, 
            530.239130, 611.978261, 530.239130, 610.586957, 
            530.239130, 607.804348, 530.239130, 606.413043, 
            530.239130, 600.847826, 531.630435, 598.065217, 
            531.630435, 596.673913, 533.021739, 595.282609, 
            533.021739, 592.500000, 534.413043, 591.108696, 
            534.413043, 588.326087, 535.804348, 588.326087, 
            537.195652, 586.934783, 537.195652, 585.543478, 
            538.586957, 582.760870, 539.978261, 579.978261, 
            539.978261, 578.586957, 541.369565, 574.413043, 
            544.152174, 573.021739, 545.543478, 571.630435, 
            545.543478, 568.847826, 548.326087, 567.456522, 
            549.717391, 564.673913, 551.108696, 564.673913, 
            552.500000, 563.282609, 552.500000, 563.282609, 
