%YAML:1.0
    mask: !!opencv-matrix
        rows: 400
        cols: 2
        dt: f
        data: [ -1.000000, -1.000000, -1.000000, 
            -1.000000, 980.293814, 406.025773, 977.654639, 
            411.304124, 977.654639, 413.943299, 975.015464, 
            417.902062, 973.695876, 420.541237, 972.376289, 
            421.860825, 968.417526, 425.819588, 964.458763, 
            433.737113, 959.180412, 440.335052, 956.541237, 
            445.613402, 953.902062, 452.211340, 951.262887, 
            456.170103, 949.943299, 457.489691, 948.623711, 
            461.448454, 945.984536, 465.407216, 944.664948, 
            468.046392, 939.386598, 478.603093, 938.067010, 
            482.561856, 938.067010, 485.201031, 936.747423, 
            489.159794, 935.427835, 495.757732, 932.788660, 
            499.716495, 931.469072, 502.355670, 928.829897, 
            508.953608, 927.510309, 514.231959, 924.871134, 
            519.510309, 923.551546, 527.427835, 916.953608, 
            540.623711, 915.634021, 543.262887, 912.994845, 
            549.860825, 911.675258, 556.458763, 911.675258, 
            559.097938, 910.355670, 563.056701, 910.355670, 
            568.335052, 912.994845, 572.293814, 914.314433, 
            576.252577, 915.634021, 576.252577, 916.953608, 
            577.572165, 922.231959, 577.572165, 924.871134, 
            578.891753, 928.829897, 578.891753, 931.469072, 
            577.572165, 934.108247, 574.932990, 938.067010, 
            570.974227, 939.386598, 569.654639, 945.984536, 
            561.737113, 948.623711, 552.500000, 949.943299, 
            549.860825, 952.582474, 545.902062, 955.221649, 
            539.304124, 959.180412, 531.386598, 960.500000, 
            528.747423, 965.778351, 519.510309, 967.097938, 
            516.871134, 968.417526, 515.551546, 969.737113, 
            512.912371, 971.056701, 511.592784, 976.335052, 
            508.953608, 980.293814, 507.634021, 984.252577, 
            506.314433, 986.891753, 506.314433, 989.530928, 
            506.314433, 996.128866, 508.953608, 1006.685567, 
            515.551546, 1008.005155, 516.871134, 1011.963918, 
            520.829897, 1013.283505, 526.108247, 1013.283505, 
            534.025773, 1013.283505, 535.345361, 1013.283505, 
            545.902062, 1011.963918, 556.458763, 1009.324742, 
            568.335052, 1009.324742, 573.613402, 1009.324742, 
            580.211340, 1008.005155, 586.809278, 1008.005155, 
            593.407216, 1006.685567, 602.644330, 1006.685567, 
            619.798969, 1006.685567, 623.757732, 1006.685567, 
            627.716495, 1005.365979, 640.912371, 1004.046392, 
            647.510309, 1002.726804, 652.788660, 1002.726804, 
            659.386598, 1002.726804, 663.345361, 1004.046392, 
            667.304124, 1008.005155, 668.623711, 1009.324742, 
            668.623711, 1013.283505, 668.623711, 1015.922680, 
            667.304124, 1018.561856, 664.664948, 1021.201031, 
            658.067010, 1025.159794, 647.510309, 1027.798969, 
            642.231959, 1029.118557, 636.953608, 1033.077320, 
            626.396907, 1035.716495, 618.479381, 1038.355670, 
            610.561856, 1039.675258, 605.283505, 1044.953608, 
            590.768041, 1048.912371, 580.211340, 1051.551546, 
            574.932990, 1054.190722, 565.695876, 1056.829897, 
            559.097938, 1060.788660, 553.819588, 1062.108247, 
            551.180412, 1062.108247, 549.860825, 1063.427835, 
            549.860825, 1067.386598, 549.860825, 1068.706186, 
            549.860825, 1077.943299, 563.056701, 1083.221649, 
            574.932990, 1085.860825, 581.530928, 1085.860825, 
            584.170103, 1084.541237, 588.128866, 1075.304124, 
            605.283505, 1072.664948, 615.840206, 1067.386598, 
            630.355670, 1064.747423, 640.912371, 1062.108247, 
            648.829897, 1059.469072, 655.427835, 1059.469072, 
            656.747423, 1058.149485, 665.984536, 1058.149485, 
            669.943299, 1058.149485, 672.582474, 1058.149485, 
            673.902062, 1058.149485, 675.221649, 1060.788660, 
            677.860825, 1062.108247, 679.180412, 1063.427835, 
            681.819588, 1066.067010, 683.139175, 1067.386598, 
            683.139175, 1068.706186, 683.139175, 1070.025773, 
            683.139175, 1073.984536, 681.819588, 1079.262887, 
            679.180412, 1083.221649, 676.541237, 1091.139175, 
            667.304124, 1093.778351, 664.664948, 1097.737113, 
            660.706186, 1104.335052, 650.149485, 1106.974227, 
            647.510309, 1116.211340, 634.314433, 1118.850515, 
            627.716495, 1118.850515, 625.077320, 1121.489691, 
            619.798969, 1122.809278, 611.881443, 1124.128866, 
            607.922680, 1125.448454, 603.963918, 1126.768041, 
            601.324742, 1128.087629, 601.324742, 1130.726804, 
            606.603093, 1132.046392, 611.881443, 1133.365979, 
            614.520619, 1133.365979, 634.314433, 1129.407216, 
            647.510309, 1128.087629, 655.427835, 1128.087629, 
            658.067010, 1128.087629, 659.386598, 1129.407216, 
            664.664948, 1130.726804, 665.984536, 1132.046392, 
            665.984536, 1132.046392, 667.304124, 1134.685567, 
            667.304124, 1143.922680, 668.623711, 1151.840206, 
            665.984536, 1161.077320, 651.469072, 1165.036082, 
            647.510309, 1166.355670, 646.190722, 1167.675258, 
            642.231959, 1168.994845, 640.912371, 1175.592784, 
            632.994845, 1176.912371, 630.355670, 1179.551546, 
            627.716495, 1182.190722, 623.757732, 1182.190722, 
            622.438144, 1182.190722, 619.798969, 1183.510309, 
            611.881443, 1183.510309, 597.365979, 1183.510309, 
            590.768041, 1180.871134, 578.891753, 1179.551546, 
            574.932990, 1178.231959, 570.974227, 1176.912371, 
            565.695876, 1172.953608, 563.056701, 1171.634021, 
            560.417526, 1168.994845, 557.778351, 1168.994845, 
            556.458763, 1162.396907, 549.860825, 1161.077320, 
            547.221649, 1158.438144, 543.262887, 1157.118557, 
            540.623711, 1154.479381, 537.984536, 1151.840206, 
            535.345361, 1147.881443, 530.067010, 1136.005155, 
            515.551546, 1134.685567, 512.912371, 1122.809278, 
            499.716495, 1114.891753, 490.479381, 1113.572165, 
            486.520619, 1103.015464, 468.046392, 1100.376289, 
            462.768041, 1099.056701, 460.128866, 1095.097938, 
            448.252577, 1093.778351, 437.695876, 1093.778351, 
            436.376289, 1092.458763, 431.097938, 1089.819588, 
            424.500000, 1089.819588, 421.860825, 1085.860825, 
            415.262887, 1084.541237, 411.304124, 1077.943299, 
            403.386598, 1067.386598, 399.427835, 1063.427835, 
            398.108247, 1052.871134, 395.469072, 1043.634021, 
            394.149485, 1039.675258, 394.149485, -1.000000, 
            -1.000000, 390.438144, 301.778351, 393.077320, 
            308.376289, 394.396907, 311.015464, 397.036082, 
            316.293814, 399.675258, 321.572165, 400.994845, 
            325.530928, 402.314433, 328.170103, 408.912371, 
            334.768041, 412.871134, 340.046392, 415.510309, 
            341.365979, 416.829897, 342.685567, 422.108247, 
            349.283505, 423.427835, 350.603093, 428.706186, 
            357.201031, 431.345361, 359.840206, 439.262887, 
            369.077320, 444.541237, 373.036082, 445.860825, 
            374.355670, 449.819588, 378.314433, 451.139175, 
            380.953608, 455.097938, 383.592784, 459.056701, 
            387.551546, 465.654639, 395.469072, 468.293814, 
            398.108247, 472.252577, 400.747423, 474.891753, 
            403.386598, 480.170103, 407.345361, 481.489691, 
            409.984536, 485.448454, 412.623711, 489.407216, 
            413.943299, 490.726804, 413.943299, 496.005155, 
            415.262887, 497.324742, 415.262887, 501.283505, 
