%YAML:1.0
    mask: !!opencv-matrix
        rows: 290
        cols: 2
        dt: f
        data: [ -1.000000, -1.000000, -1.000000, 
            -1.000000, 630.603093, 396.788660, 627.963918, 
            402.067010, 627.963918, 404.706186, 627.963918, 
            406.025773, 627.963918, 407.345361, 630.603093, 
            409.984536, 635.881443, 413.943299, 637.201031, 
            415.262887, 641.159794, 416.582474, 643.798969, 
            419.221649, 653.036082, 424.500000, 655.675258, 
            427.139175, 659.634021, 429.778351, 666.231959, 
            433.737113, 666.231959, 435.056701, 668.871134, 
            436.376289, 672.829897, 439.015464, 679.427835, 
            442.974227, 683.386598, 446.932990, 687.345361, 
            449.572165, 692.623711, 452.211340, 695.262887, 
            453.530928, 697.902062, 454.850515, 701.860825, 
            457.489691, 701.860825, 458.809278, 704.500000, 
            460.128866, 715.056701, 466.726804, 720.335052, 
            472.005155, 725.613402, 473.324742, 730.891753, 
            477.283505, 734.850515, 478.603093, 737.489691, 
            479.922680, 740.128866, 479.922680, 741.448454, 
            479.922680, 745.407216, 479.922680, 746.726804, 
            479.922680, 748.046392, 479.922680, 749.365979, 
            478.603093, 752.005155, 475.963918, 754.644330, 
            473.324742, 758.603093, 469.365979, 762.561856, 
            464.087629, 766.520619, 461.448454, 770.479381, 
            456.170103, 771.798969, 454.850515, 777.077320, 
            449.572165, 778.396907, 448.252577, 781.036082, 
            445.613402, 782.355670, 444.293814, 784.994845, 
            442.974227, 786.314433, 441.654639, 788.953608, 
            437.695876, 790.273196, 433.737113, 795.551546, 
            428.458763, 796.871134, 424.500000, 796.871134, 
            423.180412, 796.871134, 420.541237, 796.871134, 
            416.582474, 796.871134, 413.943299, 795.551546, 
            406.025773, 792.912371, 399.427835, 791.592784, 
            396.788660, 790.273196, 395.469072, 788.953608, 
            394.149485, 787.634021, 391.510309, 786.314433, 
            390.190722, 783.675258, 387.551546, 781.036082, 
            383.592784, 778.396907, 379.634021, 775.757732, 
            376.994845, 769.159794, 369.077320, 767.840206, 
            369.077320, 765.201031, 367.757732, 762.561856, 
            366.438144, 759.922680, 366.438144, 752.005155, 
            365.118557, 748.046392, 363.798969, 742.768041, 
            363.798969, 736.170103, 363.798969, 733.530928, 
            363.798969, 729.572165, 363.798969, 728.252577, 
            363.798969, 726.932990, 363.798969, 724.293814, 
            365.118557, 721.654639, 366.438144, 721.654639, 
            370.396907, 725.613402, 375.675258, 730.891753, 
            379.634021, 734.850515, 382.273196, 734.850515, 
            383.592784, 736.170103, 387.551546, 736.170103, 
            395.469072, 736.170103, 396.788660, 734.850515, 
            396.788660, 733.530928, 396.788660, 728.252577, 
            398.108247, 724.293814, 398.108247, 719.015464, 
            398.108247, 716.376289, 398.108247, 709.778351, 
            398.108247, 705.819588, 396.788660, 701.860825, 
            396.788660, 692.623711, 394.149485, 686.025773, 
            392.829897, 683.386598, 392.829897, 680.747423, 
            392.829897, 678.108247, 392.829897, 674.149485, 
            392.829897, 672.829897, 392.829897, 670.190722, 
            392.829897, 667.551546, 392.829897, 666.231959, 
            392.829897, 662.273196, 391.510309, 660.953608, 
            391.510309, 658.314433, 391.510309, 655.675258, 
            391.510309, 651.716495, 391.510309, 647.757732, 
            391.510309, -1.000000, -1.000000, 461.695876, 
            450.891753, 461.695876, 456.170103, 461.695876, 
            458.809278, 463.015464, 462.768041, 463.015464, 
            464.087629, 463.015464, 466.726804, 464.335052, 
            472.005155, 465.654639, 475.963918, 465.654639, 
            479.922680, 465.654639, 482.561856, 465.654639, 
            487.840206, 465.654639, 491.798969, 465.654639, 
            499.716495, 465.654639, 501.036082, 465.654639, 
            508.953608, 465.654639, 516.871134, 465.654639, 
            522.149485, 465.654639, 528.747423, 465.654639, 
            534.025773, 465.654639, 536.664948, 466.974227, 
            543.262887, 468.293814, 544.582474, 468.293814, 
            547.221649, 468.293814, 549.860825, 469.613402, 
            552.500000, 470.932990, 556.458763, 472.252577, 
            561.737113, 473.572165, 567.015464, 476.211340, 
            570.974227, 476.211340, 572.293814, 477.530928, 
            577.572165, 477.530928, 582.850515, 477.530928, 
            584.170103, 478.850515, 590.768041, 480.170103, 
            596.046392, 481.489691, 601.324742, 481.489691, 
            605.283505, 484.128866, 610.561856, 484.128866, 
            613.201031, 486.768041, 617.159794, 486.768041, 
            619.798969, 490.726804, 623.757732, 490.726804, 
            625.077320, 496.005155, 627.716495, 501.283505, 
            630.355670, 505.242268, 632.994845, 511.840206, 
            634.314433, 513.159794, 634.314433, 518.438144, 
            634.314433, 522.396907, 635.634021, 523.716495, 
            635.634021, 528.994845, 635.634021, 530.314433, 
            635.634021, 534.273196, 635.634021, 536.912371, 
            634.314433, 538.231959, 634.314433, 540.871134, 
            634.314433, 542.190722, 634.314433, 546.149485, 
            634.314433, 548.788660, 634.314433, 550.108247, 
            634.314433, 551.427835, 634.314433, 552.747423, 
            634.314433, 554.067010, 634.314433, 554.067010, 
            635.634021, 555.386598, 635.634021, 556.706186, 
            635.634021, 558.025773, 635.634021, 559.345361, 
            635.634021, 561.984536, 636.953608, 563.304124, 
            636.953608, 565.943299, 636.953608, 567.262887, 
            639.592784, 569.902062, 643.551546, 571.221649, 
            648.829897, 572.541237, 652.788660, 572.541237, 
            654.108247, 573.860825, 655.427835, 573.860825, 
            656.747423, 575.180412, 659.386598, 577.819588, 
            662.025773, 579.139175, 663.345361, 580.458763, 
            664.664948, 581.778351, 664.664948, 585.737113, 
            665.984536, 587.056701, 665.984536, 588.376289, 
            665.984536, 589.695876, 665.984536, 591.015464, 
            665.984536, 591.015464, 664.664948, 592.335052, 
            662.025773, 592.335052, 659.386598, 592.335052, 
            651.469072, 592.335052, 647.510309, 591.015464, 
            635.634021, 589.695876, 631.675258, 588.376289, 
            630.355670, 588.376289, 627.716495, 588.376289, 
            625.077320, 587.056701, 619.798969, 585.737113, 
            615.840206, 585.737113, 611.881443, 585.737113, 
            606.603093, 585.737113, 603.963918, 585.737113, 
            600.005155, 585.737113, 596.046392, 584.417526, 
            590.768041, 584.417526, 584.170103, 584.417526, 
            578.891753, 584.417526, 576.252577, 585.737113, 
            574.932990, 585.737113, 570.974227, 587.056701, 
            568.335052, 587.056701, 565.695876, 587.056701, 
            563.056701, 587.056701, 560.417526, 587.056701, 
            557.778351, 587.056701, 555.139175, 587.056701, 
            552.500000, 588.376289, 549.860825, 588.376289, 
            548.541237, 588.376289, 547.221649, 589.695876, 
            544.582474, 591.015464, 541.943299, 592.335052, 
            539.304124, 593.654639, 534.025773, 594.974227, 
            530.067010, 594.974227, 526.108247, 594.974227, 
            523.469072, 594.974227, 522.149485, 594.974227, 
            516.871134, 594.974227, 511.592784, 591.015464, 
            493.118557, 588.376289, 486.520619, 588.376289, 
            483.881443, 585.737113, 475.963918, 583.097938, 
            472.005155, 581.778351, 468.046392, 579.139175, 
