%YAML:1.0
    mask: !!opencv-matrix
        rows: 1269
        cols: 2
        dt: f
        data: [ 4.291469, 588.746445, 4.291469, 
            587.229858, 4.291469, 585.713270, 5.808057, 
            585.713270, 5.808057, 584.196682, 7.324645, 
            582.680095, 8.841232, 581.163507, 10.357820, 
            581.163507, 10.357820, 579.646919, 11.874408, 
            578.130332, 11.874408, 576.613744, 13.390995, 
            576.613744, 13.390995, 573.580569, 14.907583, 
            573.580569, 16.424171, 573.580569, 17.940758, 
            573.580569, 19.457346, 569.030806, 22.490521, 
            569.030806, 24.007109, 567.514218, 24.007109, 
            565.997630, 25.523697, 565.997630, 25.523697, 
            564.481043, 27.040284, 564.481043, 28.556872, 
            564.481043, 30.073460, 562.964455, 33.106635, 
            562.964455, 34.623223, 562.964455, 36.139810, 
            562.964455, 37.656398, 562.964455, 37.656398, 
            564.481043, 39.172986, 565.997630, 40.689573, 
            567.514218, 42.206161, 567.514218, 42.206161, 
            570.547393, 45.239336, 572.063981, 48.272512, 
            572.063981, 52.822275, 573.580569, 54.338863, 
            575.097156, 57.372038, 576.613744, 57.372038, 
            578.130332, 58.888626, 581.163507, 58.888626, 
            584.196682, 58.888626, 585.713270, 58.888626, 
            587.229858, 58.888626, 588.746445, 58.888626, 
            590.263033, 58.888626, 591.779621, 58.888626, 
            593.296209, 58.888626, 594.812796, 58.888626, 
            596.329384, 60.405213, 596.329384, 60.405213, 
            597.845972, 60.405213, 599.362559, 61.921801, 
            599.362559, 61.921801, 600.879147, 63.438389, 
            602.395735, 66.471564, 603.912322, 67.988152, 
            605.428910, 69.504739, 605.428910, 69.504739, 
            606.945498, 71.021327, 606.945498, 72.537915, 
            606.945498, 72.537915, 608.462085, 74.054502, 
            608.462085, 75.571090, 609.978673, 77.087678, 
            609.978673, 78.604265, 609.978673, 80.120853, 
            611.495261, 81.637441, 611.495261, 81.637441, 
            613.011848, 83.154028, 614.528436, 84.670616, 
            616.045024, 86.187204, 616.045024, 87.703791, 
            619.078199, 89.220379, 620.594787, 90.736967, 
            622.111374, 90.736967, 623.627962, 93.770142, 
            623.627962, 93.770142, 626.661137, 95.286730, 
            628.177725, 96.803318, 628.177725, 96.803318, 
            631.210900, 96.803318, 632.727488, 98.319905, 
            632.727488, 98.319905, 634.244076, 98.319905, 
            635.760664, 98.319905, 637.277251, 99.836493, 
            638.793839, 101.353081, 640.310427, 101.353081, 
            641.827014, 102.869668, 646.376777, 104.386256, 
            647.893365, 107.419431, 649.409953, 107.419431, 
            650.926540, 108.936019, 653.959716, 110.452607, 
            656.992891, 111.969194, 656.992891, 111.969194, 
            658.509479, 111.969194, 660.026066, 113.485782, 
            660.026066, 115.002370, 663.059242, 115.002370, 
            666.092417, 115.002370, 669.125592, 115.002370, 
            670.642180, 115.002370, 672.158768, 115.002370, 
            673.675355, 115.002370, 675.191943, 116.518957, 
            676.708531, 116.518957, 678.225118, 116.518957, 
            679.741706, 116.518957, 681.258294, 118.035545, 
            681.258294, 118.035545, 682.774882, 118.035545, 
            684.291469, 119.552133, 685.808057, 119.552133, 
            687.324645, 121.068720, 688.841232, 122.585308, 
            691.874408, 124.101896, 693.390995, 124.101896, 
            694.907583, 125.618483, 694.907583, 127.135071, 
            696.424171, 128.651659, 696.424171, 130.168246, 
            696.424171, 131.684834, 696.424171, 133.201422, 
            697.940758, 134.718009, 699.457346, 137.751185, 
            699.457346, 139.267773, 699.457346, 139.267773, 
            700.973934, 142.300948, 700.973934, 145.334123, 
            700.973934, 146.850711, 700.973934, 148.367299, 
            700.973934, 151.400474, 700.973934, 154.433649, 
            700.973934, 157.466825, 700.973934, 160.500000, 
            702.490521, 162.016588, 702.490521, 163.533175, 
            702.490521, 166.566351, 702.490521, 169.599526, 
            702.490521, 174.149289, 704.007109, 180.215640, 
            704.007109, 184.765403, 704.007109, 189.315166, 
            704.007109, 190.831754, 704.007109, 193.864929, 
            704.007109, 196.898104, 704.007109, 198.414692, 
            704.007109, 199.931280, 704.007109, 201.447867, 
            704.007109, 204.481043, 704.007109, 207.514218, 
            704.007109, 209.030806, 704.007109, 210.547393, 
            704.007109, 216.613744, 704.007109, 221.163507, 
            704.007109, 224.196682, 704.007109, 225.713270, 
            704.007109, 233.296209, 704.007109, 234.812796, 
            704.007109, 237.845972, 704.007109, 239.362559, 
            704.007109, 240.879147, 704.007109, 243.912322, 
            704.007109, 245.428910, 704.007109, 249.978673, 
            704.007109, 251.495261, 704.007109, 254.528436, 
            704.007109, 260.594787, 704.007109, 266.661137, 
            704.007109, 271.210900, 704.007109, 272.727488, 
            704.007109, 274.244076, 704.007109, 277.277251, 
            704.007109, 278.793839, 704.007109, 281.827014, 
            704.007109, 283.343602, 704.007109, 287.893365, 
            704.007109, 290.926540, 704.007109, 295.476303, 
            704.007109, 296.992891, 704.007109, 303.059242, 
            704.007109, 307.609005, 704.007109, 309.125592, 
            704.007109, 310.642180, 705.523697, 312.158768, 
            705.523697, 315.191943, 705.523697, 316.708531, 
            705.523697, 319.741706, 705.523697, 321.258294, 
            705.523697, 322.774882, 705.523697, 325.808057, 
            705.523697, 327.324645, 705.523697, 328.841232, 
            705.523697, 331.874408, 705.523697, 336.424171, 
            705.523697, 339.457346, 705.523697, 340.973934, 
            705.523697, 342.490521, 705.523697, 344.007109, 
            705.523697, 345.523697, 705.523697, 347.040284, 
            705.523697, 348.556872, 705.523697, 348.556872, 
            707.040284, 348.556872, 708.556872, 348.556872, 
            710.073460, 348.556872, 711.590047, 348.556872, 
            713.106635, 348.556872, 714.623223, 348.556872, 
            716.139810, 348.556872, 717.656398, 348.556872, 
            719.172986, 5.808057, 719.172986, 5.808057, 
            717.656398, 5.808057, 716.139810, 5.808057, 
            714.623223, 5.808057, 713.106635, 5.808057, 
            711.590047, 5.808057, 710.073460, 5.808057, 
            708.556872, 5.808057, 705.523697, 5.808057, 
            704.007109, 5.808057, 702.490521, 5.808057, 
            700.973934, 5.808057, 699.457346, 5.808057, 
            696.424171, 5.808057, 693.390995, 5.808057, 
            690.357820, 5.808057, 688.841232, 4.291469, 
            687.324645, 4.291469, 685.808057, 4.291469, 
            684.291469, 4.291469, 681.258294, 4.291469, 
            678.225118, 4.291469, 676.708531, 4.291469, 
            675.191943, 2.774882, 673.675355, 2.774882, 
            670.642180, 1.258294, 667.609005, 1.258294, 
            666.092417, 1.258294, 663.059242, 1.258294, 
            661.542654, 1.258294, 660.026066, 1.258294, 
            658.509479, 1.258294, 656.992891, 1.258294, 
            655.476303, 1.258294, 653.959716, 1.258294, 
            646.376777, 1.258294, 644.860190, 1.258294, 
            643.343602, 1.258294, 641.827014, 1.258294, 
            638.793839, 1.258294, 637.277251, 1.258294, 
            634.244076, 1.258294, 632.727488, 1.258294, 
            629.694313, 1.258294, 628.177725, 1.258294, 
            625.144550, 1.258294, 619.078199, 1.258294, 
            617.561611, 1.258294, 616.045024, 1.258294, 
            614.528436, 1.258294, 611.495261, 1.258294, 
