%YAML:1.0
    mask: !!opencv-matrix
        rows: 184
        cols: 2
        dt: f
        data: [ -1.000000, -1.000000, -1.000000, 
            -1.000000, 736.170103, 606.603093, 736.170103, 
            615.840206, 736.170103, 621.118557, 736.170103, 
            626.396907, 736.170103, 632.994845, 736.170103, 
            634.314433, 734.850515, 636.953608, 734.850515, 
            638.273196, 733.530928, 642.231959, 733.530928, 
            643.551546, 733.530928, 646.190722, 733.530928, 
            648.829897, 734.850515, 652.788660, 734.850515, 
            663.345361, 734.850515, 667.304124, 733.530928, 
            673.902062, 732.211340, 679.180412, 732.211340, 
            683.139175, 732.211340, 687.097938, 732.211340, 
            691.056701, 737.489691, 696.335052, 740.128866, 
            698.974227, 748.046392, 706.891753, 750.685567, 
            710.850515, 755.963918, 714.809278, 804.788660, 
            717.448454, 815.345361, 713.489691, 816.664948, 
            712.170103, 817.984536, 712.170103, 819.304124, 
            712.170103, 820.623711, 712.170103, 823.262887, 
            710.850515, 825.902062, 710.850515, 827.221649, 
            710.850515, 828.541237, 710.850515, 829.860825, 
            710.850515, 829.860825, 712.170103, 831.180412, 
            713.489691, 832.500000, 712.170103, 833.819588, 
            710.850515, 833.819588, 709.530928, 833.819588, 
            706.891753, 833.819588, 701.613402, 833.819588, 
            695.015464, 833.819588, 692.376289, 833.819588, 
            687.097938, 833.819588, 680.500000, 829.860825, 
            673.902062, 825.902062, 660.706186, 821.943299, 
            650.149485, 821.943299, 643.551546, 820.623711, 
            635.634021, 820.623711, 631.675258, 820.623711, 
            627.716495, 820.623711, 625.077320, 820.623711, 
            623.757732, 819.304124, 623.757732, 814.025773, 
            615.840206, 808.747423, 606.603093, 806.108247, 
            598.685567, 804.788660, 596.046392, 798.190722, 
            585.489691, 795.551546, 581.530928, 794.231959, 
            580.211340, 788.953608, 574.932990, 783.675258, 
            568.335052, 779.716495, 565.695876, 777.077320, 
            561.737113, 775.757732, 557.778351, 774.438144, 
            556.458763, 774.438144, 555.139175, 774.438144, 
            553.819588, 771.798969, 549.860825, 770.479381, 
            545.902062, 769.159794, 541.943299, 769.159794, 
            540.623711, 769.159794, 539.304124, 779.716495, 
            535.345361, 782.355670, 534.025773, 784.994845, 
            532.706186, 786.314433, 531.386598, 787.634021, 
            530.067010, 790.273196, 528.747423, 791.592784, 
            526.108247, 791.592784, 524.788660, 791.592784, 
            523.469072, 791.592784, 519.510309, 790.273196, 
            518.190722, 782.355670, 510.273196, 778.396907, 
            507.634021, 775.757732, 506.314433, 774.438144, 
            506.314433, 769.159794, 506.314433, 766.520619, 
            506.314433, 765.201031, 507.634021, 765.201031, 
            511.592784, 765.201031, 515.551546, 765.201031, 
            522.149485, 765.201031, 524.788660, 765.201031, 
            527.427835, 765.201031, 531.386598, 763.881443, 
            541.943299, 759.922680, 548.541237, 758.603093, 
            553.819588, 755.963918, 561.737113, 754.644330, 
            563.056701, 753.324742, 565.695876, 752.005155, 
            573.613402, 750.685567, 578.891753, 749.365979, 
            582.850515, 746.726804, 590.768041, 746.726804, 
            592.087629, 746.726804, 594.726804, -1.000000, 
            -1.000000, 304.664948, 605.283505, 304.664948, 
            614.520619, 304.664948, 618.479381, 307.304124, 
            632.994845, 311.262887, 647.510309, 313.902062, 
            655.427835, 315.221649, 663.345361, 316.541237, 
            672.582474, 319.180412, 680.500000, 320.500000, 
            685.778351, 323.139175, 693.695876, 324.458763, 
            698.974227, 324.458763, 702.932990, 325.778351, 
            704.252577, 327.097938, 709.530928, 329.737113, 
            713.489691, 414.190722, 716.128866, 414.190722, 
            712.170103, 414.190722, 702.932990, 412.871134, 
            695.015464, 411.551546, 689.737113, 410.231959, 
            681.819588, 408.912371, 667.304124, 408.912371, 
            665.984536, 408.912371, 663.345361, 403.634021, 
            636.953608, 403.634021, 635.634021, 403.634021, 
            632.994845, 403.634021, 630.355670, 403.634021, 
            627.716495, 403.634021, 621.118557, 403.634021, 
            611.881443, 403.634021, 603.963918, 403.634021, 
            601.324742, 403.634021, 598.685567, 403.634021, 
            592.087629, 403.634021, 586.809278, 402.314433, 
            577.572165, 402.314433, 573.613402, 400.994845, 
            573.613402, 399.675258, 568.335052, 397.036082, 
            560.417526, 394.396907, 559.097938, 393.077320, 
            557.778351, 391.757732, 557.778351, 390.438144, 
            557.778351, 387.798969, 557.778351, 385.159794, 
            557.778351, 383.840206, 557.778351, 379.881443, 
            557.778351, 378.561856, 557.778351, 375.922680, 
            559.097938, 374.603093, 560.417526, 370.644330, 
            560.417526, 368.005155, 561.737113, 365.365979, 
            563.056701, 362.726804, 565.695876, 358.768041, 
            567.015464, 356.128866, 569.654639, 350.850515, 
            570.974227, 346.891753, 573.613402, 345.572165, 
            576.252577, 341.613402, 576.252577, 336.335052, 
            576.252577, 333.695876, 577.572165, 331.056701, 
            578.891753, 328.417526, 580.211340, 327.097938, 
            580.211340]
