%YAML:1.0
    mask: !!opencv-matrix
        rows: 1148
        cols: 2
        dt: f
        data: [ 84.208609, 716.526490, 84.208609, 
            714.407285, 84.208609, 712.288079, 88.447020, 
            712.288079, 88.447020, 710.168874, 92.685430, 
            710.168874, 94.804636, 705.930464, 96.923841, 
            705.930464, 99.043046, 703.811258, 103.281457, 
            699.572848, 105.400662, 699.572848, 107.519868, 
            697.453642, 109.639073, 697.453642, 111.758278, 
            695.334437, 111.758278, 693.215232, 113.877483, 
            693.215232, 115.996689, 691.096026, 118.115894, 
            691.096026, 120.235099, 688.976821, 120.235099, 
            686.857616, 122.354305, 686.857616, 124.473510, 
            684.738411, 126.592715, 684.738411, 126.592715, 
            682.619205, 128.711921, 682.619205, 130.831126, 
            680.500000, 132.950331, 680.500000, 132.950331, 
            678.380795, 135.069536, 676.261589, 137.188742, 
            674.142384, 139.307947, 674.142384, 139.307947, 
            672.023179, 141.427152, 669.903974, 141.427152, 
            667.784768, 143.546358, 665.665563, 143.546358, 
            663.546358, 145.665563, 663.546358, 147.784768, 
            663.546358, 147.784768, 661.427152, 149.903974, 
            661.427152, 152.023179, 661.427152, 154.142384, 
            659.307947, 156.261589, 657.188742, 158.380795, 
            657.188742, 160.500000, 655.069536, 162.619205, 
            655.069536, 164.738411, 655.069536, 166.857616, 
            652.950331, 168.976821, 652.950331, 173.215232, 
            650.831126, 173.215232, 648.711921, 175.334437, 
            648.711921, 177.453642, 648.711921, 179.572848, 
            646.592715, 190.168874, 644.473510, 194.407285, 
            642.354305, 198.645695, 640.235099, 200.764901, 
            640.235099, 202.884106, 640.235099, 207.122517, 
            640.235099, 207.122517, 638.115894, 209.241722, 
            638.115894, 211.360927, 638.115894, 213.480132, 
            638.115894, 215.599338, 635.996689, 217.718543, 
            635.996689, 219.837748, 633.877483, 221.956954, 
            633.877483, 224.076159, 633.877483, 226.195364, 
            631.758278, 228.314570, 631.758278, 230.433775, 
            631.758278, 234.672185, 631.758278, 236.791391, 
            631.758278, 238.910596, 629.639073, 241.029801, 
            629.639073, 243.149007, 629.639073, 245.268212, 
            627.519868, 247.387417, 627.519868, 249.506623, 
            627.519868, 251.625828, 625.400662, 253.745033, 
            625.400662, 255.864238, 625.400662, 257.983444, 
            625.400662, 260.102649, 625.400662, 262.221854, 
            625.400662, 270.698675, 623.281457, 274.937086, 
            623.281457, 279.175497, 623.281457, 281.294702, 
            623.281457, 283.413907, 623.281457, 287.652318, 
            623.281457, 291.890728, 623.281457, 294.009934, 
            623.281457, 296.129139, 623.281457, 298.248344, 
            623.281457, 300.367550, 623.281457, 302.486755, 
            623.281457, 304.605960, 623.281457, 306.725166, 
            623.281457, 308.844371, 625.400662, 310.963576, 
            627.519868, 315.201987, 631.758278, 319.440397, 
            631.758278, 323.678808, 633.877483, 327.917219, 
            635.996689, 330.036424, 635.996689, 334.274834, 
            635.996689, 336.394040, 635.996689, 338.513245, 
            635.996689, 340.632450, 635.996689, 344.870861, 
            635.996689, 349.109272, 635.996689, 351.228477, 
            635.996689, 355.466887, 635.996689, 357.586093, 
            635.996689, 359.705298, 635.996689, 361.824503, 
            635.996689, 363.943709, 635.996689, 366.062914, 
            633.877483, 368.182119, 633.877483, 372.420530, 
            633.877483, 374.539735, 633.877483, 378.778146, 
            633.877483, 380.897351, 633.877483, 383.016556, 
            633.877483, 383.016556, 631.758278, 385.135762, 
            631.758278, 387.254967, 631.758278, 389.374172, 
            633.877483, 389.374172, 635.996689, 391.493377, 
            638.115894, 391.493377, 640.235099, 393.612583, 
            642.354305, 395.731788, 642.354305, 395.731788, 
            644.473510, 397.850993, 646.592715, 399.970199, 
            650.831126, 402.089404, 650.831126, 404.208609, 
            652.950331, 406.327815, 652.950331, 408.447020, 
            652.950331, 412.685430, 652.950331, 414.804636, 
            652.950331, 416.923841, 652.950331, 419.043046, 
            652.950331, 421.162252, 652.950331, 423.281457, 
            652.950331, 425.400662, 652.950331, 427.519868, 
            652.950331, 429.639073, 652.950331, 431.758278, 
            652.950331, 433.877483, 652.950331, 435.996689, 
            652.950331, 438.115894, 655.069536, 440.235099, 
            657.188742, 442.354305, 659.307947, 444.473510, 
            661.427152, 446.592715, 661.427152, 446.592715, 
            663.546358, 448.711921, 663.546358, 448.711921, 
            665.665563, 448.711921, 667.784768, 450.831126, 
            669.903974, 452.950331, 672.023179, 452.950331, 
            674.142384, 455.069536, 676.261589, 455.069536, 
            678.380795, 455.069536, 680.500000, 455.069536, 
            682.619205, 455.069536, 684.738411, 455.069536, 
            686.857616, 455.069536, 688.976821, 455.069536, 
            691.096026, 455.069536, 693.215232, 452.950331, 
            693.215232, 450.831126, 695.334437, 450.831126, 
            697.453642, 448.711921, 699.572848, 446.592715, 
            703.811258, 444.473510, 703.811258, 444.473510, 
            705.930464, 442.354305, 705.930464, 440.235099, 
            708.049669, 440.235099, 710.168874, 438.115894, 
            710.168874, 438.115894, 712.288079, 435.996689, 
            712.288079, 435.996689, 714.407285, 433.877483, 
            714.407285, 433.877483, 716.526490, 431.758278, 
            718.645695, 429.639073, 718.645695, -1.000000, 
            -1.000000, 491.096026, 718.645695, 491.096026, 
            716.526490, 491.096026, 712.288079, 491.096026, 
            710.168874, 493.215232, 708.049669, 493.215232, 
            705.930464, 493.215232, 703.811258, 495.334437, 
            699.572848, 495.334437, 697.453642, 497.453642, 
            695.334437, 497.453642, 693.215232, 497.453642, 
            691.096026, 499.572848, 691.096026, 499.572848, 
            688.976821, 501.692053, 686.857616, 503.811258, 
            684.738411, 505.930464, 682.619205, 508.049669, 
            680.500000, 512.288079, 678.380795, 514.407285, 
            676.261589, 516.526490, 676.261589, 518.645695, 
            676.261589, 520.764901, 676.261589, 522.884106, 
            674.142384, 525.003311, 674.142384, 529.241722, 
            674.142384, 531.360927, 674.142384, 539.837748, 
            669.903974, 544.076159, 669.903974, 550.433775, 
            669.903974, 552.552980, 669.903974, 556.791391, 
            669.903974, 558.910596, 669.903974, 561.029801, 
            669.903974, 565.268212, 669.903974, 569.506623, 
            669.903974, 573.745033, 669.903974, 575.864238, 
            669.903974, 580.102649, 669.903974, 584.341060, 
            669.903974, 586.460265, 669.903974, 588.579470, 
            669.903974, 590.698675, 672.023179, 592.817881, 
            674.142384, 597.056291, 674.142384, 599.175497, 
            674.142384, 603.413907, 674.142384, 605.533113, 
            676.261589, 611.890728, 676.261589, 618.248344, 
            678.380795, 624.605960, 680.500000, 626.725166, 
            682.619205, 628.844371, 682.619205, 630.963576, 
            682.619205, 633.082781, 682.619205, 637.321192, 
            682.619205, 639.440397, 682.619205, 643.678808, 
            682.619205, 645.798013, 680.500000, 647.917219, 
            680.500000, 647.917219, 678.380795, 647.917219, 
            676.261589, 647.917219, 674.142384, 647.917219, 
            672.023179, 647.917219, 669.903974, 647.917219, 
