%YAML:1.0
    mask: !!opencv-matrix
        rows: 1636
        cols: 2
        dt: f
        data: [ 238.910596, 296.923841, 241.029801, 
            294.804636, 243.149007, 294.804636, 245.268212, 
            292.685430, 247.387417, 290.566225, 249.506623, 
            290.566225, 251.625828, 288.447020, 253.745033, 
            288.447020, 255.864238, 286.327815, 260.102649, 
            284.208609, 264.341060, 282.089404, 266.460265, 
            279.970199, 268.579470, 279.970199, 270.698675, 
            277.850993, 272.817881, 277.850993, 277.056291, 
            275.731788, 277.056291, 273.612583, 279.175497, 
            273.612583, 283.413907, 271.493377, 287.652318, 
            269.374172, 289.771523, 269.374172, 291.890728, 
            267.254967, 294.009934, 267.254967, 296.129139, 
            267.254967, 296.129139, 265.135762, 298.248344, 
            265.135762, 300.367550, 265.135762, 302.486755, 
            263.016556, 304.605960, 260.897351, 308.844371, 
            260.897351, 308.844371, 258.778146, 310.963576, 
            256.658940, 313.082781, 256.658940, 313.082781, 
            254.539735, 315.201987, 254.539735, 315.201987, 
            250.301325, 317.321192, 250.301325, 317.321192, 
            248.182119, 319.440397, 246.062914, 319.440397, 
            243.943709, 321.559603, 241.824503, 321.559603, 
            239.705298, 323.678808, 235.466887, 325.798013, 
            231.228477, 325.798013, 229.109272, 327.917219, 
            226.990066, 327.917219, 224.870861, 330.036424, 
            222.751656, 332.155629, 220.632450, 332.155629, 
            218.513245, 332.155629, 216.394040, 334.274834, 
            214.274834, 334.274834, 212.155629, 334.274834, 
            210.036424, 334.274834, 207.917219, 334.274834, 
            205.798013, 336.394040, 205.798013, 336.394040, 
            203.678808, 336.394040, 199.440397, 338.513245, 
            197.321192, 338.513245, 195.201987, 340.632450, 
            195.201987, 340.632450, 193.082781, 342.751656, 
            193.082781, 342.751656, 190.963576, 342.751656, 
            188.844371, 344.870861, 188.844371, 346.990066, 
            186.725166, 349.109272, 184.605960, 351.228477, 
            182.486755, 351.228477, 180.367550, 353.347682, 
            180.367550, 355.466887, 178.248344, 357.586093, 
            178.248344, 359.705298, 178.248344, 361.824503, 
            178.248344, 363.943709, 178.248344, 366.062914, 
            178.248344, 370.301325, 178.248344, 372.420530, 
            180.367550, 374.539735, 182.486755, 376.658940, 
            182.486755, 378.778146, 182.486755, 380.897351, 
            182.486755, 383.016556, 182.486755, 385.135762, 
            184.605960, 387.254967, 184.605960, 389.374172, 
            184.605960, 391.493377, 184.605960, 393.612583, 
            184.605960, 395.731788, 182.486755, 399.970199, 
            182.486755, 402.089404, 180.367550, 404.208609, 
            180.367550, 406.327815, 180.367550, 406.327815, 
            178.248344, 408.447020, 178.248344, 410.566225, 
            176.129139, 412.685430, 174.009934, 414.804636, 
            174.009934, 414.804636, 171.890728, 419.043046, 
            167.652318, 421.162252, 167.652318, 425.400662, 
            165.533113, 429.639073, 163.413907, 431.758278, 
            163.413907, 440.235099, 163.413907, 442.354305, 
            163.413907, 444.473510, 163.413907, 446.592715, 
            163.413907, 448.711921, 163.413907, 450.831126, 
            163.413907, 452.950331, 163.413907, 455.069536, 
            163.413907, 457.188742, 163.413907, 459.307947, 
            163.413907, 461.427152, 163.413907, 463.546358, 
            163.413907, 465.665563, 163.413907, 465.665563, 
            165.533113, 467.784768, 165.533113, 469.903974, 
            167.652318, 474.142384, 169.771523, 476.261589, 
            169.771523, 478.380795, 169.771523, 480.500000, 
            169.771523, 482.619205, 169.771523, 486.857616, 
            169.771523, 491.096026, 169.771523, 493.215232, 
            169.771523, 495.334437, 169.771523, 505.930464, 
            169.771523, 505.930464, 167.652318, 508.049669, 
            167.652318, 510.168874, 167.652318, 512.288079, 
            167.652318, 514.407285, 165.533113, 516.526490, 
            163.413907, 518.645695, 161.294702, 520.764901, 
            161.294702, 522.884106, 161.294702, 525.003311, 
            161.294702, 529.241722, 163.413907, 531.360927, 
            163.413907, 535.599338, 165.533113, 537.718543, 
            167.652318, 539.837748, 167.652318, 541.956954, 
            169.771523, 544.076159, 169.771523, 546.195364, 
            171.890728, 548.314570, 174.009934, 550.433775, 
            174.009934, 552.552980, 176.129139, 556.791391, 
            176.129139, 561.029801, 178.248344, 563.149007, 
            180.367550, 565.268212, 180.367550, 565.268212, 
            182.486755, 567.387417, 182.486755, 569.506623, 
            184.605960, 569.506623, 186.725166, 571.625828, 
            190.963576, 571.625828, 193.082781, 571.625828, 
            195.201987, 571.625828, 197.321192, 571.625828, 
            199.440397, 571.625828, 201.559603, 573.745033, 
            203.678808, 575.864238, 205.798013, 575.864238, 
            210.036424, 577.983444, 210.036424, 577.983444, 
            212.155629, 580.102649, 212.155629, 580.102649, 
            214.274834, 580.102649, 216.394040, 582.221854, 
            216.394040, 584.341060, 218.513245, 586.460265, 
            218.513245, 590.698675, 218.513245, 592.817881, 
            218.513245, 594.937086, 218.513245, 597.056291, 
            218.513245, 599.175497, 218.513245, 601.294702, 
            216.394040, 603.413907, 216.394040, 607.652318, 
            216.394040, 609.771523, 216.394040, 611.890728, 
            216.394040, 614.009934, 216.394040, 616.129139, 
            216.394040, 618.248344, 216.394040, 622.486755, 
            216.394040, 624.605960, 218.513245, 626.725166, 
            220.632450, 628.844371, 220.632450, 628.844371, 
            222.751656, 630.963576, 224.870861, 633.082781, 
            226.990066, 633.082781, 229.109272, 633.082781, 
            231.228477, 633.082781, 233.347682, 630.963576, 
            235.466887, 628.844371, 235.466887, 628.844371, 
            237.586093, 624.605960, 237.586093, 624.605960, 
            239.705298, 622.486755, 241.824503, 620.367550, 
            241.824503, 618.248344, 241.824503, 616.129139, 
            243.943709, 611.890728, 243.943709, 609.771523, 
            246.062914, 607.652318, 246.062914, 603.413907, 
            248.182119, 601.294702, 248.182119, 597.056291, 
            250.301325, 594.937086, 250.301325, 594.937086, 
            252.420530, 590.698675, 252.420530, 588.579470, 
            252.420530, 586.460265, 254.539735, 582.221854, 
            254.539735, 580.102649, 256.658940, 577.983444, 
            256.658940, 573.745033, 256.658940, 571.625828, 
            256.658940, 571.625828, 258.778146, 569.506623, 
            258.778146, 567.387417, 260.897351, 565.268212, 
            260.897351, 563.149007, 260.897351, 561.029801, 
            260.897351, 558.910596, 260.897351, 556.791391, 
            263.016556, 554.672185, 263.016556, 550.433775, 
            265.135762, 548.314570, 265.135762, 546.195364, 
            265.135762, 544.076159, 267.254967, 541.956954, 
            267.254967, 539.837748, 267.254967, 537.718543, 
            269.374172, 535.599338, 269.374172, 535.599338, 
            271.493377, 531.360927, 271.493377, 531.360927, 
            273.612583, 529.241722, 273.612583, 527.122517, 
            275.731788, 525.003311, 275.731788, 522.884106, 
            275.731788, 520.764901, 277.850993, 518.645695, 
            277.850993, 516.526490, 279.970199, 514.407285, 
            279.970199, 512.288079, 279.970199, 510.168874, 
            279.970199, 508.049669, 282.089404, 505.930464, 
