%YAML:1.0
    mask: !!opencv-matrix
        rows: 870
        cols: 2
        dt: f
        data: [ 14.274834, 530.036424, 16.394040, 
            530.036424, 20.632450, 530.036424, 22.751656, 
            532.155629, 24.870861, 534.274834, 26.990066, 
            534.274834, 33.347682, 538.513245, 35.466887, 
            538.513245, 39.705298, 540.632450, 41.824503, 
            544.870861, 48.182119, 544.870861, 48.182119, 
            546.990066, 52.420530, 546.990066, 56.658940, 
            551.228477, 56.658940, 553.347682, 60.897351, 
            553.347682, 63.016556, 555.466887, 69.374172, 
            557.586093, 73.612583, 559.705298, 77.850993, 
            563.943709, 79.970199, 563.943709, 88.447020, 
            570.301325, 92.685430, 572.420530, 94.804636, 
            572.420530, 96.923841, 574.539735, 99.043046, 
            576.658940, 101.162252, 576.658940, 101.162252, 
            578.778146, 103.281457, 578.778146, 105.400662, 
            578.778146, 107.519868, 580.897351, 109.639073, 
            580.897351, 109.639073, 583.016556, 111.758278, 
            585.135762, 113.877483, 585.135762, 115.996689, 
            587.254967, 118.115894, 587.254967, 120.235099, 
            589.374172, 122.354305, 591.493377, 126.592715, 
            591.493377, 128.711921, 593.612583, 130.831126, 
            593.612583, 132.950331, 595.731788, 132.950331, 
            597.850993, 135.069536, 597.850993, 139.307947, 
            599.970199, 141.427152, 599.970199, 143.546358, 
            602.089404, 145.665563, 604.208609, 147.784768, 
            604.208609, 147.784768, 606.327815, 152.023179, 
            606.327815, 152.023179, 608.447020, 154.142384, 
            610.566225, 156.261589, 610.566225, 158.380795, 
            612.685430, 160.500000, 612.685430, 160.500000, 
            614.804636, 162.619205, 614.804636, 164.738411, 
            616.923841, 164.738411, 619.043046, 166.857616, 
            619.043046, 168.976821, 621.162252, 171.096026, 
            621.162252, 171.096026, 623.281457, 173.215232, 
            623.281457, 173.215232, 625.400662, 175.334437, 
            627.519868, 175.334437, 629.639073, 177.453642, 
            629.639073, 179.572848, 633.877483, 181.692053, 
            635.996689, 181.692053, 640.235099, 183.811258, 
            640.235099, 185.930464, 642.354305, 185.930464, 
            646.592715, 188.049669, 646.592715, 188.049669, 
            650.831126, 190.168874, 650.831126, 192.288079, 
            652.950331, 192.288079, 655.069536, 192.288079, 
            657.188742, 194.407285, 659.307947, 194.407285, 
            661.427152, 196.526490, 663.546358, 198.645695, 
            667.784768, 198.645695, 669.903974, 198.645695, 
            672.023179, 200.764901, 674.142384, 202.884106, 
            676.261589, 202.884106, 678.380795, 202.884106, 
            680.500000, 205.003311, 682.619205, 205.003311, 
            684.738411, 205.003311, 686.857616, 207.122517, 
            686.857616, 207.122517, 691.096026, 209.241722, 
            693.215232, 211.360927, 695.334437, 211.360927, 
            697.453642, 213.480132, 701.692053, 215.599338, 
            701.692053, 215.599338, 703.811258, 215.599338, 
            708.049669, 217.718543, 712.288079, 217.718543, 
            714.407285, 217.718543, 716.526490, 217.718543, 
            718.645695, 101.162252, 718.645695, 94.804636, 
            718.645695, 92.685430, 718.645695, 86.327815, 
            718.645695, 82.089404, 718.645695, 79.970199, 
            718.645695, 75.731788, 716.526490, 73.612583, 
            716.526490, 69.374172, 714.407285, 67.254967, 
            714.407285, 65.135762, 714.407285, 58.778146, 
            714.407285, 56.658940, 714.407285, 54.539735, 
            714.407285, 52.420530, 714.407285, 50.301325, 
            714.407285, 48.182119, 714.407285, 46.062914, 
            714.407285, 43.943709, 714.407285, 39.705298, 
            714.407285, 37.586093, 714.407285, 35.466887, 
            714.407285, 31.228477, 714.407285, 29.109272, 
            714.407285, 26.990066, 714.407285, 24.870861, 
            714.407285, 20.632450, 714.407285, 16.394040, 
            714.407285, 14.274834, 714.407285, 12.155629, 
            714.407285, 10.036424, 714.407285, 7.917219, 
            714.407285, 3.678808, 714.407285, 1.559603, 
            551.228477, 3.678808, 546.990066, 3.678808, 
            544.870861, 3.678808, 540.632450, 5.798013, 
            538.513245, 5.798013, 536.394040, 5.798013, 
            534.274834, 7.917219, 534.274834, 7.917219, 
            532.155629, 7.917219, 530.036424, 7.917219, 
            527.917219, 7.917219, 525.798013, 7.917219, 
            523.678808, 7.917219, 521.559603, 7.917219, 
            519.440397, 7.917219, 517.321192, -1.000000, 
            -1.000000, 664.870861, 625.400662, 664.870861, 
            623.281457, 664.870861, 621.162252, 664.870861, 
            619.043046, 669.109272, 616.923841, 671.228477, 
            614.804636, 673.347682, 612.685430, 675.466887, 
            612.685430, 679.705298, 608.447020, 681.824503, 
            606.327815, 681.824503, 604.208609, 683.943709, 
            604.208609, 683.943709, 602.089404, 688.182119, 
            599.970199, 688.182119, 597.850993, 690.301325, 
            597.850993, 692.420530, 595.731788, 696.658940, 
            591.493377, 698.778146, 591.493377, 700.897351, 
            589.374172, 705.135762, 587.254967, 709.374172, 
            583.016556, 711.493377, 583.016556, 713.612583, 
            580.897351, 715.731788, 580.897351, 715.731788, 
            578.778146, 717.850993, 578.778146, 717.850993, 
            576.658940, 719.970199, 574.539735, 722.089404, 
            574.539735, 724.208609, 572.420530, 728.447020, 
            570.301325, 728.447020, 568.182119, 730.566225, 
            568.182119, 732.685430, 566.062914, 734.804636, 
            566.062914, 736.923841, 566.062914, 739.043046, 
            566.062914, 741.162252, 563.943709, 743.281457, 
            561.824503, 745.400662, 561.824503, 747.519868, 
            561.824503, 749.639073, 559.705298, 751.758278, 
            559.705298, 753.877483, 559.705298, 755.996689, 
            559.705298, 758.115894, 559.705298, 760.235099, 
            559.705298, 762.354305, 559.705298, 766.592715, 
            557.586093, 768.711921, 557.586093, 770.831126, 
            557.586093, 772.950331, 555.466887, 775.069536, 
            555.466887, 777.188742, 555.466887, 781.427152, 
            555.466887, 783.546358, 553.347682, 787.784768, 
            553.347682, 792.023179, 553.347682, 796.261589, 
            553.347682, 798.380795, 553.347682, 800.500000, 
            553.347682, 802.619205, 553.347682, 804.738411, 
            553.347682, 806.857616, 553.347682, 808.976821, 
            553.347682, 811.096026, 553.347682, 813.215232, 
            553.347682, 815.334437, 553.347682, 817.453642, 
            553.347682, 821.692053, 553.347682, 823.811258, 
            555.466887, 825.930464, 557.586093, 830.168874, 
            557.586093, 832.288079, 559.705298, 834.407285, 
            559.705298, 836.526490, 561.824503, 838.645695, 
            563.943709, 840.764901, 563.943709, 842.884106, 
            566.062914, 845.003311, 566.062914, 849.241722, 
            570.301325, 851.360927, 572.420530, 853.480132, 
            574.539735, 857.718543, 576.658940, 861.956954, 
            578.778146, 864.076159, 578.778146, 866.195364, 
            580.897351, 868.314570, 580.897351, 870.433775, 
            583.016556, 872.552980, 583.016556, 872.552980, 
            585.135762, 876.791391, 587.254967, 878.910596, 
            587.254967, 881.029801, 589.374172, 883.149007, 
            589.374172, 885.268212, 591.493377, 887.387417, 
            591.493377, 889.506623, 593.612583, 891.625828, 
            595.731788, 893.745033, 595.731788, 895.864238, 
            597.850993, 897.983444, 597.850993, 897.983444, 
