%YAML:1.0
    mask: !!opencv-matrix
        rows: 578
        cols: 2
        dt: f
        data: [ 106.726804, 713.489691, 112.005155, 
            713.489691, 122.561856, 705.572165, 131.798969, 
            695.015464, 142.355670, 687.097938, 146.314433, 
            683.139175, 151.592784, 679.180412, 158.190722, 
            675.221649, 164.788660, 668.623711, 170.067010, 
            660.706186, 177.984536, 654.108247, 180.623711, 
            651.469072, 184.582474, 644.871134, 187.221649, 
            640.912371, 189.860825, 638.273196, 193.819588, 
            635.634021, 196.458763, 631.675258, 201.737113, 
            627.716495, 204.376289, 626.396907, 213.613402, 
            619.798969, 216.252577, 615.840206, 220.211340, 
            611.881443, 222.850515, 607.922680, 226.809278, 
            605.283505, 229.448454, 602.644330, 229.448454, 
            601.324742, 233.407216, 601.324742, 236.046392, 
            600.005155, 245.283505, 600.005155, 250.561856, 
            600.005155, 254.520619, 602.644330, 261.118557, 
            606.603093, 267.716495, 610.561856, 279.592784, 
            615.840206, 280.912371, 615.840206, 284.871134, 
            617.159794, 287.510309, 617.159794, 291.469072, 
            618.479381, 299.386598, 619.798969, 317.860825, 
            623.757732, 336.335052, 627.716495, 341.613402, 
            627.716495, 346.891753, 629.036082, 354.809278, 
            629.036082, 366.685567, 629.036082, 370.644330, 
            629.036082, 373.283505, 629.036082, 374.603093, 
            629.036082, 377.242268, 629.036082, 379.881443, 
            629.036082, 382.520619, 629.036082, 383.840206, 
            629.036082, 385.159794, 629.036082, 385.159794, 
            630.355670, 387.798969, 632.994845, 390.438144, 
            635.634021, 393.077320, 639.592784, 395.716495, 
            643.551546, 397.036082, 646.190722, 399.675258, 
            651.469072, 399.675258, 656.747423, 402.314433, 
            663.345361, 404.953608, 667.304124, 406.273196, 
            669.943299, 408.912371, 675.221649, 410.231959, 
            677.860825, 411.551546, 680.500000, 414.190722, 
            684.458763, 414.190722, 687.097938, 416.829897, 
            689.737113, 418.149485, 692.376289, 419.469072, 
            695.015464, 419.469072, 696.335052, 420.788660, 
            696.335052, 420.788660, 697.654639, 423.427835, 
            700.293814, 424.747423, 701.613402, 426.067010, 
            704.252577, 426.067010, 706.891753, 427.386598, 
            710.850515, 428.706186, 713.489691, 428.706186, 
            714.809278, 428.706186, 716.128866, 424.747423, 
            717.448454, 416.829897, 718.768041, 412.871134, 
            718.768041, 410.231959, 718.768041, 407.592784, 
            718.768041, 404.953608, 718.768041, 402.314433, 
            718.768041, 393.077320, 718.768041, 390.438144, 
            718.768041, 389.118557, 717.448454, 387.798969, 
            714.809278, 386.479381, 710.850515, 382.520619, 
            705.572165, 381.201031, 702.932990, 375.922680, 
            697.654639, 371.963918, 693.695876, 370.644330, 
            692.376289, 369.324742, 692.376289, 366.685567, 
            692.376289, 364.046392, 691.056701, 358.768041, 
            688.417526, 348.211340, 684.458763, 340.293814, 
            681.819588, 338.974227, 681.819588, 333.695876, 
            681.819588, 328.417526, 681.819588, 320.500000, 
            683.139175, 315.221649, 684.458763, 311.262887, 
            687.097938, 308.623711, 689.737113, 304.664948, 
            692.376289, 303.345361, 693.695876, 300.706186, 
            696.335052, 300.706186, 697.654639, 299.386598, 
            698.974227, 296.747423, 702.932990, 295.427835, 
            705.572165, 294.108247, 708.211340, 291.469072, 
            710.850515, 290.149485, 710.850515, 288.829897, 
            710.850515, 288.829897, 712.170103, 288.829897, 
            714.809278, 288.829897, 716.128866, -1.000000, 
            -1.000000, 656.994845, 508.953608, 651.716495, 
            510.273196, 642.479381, 511.592784, 637.201031, 
            512.912371, 634.561856, 512.912371, 633.242268, 
            512.912371, 629.283505, 512.912371, 621.365979, 
            514.231959, 617.407216, 514.231959, 613.448454, 
            514.231959, 604.211340, 515.551546, 601.572165, 
            515.551546, 593.654639, 515.551546, 585.737113, 
            515.551546, 581.778351, 515.551546, 577.819588, 
            515.551546, 572.541237, 515.551546, 565.943299, 
            515.551546, 555.386598, 515.551546, 546.149485, 
            514.231959, 540.871134, 514.231959, 532.953608, 
            514.231959, 528.994845, 514.231959, 522.396907, 
            514.231959, 515.798969, 514.231959, 513.159794, 
            515.551546, 511.840206, 515.551546, 510.520619, 
            515.551546, 510.520619, 514.231959, 510.520619, 
            510.273196, 511.840206, 504.994845, 513.159794, 
            501.036082, 514.479381, 499.716495, 517.118557, 
            497.077320, 518.438144, 494.438144, 518.438144, 
            493.118557, 521.077320, 490.479381, 523.716495, 
            487.840206, 525.036082, 487.840206, 525.036082, 
            486.520619, 526.355670, 486.520619, 530.314433, 
            483.881443, 540.871134, 477.283505, 548.788660, 
            470.685567, 551.427835, 468.046392, 552.747423, 
            464.087629, 555.386598, 461.448454, 556.706186, 
            456.170103, 558.025773, 442.974227, 558.025773, 
            440.335052, 558.025773, 433.737113, 558.025773, 
            427.139175, 558.025773, 423.180412, 558.025773, 
            421.860825, 558.025773, 420.541237, 558.025773, 
            419.221649, 556.706186, 419.221649, 554.067010, 
            420.541237, 548.788660, 436.376289, 548.788660, 
            445.613402, 547.469072, 450.891753, 546.149485, 
            454.850515, 546.149485, 456.170103, 546.149485, 
            457.489691, 546.149485, 458.809278, 544.829897, 
            460.128866, 542.190722, 464.087629, 540.871134, 
            466.726804, 538.231959, 468.046392, 536.912371, 
            468.046392, 530.314433, 469.365979, 526.355670, 
            469.365979, 511.840206, 469.365979, 509.201031, 
            469.365979, 506.561856, 469.365979, 503.922680, 
            469.365979, 502.603093, 469.365979, 502.603093, 
            468.046392, 502.603093, 466.726804, 501.283505, 
            465.407216, 501.283505, 461.448454, 501.283505, 
            458.809278, 502.603093, 452.211340, 503.922680, 
            441.654639, 503.922680, 440.335052, 503.922680, 
            437.695876, 503.922680, 431.097938, 503.922680, 
            425.819588, 503.922680, 420.541237, 505.242268, 
            413.943299, 505.242268, 408.664948, 505.242268, 
            406.025773, 505.242268, 400.747423, 506.561856, 
            396.788660, 506.561856, 394.149485, 507.881443, 
            390.190722, 509.201031, 388.871134, 510.520619, 
            384.912371, 513.159794, 383.592784, 515.798969, 
            379.634021, 517.118557, 376.994845, 521.077320, 
            367.757732, 523.716495, 363.798969, 526.355670, 
            358.520619, 527.675258, 357.201031, 528.994845, 
            355.881443, 530.314433, 353.242268, 530.314433, 
            351.922680, 530.314433, 349.283505, 530.314433, 
            346.644330, 531.634021, 345.324742, 534.273196, 
            342.685567, 547.469072, 337.407216, 550.108247, 
            336.087629, 552.747423, 336.087629, 556.706186, 
            333.448454, 564.623711, 330.809278, 565.943299, 
            330.809278, 567.262887, 330.809278, 571.221649, 
            329.489691, 573.860825, 328.170103, 576.500000, 
            326.850515, 579.139175, 326.850515, 581.778351, 
            325.530928, 587.056701, 325.530928, 589.695876, 
            325.530928, 600.252577, 326.850515, 604.211340, 
            326.850515, 608.170103, 328.170103, 617.407216, 
