%YAML:1.0
    mask: !!opencv-matrix
        rows: 1612
        cols: 2
        dt: f
        data: [ 347.476025, 719.355375, 346.486079, 
            719.355375, 346.486079, 718.365429, 346.486079, 
            717.375483, 346.486079, 716.385538, 346.486079, 
            715.395592, 347.476025, 715.395592, 348.465971, 
            714.405646, 348.465971, 713.415700, 349.455916, 
            712.425754, 350.445862, 712.425754, 351.435808, 
            712.425754, 352.425754, 711.435808, 353.415700, 
            711.435808, 354.405646, 710.445862, 356.385538, 
            710.445862, 356.385538, 709.455916, 357.375483, 
            709.455916, 357.375483, 708.465971, 358.365429, 
            708.465971, 359.355375, 708.465971, 360.345321, 
            708.465971, 361.335267, 707.476025, 362.325213, 
            706.486079, 363.315159, 706.486079, 364.305104, 
            705.496133, 366.284996, 705.496133, 367.274942, 
            705.496133, 369.254834, 704.506187, 370.244780, 
            704.506187, 371.234725, 704.506187, 371.234725, 
            703.516241, 372.224671, 703.516241, 375.194509, 
            702.526295, 378.164346, 701.536350, 379.154292, 
            701.536350, 380.144238, 700.546404, 382.124130, 
            699.556458, 383.114076, 699.556458, 385.093968, 
            697.576566, 386.083913, 697.576566, 386.083913, 
            696.586620, 388.063805, 696.586620, 389.053751, 
            695.596674, 390.043697, 694.606729, 391.033643, 
            693.616783, 392.023589, 693.616783, 393.013534, 
            692.626837, 394.003480, 691.636891, 394.993426, 
            691.636891, 394.993426, 690.646945, 395.983372, 
            689.656999, 396.973318, 689.656999, 397.963264, 
            688.667053, 398.953210, 688.667053, 400.933101, 
            686.687162, 402.912993, 686.687162, 403.902939, 
            685.697216, 404.892885, 684.707270, 405.882831, 
            683.717324, 406.872776, 683.717324, 408.852668, 
            683.717324, 409.842614, 683.717324, 410.832560, 
            682.727378, 412.812452, 681.737432, 413.802398, 
            681.737432, 413.802398, 680.747486, 414.792343, 
            680.747486, 415.782289, 680.747486, 415.782289, 
            679.757541, 416.772235, 679.757541, 416.772235, 
            678.767595, 417.762181, 677.777649, 418.752127, 
            677.777649, 419.742073, 676.787703, 420.732019, 
            675.797757, 421.721964, 675.797757, 422.711910, 
            674.807811, 423.701856, 673.817865, 425.681748, 
            672.827920, 426.671694, 672.827920, 427.661640, 
            671.837974, 428.651585, 671.837974, 428.651585, 
            670.848028, 430.631477, 669.858082, 431.621423, 
            668.868136, 431.621423, 667.878190, 432.611369, 
            667.878190, 432.611369, 666.888244, 433.601315, 
            666.888244, 433.601315, 665.898299, 436.571152, 
            665.898299, 436.571152, 664.908353, 438.551044, 
            663.918407, 438.551044, 662.928461, 439.540990, 
            662.928461, 440.530936, 662.928461, 441.520882, 
            662.928461, 441.520882, 661.938515, 442.510828, 
            660.948569, 443.500773, 660.948569, 444.490719, 
            660.948569, 445.480665, 660.948569, 446.470611, 
            660.948569, 447.460557, 660.948569, 449.440449, 
            660.948569, 452.410286, 660.948569, 453.400232, 
            660.948569, 454.390178, 660.948569, 456.370070, 
            660.948569, 457.360015, 660.948569, 459.339907, 
            660.948569, 461.319799, 660.948569, 462.309745, 
            660.948569, 463.299691, 660.948569, 464.289637, 
            660.948569, 465.279582, 660.948569, 466.269528, 
            660.948569, 466.269528, 661.938515, 467.259474, 
            661.938515, 468.249420, 661.938515, 469.239366, 
            662.928461, 470.229312, 662.928461, 471.219258, 
            662.928461, 472.209203, 663.918407, 473.199149, 
            663.918407, 473.199149, 664.908353, 474.189095, 
            664.908353, 475.179041, 664.908353, 475.179041, 
            665.898299, 476.168987, 665.898299, 477.158933, 
            666.888244, 478.148879, 666.888244, 479.138824, 
            667.878190, 480.128770, 668.868136, 482.108662, 
            669.858082, 483.098608, 669.858082, 484.088554, 
            670.848028, 486.068445, 671.837974, 487.058391, 
            671.837974, 488.048337, 671.837974, 488.048337, 
            672.827920, 491.018175, 672.827920, 492.008121, 
            673.817865, 492.998067, 673.817865, 492.998067, 
            674.807811, 494.977958, 674.807811, 496.957850, 
            675.797757, 498.937742, 676.787703, 499.927688, 
            676.787703, 501.907579, 677.777649, 501.907579, 
            678.767595, 502.897525, 679.757541, 503.887471, 
            679.757541, 504.877417, 679.757541, 505.867363, 
            680.747486, 505.867363, 681.737432, 506.857309, 
            682.727378, 506.857309, 683.717324, 507.847254, 
            684.707270, 508.837200, 685.697216, 509.827146, 
            686.687162, 510.817092, 686.687162, 510.817092, 
            687.677108, 511.807038, 689.656999, 511.807038, 
            690.646945, 513.786930, 692.626837, 513.786930, 
            693.616783, 513.786930, 694.606729, 513.786930, 
            696.586620, 513.786930, 697.576566, 513.786930, 
            698.566512, 513.786930, 699.556458, 514.776875, 
            700.546404, 514.776875, 701.536350, 514.776875, 
            702.526295, 515.766821, 702.526295, 516.756767, 
            703.516241, 516.756767, 704.506187, 516.756767, 
            705.496133, 517.746713, 705.496133, 518.736659, 
            705.496133, 518.736659, 706.486079, 518.736659, 
            707.476025, 519.726605, 707.476025, 520.716551, 
            707.476025, 520.716551, 708.465971, 521.706497, 
            709.455916, 521.706497, 710.445862, 523.686388, 
            710.445862, 523.686388, 711.435808, 524.676334, 
            712.425754, 525.666280, 712.425754, 526.656226, 
            712.425754, 526.656226, 713.415700, 527.646172, 
            714.405646, 528.636118, 714.405646, 528.636118, 
            715.395592, 529.626063, 715.395592, 530.616009, 
            715.395592, 531.605955, 715.395592, 531.605955, 
            716.385538, 532.595901, 716.385538, 533.585847, 
            716.385538, 533.585847, 717.375483, 534.575793, 
            717.375483, 535.565739, 717.375483, 534.575793, 
            717.375483, -1.000000, -1.000000, 891.946249, 
            632.240139, 890.956303, 632.240139, 889.966357, 
            632.240139, 886.996520, 630.260247, 885.016628, 
            630.260247, 884.026682, 630.260247, 884.026682, 
            629.270302, 882.046790, 628.280356, 881.056845, 
            627.290410, 880.066899, 627.290410, 879.076953, 
            626.300464, 879.076953, 625.310518, 878.087007, 
            624.320572, 878.087007, 623.330626, 877.097061, 
            621.350735, 877.097061, 620.360789, 877.097061, 
            619.370843, 877.097061, 618.380897, 876.107115, 
            618.380897, 876.107115, 617.390951, 876.107115, 
            615.411060, 875.117169, 615.411060, 875.117169, 
            614.421114, 874.127224, 613.431168, 874.127224, 
            612.441222, 873.137278, 611.451276, 872.147332, 
            610.461330, 872.147332, 609.471384, 871.157386, 
            608.481439, 870.167440, 608.481439, 870.167440, 
            607.491493, 869.177494, 606.501547, 869.177494, 
            605.511601, 868.187548, 604.521655, 868.187548, 
            603.531709, 867.197602, 603.531709, 867.197602, 
            602.541763, 866.207657, 601.551817, 865.217711, 
            599.571926, 865.217711, 598.581980, 863.237819, 
            595.612142, 862.247873, 594.622196, 862.247873, 
            592.642305, 861.257927, 591.652359, 859.278036, 
            590.662413, 859.278036, 589.672467, 859.278036, 
            588.682521, 858.288090, 587.692575, 857.298144, 
