%YAML:1.0
    mask: !!opencv-matrix
        rows: 490
        cols: 2
        dt: f
        data: [ 327.917219, 682.619205, 327.917219, 
            684.738411, 325.798013, 684.738411, 321.559603, 
            688.976821, 319.440397, 688.976821, 310.963576, 
            693.215232, 304.605960, 695.334437, 300.367550, 
            697.453642, 294.009934, 699.572848, 291.890728, 
            699.572848, 287.652318, 701.692053, 285.533113, 
            703.811258, 283.413907, 703.811258, 281.294702, 
            705.930464, 279.175497, 705.930464, 270.698675, 
            710.168874, 268.579470, 710.168874, 266.460265, 
            712.288079, 266.460265, 714.407285, 264.341060, 
            714.407285, 264.341060, 716.526490, 264.341060, 
            718.645695, 266.460265, 718.645695, 300.367550, 
            716.526490, 304.605960, 714.407285, 308.844371, 
            710.168874, 308.844371, 708.049669, 310.963576, 
            705.930464, 313.082781, 703.811258, 315.201987, 
            701.692053, 317.321192, 699.572848, 317.321192, 
            697.453642, 319.440397, 697.453642, 319.440397, 
            695.334437, 321.559603, 695.334437, 323.678808, 
            693.215232, -1.000000, -1.000000, 1004.046392, 
            675.221649, 990.850515, 664.664948, 977.654639, 
            656.747423, 964.458763, 647.510309, 961.819588, 
            644.871134, 957.860825, 642.231959, 956.541237, 
            640.912371, 948.623711, 635.634021, 945.984536, 
            632.994845, 945.984536, 631.675258, 942.025773, 
            629.036082, 940.706186, 627.716495, 938.067010, 
            625.077320, 936.747423, 623.757732, 935.427835, 
            622.438144, 931.469072, 618.479381, 928.829897, 
            614.520619, 924.871134, 609.242268, 918.273196, 
            602.644330, 915.634021, 601.324742, 914.314433, 
            600.005155, 912.994845, 598.685567, 910.355670, 
            596.046392, 907.716495, 590.768041, 906.396907, 
            588.128866, 903.757732, 582.850515, 898.479381, 
            576.252577, 897.159794, 572.293814, 894.520619, 
            569.654639, 890.561856, 560.417526, 887.922680, 
            555.139175, 886.603093, 553.819588, 883.963918, 
            548.541237, 882.644330, 548.541237, 881.324742, 
            545.902062, 881.324742, 544.582474, 878.685567, 
            540.623711, 876.046392, 536.664948, 874.726804, 
            534.025773, 868.128866, 524.788660, 866.809278, 
            522.149485, 862.850515, 515.551546, 861.530928, 
            514.231959, 856.252577, 506.314433, 856.252577, 
            504.994845, 852.293814, 501.036082, 848.335052, 
            498.396907, 845.695876, 495.757732, 843.056701, 
            491.798969, 840.417526, 487.840206, 839.097938, 
            486.520619, 835.139175, 482.561856, 832.500000, 
            478.603093, 829.860825, 474.644330, 827.221649, 
            472.005155, 823.262887, 466.726804, 819.304124, 
            458.809278, 817.984536, 457.489691, 816.664948, 
            454.850515, 812.706186, 449.572165, 811.386598, 
            448.252577, 811.386598, 446.932990, 811.386598, 
            445.613402, 820.623711, 441.654639, 823.262887, 
            440.335052, 827.221649, 440.335052, 828.541237, 
            439.015464, 829.860825, 439.015464, 831.180412, 
            439.015464, 832.500000, 437.695876, 833.819588, 
            435.056701, 833.819588, 433.737113, 836.458763, 
            431.097938, 837.778351, 428.458763, 837.778351, 
            425.819588, 839.097938, 424.500000, 839.097938, 
            421.860825, 839.097938, 420.541237, 839.097938, 
            419.221649, 835.139175, 419.221649, 831.180412, 
            419.221649, 827.221649, 417.902062, 824.582474, 
            416.582474, 823.262887, 415.262887, 821.943299, 
            413.943299, 820.623711, 412.623711, 820.623711, 
            411.304124, 819.304124, 409.984536, 819.304124, 
            408.664948, 816.664948, 406.025773, 816.664948, 
            404.706186, 815.345361, 402.067010, 815.345361, 
            400.747423, 815.345361, 398.108247, 815.345361, 
            396.788660, 815.345361, 394.149485, 815.345361, 
            391.510309, 816.664948, 388.871134, 820.623711, 
            387.551546, 827.221649, 384.912371, 835.139175, 
            382.273196, 844.376289, 380.953608, 852.293814, 
            379.634021, 853.613402, 378.314433, 856.252577, 
            378.314433, 864.170103, 375.675258, 877.365979, 
            371.716495, 881.324742, 370.396907, 886.603093, 
            369.077320, 894.520619, 366.438144, 897.159794, 
            366.438144, 898.479381, 365.118557, 903.757732, 
            365.118557, 912.994845, 363.798969, 920.912371, 
            363.798969, 923.551546, 363.798969, 927.510309, 
            363.798969, 930.149485, 363.798969, 932.788660, 
            363.798969, 935.427835, 363.798969, 938.067010, 
            365.118557, 944.664948, 367.757732, 952.582474, 
            370.396907, 959.180412, 371.716495, 967.097938, 
            374.355670, 971.056701, 374.355670, 976.335052, 
            375.675258, 980.293814, 378.314433, 993.489691, 
            380.953608, 998.768041, 382.273196, 1008.005155, 
            384.912371, 1014.603093, 386.231959, 1017.242268, 
            386.231959, 1019.881443, 387.551546, 1022.520619, 
            388.871134, 1025.159794, 388.871134, 1029.118557, 
            390.190722, 1031.757732, 391.510309, 1033.077320, 
            392.829897, 1034.396907, 392.829897, 1038.355670, 
            396.788660, 1043.634021, 400.747423, 1046.273196, 
            404.706186, 1050.231959, 408.664948, 1051.551546, 
            411.304124, 1052.871134, 413.943299, 1055.510309, 
            419.221649, 1059.469072, 427.139175, 1063.427835, 
            433.737113, 1064.747423, 436.376289, 1067.386598, 
            442.974227, 1072.664948, 454.850515, 1075.304124, 
            464.087629, 1077.943299, 470.685567, 1079.262887, 
            474.644330, 1081.902062, 483.881443, 1081.902062, 
            485.201031, 1084.541237, 494.438144, 1089.819588, 
            503.675258, 1093.778351, 512.912371, 1095.097938, 
            516.871134, 1100.376289, 532.706186, 1105.654639, 
            543.262887, 1106.974227, 547.221649, 1108.293814, 
            549.860825, 1112.252577, 561.737113, 1116.211340, 
            569.654639, 1118.850515, 573.613402, 1120.170103, 
            577.572165, 1120.170103, 578.891753, 1122.809278, 
            585.489691, 1125.448454, 589.448454, 1128.087629, 
            594.726804, 1128.087629, 596.046392, 1130.726804, 
            602.644330, 1132.046392, 606.603093, 1132.046392, 
            607.922680, 1133.365979, 610.561856, 1134.685567, 
            613.201031, 1134.685567, 614.520619, 1134.685567, 
            615.840206, 1133.365979, 615.840206, 1124.128866, 
            618.479381, 1112.252577, 622.438144, 1089.819588, 
            626.396907, 1066.067010, 631.675258, 1039.675258, 
            635.634021, 1018.561856, 639.592784, 1005.365979, 
            643.551546, -1.000000, -1.000000, 703.016556, 
            239.705298, 703.016556, 241.824503, 703.016556, 
            246.062914, 703.016556, 248.182119, 703.016556, 
            252.420530, 700.897351, 252.420530, 679.705298, 
            254.539735, 671.228477, 254.539735, 664.870861, 
            254.539735, 662.751656, 254.539735, 660.632450, 
            254.539735, 658.513245, 254.539735, 652.155629, 
            254.539735, 647.917219, 254.539735, 641.559603, 
            254.539735, 630.963576, 254.539735, 624.605960, 
            254.539735, 614.009934, 252.420530, 607.652318, 
            252.420530, 603.413907, 252.420530, 601.294702, 
            252.420530, 597.056291, 252.420530, 594.937086, 
            252.420530, 592.817881, 252.420530, 590.698675, 
            252.420530, 584.341060, 252.420530, 575.864238, 
            252.420530, 573.745033, 252.420530, 571.625828, 
