%YAML:1.0
    mask: !!opencv-matrix
        rows: 427
        cols: 2
        dt: f
        data: [ -1.000000, -1.000000, 825.902062, 
            712.170103, 820.623711, 710.850515, 817.984536, 
            705.572165, 816.664948, 701.613402, 811.386598, 
            691.056701, 810.067010, 688.417526, 806.108247, 
            683.139175, 804.788660, 680.500000, 802.149485, 
            676.541237, 802.149485, 675.221649, 800.829897, 
            672.582474, 798.190722, 669.943299, 796.871134, 
            665.984536, 792.912371, 662.025773, 788.953608, 
            659.386598, 783.675258, 658.067010, 769.159794, 
            655.427835, 766.520619, 654.108247, 765.201031, 
            652.788660, 763.881443, 648.829897, 763.881443, 
            643.551546, 763.881443, 640.912371, 765.201031, 
            639.592784, 766.520619, 638.273196, 766.520619, 
            636.953608, 767.840206, 635.634021, 769.159794, 
            632.994845, 771.798969, 625.077320, 771.798969, 
            618.479381, 771.798969, 611.881443, 770.479381, 
            609.242268, 767.840206, 603.963918, 765.201031, 
            598.685567, 762.561856, 593.407216, 762.561856, 
            588.128866, 761.242268, 584.170103, 761.242268, 
            581.530928, 759.922680, 578.891753, 759.922680, 
            574.932990, 759.922680, 570.974227, 761.242268, 
            567.015464, 762.561856, 563.056701, 763.881443, 
            560.417526, 765.201031, 559.097938, 767.840206, 
            557.778351, 769.159794, 557.778351, 771.798969, 
            557.778351, 774.438144, 556.458763, 782.355670, 
            556.458763, 784.994845, 557.778351, 791.592784, 
            563.056701, 796.871134, 565.695876, 802.149485, 
            570.974227, 806.108247, 577.572165, 815.345361, 
            590.768041, 823.262887, 598.685567, 823.262887, 
            601.324742, 825.902062, 605.283505, 827.221649, 
            605.283505, 828.541237, 605.283505, 831.180412, 
            605.283505, 833.819588, 605.283505, 836.458763, 
            605.283505, 840.417526, 605.283505, 841.737113, 
            605.283505, 844.376289, 605.283505, 844.376289, 
            602.644330, 844.376289, 601.324742, 843.056701, 
            601.324742, 840.417526, 598.685567, 836.458763, 
            589.448454, 835.139175, 586.809278, 832.500000, 
            580.211340, 829.860825, 576.252577, 828.541237, 
            573.613402, 825.902062, 567.015464, 824.582474, 
            561.737113, 821.943299, 555.139175, 819.304124, 
            551.180412, 817.984536, 548.541237, 816.664948, 
            544.582474, 811.386598, 534.025773, 810.067010, 
            532.706186, 803.469072, 524.788660, 800.829897, 
            522.149485, 800.829897, 520.829897, 799.510309, 
            520.829897, 799.510309, 519.510309, 798.190722, 
            518.190722, 798.190722, 516.871134, 799.510309, 
            516.871134, 800.829897, 516.871134, 802.149485, 
            516.871134, 807.427835, 515.551546, 808.747423, 
            515.551546, 812.706186, 515.551546, 815.345361, 
            515.551546, 817.984536, 515.551546, 827.221649, 
            515.551546, 832.500000, 515.551546, 835.139175, 
            516.871134, 836.458763, 516.871134, 841.737113, 
            518.190722, 845.695876, 519.510309, 850.974227, 
            520.829897, 856.252577, 522.149485, 860.211340, 
            523.469072, 864.170103, 524.788660, 866.809278, 
            526.108247, 869.448454, 527.427835, 870.768041, 
            530.067010, 873.407216, 534.025773, 881.324742, 
            541.943299, 885.283505, 545.902062, 890.561856, 
            551.180412, 895.840206, 555.139175, 902.438144, 
            563.056701, 905.077320, 565.695876, 906.396907, 
            567.015464, 909.036082, 569.654639, 914.314433, 
            574.932990, 916.953608, 578.891753, 919.592784, 
            581.530928, 922.231959, 584.170103, 923.551546, 
            589.448454, 924.871134, 594.726804, 926.190722, 
            600.005155, 927.510309, 605.283505, 928.829897, 
            610.561856, 930.149485, 614.520619, 931.469072, 
            621.118557, 934.108247, 626.396907, 935.427835, 
            631.675258, 935.427835, 632.994845, 936.747423, 
            643.551546, 938.067010, 650.149485, 939.386598, 
            654.108247, 942.025773, 659.386598, 943.345361, 
            665.984536, 944.664948, 669.943299, 945.984536, 
            675.221649, 952.582474, 685.778351, 953.902062, 
            691.056701, 956.541237, 693.695876, 956.541237, 
            697.654639, 957.860825, 700.293814, 959.180412, 
            701.613402, 960.500000, 704.252577, 961.819588, 
            708.211340, 963.139175, 709.530928, 963.139175, 
            710.850515, 964.458763, 712.170103, 964.458763, 
            713.489691, 964.458763, 714.809278, 965.778351, 
            714.809278, 965.778351, 716.128866, 965.778351, 
            717.448454, -1.000000, -1.000000, 821.943299, 
            382.273196, 827.221649, 384.912371, 828.541237, 
            386.231959, 829.860825, 388.871134, 831.180412, 
            388.871134, 831.180412, 390.190722, 831.180412, 
            391.510309, 832.500000, 398.108247, 835.139175, 
            403.386598, 836.458763, 408.664948, 837.778351, 
            411.304124, 837.778351, 412.623711, 837.778351, 
            413.943299, 837.778351, 415.262887, 836.458763, 
            416.582474, 835.139175, 416.582474, 832.500000, 
            416.582474, 831.180412, 416.582474, 828.541237, 
            417.902062, 825.902062, 417.902062, 816.664948, 
            417.902062, 808.747423, 417.902062, 803.469072, 
            417.902062, 798.190722, 417.902062, 792.912371, 
            417.902062, 788.953608, 417.902062, 783.675258, 
            416.582474, 778.396907, 415.262887, 775.757732, 
            415.262887, 771.798969, 415.262887, 769.159794, 
            413.943299, 767.840206, 413.943299, 765.201031, 
            412.623711, 763.881443, 412.623711, 762.561856, 
            411.304124, 761.242268, 409.984536, 759.922680, 
            409.984536, 754.644330, 409.984536, 746.726804, 
            408.664948, 741.448454, 408.664948, 738.809278, 
            408.664948, 734.850515, 408.664948, 729.572165, 
            409.984536, 724.293814, 411.304124, 720.335052, 
            413.943299, 717.695876, 415.262887, 716.376289, 
            416.582474, 715.056701, 416.582474, 713.737113, 
            419.221649, 713.737113, 421.860825, 713.737113, 
            424.500000, 717.695876, 429.778351, 720.335052, 
            432.417526, 722.974227, 435.056701, 729.572165, 
            440.335052, 733.530928, 444.293814, 738.809278, 
            448.252577, 744.087629, 452.211340, 749.365979, 
            456.170103, 752.005155, 457.489691, 754.644330, 
            458.809278, 757.283505, 461.448454, 762.561856, 
            464.087629, 765.201031, 465.407216, 767.840206, 
            468.046392, 771.798969, 470.685567, 774.438144, 
            473.324742, 778.396907, 475.963918, 782.355670, 
            478.603093, 784.994845, 479.922680, 790.273196, 
            482.561856, 794.231959, 485.201031, 799.510309, 
            486.520619, 800.829897, 486.520619, 806.108247, 
            489.159794, 808.747423, 490.479381, 810.067010, 
            491.798969, 812.706186, 491.798969, 816.664948, 
            493.118557, 823.262887, 494.438144, 825.902062, 
            494.438144, 827.221649, 494.438144, 829.860825, 
            493.118557, 837.778351, 489.159794, 839.097938, 
            487.840206, 840.417526, 487.840206, 841.737113, 
            486.520619, 844.376289, 485.201031, 849.654639, 
            481.242268, 854.932990, 478.603093, 858.891753, 
            474.644330, 862.850515, 473.324742, 866.809278, 
            472.005155, 870.768041, 468.046392, 877.365979, 
            464.087629, 883.963918, 458.809278, 889.242268, 
            456.170103, 891.881443, 453.530928, 893.201031, 
