%YAML:1.0
    mask: !!opencv-matrix
        rows: 730
        cols: 2
        dt: f
        data: [ 175.334437, 714.407285, 175.334437, 
            712.288079, 177.453642, 712.288079, 177.453642, 
            708.049669, 179.572848, 705.930464, 181.692053, 
            703.811258, 181.692053, 701.692053, 183.811258, 
            701.692053, 183.811258, 699.572848, 183.811258, 
            697.453642, 188.049669, 691.096026, 188.049669, 
            688.976821, 190.168874, 686.857616, 190.168874, 
            684.738411, 192.288079, 684.738411, 194.407285, 
            680.500000, 196.526490, 678.380795, 198.645695, 
            678.380795, 200.764901, 676.261589, 202.884106, 
            676.261589, 202.884106, 674.142384, 207.122517, 
            674.142384, 209.241722, 674.142384, 211.360927, 
            672.023179, 213.480132, 672.023179, 217.718543, 
            669.903974, 219.837748, 669.903974, 221.956954, 
            669.903974, 224.076159, 669.903974, 226.195364, 
            667.784768, 228.314570, 667.784768, 230.433775, 
            665.665563, 232.552980, 665.665563, 232.552980, 
            663.546358, 234.672185, 661.427152, 236.791391, 
            659.307947, 238.910596, 659.307947, 238.910596, 
            657.188742, 241.029801, 655.069536, 241.029801, 
            652.950331, 243.149007, 650.831126, 245.268212, 
            650.831126, 245.268212, 648.711921, 247.387417, 
            646.592715, 249.506623, 646.592715, 251.625828, 
            646.592715, 253.745033, 646.592715, 255.864238, 
            646.592715, 257.983444, 646.592715, 260.102649, 
            646.592715, 262.221854, 646.592715, 264.341060, 
            646.592715, 266.460265, 646.592715, 270.698675, 
            646.592715, 272.817881, 646.592715, 274.937086, 
            646.592715, 277.056291, 646.592715, 279.175497, 
            646.592715, 281.294702, 646.592715, 283.413907, 
            646.592715, 285.533113, 646.592715, 287.652318, 
            646.592715, 289.771523, 646.592715, 291.890728, 
            644.473510, 294.009934, 644.473510, 296.129139, 
            644.473510, 298.248344, 644.473510, 300.367550, 
            644.473510, 302.486755, 642.354305, 304.605960, 
            642.354305, 306.725166, 642.354305, 308.844371, 
            642.354305, 310.963576, 640.235099, 313.082781, 
            638.115894, 315.201987, 635.996689, 319.440397, 
            633.877483, 321.559603, 631.758278, 323.678808, 
            629.639073, 325.798013, 629.639073, 327.917219, 
            629.639073, 330.036424, 627.519868, 332.155629, 
            627.519868, 334.274834, 627.519868, 336.394040, 
            627.519868, 338.513245, 627.519868, 340.632450, 
            627.519868, 342.751656, 627.519868, 344.870861, 
            629.639073, 346.990066, 631.758278, 349.109272, 
            631.758278, 349.109272, 633.877483, 351.228477, 
            633.877483, 353.347682, 633.877483, 355.466887, 
            635.996689, 357.586093, 635.996689, 359.705298, 
            635.996689, 361.824503, 638.115894, 363.943709, 
            640.235099, 366.062914, 640.235099, 368.182119, 
            640.235099, 370.301325, 642.354305, 372.420530, 
            642.354305, 374.539735, 642.354305, 376.658940, 
            642.354305, 378.778146, 642.354305, 380.897351, 
            644.473510, 383.016556, 644.473510, 385.135762, 
            646.592715, 387.254967, 648.711921, 389.374172, 
            648.711921, 391.493377, 650.831126, 393.612583, 
            650.831126, 395.731788, 652.950331, 395.731788, 
            655.069536, 397.850993, 655.069536, 399.970199, 
            657.188742, 402.089404, 657.188742, 404.208609, 
            659.307947, 406.327815, 661.427152, 408.447020, 
            663.546358, 410.566225, 663.546358, 412.685430, 
            665.665563, 414.804636, 667.784768, 416.923841, 
            667.784768, 419.043046, 669.903974, 419.043046, 
            672.023179, 421.162252, 672.023179, 421.162252, 
            674.142384, 423.281457, 674.142384, 423.281457, 
            676.261589, 425.400662, 678.380795, 427.519868, 
            680.500000, 427.519868, 682.619205, 429.639073, 
            682.619205, 429.639073, 684.738411, 431.758278, 
            684.738411, 431.758278, 686.857616, 431.758278, 
            688.976821, 433.877483, 688.976821, 435.996689, 
            691.096026, 435.996689, 693.215232, 438.115894, 
            693.215232, 438.115894, 695.334437, 438.115894, 
            697.453642, 440.235099, 699.572848, 440.235099, 
            701.692053, 442.354305, 701.692053, 444.473510, 
            705.930464, 446.592715, 708.049669, 448.711921, 
            710.168874, 448.711921, 712.288079, 450.831126, 
            712.288079, 452.950331, 714.407285, 452.950331, 
            716.526490, 455.069536, 718.645695, 173.215232, 
            718.645695, 175.334437, 716.526490, -1.000000, 
            -1.000000, 639.440397, 718.645695, 643.678808, 
            718.645695, 643.678808, 716.526490, 645.798013, 
            716.526490, 645.798013, 714.407285, 647.917219, 
            714.407285, 647.917219, 712.288079, 650.036424, 
            710.168874, 650.036424, 708.049669, 652.155629, 
            705.930464, 652.155629, 703.811258, 654.274834, 
            701.692053, 654.274834, 699.572848, 656.394040, 
            697.453642, 658.513245, 693.215232, 660.632450, 
            693.215232, 660.632450, 691.096026, 662.751656, 
            686.857616, 664.870861, 684.738411, 664.870861, 
            682.619205, 666.990066, 682.619205, 666.990066, 
            680.500000, 669.109272, 680.500000, 669.109272, 
            678.380795, 671.228477, 678.380795, 673.347682, 
            676.261589, 675.466887, 674.142384, 675.466887, 
            672.023179, 677.586093, 672.023179, 679.705298, 
            672.023179, 681.824503, 669.903974, 683.943709, 
            669.903974, 686.062914, 667.784768, 688.182119, 
            667.784768, 688.182119, 665.665563, 690.301325, 
            665.665563, 692.420530, 665.665563, 694.539735, 
            663.546358, 696.658940, 663.546358, 698.778146, 
            663.546358, 700.897351, 663.546358, 703.016556, 
            663.546358, 705.135762, 663.546358, 707.254967, 
            663.546358, 709.374172, 663.546358, 711.493377, 
            663.546358, 711.493377, 665.665563, 713.612583, 
            665.665563, 713.612583, 667.784768, 715.731788, 
            669.903974, 717.850993, 669.903974, 719.970199, 
            672.023179, 722.089404, 674.142384, 724.208609, 
            676.261589, 724.208609, 678.380795, 726.327815, 
            678.380795, 728.447020, 678.380795, 730.566225, 
            678.380795, 732.685430, 678.380795, 734.804636, 
            678.380795, 736.923841, 678.380795, 739.043046, 
            678.380795, 741.162252, 678.380795, 743.281457, 
            676.261589, 745.400662, 676.261589, 747.519868, 
            676.261589, 749.639073, 674.142384, 751.758278, 
            674.142384, 753.877483, 674.142384, 755.996689, 
            674.142384, 758.115894, 672.023179, 762.354305, 
            672.023179, 764.473510, 669.903974, 766.592715, 
            669.903974, 768.711921, 669.903974, 772.950331, 
            669.903974, 775.069536, 669.903974, 777.188742, 
            669.903974, 779.307947, 669.903974, 779.307947, 
            672.023179, 781.427152, 672.023179, 781.427152, 
            674.142384, 783.546358, 678.380795, 785.665563, 
            680.500000, 785.665563, 682.619205, 785.665563, 
            684.738411, 785.665563, 686.857616, 787.784768, 
            688.976821, 787.784768, 691.096026, 789.903974, 
            691.096026, 792.023179, 693.215232, 792.023179, 
            695.334437, 794.142384, 695.334437, 796.261589, 
            695.334437, 798.380795, 695.334437, 800.500000, 
            695.334437, 802.619205, 695.334437, 804.738411, 
            695.334437, 806.857616, 695.334437, 808.976821, 
