%YAML:1.0
    mask: !!opencv-matrix
        rows: 473
        cols: 2
        dt: f
        data: [ 1.159794, 635.634021, 7.757732, 
            632.994845, 9.077320, 630.355670, 13.036082, 
            627.716495, 15.675258, 625.077320, 20.953608, 
            619.798969, 24.912371, 615.840206, 31.510309, 
            613.201031, 34.149485, 611.881443, 38.108247, 
            610.561856, 39.427835, 610.561856, 44.706186, 
            606.603093, 47.345361, 603.963918, 53.943299, 
            601.324742, 60.541237, 596.046392, 63.180412, 
            593.407216, 76.376289, 585.489691, 84.293814, 
            582.850515, 85.613402, 582.850515, 86.932990, 
            581.530928, 89.572165, 581.530928, 100.128866, 
            577.572165, 101.448454, 576.252577, 105.407216, 
            574.932990, 108.046392, 573.613402, 109.365979, 
            572.293814, 110.685567, 572.293814, 113.324742, 
            572.293814, 127.840206, 570.974227, 129.159794, 
            570.974227, 131.798969, 570.974227, 143.675258, 
            567.015464, 148.953608, 567.015464, 151.592784, 
            567.015464, 158.190722, 567.015464, 160.829897, 
            567.015464, 164.788660, 567.015464, 166.108247, 
            568.335052, 167.427835, 568.335052, 171.386598, 
            568.335052, 183.262887, 569.654639, 191.180412, 
            570.974227, 196.458763, 573.613402, 201.737113, 
            576.252577, 207.015464, 576.252577, 216.252577, 
            578.891753, 220.211340, 578.891753, 224.170103, 
            578.891753, 226.809278, 578.891753, 232.087629, 
            578.891753, 238.685567, 578.891753, 261.118557, 
            582.850515, 263.757732, 582.850515, 269.036082, 
            584.170103, 271.675258, 585.489691, 276.953608, 
            585.489691, 279.592784, 585.489691, 286.190722, 
            586.809278, 290.149485, 586.809278, 291.469072, 
            586.809278, 294.108247, 588.128866, 295.427835, 
            589.448454, 295.427835, 592.087629, 295.427835, 
            602.644330, 295.427835, 605.283505, 292.788660, 
            607.922680, 290.149485, 611.881443, 286.190722, 
            615.840206, 283.551546, 617.159794, 279.592784, 
            619.798969, 276.953608, 619.798969, 275.634021, 
            621.118557, 270.355670, 622.438144, 266.396907, 
            623.757732, 259.798969, 623.757732, 255.840206, 
            623.757732, 249.242268, 623.757732, 240.005155, 
            619.798969, 230.768041, 615.840206, 229.448454, 
            615.840206, 225.489691, 615.840206, 224.170103, 
            615.840206, 221.530928, 615.840206, 218.891753, 
            615.840206, 214.932990, 615.840206, 213.613402, 
            615.840206, 210.974227, 615.840206, 209.654639, 
            615.840206, 205.695876, 617.159794, 197.778351, 
            619.798969, 192.500000, 622.438144, 183.262887, 
            627.716495, 179.304124, 629.036082, 170.067010, 
            636.953608, 164.788660, 643.551546, 160.829897, 
            648.829897, 156.871134, 655.427835, 154.231959, 
            660.706186, 151.592784, 664.664948, 147.634021, 
            671.262887, 146.314433, 675.221649, 144.994845, 
            679.180412, 144.994845, 680.500000, 144.994845, 
            687.097938, 144.994845, 688.417526, 144.994845, 
            691.056701, 150.273196, 695.015464, 158.190722, 
            701.613402, 160.829897, 704.252577, 167.427835, 
            708.211340, 171.386598, 709.530928, 180.623711, 
            712.170103, 183.262887, 712.170103, 187.221649, 
            713.489691, 191.180412, 713.489691, 193.819588, 
            710.850515, 196.458763, 704.252577, 197.778351, 
            697.654639, 199.097938, 693.695876, 203.056701, 
            684.458763, 205.695876, 677.860825, 208.335052, 
            675.221649, 213.613402, 668.623711, 218.891753, 
            662.025773, 225.489691, 656.747423, 230.768041, 
            651.469072, 233.407216, 650.149485, 236.046392, 
            648.829897, 237.365979, 647.510309, 241.324742, 
            646.190722, 246.603093, 644.871134, 247.922680, 
            644.871134, 250.561856, 644.871134, 251.881443, 
            644.871134, 254.520619, 644.871134, 255.840206, 
            644.871134, 259.798969, 644.871134, 262.438144, 
            644.871134, 265.077320, 646.190722, 266.396907, 
            647.510309, 267.716495, 650.149485, 269.036082, 
            651.469072, 271.675258, 660.706186, 271.675258, 
            667.304124, 271.675258, 669.943299, 271.675258, 
            681.819588, 271.675258, 687.097938, 271.675258, 
            692.376289, 269.036082, 702.932990, -1.000000, 
            -1.000000, -1.000000, -1.000000, 976.335052, 
            165.860825, 971.056701, 165.860825, 969.737113, 
            165.860825, 968.417526, 165.860825, 965.778351, 
            165.860825, 960.500000, 165.860825, 955.221649, 
            165.860825, 951.262887, 165.860825, 948.623711, 
            167.180412, 944.664948, 168.500000, 940.706186, 
            171.139175, 935.427835, 172.458763, 932.788660, 
            173.778351, 931.469072, 175.097938, 928.829897, 
            176.417526, 918.273196, 180.376289, 914.314433, 
            183.015464, 911.675258, 184.335052, 907.716495, 
            188.293814, 905.077320, 189.613402, 901.118557, 
            192.252577, 898.479381, 193.572165, 890.561856, 
            197.530928, 885.283505, 201.489691, 877.365979, 
            204.128866, 870.768041, 206.768041, 862.850515, 
            213.365979, 857.572165, 214.685567, 854.932990, 
            216.005155, 852.293814, 217.324742, 847.015464, 
            221.283505, 836.458763, 225.242268, 833.819588, 
            227.881443, 831.180412, 231.840206, 825.902062, 
            235.798969, 824.582474, 237.118557, 817.984536, 
            243.716495, 812.706186, 246.355670, 806.108247, 
            252.953608, 802.149485, 255.592784, 800.829897, 
            256.912371, 796.871134, 260.871134, 794.231959, 
            263.510309, 791.592784, 264.829897, 787.634021, 
            268.788660, 787.634021, 270.108247, 786.314433, 
            272.747423, 784.994845, 275.386598, 784.994845, 
            276.706186, 784.994845, 278.025773, 784.994845, 
            279.345361, 784.994845, 280.664948, 784.994845, 
            284.623711, 784.994845, 287.262887, 786.314433, 
            292.541237, 791.592784, 299.139175, 791.592784, 
            300.458763, 792.912371, 300.458763, 794.231959, 
            301.778351, 794.231959, 303.097938, 795.551546, 
            304.417526, 796.871134, 305.737113, 798.190722, 
            305.737113, 799.510309, 305.737113, 803.469072, 
            305.737113, 804.788660, 305.737113, 806.108247, 
            305.737113, 807.427835, 305.737113, 810.067010, 
            307.056701, 811.386598, 308.376289, 815.345361, 
            311.015464, 817.984536, 314.974227, 820.623711, 
            317.613402, 825.902062, 320.252577, 829.860825, 
            322.891753, 832.500000, 325.530928, 835.139175, 
            325.530928, 840.417526, 326.850515, 844.376289, 
            326.850515, 850.974227, 326.850515, 853.613402, 
            326.850515, 854.932990, 326.850515, 857.572165, 
            326.850515, 861.530928, 326.850515, 869.448454, 
            326.850515, 874.726804, 326.850515, 889.242268, 
            325.530928, 891.881443, 325.530928, 895.840206, 
            325.530928, 897.159794, 325.530928, 898.479381, 
            325.530928, 901.118557, 325.530928, 906.396907, 
            324.211340, 912.994845, 324.211340, 923.551546, 
            324.211340, 926.190722, 324.211340, 930.149485, 
            324.211340, 934.108247, 324.211340, 936.747423, 
            324.211340, 940.706186, 322.891753, 944.664948, 
            321.572165, 945.984536, 321.572165, 947.304124, 
            320.252577, 948.623711, 320.252577, 953.902062, 
            318.932990, 957.860825, 318.932990, 961.819588, 
            316.293814, 968.417526, 314.974227, 971.056701, 
