%YAML:1.0
    mask: !!opencv-matrix
        rows: 732
        cols: 2
        dt: f
        data: [ 3.798969, 605.283505, 10.396907, 
            601.324742, 13.036082, 598.685567, 18.314433, 
            597.365979, 22.273196, 594.726804, 26.231959, 
            592.087629, 30.190722, 589.448454, 32.829897, 
            588.128866, 35.469072, 588.128866, 44.706186, 
            582.850515, 48.664948, 580.211340, 55.262887, 
            576.252577, 57.902062, 574.932990, 71.097938, 
            568.335052, 77.695876, 565.695876, 82.974227, 
            563.056701, 88.252577, 560.417526, 92.211340, 
            557.778351, 94.850515, 555.139175, 100.128866, 
            551.180412, 101.448454, 551.180412, 108.046392, 
            548.541237, 110.685567, 548.541237, 130.479381, 
            543.262887, 133.118557, 541.943299, 143.675258, 
            539.304124, 147.634021, 537.984536, 148.953608, 
            537.984536, 152.912371, 536.664948, 154.231959, 
            536.664948, 159.510309, 536.664948, 162.149485, 
            536.664948, 163.469072, 536.664948, 167.427835, 
            536.664948, 172.706186, 539.304124, 177.984536, 
            541.943299, 183.262887, 544.582474, 187.221649, 
            545.902062, 201.737113, 555.139175, 210.974227, 
            557.778351, 213.613402, 559.097938, 221.530928, 
            561.737113, 225.489691, 563.056701, 229.448454, 
            564.376289, 232.087629, 565.695876, 245.283505, 
            573.613402, 253.201031, 578.891753, 259.798969, 
            584.170103, 262.438144, 585.489691, 269.036082, 
            589.448454, 270.355670, 592.087629, 272.994845, 
            594.726804, 278.273196, 598.685567, 280.912371, 
            602.644330, 284.871134, 607.922680, 286.190722, 
            609.242268, 290.149485, 614.520619, 294.108247, 
            621.118557, 298.067010, 629.036082, 299.386598, 
            630.355670, 302.025773, 635.634021, 307.304124, 
            644.871134, 308.623711, 646.190722, 309.943299, 
            648.829897, 313.902062, 654.108247, 315.221649, 
            659.386598, 316.541237, 662.025773, 320.500000, 
            667.304124, 320.500000, 669.943299, 321.819588, 
            672.582474, 324.458763, 676.541237, 325.778351, 
            680.500000, 327.097938, 684.458763, 328.417526, 
            687.097938, 328.417526, 689.737113, 329.737113, 
            695.015464, 328.417526, 700.293814, 327.097938, 
            702.932990, 325.778351, 705.572165, 325.778351, 
            706.891753, 325.778351, 708.211340, 325.778351, 
            709.530928, 325.778351, 710.850515, 325.778351, 
            712.170103, 325.778351, 713.489691, 325.778351, 
            714.809278, 324.458763, 714.809278, 324.458763, 
            716.128866, 323.139175, 716.128866, 321.819588, 
            716.128866, 320.500000, 714.809278, 316.541237, 
            712.170103, 313.902062, 709.530928, 312.582474, 
            709.530928, 311.262887, 709.530928, 311.262887, 
            708.211340, 308.623711, 705.572165, 305.984536, 
            704.252577, 303.345361, 702.932990, 299.386598, 
            700.293814, 298.067010, 698.974227, 296.747423, 
            698.974227, 290.149485, 695.015464, 286.190722, 
            692.376289, 280.912371, 691.056701, 275.634021, 
            688.417526, 257.159794, 681.819588, 255.840206, 
            680.500000, 253.201031, 679.180412, 249.242268, 
            677.860825, 246.603093, 676.541237, 246.603093, 
            675.221649, 242.644330, 672.582474, 237.365979, 
            668.623711, 234.726804, 665.984536, 232.087629, 
            664.664948, 230.768041, 663.345361, 229.448454, 
            660.706186, 228.128866, 658.067010, 226.809278, 
            654.108247, 225.489691, 652.788660, 222.850515, 
            648.829897, 221.530928, 644.871134, 218.891753, 
            639.592784, 217.572165, 635.634021, 216.252577, 
            634.314433, 214.932990, 634.314433, 212.293814, 
            634.314433, 208.335052, 634.314433, 207.015464, 
            634.314433, 203.056701, 634.314433, 200.417526, 
            634.314433, 196.458763, 635.634021, 192.500000, 
            638.273196, 191.180412, 638.273196, 187.221649, 
            642.231959, 185.902062, 642.231959, 184.582474, 
            643.551546, 183.262887, 644.871134, 183.262887, 
            646.190722, 181.943299, 647.510309, 181.943299, 
            651.469072, 181.943299, 652.788660, 184.582474, 
            659.386598, 189.860825, 665.984536, 191.180412, 
            665.984536, 192.500000, 667.304124, 193.819588, 
            667.304124, 196.458763, 667.304124, 197.778351, 
            667.304124, 200.417526, 667.304124, 201.737113, 
            667.304124, 203.056701, 667.304124, 205.695876, 
            667.304124, 208.335052, 668.623711, 210.974227, 
            669.943299, 216.252577, 671.262887, 218.891753, 
            672.582474, 224.170103, 676.541237, 237.365979, 
            683.139175, 246.603093, 687.097938, 247.922680, 
            688.417526, 251.881443, 689.737113, 257.159794, 
            692.376289, 259.798969, 695.015464, 265.077320, 
            698.974227, 270.355670, 701.613402, 272.994845, 
            704.252577, 272.994845, 705.572165, 274.314433, 
            705.572165, 278.273196, 708.211340, 279.592784, 
            709.530928, 279.592784, 710.850515, 279.592784, 
            712.170103, 278.273196, 713.489691, 275.634021, 
            713.489691, 265.077320, 714.809278, 247.922680, 
            716.128866, 242.644330, 716.128866, 228.128866, 
            717.448454, 222.850515, 717.448454, 207.015464, 
            718.768041, 199.097938, 718.768041, 192.500000, 
            718.768041, -1.000000, -1.000000, 497.324742, 
            713.489691, 502.603093, 712.170103, 505.242268, 
            709.530928, 509.201031, 702.932990, 518.438144, 
            692.376289, 526.355670, 683.139175, 530.314433, 
            677.860825, 534.273196, 672.582474, 547.469072, 
            660.706186, 550.108247, 658.067010, 552.747423, 
            655.427835, 565.943299, 640.912371, 571.221649, 
            636.953608, 576.500000, 631.675258, 579.139175, 
            629.036082, 580.458763, 627.716495, 583.097938, 
            625.077320, 584.417526, 623.757732, 587.056701, 
            619.798969, 588.376289, 618.479381, 589.695876, 
            615.840206, 591.015464, 614.520619, 592.335052, 
            611.881443, 594.974227, 610.561856, 596.293814, 
            609.242268, 597.613402, 607.922680, 602.891753, 
            602.644330, 604.211340, 601.324742, 605.530928, 
            601.324742, 606.850515, 601.324742, 608.170103, 
            600.005155, 613.448454, 600.005155, 618.726804, 
            600.005155, 622.685567, 600.005155, 627.963918, 
            600.005155, 634.561856, 600.005155, 649.077320, 
            598.685567, 654.355670, 598.685567, 658.314433, 
            598.685567, 660.953608, 598.685567, 663.592784, 
            597.365979, 668.871134, 596.046392, 670.190722, 
            594.726804, 672.829897, 592.087629, 676.788660, 
            589.448454, 676.788660, 588.128866, 678.108247, 
            588.128866, 679.427835, 586.809278, 684.706186, 
            586.809278, 687.345361, 588.128866, 691.304124, 
            588.128866, 695.262887, 590.768041, 699.221649, 
            592.087629, 707.139175, 597.365979, 709.778351, 
            598.685567, 716.376289, 602.644330, 717.695876, 
            602.644330, 720.335052, 605.283505, 724.293814, 
            606.603093, 729.572165, 609.242268, 734.850515, 
            609.242268, 748.046392, 611.881443, 753.324742, 
            613.201031, 755.963918, 613.201031, 759.922680, 
            613.201031, 766.520619, 614.520619, 770.479381, 
            614.520619, 775.757732, 615.840206, 777.077320, 
            615.840206, 782.355670, 615.840206, 786.314433, 
            615.840206, 791.592784, 617.159794, 795.551546, 
            618.479381, 800.829897, 621.118557, 804.788660, 
