%YAML:1.0
    mask: !!opencv-matrix
        rows: 1151
        cols: 2
        dt: f
        data: [ 432.500000, 713.891304, 433.891304, 
            713.891304, 433.891304, 712.500000, 438.065217, 
            708.326087, 438.065217, 706.934783, 443.630435, 
            701.369565, 445.021739, 699.978261, 447.804348, 
            697.195652, 451.978261, 691.630435, 453.369565, 
            691.630435, 454.760870, 688.847826, 456.152174, 
            687.456522, 457.543478, 686.065217, 458.934783, 
            684.673913, 458.934783, 683.282609, 460.326087, 
            683.282609, 461.717391, 681.891304, 463.108696, 
            680.500000, 464.500000, 679.108696, 465.891304, 
            677.717391, 467.282609, 676.326087, 468.673913, 
            674.934783, 468.673913, 672.152174, 470.065217, 
            670.760870, 470.065217, 669.369565, 470.065217, 
            667.978261, 470.065217, 666.586957, 470.065217, 
            663.804348, 471.456522, 661.021739, 472.847826, 
            659.630435, 472.847826, 658.239130, 472.847826, 
            656.847826, 472.847826, 655.456522, 472.847826, 
            654.065217, 474.239130, 652.673913, 474.239130, 
            651.282609, 474.239130, 649.891304, 475.630435, 
            645.717391, 475.630435, 644.326087, 475.630435, 
            642.934783, 475.630435, 641.543478, 475.630435, 
            640.152174, 475.630435, 638.760870, 475.630435, 
            637.369565, 475.630435, 635.978261, 475.630435, 
            634.586957, 474.239130, 633.195652, 472.847826, 
            633.195652, 471.456522, 633.195652, 470.065217, 
            633.195652, 464.500000, 633.195652, 461.717391, 
            634.586957, 453.369565, 638.760870, 447.804348, 
            642.934783, 446.413043, 642.934783, 445.021739, 
            644.326087, 443.630435, 644.326087, 440.847826, 
            647.108696, 439.456522, 647.108696, 438.065217, 
            648.500000, 436.673913, 649.891304, 433.891304, 
            649.891304, 432.500000, 651.282609, 431.108696, 
            651.282609, 428.326087, 651.282609, 426.934783, 
            652.673913, 425.543478, 652.673913, 424.152174, 
            652.673913, 421.369565, 652.673913, 419.978261, 
            652.673913, 418.586957, 652.673913, 415.804348, 
            652.673913, 414.413043, 652.673913, 411.630435, 
            654.065217, 404.673913, 655.456522, 396.326087, 
            655.456522, 392.152174, 655.456522, 390.760870, 
            655.456522, 389.369565, 655.456522, 387.978261, 
            656.847826, 386.586957, 656.847826, 385.195652, 
            658.239130, 381.021739, 659.630435, 381.021739, 
            661.021739, 378.239130, 662.413043, 376.847826, 
            663.804348, 372.673913, 666.586957, 371.282609, 
            666.586957, 369.891304, 666.586957, 368.500000, 
            667.978261, 367.108696, 669.369565, 365.717391, 
            670.760870, 364.326087, 672.152174, 364.326087, 
            673.543478, 362.934783, 674.934783, 361.543478, 
            676.326087, 360.152174, 676.326087, 360.152174, 
            677.717391, 360.152174, 679.108696, 358.760870, 
            680.500000, 358.760870, 681.891304, 357.369565, 
            684.673913, 355.978261, 684.673913, 354.586957, 
            686.065217, 354.586957, 688.847826, 353.195652, 
            690.239130, 353.195652, 691.630435, 351.804348, 
            691.630435, 350.413043, 693.021739, 350.413043, 
            694.413043, 349.021739, 694.413043, 349.021739, 
            695.804348, 346.239130, 697.195652, 344.847826, 
            699.978261, 343.456522, 699.978261, 342.065217, 
            701.369565, 339.282609, 702.760870, 339.282609, 
            704.152174, 337.891304, 704.152174, 335.108696, 
            706.934783, 335.108696, 708.326087, 333.717391, 
            708.326087, 330.934783, 709.717391, 330.934783, 
            711.108696, 329.543478, 712.500000, 328.152174, 
            712.500000, 328.152174, 713.891304, 326.760870, 
            716.673913, 325.369565, 716.673913, 325.369565, 
            718.065217, 325.369565, 719.456522, 323.978261, 
            719.456522, -1.000000, -1.000000, 617.543478, 
            719.456522, 616.152174, 716.673913, 616.152174, 
            715.282609, 614.760870, 712.500000, 613.369565, 
            709.717391, 611.978261, 706.934783, 610.586957, 
            706.934783, 610.586957, 705.543478, 610.586957, 
            704.152174, 609.195652, 702.760870, 609.195652, 
            699.978261, 609.195652, 698.586957, 609.195652, 
            697.195652, 609.195652, 694.413043, 609.195652, 
            693.021739, 609.195652, 688.847826, 609.195652, 
            687.456522, 609.195652, 686.065217, 609.195652, 
            684.673913, 609.195652, 683.282609, 609.195652, 
            681.891304, 609.195652, 680.500000, 609.195652, 
            679.108696, 609.195652, 677.717391, 610.586957, 
            674.934783, 611.978261, 673.543478, 613.369565, 
            670.760870, 616.152174, 670.760870, 617.543478, 
            669.369565, 618.934783, 669.369565, 621.717391, 
            666.586957, 623.108696, 666.586957, 624.500000, 
            666.586957, 627.282609, 665.195652, 628.673913, 
            665.195652, 630.065217, 665.195652, 631.456522, 
            665.195652, 632.847826, 665.195652, 634.239130, 
            665.195652, 635.630435, 665.195652, 637.021739, 
            665.195652, 638.413043, 665.195652, 638.413043, 
            663.804348, 638.413043, 662.413043, 639.804348, 
            659.630435, 641.195652, 655.456522, 642.586957, 
            654.065217, 642.586957, 652.673913, 643.978261, 
            651.282609, 645.369565, 649.891304, 645.369565, 
            648.500000, 646.760870, 645.717391, 648.152174, 
            644.326087, 649.543478, 641.543478, 649.543478, 
            640.152174, 650.934783, 638.760870, 652.326087, 
            637.369565, 652.326087, 635.978261, 653.717391, 
            635.978261, 653.717391, 634.586957, 655.108696, 
            633.195652, 656.500000, 630.413043, 656.500000, 
            629.021739, 657.891304, 627.630435, 657.891304, 
            626.239130, 657.891304, 624.847826, 659.282609, 
            624.847826, 659.282609, 622.065217, 662.065217, 
            619.282609, 662.065217, 617.891304, 662.065217, 
            616.500000, 663.456522, 616.500000, 663.456522, 
            613.717391, 664.847826, 612.326087, 666.239130, 
            610.934783, 666.239130, 609.543478, 667.630435, 
            608.152174, 667.630435, 606.760870, 669.021739, 
            605.369565, 670.413043, 605.369565, 670.413043, 
            603.978261, 670.413043, 602.586957, 671.804348, 
            599.804348, 671.804348, 598.413043, 673.195652, 
            598.413043, 673.195652, 597.021739, 674.586957, 
            597.021739, 675.978261, 595.630435, 677.369565, 
            594.239130, 677.369565, 592.847826, 678.760870, 
            591.456522, 680.152174, 591.456522, 681.543478, 
            591.456522, 682.934783, 591.456522, 684.326087, 
            591.456522, 685.717391, 591.456522, 688.500000, 
            591.456522, 689.891304, 591.456522, 691.282609, 
            591.456522, 692.673913, 591.456522, 694.065217, 
            591.456522, 695.456522, 591.456522, 696.847826, 
            591.456522, 698.239130, 591.456522, 701.021739, 
            591.456522, 702.413043, 591.456522, 705.195652, 
            591.456522, 706.586957, 591.456522, 709.369565, 
            591.456522, 710.760870, 591.456522, 713.543478, 
            591.456522, 714.934783, 591.456522, 717.717391, 
            591.456522, 719.108696, 591.456522, 721.891304, 
            591.456522, 723.282609, 591.456522, 724.673913, 
            591.456522, 726.065217, 591.456522, 727.456522, 
            591.456522, 728.847826, 591.456522, 730.239130, 
            591.456522, 731.630435, 590.065217, 735.804348, 
            588.673913, 741.369565, 588.673913, 742.760870, 
