%YAML:1.0
    mask: !!opencv-matrix
        rows: 496
        cols: 2
        dt: f
        data: [ -1.000000, -1.000000, -1.000000, 
            -1.000000, 803.185851, 401.427258, 801.139488, 
            403.473621, 799.093125, 404.496803, 796.023581, 
            405.519984, 795.000400, 407.566347, 791.930855, 
            409.612710, 787.838129, 411.659073, 784.768585, 
            413.705436, 783.745404, 413.705436, 780.675859, 
            415.751799, 779.652678, 416.774980, 778.629496, 
            417.798161, 776.583133, 418.821343, 775.559952, 
            419.844524, 774.536771, 421.890887, 773.513589, 
            422.914069, 770.444045, 423.937250, 767.374500, 
            425.983613, 766.351319, 427.006795, 764.304956, 
            429.053157, 761.235412, 432.122702, 759.189049, 
            433.145883, 758.165867, 435.192246, 757.142686, 
            437.238609, 756.119504, 437.238609, 755.096323, 
            439.284972, 754.073141, 440.308153, 753.049960, 
            441.331335, 751.003597, 443.377698, 748.957234, 
            445.424061, 748.957234, 447.470424, 747.934053, 
            449.516787, 746.910871, 451.563149, 745.887690, 
            453.609512, 745.887690, 454.632694, 744.864508, 
            457.702238, 743.841327, 460.771783, 743.841327, 
            461.794964, 743.841327, 463.841327, 744.864508, 
            464.864508, 744.864508, 465.887690, 745.887690, 
            465.887690, 747.934053, 465.887690, 749.980416, 
            465.887690, 752.026779, 464.864508, 759.189049, 
            462.818145, 764.304956, 460.771783, 766.351319, 
            458.725420, 767.374500, 457.702238, 770.444045, 
            456.679057, 774.536771, 454.632694, 775.559952, 
            454.632694, 778.629496, 452.586331, 780.675859, 
            452.586331, 782.722222, 452.586331, 783.745404, 
            452.586331, 785.791767, 452.586331, 787.838129, 
            455.655875, 788.861311, 456.679057, 791.930855, 
            460.771783, 795.000400, 465.887690, 797.046763, 
            467.934053, 797.046763, 469.980416, 798.069944, 
            471.003597, 800.116307, 474.073141, 800.116307, 
            476.119504, 800.116307, 477.142686, 801.139488, 
            480.212230, 802.162670, 484.304956, 802.162670, 
            487.374500, 802.162670, 491.467226, 802.162670, 
            492.490408, 802.162670, 498.629496, 802.162670, 
            502.722222, 802.162670, 505.791767, 802.162670, 
            507.838129, 802.162670, 510.907674, 802.162670, 
            513.977218, 802.162670, 518.069944, 802.162670, 
            520.116307, 802.162670, 522.162670, 803.185851, 
            526.255396, 803.185851, 529.324940, 803.185851, 
            530.348122, 803.185851, 534.440847, 803.185851, 
            536.487210, 803.185851, 537.510392, 803.185851, 
            539.556755, 803.185851, 541.603118, 804.209033, 
            543.649480, 805.232214, 545.695843, 806.255396, 
            546.719025, 807.278577, 546.719025, 808.301759, 
            545.695843, 810.348122, 543.649480, 817.510392, 
            533.417666, 821.603118, 526.255396, 821.603118, 
            524.209033, 821.603118, 522.162670, 824.672662, 
            520.116307, 824.672662, 519.093125, 825.695843, 
            519.093125, 826.719025, 519.093125, 828.765388, 
            519.093125, 832.858114, 524.209033, 836.950839, 
            530.348122, 837.974021, 534.440847, 837.974021, 
            538.533573, 837.974021, 541.603118, 837.974021, 
            546.719025, 837.974021, 550.811751, 837.974021, 
            553.881295, 837.974021, 558.997202, 840.020384, 
            563.089928, 840.020384, 564.113110, 841.043565, 
            566.159472, 842.066747, 568.205835, 842.066747, 
            569.229017, 842.066747, 570.252198, 843.089928, 
            570.252198, 845.136291, 569.229017, 847.182654, 
            567.182654, 849.229017, 563.089928, 851.275380, 
            562.066747, 851.275380, 558.997202, 851.275380, 
            553.881295, 852.298561, 549.788569, 853.321743, 
            549.788569, 854.344924, 545.695843, 856.391287, 
            539.556755, 857.414468, 535.464029, 858.437650, 
            533.417666, 858.437650, 532.394484, 859.460831, 
            531.371303, 860.484013, 531.371303, 862.530376, 
            534.440847, 862.530376, 535.464029, 864.576739, 
            542.626299, 866.623102, 545.695843, 866.623102, 
            546.719025, 868.669464, 550.811751, 869.692646, 
            554.904476, 871.739009, 556.950839, 872.762190, 
            558.997202, 872.762190, 560.020384, 873.785372, 
            562.066747, 874.808553, 563.089928, 875.831735, 
            563.089928, 876.854916, 563.089928, 878.901279, 
            563.089928, 880.947642, 563.089928, 882.994005, 
            563.089928, 884.017186, 561.043565, 886.063549, 
            558.997202, 886.063549, 554.904476, 886.063549, 
            549.788569, 886.063549, 548.765388, 886.063549, 
            546.719025, 886.063549, 542.626299, 886.063549, 
            539.556755, 887.086731, 536.487210, 887.086731, 
            532.394484, 888.109912, 527.278577, 889.133094, 
            522.162670, 890.156275, 519.093125, 891.179456, 
            515.000400, 893.225819, 511.930855, 894.249001, 
            507.838129, 894.249001, 506.814948, 895.272182, 
            505.791767, 896.295364, 505.791767, 897.318545, 
            505.791767, 898.341727, 505.791767, 901.411271, 
            509.884492, 903.457634, 513.977218, 904.480815, 
            516.023581, 906.527178, 520.116307, 907.550360, 
            524.209033, 908.573541, 527.278577, 908.573541, 
            529.324940, 910.619904, 532.394484, 911.643086, 
            535.464029, 913.689448, 537.510392, 914.712630, 
            538.533573, 916.758993, 540.579936, 918.805356, 
            541.603118, 919.828537, 541.603118, 920.851719, 
            541.603118, 921.874900, 541.603118, 922.898082, 
            541.603118, 924.944444, 541.603118, 926.990807, 
            537.510392, 926.990807, 536.487210, 926.990807, 
            532.394484, 926.990807, 529.324940, 926.990807, 
            528.301759, 926.990807, 526.255396, 926.990807, 
            521.139488, 926.990807, 518.069944, 924.944444, 
            515.000400, 923.921263, 512.954037, 922.898082, 
            509.884492, 921.874900, 506.814948, 920.851719, 
            504.768585, 920.851719, 503.745404, 917.782174, 
            500.675859, 916.758993, 498.629496, 913.689448, 
            495.559952, 912.666267, 493.513589, 910.619904, 
            492.490408, 909.596723, 489.420863, 907.550360, 
            487.374500, 905.503997, 484.304956, 903.457634, 
            482.258593, 900.388090, 478.165867, 899.364908, 
            476.119504, 898.341727, 475.096323, 897.318545, 
            473.049960, 895.272182, 468.957234, 894.249001, 
            466.910871, 893.225819, 463.841327, 892.202638, 
            463.841327, 891.179456, 459.748601, 889.133094, 
            456.679057, 887.086731, 450.539968, 886.063549, 
            448.493605, 885.040368, 445.424061, 884.017186, 
            442.354516, 882.994005, 441.331335, 882.994005, 
            440.308153, 881.970823, 436.215428, 879.924460, 
            434.169065, 877.878098, 430.076339, 877.878098, 
            429.053157, 874.808553, 421.890887, 869.692646, 
            410.635891, 868.669464, 407.566347, 867.646283, 
            406.543165, 867.646283, 405.519984, 866.623102, 
            404.496803, 865.599920, 402.450440, -1.000000, 
            -1.000000, 419.492806, 345.152278, 418.469624, 
            349.245004, 418.469624, 356.407274, 417.446443, 
            363.569544, 416.423261, 371.754996, 416.423261, 
            374.824540, 416.423261, 381.986811, 416.423261, 
            384.033173, 416.423261, 388.125899, 416.423261, 
            391.195444, 417.446443, 397.334532, 417.446443, 
            400.404077, 418.469624, 401.427258, 419.492806, 
            402.450440, 419.492806, 403.473621, 419.492806, 
