%YAML:1.0
    mask: !!opencv-matrix
        rows: 334
        cols: 2
        dt: f
        data: [ -1.000000, -1.000000, -1.000000, 
            -1.000000, 630.065217, 417.543478, 628.673913, 
            417.543478, 627.282609, 417.543478, 625.891304, 
            417.543478, 624.500000, 417.543478, 623.108696, 
            418.934783, 621.717391, 418.934783, 620.326087, 
            420.326087, 617.543478, 421.717391, 616.152174, 
            421.717391, 613.369565, 424.500000, 610.586957, 
            425.891304, 609.195652, 427.282609, 607.804348, 
            430.065217, 605.021739, 432.847826, 603.630435, 
            434.239130, 600.847826, 437.021739, 598.065217, 
            438.413043, 595.282609, 439.804348, 595.282609, 
            442.586957, 593.891304, 443.978261, 592.500000, 
            445.369565, 592.500000, 446.760870, 591.108696, 
            449.543478, 589.717391, 450.934783, 588.326087, 
            453.717391, 586.934783, 455.108696, 584.152174, 
            459.282609, 584.152174, 460.673913, 584.152174, 
            462.065217, 582.760870, 463.456522, 579.978261, 
            467.630435, 579.978261, 469.021739, 579.978261, 
            471.804348, 578.586957, 473.195652, 575.804348, 
            477.369565, 575.804348, 478.760870, 575.804348, 
            481.543478, 574.413043, 481.543478, 573.021739, 
            482.934783, 571.630435, 487.108696, 571.630435, 
            488.500000, 570.239130, 491.282609, 570.239130, 
            494.065217, 570.239130, 495.456522, 568.847826, 
            498.239130, 568.847826, 499.630435, 568.847826, 
            502.413043, 567.456522, 505.195652, 567.456522, 
            507.978261, 567.456522, 509.369565, 567.456522, 
            510.760870, 567.456522, 513.543478, 567.456522, 
            516.326087, 567.456522, 517.717391, 567.456522, 
            520.500000, 566.065217, 521.891304, 566.065217, 
            524.673913, 566.065217, 526.065217, 566.065217, 
            528.847826, 566.065217, 530.239130, 566.065217, 
            533.021739, 566.065217, 534.413043, 566.065217, 
            537.195652, 566.065217, 538.586957, 566.065217, 
            541.369565, 566.065217, 542.760870, 566.065217, 
            545.543478, 566.065217, 548.326087, 567.456522, 
            549.717391, 567.456522, 553.891304, 568.847826, 
            555.282609, 571.630435, 558.065217, 571.630435, 
            559.456522, 573.021739, 560.847826, 573.021739, 
            562.239130, 573.021739, 563.630435, 575.804348, 
            566.413043, 577.195652, 569.195652, 578.586957, 
            569.195652, 578.586957, 570.586957, 579.978261, 
            571.978261, 579.978261, 573.369565, 581.369565, 
            574.760870, 582.760870, 576.152174, 582.760870, 
            577.543478, 584.152174, 578.934783, 586.934783, 
            578.934783, 588.326087, 578.934783, 589.717391, 
            578.934783, 593.891304, 577.543478, 593.891304, 
            576.152174, 599.456522, 571.978261, 599.456522, 
            569.195652, 600.847826, 567.804348, 605.021739, 
            562.239130, 606.413043, 560.847826, 606.413043, 
            559.456522, 607.804348, 558.065217, 609.195652, 
            558.065217, 611.978261, 556.673913, 613.369565, 
            555.282609, 614.760870, 555.282609, 617.543478, 
            556.673913, 620.326087, 558.065217, 621.717391, 
            559.456522, 623.108696, 560.847826, 624.500000, 
            560.847826, 625.891304, 562.239130, 627.282609, 
            563.630435, 628.673913, 565.021739, 631.456522, 
            565.021739, 635.630435, 566.413043, 635.630435, 
            567.804348, 637.021739, 567.804348, 639.804348, 
            569.195652, 642.586957, 569.195652, 643.978261, 
            569.195652, 643.978261, 570.586957, 646.760870, 
            571.978261, 648.152174, 571.978261, 652.326087, 
            573.369565, 656.500000, 574.760870, 659.282609, 
            574.760870, 663.456522, 576.152174, 667.630435, 
            577.543478, 669.021739, 577.543478, 670.413043, 
            577.543478, 671.804348, 577.543478, 674.586957, 
            577.543478, 674.586957, 576.152174, 677.369565, 
            574.760870, 677.369565, 573.369565, 677.369565, 
            571.978261, 677.369565, 570.586957, 678.760870, 
            569.195652, 678.760870, 567.804348, 680.152174, 
            567.804348, 680.152174, 566.413043, 681.543478, 
            563.630435, 681.543478, 562.239130, 681.543478, 
            559.456522, 681.543478, 556.673913, 684.326087, 
            553.891304, 684.326087, 552.500000, 684.326087, 
            551.108696, 684.326087, 549.717391, 684.326087, 
            546.934783, 684.326087, 544.152174, 685.717391, 
            542.760870, 687.108696, 539.978261, 688.500000, 
            537.195652, 688.500000, 534.413043, 689.891304, 
            533.021739, 689.891304, 531.630435, 691.282609, 
            528.847826, 692.673913, 526.065217, 692.673913, 
            524.673913, 694.065217, 521.891304, 695.456522, 
            520.500000, 695.456522, 519.108696, 695.456522, 
            517.717391, 695.456522, 516.326087, 696.847826, 
            514.934783, 696.847826, 513.543478, 696.847826, 
            512.152174, 696.847826, 510.760870, 698.239130, 
            510.760870, 701.021739, 510.760870, 703.804348, 
            510.760870, 705.195652, 512.152174, 706.586957, 
            513.543478, 707.978261, 516.326087, 707.978261, 
            517.717391, 709.369565, 520.500000, 710.760870, 
            521.891304, 710.760870, 523.282609, 710.760870, 
            526.065217, 710.760870, 527.456522, 710.760870, 
            528.847826, 710.760870, 530.239130, 710.760870, 
            531.630435, 710.760870, 533.021739, 710.760870, 
            537.195652, 710.760870, 538.586957, 710.760870, 
            539.978261, 710.760870, 542.760870, 710.760870, 
            545.543478, 709.369565, 546.934783, 709.369565, 
            548.326087, 709.369565, 549.717391, 707.978261, 
            551.108696, 706.586957, 552.500000, 705.195652, 
            555.282609, 705.195652, 556.673913, 702.413043, 
            558.065217, 701.021739, 560.847826, 701.021739, 
            562.239130, 699.630435, 563.630435, 696.847826, 
            566.413043, 695.456522, 567.804348, 694.065217, 
            569.195652, 692.673913, 570.586957, 691.282609, 
            573.369565, 689.891304, 577.543478, 688.500000, 
            577.543478, 688.500000, 578.934783, 688.500000, 
            580.326087, 688.500000, 581.717391, 687.108696, 
            581.717391, 687.108696, 583.108696, 687.108696, 
            584.500000, 685.717391, 584.500000, 685.717391, 
            585.891304, 684.326087, 588.673913, 684.326087, 
            590.065217, 684.326087, 591.456522, 684.326087, 
            592.847826, 684.326087, 594.239130, 684.326087, 
            597.021739, 684.326087, 598.413043, 684.326087, 
            599.804348, 684.326087, 601.195652, 685.717391, 
            602.586957, 685.717391, 603.978261, 687.108696, 
            605.369565, 688.500000, 605.369565, 689.891304, 
            606.760870, 689.891304, 608.152174, 691.282609, 
            608.152174, 691.282609, 609.543478, 692.673913, 
            609.543478, 694.065217, 609.543478, 695.456522, 
            609.543478, 696.847826, 609.543478, 699.630435, 
            610.934783, 701.021739, 610.934783, 705.195652, 
            610.934783, 706.586957, 610.934783, 709.369565, 
            610.934783, 712.152174, 610.934783, 714.934783, 
            608.152174, 719.108696, 605.369565, 720.500000, 
            602.586957, 720.500000, 601.195652, 721.891304, 
            601.195652, 723.282609, 599.804348, 723.282609, 
            598.413043, 724.673913, 597.021739, 724.673913, 
            595.630435, 726.065217, 592.847826, 727.456522, 
            592.847826, 727.456522, 591.456522, 727.456522, 
            590.065217, 728.847826, 588.673913, 728.847826, 
