%YAML:1.0
    mask: !!opencv-matrix
        rows: 495
        cols: 2
        dt: f
        data: [ -1.000000, -1.000000, 575.864238, 
            716.526490, 577.983444, 716.526490, 577.983444, 
            714.407285, 580.102649, 714.407285, 582.221854, 
            714.407285, 584.341060, 712.288079, 584.341060, 
            710.168874, 588.579470, 708.049669, 590.698675, 
            705.930464, 592.817881, 703.811258, 592.817881, 
            701.692053, 597.056291, 699.572848, 599.175497, 
            697.453642, 601.294702, 697.453642, 601.294702, 
            695.334437, 603.413907, 695.334437, 605.533113, 
            693.215232, 607.652318, 693.215232, 609.771523, 
            693.215232, 611.890728, 693.215232, 616.129139, 
            693.215232, 618.248344, 693.215232, 622.486755, 
            693.215232, 624.605960, 693.215232, 630.963576, 
            693.215232, 635.201987, 693.215232, 637.321192, 
            693.215232, 641.559603, 693.215232, 643.678808, 
            693.215232, 645.798013, 693.215232, 647.917219, 
            693.215232, 650.036424, 693.215232, 652.155629, 
            693.215232, 654.274834, 693.215232, 656.394040, 
            693.215232, 658.513245, 693.215232, 660.632450, 
            693.215232, 664.870861, 693.215232, 666.990066, 
            693.215232, 671.228477, 693.215232, 673.347682, 
            693.215232, 675.466887, 693.215232, 677.586093, 
            693.215232, 679.705298, 693.215232, 681.824503, 
            695.334437, 686.062914, 695.334437, 686.062914, 
            697.453642, 688.182119, 697.453642, 690.301325, 
            697.453642, 692.420530, 697.453642, 694.539735, 
            697.453642, 698.778146, 697.453642, 700.897351, 
            697.453642, 703.016556, 697.453642, 705.135762, 
            697.453642, 707.254967, 697.453642, 709.374172, 
            697.453642, 711.493377, 697.453642, 713.612583, 
            697.453642, 715.731788, 697.453642, 715.731788, 
            699.572848, 719.970199, 701.692053, 722.089404, 
            701.692053, 724.208609, 701.692053, 726.327815, 
            703.811258, 728.447020, 703.811258, 728.447020, 
            705.930464, 730.566225, 708.049669, 732.685430, 
            708.049669, 732.685430, 710.168874, 734.804636, 
            710.168874, 734.804636, 712.288079, 734.804636, 
            714.407285, 736.923841, 714.407285, 736.923841, 
            716.526490, 736.923841, 718.645695, -1.000000, 
            -1.000000, 749.639073, 311.758278, 747.519868, 
            311.758278, 745.400662, 313.877483, 739.043046, 
            318.115894, 736.923841, 320.235099, 728.447020, 
            324.473510, 728.447020, 326.592715, 726.327815, 
            326.592715, 724.208609, 326.592715, 722.089404, 
            326.592715, 719.970199, 326.592715, 717.850993, 
            328.711921, 715.731788, 328.711921, 713.612583, 
            330.831126, 709.374172, 330.831126, 707.254967, 
            330.831126, 705.135762, 335.069536, 703.016556, 
            337.188742, 700.897351, 337.188742, 700.897351, 
            339.307947, 700.897351, 341.427152, 698.778146, 
            343.546358, 698.778146, 345.665563, 696.658940, 
            347.784768, 694.539735, 347.784768, 694.539735, 
            349.903974, 694.539735, 352.023179, 692.420530, 
            352.023179, 692.420530, 354.142384, 690.301325, 
            356.261589, 690.301325, 358.380795, 690.301325, 
            360.500000, 688.182119, 360.500000, 686.062914, 
            362.619205, 683.943709, 364.738411, 683.943709, 
            366.857616, 681.824503, 368.976821, 679.705298, 
            373.215232, 677.586093, 375.334437, 677.586093, 
            377.453642, 677.586093, 379.572848, 675.466887, 
            381.692053, 673.347682, 385.930464, 671.228477, 
            388.049669, 671.228477, 390.168874, 671.228477, 
            392.288079, 669.109272, 394.407285, 669.109272, 
            396.526490, 666.990066, 400.764901, 664.870861, 
            405.003311, 664.870861, 407.122517, 664.870861, 
            409.241722, 660.632450, 413.480132, 660.632450, 
            415.599338, 660.632450, 417.718543, 662.751656, 
            417.718543, 662.751656, 419.837748, 664.870861, 
            421.956954, 666.990066, 421.956954, 669.109272, 
            421.956954, 671.228477, 421.956954, 673.347682, 
            421.956954, 675.466887, 421.956954, 679.705298, 
            424.076159, 681.824503, 424.076159, 683.943709, 
            424.076159, 686.062914, 424.076159, 688.182119, 
            424.076159, 688.182119, 426.195364, 690.301325, 
            426.195364, 692.420530, 428.314570, 694.539735, 
            428.314570, 694.539735, 430.433775, 696.658940, 
            430.433775, 698.778146, 432.552980, 700.897351, 
            432.552980, 703.016556, 434.672185, 703.016556, 
            436.791391, 707.254967, 436.791391, 709.374172, 
            436.791391, 711.493377, 438.910596, 713.612583, 
            441.029801, 713.612583, 443.149007, 715.731788, 
            443.149007, 717.850993, 443.149007, 719.970199, 
            443.149007, 722.089404, 443.149007, 726.327815, 
            443.149007, 728.447020, 443.149007, 730.566225, 
            445.268212, 732.685430, 445.268212, 734.804636, 
            445.268212, 736.923841, 445.268212, 739.043046, 
            445.268212, 743.281457, 445.268212, 745.400662, 
            445.268212, 747.519868, 445.268212, 749.639073, 
            445.268212, 751.758278, 445.268212, 753.877483, 
            445.268212, 755.996689, 445.268212, 766.592715, 
            445.268212, 768.711921, 445.268212, 772.950331, 
            445.268212, 777.188742, 445.268212, 779.307947, 
            445.268212, 781.427152, 445.268212, 783.546358, 
            445.268212, 785.665563, 445.268212, 787.784768, 
            443.149007, 789.903974, 443.149007, 792.023179, 
            443.149007, 794.142384, 441.029801, 796.261589, 
            441.029801, 796.261589, 438.910596, 796.261589, 
            436.791391, 796.261589, 434.672185, 798.380795, 
            434.672185, 798.380795, 432.552980, 798.380795, 
            430.433775, 798.380795, 428.314570, 798.380795, 
            426.195364, 798.380795, 424.076159, 798.380795, 
            421.956954, 798.380795, 419.837748, 798.380795, 
            417.718543, 798.380795, 415.599338, 798.380795, 
            413.480132, 800.500000, 411.360927, 800.500000, 
            409.241722, 800.500000, 407.122517, 802.619205, 
            407.122517, 802.619205, 405.003311, 802.619205, 
            402.884106, 802.619205, 398.645695, 802.619205, 
            396.526490, 802.619205, 394.407285, 802.619205, 
            392.288079, 802.619205, 390.168874, 804.738411, 
            388.049669, 804.738411, 385.930464, 804.738411, 
            383.811258, 804.738411, 381.692053, 804.738411, 
            379.572848, 804.738411, 377.453642, 804.738411, 
            375.334437, 804.738411, 373.215232, 806.857616, 
            371.096026, 806.857616, 368.976821, 806.857616, 
            366.857616, 806.857616, 364.738411, 806.857616, 
            362.619205, 804.738411, 358.380795, 804.738411, 
            356.261589, 804.738411, 354.142384, 802.619205, 
            352.023179, 802.619205, 349.903974, 800.500000, 
            347.784768, 800.500000, 345.665563, 798.380795, 
            343.546358, 798.380795, 341.427152, 798.380795, 
            339.307947, 796.261589, 339.307947, 796.261589, 
            337.188742, 796.261589, 335.069536, 794.142384, 
            332.950331, 792.023179, 330.831126, 789.903974, 
            330.831126, 789.903974, 328.711921, 787.784768, 
            326.592715, 785.665563, 324.473510, 783.546358, 
            322.354305, 781.427152, 322.354305, 781.427152, 
            320.235099, 779.307947, 320.235099, 779.307947, 
            318.115894, 777.188742, 315.996689, 772.950331, 
            315.996689, 772.950331, 313.877483, 770.831126, 
