%YAML:1.0
    mask: !!opencv-matrix
        rows: 337
        cols: 2
        dt: f
        data: [ -1.000000, -1.000000, 660.632450, 
            718.645695, 658.513245, 716.526490, 656.394040, 
            714.407285, 654.274834, 712.288079, 652.155629, 
            710.168874, 650.036424, 708.049669, 647.917219, 
            705.930464, 647.917219, 703.811258, 647.917219, 
            701.692053, 647.917219, 699.572848, 647.917219, 
            695.334437, 647.917219, 693.215232, 650.036424, 
            693.215232, 652.155629, 693.215232, 654.274834, 
            693.215232, 656.394040, 693.215232, 658.513245, 
            693.215232, 660.632450, 693.215232, 662.751656, 
            693.215232, 664.870861, 693.215232, 666.990066, 
            693.215232, 669.109272, 693.215232, 673.347682, 
            691.096026, 675.466887, 691.096026, 675.466887, 
            688.976821, 677.586093, 686.857616, 679.705298, 
            684.738411, 681.824503, 680.500000, 681.824503, 
            678.380795, 681.824503, 676.261589, 681.824503, 
            674.142384, 681.824503, 672.023179, 681.824503, 
            669.903974, 681.824503, 667.784768, 681.824503, 
            665.665563, 681.824503, 663.546358, 681.824503, 
            661.427152, 681.824503, 659.307947, 681.824503, 
            657.188742, 683.943709, 655.069536, 688.182119, 
            655.069536, 692.420530, 655.069536, 694.539735, 
            655.069536, 696.658940, 655.069536, 698.778146, 
            655.069536, 700.897351, 655.069536, 703.016556, 
            655.069536, 705.135762, 655.069536, 707.254967, 
            655.069536, 709.374172, 652.950331, 711.493377, 
            652.950331, 713.612583, 652.950331, 715.731788, 
            652.950331, 717.850993, 652.950331, 719.970199, 
            652.950331, 722.089404, 652.950331, 726.327815, 
            652.950331, 728.447020, 650.831126, 730.566225, 
            650.831126, 732.685430, 650.831126, 734.804636, 
            650.831126, 736.923841, 648.711921, 739.043046, 
            648.711921, 741.162252, 648.711921, 743.281457, 
            648.711921, 745.400662, 648.711921, 747.519868, 
            648.711921, 749.639073, 648.711921, 751.758278, 
            648.711921, 753.877483, 648.711921, 753.877483, 
            646.592715, 755.996689, 646.592715, 758.115894, 
            646.592715, 760.235099, 646.592715, 762.354305, 
            646.592715, 764.473510, 646.592715, 766.592715, 
            646.592715, 768.711921, 646.592715, 770.831126, 
            646.592715, 775.069536, 644.473510, 777.188742, 
            644.473510, 779.307947, 644.473510, 781.427152, 
            644.473510, 783.546358, 644.473510, 785.665563, 
            644.473510, 787.784768, 644.473510, 789.903974, 
            644.473510, 792.023179, 644.473510, 794.142384, 
            644.473510, 798.380795, 644.473510, 800.500000, 
            646.592715, 804.738411, 648.711921, 804.738411, 
            650.831126, 806.857616, 652.950331, 808.976821, 
            652.950331, 808.976821, 655.069536, 811.096026, 
            655.069536, 813.215232, 657.188742, 815.334437, 
            657.188742, 815.334437, 659.307947, 817.453642, 
            661.427152, 819.572848, 663.546358, 821.692053, 
            663.546358, 821.692053, 665.665563, 823.811258, 
            665.665563, 823.811258, 667.784768, 825.930464, 
            669.903974, 825.930464, 672.023179, 828.049669, 
            672.023179, 830.168874, 674.142384, 830.168874, 
            676.261589, 832.288079, 676.261589, 832.288079, 
            678.380795, 834.407285, 678.380795, 834.407285, 
            680.500000, 838.645695, 680.500000, 840.764901, 
            682.619205, 842.884106, 684.738411, 845.003311, 
            686.857616, 847.122517, 686.857616, 849.241722, 
            688.976821, 851.360927, 691.096026, 853.480132, 
            693.215232, 857.718543, 695.334437, 859.837748, 
            697.453642, 859.837748, 699.572848, 861.956954, 
            699.572848, 864.076159, 701.692053, 866.195364, 
            703.811258, 868.314570, 705.930464, 868.314570, 
            708.049669, 868.314570, 710.168874, 868.314570, 
            712.288079, 868.314570, 714.407285, 868.314570, 
            716.526490, 868.314570, 718.645695, -1.000000, 
            -1.000000, 743.281457, 388.049669, 743.281457, 
            385.930464, 741.162252, 388.049669, 739.043046, 
            388.049669, 736.923841, 388.049669, 734.804636, 
            388.049669, 734.804636, 390.168874, 730.566225, 
            390.168874, 728.447020, 390.168874, 728.447020, 
            392.288079, 726.327815, 394.407285, 722.089404, 
            394.407285, 722.089404, 396.526490, 719.970199, 
            396.526490, 717.850993, 396.526490, 715.731788, 
            398.645695, 713.612583, 400.764901, 711.493377, 
            400.764901, 709.374172, 402.884106, 707.254967, 
            402.884106, 705.135762, 405.003311, 703.016556, 
            407.122517, 700.897351, 407.122517, 698.778146, 
            409.241722, 696.658940, 413.480132, 696.658940, 
            415.599338, 694.539735, 419.837748, 692.420530, 
            421.956954, 692.420530, 424.076159, 690.301325, 
            426.195364, 690.301325, 428.314570, 690.301325, 
            430.433775, 688.182119, 430.433775, 686.062914, 
            432.552980, 686.062914, 434.672185, 683.943709, 
            436.791391, 683.943709, 438.910596, 681.824503, 
            441.029801, 681.824503, 443.149007, 679.705298, 
            445.268212, 677.586093, 447.387417, 677.586093, 
            449.506623, 677.586093, 451.625828, 675.466887, 
            451.625828, 675.466887, 453.745033, 675.466887, 
            455.864238, 673.347682, 455.864238, 671.228477, 
            460.102649, 671.228477, 462.221854, 671.228477, 
            464.341060, 671.228477, 466.460265, 669.109272, 
            468.579470, 669.109272, 470.698675, 669.109272, 
            472.817881, 669.109272, 474.937086, 669.109272, 
            477.056291, 669.109272, 479.175497, 669.109272, 
            481.294702, 669.109272, 483.413907, 669.109272, 
            485.533113, 671.228477, 487.652318, 671.228477, 
            489.771523, 673.347682, 489.771523, 675.466887, 
            491.890728, 677.586093, 491.890728, 679.705298, 
            491.890728, 681.824503, 491.890728, 681.824503, 
            494.009934, 683.943709, 494.009934, 686.062914, 
            496.129139, 688.182119, 498.248344, 690.301325, 
            500.367550, 692.420530, 500.367550, 694.539735, 
            502.486755, 694.539735, 506.725166, 696.658940, 
            506.725166, 696.658940, 508.844371, 698.778146, 
            508.844371, 700.897351, 510.963576, 703.016556, 
            510.963576, 705.135762, 513.082781, 709.374172, 
            513.082781, 711.493377, 513.082781, 713.612583, 
            513.082781, 713.612583, 515.201987, 715.731788, 
            515.201987, 717.850993, 515.201987, 722.089404, 
            517.321192, 726.327815, 519.440397, 728.447020, 
            519.440397, 730.566225, 519.440397, 732.685430, 
            519.440397, 734.804636, 519.440397, 736.923841, 
            519.440397, 739.043046, 519.440397, 741.162252, 
            519.440397, 743.281457, 519.440397, 747.519868, 
            519.440397, 749.639073, 519.440397, 751.758278, 
            519.440397, 753.877483, 519.440397, 755.996689, 
            519.440397, 758.115894, 519.440397, 760.235099, 
            519.440397, 762.354305, 519.440397, 764.473510, 
            519.440397, 766.592715, 519.440397, 768.711921, 
            519.440397, 770.831126, 519.440397, 772.950331, 
            519.440397, 775.069536, 519.440397, 777.188742, 
            519.440397, 779.307947, 517.321192, 781.427152, 
            517.321192, 783.546358, 517.321192, 785.665563, 
            515.201987, 787.784768, 515.201987, 789.903974, 
            515.201987, 789.903974, 513.082781, 792.023179, 
