%YAML:1.0
    mask: !!opencv-matrix
        rows: 294
        cols: 2
        dt: f
        data: [ -1.000000, -1.000000, 612.128866, 
            717.448454, 617.407216, 717.448454, 627.963918, 
            713.489691, 635.881443, 712.170103, 664.912371, 
            704.252577, 670.190722, 702.932990, 671.510309, 
            701.613402, 675.469072, 698.974227, 678.108247, 
            696.335052, 679.427835, 695.015464, 680.747423, 
            693.695876, 686.025773, 691.056701, 692.623711, 
            688.417526, 695.262887, 687.097938, 699.221649, 
            685.778351, 709.778351, 684.458763, 713.737113, 
            684.458763, 715.056701, 684.458763, 722.974227, 
            684.458763, 728.252577, 684.458763, 732.211340, 
            685.778351, 737.489691, 692.376289, 738.809278, 
            693.695876, 741.448454, 696.335052, 744.087629, 
            701.613402, 749.365979, 709.530928, 752.005155, 
            716.128866, -1.000000, -1.000000, 612.128866, 
            390.190722, 606.850515, 392.829897, 601.572165, 
            396.788660, 600.252577, 399.427835, 594.974227, 
            400.747423, 592.335052, 402.067010, 587.056701, 
            407.345361, 584.417526, 409.984536, 581.778351, 
            411.304124, 580.458763, 411.304124, 579.139175, 
            411.304124, 577.819588, 411.304124, 575.180412, 
            411.304124, 573.860825, 409.984536, 573.860825, 
            408.664948, 572.541237, 407.345361, 572.541237, 
            406.025773, 571.221649, 404.706186, 569.902062, 
            402.067010, 568.582474, 402.067010, 567.262887, 
            399.427835, 564.623711, 398.108247, 559.345361, 
            395.469072, 558.025773, 395.469072, 556.706186, 
            395.469072, 554.067010, 395.469072, 552.747423, 
            398.108247, 548.788660, 402.067010, 547.469072, 
            406.025773, 543.510309, 411.304124, 543.510309, 
            412.623711, 540.871134, 415.262887, 538.231959, 
            416.582474, 535.592784, 416.582474, 534.273196, 
            416.582474, 531.634021, 416.582474, 526.355670, 
            416.582474, 525.036082, 416.582474, 523.716495, 
            415.262887, 523.716495, 412.623711, 523.716495, 
            407.345361, 523.716495, 406.025773, 523.716495, 
            403.386598, 523.716495, 402.067010, 523.716495, 
            400.747423, 521.077320, 398.108247, 519.757732, 
            396.788660, 519.757732, 394.149485, 518.438144, 
            392.829897, 517.118557, 392.829897, 514.479381, 
            392.829897, 513.159794, 392.829897, 511.840206, 
            392.829897, 510.520619, 392.829897, 510.520619, 
            400.747423, 510.520619, 402.067010, 510.520619, 
            407.345361, 510.520619, 411.304124, 510.520619, 
            415.262887, 510.520619, 417.902062, 510.520619, 
            419.221649, 510.520619, 420.541237, 507.881443, 
            420.541237, 505.242268, 420.541237, 501.283505, 
            420.541237, 498.644330, 420.541237, 494.685567, 
            420.541237, 492.046392, 420.541237, 489.407216, 
            420.541237, 486.768041, 419.221649, 485.448454, 
            417.902062, 484.128866, 415.262887, 481.489691, 
            413.943299, 480.170103, 412.623711, 478.850515, 
            411.304124, 476.211340, 409.984536, 474.891753, 
            407.345361, 472.252577, 403.386598, 470.932990, 
            402.067010, 469.613402, 399.427835, 468.293814, 
            399.427835, 468.293814, 398.108247, 466.974227, 
            395.469072, 466.974227, 394.149485, 465.654639, 
            392.829897, 465.654639, 391.510309, 463.015464, 
            388.871134, 461.695876, 387.551546, 460.376289, 
            387.551546, 459.056701, 386.231959, 459.056701, 
            384.912371, 457.737113, 384.912371, 457.737113, 
            383.592784, 456.417526, 383.592784, 456.417526, 
            382.273196, 456.417526, 380.953608, 457.737113, 
            379.634021, 460.376289, 378.314433, 463.015464, 
            374.355670, 463.015464, 373.036082, 468.293814, 
            369.077320, 469.613402, 366.438144, 470.932990, 
            365.118557, 472.252577, 363.798969, 474.891753, 
            359.840206, 477.530928, 357.201031, 481.489691, 
            351.922680, 482.809278, 351.922680, 485.448454, 
            349.283505, 488.087629, 347.963918, 489.407216, 
            345.324742, 493.365979, 344.005155, 494.685567, 
            342.685567, 497.324742, 342.685567, 498.644330, 
            342.685567, 499.963918, 342.685567, 502.603093, 
            342.685567, 503.922680, 342.685567, 505.242268, 
            342.685567, 506.561856, 342.685567, 507.881443, 
            342.685567, 510.520619, 342.685567, 513.159794, 
            342.685567, 515.798969, 342.685567, 519.757732, 
            344.005155, 522.396907, 344.005155, 523.716495, 
            344.005155, 526.355670, 344.005155, 527.675258, 
            344.005155, 530.314433, 345.324742, 532.953608, 
            345.324742, 535.592784, 345.324742, 536.912371, 
            346.644330, 539.551546, 346.644330, 540.871134, 
            346.644330, 542.190722, 346.644330, 543.510309, 
            346.644330, 547.469072, 346.644330, 552.747423, 
            346.644330, 555.386598, 346.644330, 559.345361, 
            346.644330, 564.623711, 346.644330, 569.902062, 
            346.644330, 572.541237, 346.644330, 575.180412, 
            346.644330, 576.500000, 346.644330, 577.819588, 
            346.644330, 583.097938, 347.963918, 589.695876, 
            349.283505, 591.015464, 349.283505, 596.293814, 
            350.603093, 600.252577, 351.922680, 600.252577, 
            353.242268, 600.252577, 354.561856, 601.572165, 
            355.881443, 604.211340, 358.520619, 608.170103, 
            363.798969, 617.407216, 374.355670, 621.365979, 
            378.314433, -1.000000, -1.000000, 437.943299, 
            255.592784, 437.943299, 260.871134, 437.943299, 
            270.108247, 437.943299, 275.386598, 439.262887, 
            279.345361, 440.582474, 280.664948, 447.180412, 
            288.582474, 449.819588, 291.221649, 455.097938, 
            293.860825, 456.417526, 296.500000, 460.376289, 
            299.139175, 465.654639, 299.139175, 466.974227, 
            299.139175, 468.293814, 299.139175, 469.613402, 
            300.458763, 473.572165, 300.458763, 478.850515, 
            300.458763, 480.170103, 300.458763, 488.087629, 
            300.458763, 492.046392, 300.458763, 497.324742, 
            300.458763, 499.963918, 300.458763, 507.881443, 
            301.778351, 514.479381, 303.097938, 519.757732, 
            304.417526, 521.077320, 304.417526, 522.396907, 
            304.417526, 534.273196, 304.417526, 536.912371, 
            304.417526, 538.231959, 304.417526, 543.510309, 
            307.056701, 546.149485, 307.056701, 551.427835, 
            309.695876, 558.025773, 314.974227, 559.345361, 
            316.293814, 563.304124, 321.572165, 567.262887, 
            324.211340, 569.902062, 326.850515, 577.819588, 
            334.768041, 580.458763, 336.087629, 581.778351, 
            336.087629, 588.376289, 337.407216, 589.695876, 
            337.407216, 591.015464, 337.407216, 592.335052, 
            334.768041, 593.654639, 332.128866, 596.293814, 
            326.850515, 598.932990, 325.530928, 601.572165, 
            324.211340, 601.572165, 321.572165, 604.211340, 
            318.932990, 605.530928, 317.613402, 606.850515, 
            316.293814, 608.170103, 313.654639, 608.170103, 
            312.335052, 609.489691, 308.376289, 609.489691, 
            307.056701, 609.489691, 304.417526, 609.489691, 
            299.139175, 608.170103, 293.860825, 600.252577, 
            284.623711, 589.695876, 271.427835, 588.376289, 
            270.108247, 588.376289, 267.469072, 585.737113, 
            262.190722, 585.737113, 260.871134, 584.417526, 
            255.592784, 583.097938, 250.314433, 581.778351, 
            246.355670, 580.458763, 243.716495, 579.139175, 
