%YAML:1.0
    mask: !!opencv-matrix
        rows: 346
        cols: 2
        dt: f
        data: [ 484.976419, 716.567146, 485.999600, 
            716.567146, 487.022782, 716.567146, 488.045963, 
            716.567146, 489.069145, 714.520783, 490.092326, 
            714.520783, 493.161871, 713.497602, 498.277778, 
            712.474420, 502.370504, 712.474420, 503.393685, 
            712.474420, 504.416867, 712.474420, 506.463229, 
            712.474420, 508.509592, 712.474420, 511.579137, 
            712.474420, 513.625500, 712.474420, 514.648681, 
            712.474420, 515.671863, 712.474420, 518.741407, 
            712.474420, 520.787770, 712.474420, 521.810951, 
            713.497602, 522.834133, 713.497602, 523.857314, 
            713.497602, 524.880496, 713.497602, 524.880496, 
            714.520783, 525.903677, 714.520783, 525.903677, 
            715.543965, 527.950040, 716.567146, 527.950040, 
            717.590328, 528.973221, 717.590328, 528.973221, 
            718.613509, 529.996403, 718.613509, -1.000000, 
            -1.000000, 657.894085, 717.590328, 657.894085, 
            716.567146, 658.917266, 711.451239, 658.917266, 
            708.381695, 660.963629, 703.265787, 660.963629, 
            697.126699, 661.986811, 688.941247, 663.009992, 
            685.871703, 663.009992, 683.825340, 664.033173, 
            680.755795, 665.056355, 678.709432, 666.079536, 
            677.686251, 668.125899, 673.593525, 670.172262, 
            670.523981, 672.218625, 668.477618, 673.241807, 
            667.454436, 675.288169, 666.431255, 677.334532, 
            664.384892, 678.357714, 663.361711, 683.473621, 
            658.245803, 685.519984, 656.199440, 688.589528, 
            654.153078, 689.612710, 652.106715, 692.682254, 
            650.060352, 695.751799, 648.013989, 696.774980, 
            648.013989, 699.844524, 644.944444, 700.867706, 
            643.921263, 701.890887, 642.898082, 703.937250, 
            641.874900, 704.960432, 641.874900, 705.983613, 
            639.828537, 707.006795, 639.828537, 711.099520, 
            637.782174, 713.145883, 636.758993, 716.215428, 
            634.712630, 717.238609, 634.712630, 719.284972, 
            633.689448, 721.331335, 632.666267, 725.424061, 
            631.643086, 728.493605, 630.619904, 731.563149, 
            629.596723, 731.563149, 628.573541, 734.632694, 
            628.573541, 738.725420, 627.550360, 739.748601, 
            627.550360, 742.818145, 627.550360, 745.887690, 
            627.550360, 748.957234, 626.527178, 751.003597, 
            626.527178, 756.119504, 626.527178, 758.165867, 
            626.527178, 759.189049, 626.527178, 761.235412, 
            626.527178, 764.304956, 626.527178, 767.374500, 
            626.527178, 770.444045, 626.527178, 772.490408, 
            626.527178, 775.559952, 626.527178, 779.652678, 
            627.550360, 781.699041, 627.550360, 783.745404, 
            628.573541, 785.791767, 628.573541, 786.814948, 
            629.596723, 788.861311, 629.596723, 791.930855, 
            632.666267, 795.000400, 634.712630, 797.046763, 
            635.735811, 797.046763, 636.758993, 799.093125, 
            637.782174, 801.139488, 638.805356, 803.185851, 
            640.851719, 804.209033, 641.874900, 805.232214, 
            642.898082, 808.301759, 644.944444, 810.348122, 
            648.013989, 812.394484, 651.083533, 813.417666, 
            654.153078, 816.487210, 657.222622, 818.533573, 
            659.268985, 820.579936, 662.338529, 821.603118, 
            664.384892, 822.626299, 665.408074, 822.626299, 
            667.454436, 825.695843, 671.547162, 827.742206, 
            673.593525, 827.742206, 674.616707, 827.742206, 
            675.639888, 829.788569, 680.755795, 831.834932, 
            681.778977, 831.834932, 682.802158, 831.834932, 
            684.848521, 833.881295, 686.894884, 833.881295, 
            687.918066, 833.881295, 688.941247, 834.904476, 
            690.987610, 835.927658, 694.057154, 836.950839, 
            696.103517, 836.950839, 699.173062, 838.997202, 
            704.288969, 838.997202, 705.312150, 841.043565, 
            707.358513, 842.066747, 710.428058, 843.089928, 
            712.474420, 846.159472, 716.567146, 847.182654, 
            718.613509, -1.000000, -1.000000, 701.890887, 
            341.059552, 699.844524, 341.059552, 696.774980, 
            342.082734, 691.659073, 342.082734, 689.612710, 
            341.059552, 687.566347, 341.059552, 685.519984, 
            341.059552, 683.473621, 340.036371, 682.450440, 
            340.036371, 680.404077, 340.036371, 678.357714, 
            340.036371, 676.311351, 340.036371, 673.241807, 
            340.036371, 670.172262, 340.036371, 667.102718, 
            340.036371, 664.033173, 340.036371, 661.986811, 
            341.059552, 659.940448, 342.082734, 657.894085, 
            344.129097, 655.847722, 346.175460, 652.778177, 
            349.245004, 650.731815, 351.291367, 648.685452, 
            354.360911, 647.662270, 355.384093, 647.662270, 
            359.476819, 645.615907, 362.546363, 644.592726, 
            364.592726, 643.569544, 365.615907, 643.569544, 
            367.662270, 643.569544, 368.685452, 643.569544, 
            370.731815, 643.569544, 372.778177, 643.569544, 
            375.847722, 643.569544, 380.963629, 643.569544, 
            385.056355, 643.569544, 387.102718, 643.569544, 
            389.149081, 642.546363, 393.241807, 642.546363, 
            395.288169, 642.546363, 398.357714, 642.546363, 
            399.380895, 641.523181, 402.450440, 641.523181, 
            404.496803, 641.523181, 406.543165, 641.523181, 
            408.589528, 641.523181, 409.612710, 641.523181, 
            411.659073, 642.546363, 414.728617, 643.569544, 
            417.798161, 646.639089, 419.844524, 648.685452, 
            421.890887, 650.731815, 422.914069, 654.824540, 
            424.960432, 658.917266, 427.006795, 663.009992, 
            429.053157, 668.125899, 432.122702, 672.218625, 
            433.145883, 673.241807, 434.169065, 676.311351, 
            436.215428, 678.357714, 437.238609, 680.404077, 
            439.284972, 681.427258, 440.308153, 682.450440, 
            440.308153, 685.519984, 441.331335, 687.566347, 
            442.354516, 691.659073, 443.377698, 697.798161, 
            445.424061, 699.844524, 446.447242, 702.914069, 
            446.447242, 704.960432, 445.424061, 707.006795, 
            443.377698, 710.076339, 441.331335, 712.122702, 
            439.284972, 714.169065, 437.238609, 717.238609, 
            433.145883, 719.284972, 430.076339, 721.331335, 
            427.006795, 722.354516, 424.960432, 722.354516, 
            423.937250, 723.377698, 421.890887, 725.424061, 
            417.798161, 727.470424, 415.751799, 728.493605, 
            412.682254, 730.539968, 409.612710, 731.563149, 
            406.543165, 732.586331, 404.496803, 732.586331, 
            401.427258, 733.609512, 398.357714, 733.609512, 
            395.288169, 733.609512, 392.218625, 733.609512, 
            389.149081, 733.609512, 388.125899, 732.586331, 
            383.009992, 732.586331, 379.940448, 731.563149, 
            375.847722, 730.539968, 372.778177, 728.493605, 
            370.731815, 727.470424, 367.662270, 725.424061, 
            363.569544, 724.400879, 361.523181, 723.377698, 
            360.500000, 723.377698, 357.430456, 722.354516, 
            355.384093, 722.354516, 354.360911, -1.000000, 
            -1.000000, 424.608713, 180.420064, 425.631894, 
            180.420064, 425.631894, 181.443245, 428.701439, 
            183.489608, 433.817346, 187.582334, 436.886890, 
            188.605516, 439.956435, 189.628697, 440.979616, 
            189.628697, 443.025979, 190.651878, 446.095524, 
            190.651878, 448.141886, 190.651878, 451.211431, 
            188.605516, 455.304157, 187.582334, 457.350520, 
            185.535971, 457.350520, 184.512790, 460.420064, 
