%YAML:1.0
    mask: !!opencv-matrix
        rows: 705
        cols: 2
        dt: f
        data: [ 240.436051, 677.686251, 238.389688, 
            677.686251, 232.250600, 676.663070, 228.157874, 
            674.616707, 222.018785, 670.523981, 218.949241, 
            668.477618, 210.763789, 661.315348, 203.601519, 
            654.153078, 203.601519, 653.129896, 200.531974, 
            651.083533, 195.416067, 645.967626, 191.323341, 
            639.828537, 190.300160, 637.782174, 188.253797, 
            633.689448, 185.184253, 625.503997, 185.184253, 
            624.480815, 185.184253, 616.295364, 185.184253, 
            608.109912, 185.184253, 607.086731, 185.184253, 
            596.854916, 185.184253, 584.576739, 187.230616, 
            580.484013, 187.230616, 578.437650, 189.276978, 
            569.229017, 190.300160, 563.089928, 191.323341, 
            562.066747, 193.369704, 556.950839, 194.392886, 
            554.904476, 194.392886, 552.858114, 197.462430, 
            549.788569, 197.462430, 548.765388, 200.531974, 
            544.672662, 203.601519, 539.556755, 206.671063, 
            537.510392, 210.763789, 529.324940, 216.902878, 
            521.139488, 220.995604, 517.046763, 228.157874, 
            508.861311, 232.250600, 505.791767, 232.250600, 
            504.768585, 235.320144, 501.699041, 239.412870, 
            496.583133, 241.459233, 495.559952, 247.598321, 
            490.444045, 250.667866, 488.397682, 250.667866, 
            487.374500, 257.830136, 483.281775, 262.946043, 
            479.189049, 274.201039, 473.049960, 278.293765, 
            469.980416, 280.340128, 468.957234, 288.525580, 
            463.841327, 292.618305, 460.771783, 295.687850, 
            458.725420, 300.803757, 455.655875, 306.942846, 
            452.586331, 310.012390, 449.516787, 313.081934, 
            447.470424, 316.151479, 445.424061, 317.174660, 
            444.400879, 319.221023, 443.377698, 322.290568, 
            441.331335, 325.360112, 439.284972, 328.429656, 
            437.238609, 331.499201, 435.192246, 333.545564, 
            433.145883, 338.661471, 431.099520, 343.777378, 
            428.029976, 349.916467, 423.937250, 354.009193, 
            420.867706, 357.078737, 419.844524, 359.125100, 
            417.798161, 362.194644, 416.774980, 366.287370, 
            414.728617, 369.356914, 413.705436, 372.426459, 
            411.659073, 374.472822, 411.659073, 378.565548, 
            410.635891, 385.727818, 410.635891, 390.843725, 
            409.612710, 398.005995, 409.612710, 402.098721, 
            409.612710, 405.168265, 409.612710, 411.307354, 
            408.589528, 413.353717, 408.589528, 414.376898, 
            408.589528, 418.469624, 407.566347, 424.608713, 
            406.543165, 431.770983, 406.543165, 442.002798, 
            405.519984, 449.165068, 405.519984, 460.420064, 
            405.519984, 466.559153, 404.496803, 473.721423, 
            404.496803, 481.906875, 404.496803, 489.069145, 
            405.519984, 497.254596, 407.566347, 500.324141, 
            408.589528, 501.347322, 408.589528, 506.463229, 
            411.659073, 515.671863, 417.798161, 522.834133, 
            421.890887, 525.903677, 423.937250, 529.996403, 
            427.006795, 534.089129, 431.099520, 539.205036, 
            434.169065, 542.274580, 437.238609, 544.320943, 
            439.284972, 546.367306, 443.377698, 548.413669, 
            446.447242, 550.460032, 447.470424, 551.483213, 
            452.586331, 552.506395, 456.679057, 552.506395, 
            459.748601, 552.506395, 460.771783, 552.506395, 
            463.841327, 552.506395, 465.887690, 552.506395, 
            466.910871, 551.483213, 466.910871, 549.436851, 
            467.934053, 547.390488, 467.934053, 543.297762, 
            468.957234, 536.135492, 468.957234, 533.065947, 
            468.957234, 528.973221, 469.980416, 524.880496, 
            471.003597, 519.764588, 474.073141, 518.741407, 
            474.073141, 515.671863, 478.165867, 511.579137, 
            483.281775, 510.555955, 485.328137, 508.509592, 
            490.444045, 505.440048, 496.583133, 503.393685, 
            501.699041, 503.393685, 503.745404, 503.393685, 
            504.768585, 501.347322, 506.814948, 498.277778, 
            508.861311, 496.231415, 509.884492, 493.161871, 
            510.907674, 489.069145, 510.907674, 482.930056, 
            510.907674, 477.814149, 510.907674, 473.721423, 
            509.884492, 470.651878, 508.861311, 468.605516, 
            508.861311, 466.559153, 508.861311, 464.512790, 
            508.861311, 463.489608, 509.884492, 462.466427, 
            513.977218, 462.466427, 515.000400, 462.466427, 
            518.069944, 466.559153, 524.209033, 470.651878, 
            527.278577, 472.698241, 529.324940, 475.767786, 
            530.348122, 482.930056, 530.348122, 489.069145, 
            530.348122, 496.231415, 528.301759, 497.254596, 
            528.301759, 502.370504, 526.255396, 508.509592, 
            524.209033, 513.625500, 524.209033, 519.764588, 
            524.209033, 523.857314, 523.185851, 524.880496, 
            523.185851, 535.112310, 523.185851, 541.251399, 
            525.232214, 546.367306, 526.255396, 550.460032, 
            528.301759, 553.529576, 529.324940, 554.552758, 
            529.324940, 555.575939, 530.348122, 557.622302, 
            532.394484, 559.668665, 535.464029, 560.691847, 
            538.533573, 562.738209, 544.672662, 562.738209, 
            548.765388, 562.738209, 553.881295, 562.738209, 
            555.927658, 559.668665, 558.997202, 555.575939, 
            562.066747, 551.483213, 565.136291, 545.344125, 
            568.205835, 539.205036, 571.275380, 536.135492, 
            573.321743, 529.996403, 575.368106, 524.880496, 
            578.437650, 517.718225, 579.460831, 511.579137, 
            581.507194, 506.463229, 583.553557, 495.208233, 
            584.576739, 487.022782, 586.623102, 478.837330, 
            588.669464, 471.675060, 588.669464, 465.535971, 
            588.669464, 460.420064, 588.669464, 457.350520, 
            589.692646, 454.280975, 589.692646, 451.211431, 
            590.715827, 449.165068, 590.715827, 446.095524, 
            591.739009, 444.049161, 594.808553, 443.025979, 
            596.854916, 443.025979, 598.901279, 443.025979, 
            600.947642, 442.002798, 602.994005, 442.002798, 
            604.017186, 438.933253, 606.063549, 436.886890, 
            607.086731, 436.886890, 608.109912, 435.863709, 
            608.109912, 432.794165, 608.109912, 430.747802, 
            609.133094, 429.724620, 609.133094, 428.701439, 
            609.133094, 427.678257, 609.133094, 426.655076, 
            609.133094, 423.585532, 608.109912, 420.515987, 
            608.109912, 416.423261, 608.109912, 414.376898, 
            608.109912, 413.353717, 608.109912, 412.330536, 
            608.109912, 411.307354, 608.109912, 409.260991, 
            608.109912, 406.191447, 610.156275, 404.145084, 
            611.179456, 401.075540, 612.202638, 396.982814, 
            614.249001, 393.913269, 617.318545, 390.843725, 
            619.364908, 388.797362, 620.388090, 385.727818, 
            622.434452, 383.681455, 623.457634, 382.658273, 
            623.457634, 378.565548, 626.527178, 374.472822, 
            628.573541, 371.403277, 630.619904, 367.310552, 
            632.666267, 363.217826, 634.712630, 358.101918, 
            636.758993, 354.009193, 637.782174, 348.893285, 
            638.805356, 345.823741, 639.828537, 341.731015, 
            639.828537, 337.638289, 639.828537, 334.568745, 
            640.851719, 333.545564, 640.851719, 330.476019, 
            640.851719, 330.476019, 641.874900, 328.429656, 
            641.874900, 323.313749, 642.898082, 318.197842, 
            644.944444, 315.128297, 644.944444, 314.105116, 
            645.967626, 311.035572, 645.967626, 308.989209, 
