%YAML:1.0
    mask: !!opencv-matrix
        rows: 1242
        cols: 2
        dt: f
        data: [ 488.048337, 718.365429, 488.048337, 
            717.375483, 489.038283, 716.385538, 490.028229, 
            716.385538, 490.028229, 714.405646, 491.018175, 
            714.405646, 492.008121, 713.415700, 492.998067, 
            712.425754, 492.998067, 711.435808, 493.988012, 
            711.435808, 494.977958, 711.435808, 494.977958, 
            710.445862, 495.967904, 709.455916, 497.947796, 
            708.465971, 499.927688, 708.465971, 500.917633, 
            707.476025, 500.917633, 706.486079, 501.907579, 
            706.486079, 502.897525, 706.486079, 503.887471, 
            706.486079, 506.857309, 705.496133, 506.857309, 
            704.506187, 508.837200, 704.506187, 509.827146, 
            704.506187, 511.807038, 704.506187, 513.786930, 
            704.506187, 516.756767, 704.506187, 517.746713, 
            704.506187, 520.716551, 704.506187, 524.676334, 
            704.506187, 525.666280, 704.506187, 526.656226, 
            704.506187, 527.646172, 704.506187, 529.626063, 
            705.496133, 532.595901, 706.486079, 535.565739, 
            707.476025, 536.555684, 707.476025, 538.535576, 
            707.476025, 539.525522, 707.476025, 539.525522, 
            708.465971, 540.515468, 708.465971, 540.515468, 
            709.455916, 541.505414, 710.445862, 541.505414, 
            711.435808, 541.505414, 712.425754, 541.505414, 
            713.415700, 541.505414, 714.405646, 542.495360, 
            715.395592, 543.485305, 715.395592, 543.485305, 
            716.385538, 544.475251, 717.375483, 545.465197, 
            717.375483, 546.455143, 718.365429, -1.000000, 
            -1.000000, 682.077726, 468.899072, 682.077726, 
            469.889018, 683.067672, 469.889018, 684.057618, 
            469.889018, 685.047564, 470.878964, 685.047564, 
            471.868910, 686.037510, 472.858855, 687.027456, 
            472.858855, 688.017401, 473.848801, 689.007347, 
            474.838747, 690.987239, 475.828693, 692.967131, 
            475.828693, 694.947022, 476.818639, 696.926914, 
            476.818639, 696.926914, 477.808585, 697.916860, 
            477.808585, 699.896752, 479.788476, 701.876643, 
            480.778422, 701.876643, 481.768368, 701.876643, 
            482.758314, 702.866589, 482.758314, 703.856535, 
            483.748260, 704.846481, 485.728152, 705.836427, 
            487.708043, 706.826373, 489.687935, 707.816319, 
            489.687935, 707.816319, 490.677881, 707.816319, 
            491.667827, 707.816319, 492.657773, 707.816319, 
            493.647718, 707.816319, 494.637664, 707.816319, 
            495.627610, 708.806265, 497.607502, 708.806265, 
            498.597448, 708.806265, 499.587394, 708.806265, 
            500.577340, 708.806265, 502.557231, 709.796210, 
            502.557231, 709.796210, 503.547177, 709.796210, 
            504.537123, 709.796210, 505.527069, 709.796210, 
            506.517015, 709.796210, 507.506961, 709.796210, 
            509.486852, 709.796210, 510.476798, 710.786156, 
            512.456690, 711.776102, 513.446636, 711.776102, 
            514.436582, 711.776102, 515.426527, 712.766048, 
            517.406419, 712.766048, 519.386311, 713.755994, 
            520.376257, 713.755994, 522.356148, 713.755994, 
            523.346094, 713.755994, 525.325986, 713.755994, 
            527.305878, 714.745940, 529.285770, 714.745940, 
            530.275715, 715.735886, 530.275715, 716.725831, 
            530.275715, 716.725831, 529.285770, 717.715777, 
            528.295824, 717.715777, 527.305878, 718.705723, 
            526.315932, 718.705723, 525.325986, 720.685615, 
            524.336040, 720.685615, 523.346094, 720.685615, 
            522.356148, 720.685615, 521.366203, 720.685615, 
            520.376257, 721.675561, 519.386311, 722.665507, 
            518.396365, 724.645398, 516.416473, 726.625290, 
            513.446636, 727.615236, 511.466744, 730.585073, 
            509.486852, 730.585073, 508.496906, 731.575019, 
            507.506961, 731.575019, 506.517015, 732.564965, 
            506.517015, 732.564965, 505.527069, 733.554911, 
            504.537123, 735.534803, 503.547177, 737.514695, 
            503.547177, 738.504640, 503.547177, 739.494586, 
            503.547177, 740.484532, 503.547177, 742.464424, 
            502.557231, 743.454370, 502.557231, 744.444316, 
            502.557231, 745.434261, 502.557231, 746.424207, 
            501.567285, 747.414153, 501.567285, 749.394045, 
            500.577340, 750.383991, 500.577340, 751.373937, 
            499.587394, 753.353828, 498.597448, 755.333720, 
            497.607502, 756.323666, 497.607502, 758.303558, 
            497.607502, 758.303558, 496.617556, 759.293503, 
            495.627610, 760.283449, 494.637664, 761.273395, 
            493.647718, 762.263341, 492.657773, 763.253287, 
            492.657773, 763.253287, 491.667827, 765.233179, 
            490.677881, 766.223125, 490.677881, 767.213070, 
            489.687935, 768.203016, 489.687935, 769.192962, 
            488.697989, 771.172854, 487.708043, 773.152746, 
            487.708043, 774.142691, 487.708043, 775.132637, 
            486.718097, 776.122583, 486.718097, 777.112529, 
            485.728152, 778.102475, 485.728152, 779.092421, 
            485.728152, 779.092421, 484.738206, 780.082367, 
            484.738206, 780.082367, 483.748260, 780.082367, 
            481.768368, 780.082367, 479.788476, 780.082367, 
            478.798531, 780.082367, 477.808585, 780.082367, 
            476.818639, 779.092421, 475.828693, 778.102475, 
            474.838747, 777.112529, 473.848801, 777.112529, 
            472.858855, 776.122583, 471.868910, 775.132637, 
            471.868910, 775.132637, 470.878964, 774.142691, 
            470.878964, 773.152746, 469.889018, 772.162800, 
            469.889018, 771.172854, 468.899072, 770.182908, 
            467.909126, 770.182908, 466.919180, 769.192962, 
            464.939288, 768.203016, 464.939288, 767.213070, 
            463.949343, 766.223125, 462.959397, 765.233179, 
            462.959397, 764.243233, 462.959397, 762.263341, 
            462.959397, 761.273395, 462.959397, 760.283449, 
            462.959397, 759.293503, 462.959397, 758.303558, 
            462.959397, 757.313612, 462.959397, 756.323666, 
            462.959397, 755.333720, 463.949343, 753.353828, 
            463.949343, 752.363882, 464.939288, 751.373937, 
            464.939288, 750.383991, 464.939288, 749.394045, 
            464.939288, 747.414153, 464.939288, 746.424207, 
            464.939288, 742.464424, 463.949343, 740.484532, 
            462.959397, 739.494586, 462.959397, 738.504640, 
            461.969451, 737.514695, 461.969451, 737.514695, 
            459.989559, 736.524749, 458.999613, 736.524749, 
            457.019722, 736.524749, 455.039830, 735.534803, 
            454.049884, 735.534803, 453.059938, 735.534803, 
            452.069992, 735.534803, 451.080046, 735.534803, 
            450.090101, 735.534803, 449.100155, 735.534803, 
            446.130317, 735.534803, 445.140371, 735.534803, 
            444.150425, 735.534803, 443.160480, 735.534803, 
            442.170534, 736.524749, 442.170534, 737.514695, 
            441.180588, 737.514695, 440.190642, 738.504640, 
            440.190642, 738.504640, 439.200696, 739.494586, 
            438.210750, 740.484532, 438.210750, 740.484532, 
            437.220804, 740.484532, 436.230858, 741.474478, 
            435.240913, 742.464424, 435.240913, 743.454370, 
            434.250967, 743.454370, 433.261021, 744.444316, 
            433.261021, 745.434261, 433.261021, 746.424207, 
            433.261021, 747.414153, 432.271075, 748.404099, 
            432.271075, 751.373937, 430.291183, 753.353828, 
            430.291183, 754.343774, 429.301237, 755.333720, 
