%YAML:1.0
    mask: !!opencv-matrix
        rows: 279
        cols: 2
        dt: f
        data: [ -1.000000, -1.000000, -1.000000, 
            -1.000000, 641.159794, 296.500000, 641.159794, 
            301.778351, 641.159794, 309.695876, 641.159794, 
            316.293814, 641.159794, 320.252577, 641.159794, 
            328.170103, 641.159794, 329.489691, 641.159794, 
            333.448454, 641.159794, 334.768041, 641.159794, 
            336.087629, 641.159794, 341.365979, 641.159794, 
            345.324742, 641.159794, 351.922680, 641.159794, 
            355.881443, 641.159794, 357.201031, 645.118557, 
            359.840206, 650.396907, 365.118557, 651.716495, 
            366.438144, 653.036082, 366.438144, 653.036082, 
            367.757732, 654.355670, 367.757732, 656.994845, 
            369.077320, 658.314433, 370.396907, 658.314433, 
            371.716495, 658.314433, 373.036082, 654.355670, 
            375.675258, 643.798969, 379.634021, 631.922680, 
            382.273196, 624.005155, 383.592784, 620.046392, 
            386.231959, 618.726804, 386.231959, 614.768041, 
            388.871134, 610.809278, 390.190722, 608.170103, 
            391.510309, 601.572165, 395.469072, 598.932990, 
            398.108247, 597.613402, 399.427835, 596.293814, 
            402.067010, 593.654639, 402.067010, 593.654639, 
            403.386598, 593.654639, 409.984536, 593.654639, 
            415.262887, 596.293814, 419.221649, 597.613402, 
            423.180412, 600.252577, 431.097938, 602.891753, 
            436.376289, 605.530928, 439.015464, 606.850515, 
            440.335052, 610.809278, 446.932990, 610.809278, 
            448.252577, 612.128866, 449.572165, 614.768041, 
            456.170103, 621.365979, 468.046392, 622.685567, 
            472.005155, 624.005155, 472.005155, 625.324742, 
            474.644330, 629.283505, 479.922680, 630.603093, 
            481.242268, 631.922680, 481.242268, 639.840206, 
            486.520619, 645.118557, 486.520619, 653.036082, 
            486.520619, 655.675258, 486.520619, 663.592784, 
            486.520619, 670.190722, 481.242268, 676.788660, 
            475.963918, 680.747423, 470.685567, 683.386598, 
            466.726804, 688.664948, 457.489691, 689.984536, 
            456.170103, 689.984536, 453.530928, 691.304124, 
            449.572165, 692.623711, 448.252577, 693.943299, 
            440.335052, 695.262887, 433.737113, 699.221649, 
            424.500000, 701.860825, 412.623711, 704.500000, 
            406.025773, 705.819588, 400.747423, 707.139175, 
            396.788660, 708.458763, 392.829897, 709.778351, 
            386.231959, 709.778351, 382.273196, 711.097938, 
            379.634021, 711.097938, 378.314433, 711.097938, 
            375.675258, 712.417526, 373.036082, 712.417526, 
            370.396907, 713.737113, 366.438144, 713.737113, 
            361.159794, 715.056701, 357.201031, 715.056701, 
            354.561856, 715.056701, 350.603093, 715.056701, 
            346.644330, 715.056701, 342.685567, 712.417526, 
            333.448454, 711.097938, 332.128866, 711.097938, 
            329.489691, 711.097938, 325.530928, 711.097938, 
            321.572165, 711.097938, 318.932990, 711.097938, 
            313.654639, 711.097938, 312.335052, 711.097938, 
            311.015464, 709.778351, 307.056701, 707.139175, 
            303.097938, 703.180412, 299.139175, 700.541237, 
            296.500000, 697.902062, 293.860825, 693.943299, 
            292.541237, 687.345361, 289.902062, 679.427835, 
            287.262887, 675.469072, 287.262887, 674.149485, 
            287.262887, -1.000000, -1.000000, 199.097938, 
            358.520619, 195.139175, 366.438144, 192.500000, 
            371.716495, 189.860825, 375.675258, 185.902062, 
            380.953608, 183.262887, 384.912371, 183.262887, 
            387.551546, 181.943299, 396.788660, 181.943299, 
            402.067010, 181.943299, 416.582474, 181.943299, 
            420.541237, 187.221649, 440.335052, 189.860825, 
            446.932990, 193.819588, 456.170103, 195.139175, 
            458.809278, 199.097938, 466.726804, 203.056701, 
            470.685567, 205.695876, 473.324742, 208.335052, 
            477.283505, 214.932990, 479.922680, 225.489691, 
            482.561856, 230.768041, 483.881443, 238.685567, 
            485.201031, 257.159794, 490.479381, 263.757732, 
            491.798969, 267.716495, 494.438144, 272.994845, 
            494.438144, 284.871134, 497.077320, 291.469072, 
            498.396907, 295.427835, 498.396907, 298.067010, 
            498.396907, 305.984536, 499.716495, 308.623711, 
            499.716495, 315.221649, 499.716495, 320.500000, 
            499.716495, 323.139175, 499.716495, 331.056701, 
            499.716495, 332.376289, 499.716495, 336.335052, 
            499.716495, 341.613402, 499.716495, 350.850515, 
            498.396907, 356.128866, 494.438144, 364.046392, 
            493.118557, 369.324742, 493.118557, 374.603093, 
            490.479381, 375.922680, 489.159794, 379.881443, 
            486.520619, 386.479381, 485.201031, 389.118557, 
            482.561856, 393.077320, 479.922680, 394.396907, 
            479.922680, 395.716495, 478.603093, 397.036082, 
            477.283505, 398.355670, 475.963918, 400.994845, 
            473.324742, 402.314433, 472.005155, 403.634021, 
            469.365979, 404.953608, 464.087629, 407.592784, 
            456.170103, 407.592784, 452.211340, 407.592784, 
            449.572165, 407.592784, 445.613402, 408.912371, 
            440.335052, 408.912371, 439.015464, 408.912371, 
            436.376289, 408.912371, 435.056701, 408.912371, 
            433.737113, 408.912371, 431.097938, 407.592784, 
            429.778351, 404.953608, 427.139175, 402.314433, 
            421.860825, 400.994845, 421.860825, 399.675258, 
            421.860825, 398.355670, 419.221649, 397.036082, 
            415.262887, 397.036082, 412.623711, 398.355670, 
            404.706186, 399.675258, 399.427835, 400.994845, 
            395.469072, 402.314433, 394.149485, 402.314433, 
            391.510309, 402.314433, 390.190722, 402.314433, 
            388.871134, 399.675258, 384.912371, 397.036082, 
            382.273196, 394.396907, 382.273196, 391.757732, 
            380.953608, 389.118557, 380.953608, 386.479381, 
            380.953608, 377.242268, 384.912371, 369.324742, 
            390.190722, 358.768041, 395.469072, 342.932990, 
            400.747423, 338.974227, 402.067010, 335.015464, 
            402.067010, 319.180412, 403.386598, 316.541237, 
            404.706186, 312.582474, 404.706186, 307.304124, 
            406.025773, 299.386598, 406.025773, 298.067010, 
            406.025773, 295.427835, 406.025773, 292.788660, 
            406.025773, 287.510309, 406.025773, 282.231959, 
            403.386598, 280.912371, 400.747423, 280.912371, 
            399.427835, 284.871134, 392.829897, 294.108247, 
            387.551546, 300.706186, 382.273196, 307.304124, 
            374.355670, 308.623711, 374.355670, 312.582474, 
            373.036082, 315.221649, 371.716495, 317.860825, 
            370.396907, 321.819588, 366.438144, 323.139175, 
            365.118557, 323.139175, 363.798969, 323.139175, 
            362.479381, 324.458763, 353.242268, 324.458763, 
            345.324742, 324.458763, 344.005155, 324.458763, 
            342.685567, 324.458763, 341.365979, 324.458763, 
            337.407216, 325.778351, 337.407216, 329.737113, 
            334.768041, 333.695876, 333.448454, 341.613402, 
            328.170103, 345.572165, 328.170103, 350.850515, 
            325.530928, 356.128866, 324.211340, 360.087629, 
            322.891753, 360.087629, 321.572165, 360.087629, 
            317.613402, 357.448454, 311.015464, 354.809278, 
            308.376289, 352.170103, 303.097938, 352.170103, 
            301.778351, 350.850515, 299.139175, 350.850515, 
            297.819588, 349.530928, 297.819588, 346.891753, 
