%YAML:1.0
    mask: !!opencv-matrix
        rows: 465
        cols: 2
        dt: f
        data: [ 346.891753, 714.809278, 352.170103, 
            712.170103, 353.489691, 710.850515, 356.128866, 
            709.530928, 357.448454, 708.211340, 361.407216, 
            708.211340, 362.726804, 708.211340, 364.046392, 
            706.891753, 368.005155, 706.891753, 373.283505, 
            705.572165, 377.242268, 704.252577, 379.881443, 
            702.932990, 381.201031, 702.932990, 383.840206, 
            702.932990, 389.118557, 702.932990, 391.757732, 
            701.613402, 395.716495, 701.613402, 400.994845, 
            701.613402, 408.912371, 700.293814, 411.551546, 
            700.293814, 412.871134, 700.293814, 414.190722, 
            700.293814, 418.149485, 700.293814, 420.788660, 
            700.293814, 423.427835, 700.293814, 424.747423, 
            700.293814, 426.067010, 701.613402, 427.386598, 
            704.252577, 428.706186, 706.891753, 428.706186, 
            710.850515, 428.706186, 714.809278, 428.706186, 
            716.128866, 428.706186, 717.448454, 428.706186, 
            718.768041, -1.000000, -1.000000, -1.000000, 
            -1.000000, 728.252577, 238.438144, 722.974227, 
            238.438144, 716.376289, 238.438144, 712.417526, 
            238.438144, 709.778351, 238.438144, 708.458763, 
            238.438144, 707.139175, 238.438144, 705.819588, 
            238.438144, 704.500000, 237.118557, 701.860825, 
            235.798969, 700.541237, 235.798969, 699.221649, 
            235.798969, 697.902062, 234.479381, 695.262887, 
            233.159794, 692.623711, 231.840206, 688.664948, 
            230.520619, 684.706186, 229.201031, 680.747423, 
            229.201031, 679.427835, 229.201031, 678.108247, 
            229.201031, 676.788660, 229.201031, 675.469072, 
            229.201031, 672.829897, 229.201031, 668.871134, 
            227.881443, 666.231959, 226.561856, 659.634021, 
            226.561856, 655.675258, 226.561856, 653.036082, 
            226.561856, 651.716495, 226.561856, 651.716495, 
            227.881443, 651.716495, 229.201031, 651.716495, 
            230.520619, 654.355670, 231.840206, 659.634021, 
            237.118557, 664.912371, 241.077320, 668.871134, 
            242.396907, 670.190722, 242.396907, 671.510309, 
            242.396907, 672.829897, 242.396907, 672.829897, 
            243.716495, 672.829897, 245.036082, 672.829897, 
            246.355670, 672.829897, 247.675258, 672.829897, 
            250.314433, 672.829897, 254.273196, 672.829897, 
            256.912371, 670.190722, 256.912371, 668.871134, 
            258.231959, 667.551546, 258.231959, 666.231959, 
            258.231959, 666.231959, 259.551546, 663.592784, 
            259.551546, 658.314433, 262.190722, 655.675258, 
            262.190722, 649.077320, 263.510309, 646.438144, 
            263.510309, 641.159794, 264.829897, 638.520619, 
            264.829897, 634.561856, 264.829897, 630.603093, 
            264.829897, 627.963918, 264.829897, 622.685567, 
            264.829897, 616.087629, 264.829897, 614.768041, 
            264.829897, 613.448454, 264.829897, 612.128866, 
            264.829897, 610.809278, 264.829897, 609.489691, 
            264.829897, 606.850515, 266.149485, 605.530928, 
            266.149485, 598.932990, 267.469072, 597.613402, 
            267.469072, 596.293814, 268.788660, 596.293814, 
            270.108247, 594.974227, 270.108247, 592.335052, 
            271.427835, 591.015464, 272.747423, 587.056701, 
            272.747423, 584.417526, 274.067010, 583.097938, 
            274.067010, 581.778351, 274.067010, 580.458763, 
            276.706186, 580.458763, 278.025773, 580.458763, 
            279.345361, 581.778351, 279.345361, 583.097938, 
            284.623711, 584.417526, 285.943299, 587.056701, 
            288.582474, 588.376289, 289.902062, 589.695876, 
            291.221649, 592.335052, 293.860825, 593.654639, 
            295.180412, 594.974227, 297.819588, 594.974227, 
            299.139175, 596.293814, 300.458763, 597.613402, 
            300.458763, 598.932990, 301.778351, 600.252577, 
            303.097938, 601.572165, 303.097938, 602.891753, 
            304.417526, 605.530928, 305.737113, 608.170103, 
            307.056701, 609.489691, 307.056701, 612.128866, 
            308.376289, 616.087629, 308.376289, 621.365979, 
            309.695876, 625.324742, 311.015464, 627.963918, 
            312.335052, 629.283505, 313.654639, 635.881443, 
            316.293814, 637.201031, 317.613402, 639.840206, 
            318.932990, 641.159794, 320.252577, 645.118557, 
            321.572165, 649.077320, 322.891753, 650.396907, 
            322.891753, 653.036082, 324.211340, 656.994845, 
            324.211340, 659.634021, 325.530928, 660.953608, 
            325.530928, 662.273196, 325.530928, 662.273196, 
            326.850515, 663.592784, 326.850515, 667.551546, 
            326.850515, 668.871134, 326.850515, 670.190722, 
            326.850515, 671.510309, 326.850515, 674.149485, 
            326.850515, 675.469072, 326.850515, 678.108247, 
            326.850515, 682.067010, 326.850515, 684.706186, 
            325.530928, 687.345361, 324.211340, 688.664948, 
            324.211340, 693.943299, 321.572165, 695.262887, 
            320.252577, 700.541237, 317.613402, 708.458763, 
            313.654639, 709.778351, 312.335052, 713.737113, 
            311.015464, 715.056701, 311.015464, 721.654639, 
            305.737113, 722.974227, 304.417526, 724.293814, 
            303.097938, 725.613402, 303.097938, 730.891753, 
            300.458763, 733.530928, 299.139175, 737.489691, 
            296.500000, 738.809278, 296.500000, 740.128866, 
            295.180412, 741.448454, 295.180412, 745.407216, 
            291.221649, 748.046392, 288.582474, 749.365979, 
            287.262887, 750.685567, 285.943299, 752.005155, 
            283.304124, 752.005155, 280.664948, 753.324742, 
            272.747423, 754.644330, 263.510309, 754.644330, 
            262.190722, 755.963918, 258.231959, 755.963918, 
            256.912371, 755.963918, 255.592784, 755.963918, 
            251.634021, -1.000000, -1.000000, 548.788660, 
            374.355670, 548.788660, 379.634021, 548.788660, 
            380.953608, 548.788660, 384.912371, 550.108247, 
            387.551546, 550.108247, 390.190722, 551.427835, 
            392.829897, 554.067010, 395.469072, 555.386598, 
            398.108247, 561.984536, 404.706186, 568.582474, 
            408.664948, 569.902062, 411.304124, 572.541237, 
            416.582474, 573.860825, 419.221649, 575.180412, 
            423.180412, 576.500000, 425.819588, 576.500000, 
            427.139175, 576.500000, 428.458763, 576.500000, 
            429.778351, 576.500000, 431.097938, 576.500000, 
            432.417526, 576.500000, 433.737113, 577.819588, 
            439.015464, 579.139175, 440.335052, 579.139175, 
            445.613402, 580.458763, 449.572165, 581.778351, 
            453.530928, 584.417526, 458.809278, 587.056701, 
            462.768041, 589.695876, 465.407216, 592.335052, 
            469.365979, 593.654639, 472.005155, 594.974227, 
            473.324742, 597.613402, 473.324742, 600.252577, 
            474.644330, 601.572165, 474.644330, 605.530928, 
            475.963918, 608.170103, 475.963918, 610.809278, 
            475.963918, 612.128866, 475.963918, 617.407216, 
            475.963918, 618.726804, 475.963918, 618.726804, 
            474.644330, 618.726804, 473.324742, 618.726804, 
            472.005155, 618.726804, 469.365979, 616.087629, 
            468.046392, 609.489691, 461.448454, 606.850515, 
            458.809278, 604.211340, 457.489691, 601.572165, 
            454.850515, 596.293814, 449.572165, 594.974227, 
            446.932990, 593.654639, 446.932990, 591.015464, 
            442.974227, 588.376289, 440.335052, 588.376289, 
            437.695876, 587.056701, 437.695876, 587.056701, 
