%YAML:1.0
    mask: !!opencv-matrix
        rows: 248
        cols: 2
        dt: f
        data: [ -1.000000, -1.000000, -1.000000, 
            -1.000000, 680.747423, 357.201031, 674.149485, 
            358.520619, 671.510309, 359.840206, 668.871134, 
            361.159794, 663.592784, 363.798969, 660.953608, 
            363.798969, 656.994845, 369.077320, 655.675258, 
            369.077320, 655.675258, 370.396907, 654.355670, 
            371.716495, 653.036082, 373.036082, 651.716495, 
            374.355670, 650.396907, 376.994845, 647.757732, 
            380.953608, 645.118557, 384.912371, 643.798969, 
            390.190722, 642.479381, 392.829897, 641.159794, 
            395.469072, 639.840206, 398.108247, 639.840206, 
            402.067010, 639.840206, 404.706186, 639.840206, 
            407.345361, 639.840206, 409.984536, 639.840206, 
            411.304124, 639.840206, 412.623711, 639.840206, 
            413.943299, 641.159794, 413.943299, 642.479381, 
            413.943299, 647.757732, 413.943299, 654.355670, 
            413.943299, 658.314433, 413.943299, 660.953608, 
            413.943299, 666.231959, 413.943299, 674.149485, 
            413.943299, 675.469072, 413.943299, 678.108247, 
            413.943299, 679.427835, 413.943299, 682.067010, 
            413.943299, 684.706186, 413.943299, 686.025773, 
            413.943299, 688.664948, 413.943299, 691.304124, 
            415.262887, 692.623711, 416.582474, 695.262887, 
            416.582474, 697.902062, 417.902062, 697.902062, 
            419.221649, 697.902062, 420.541237, 697.902062, 
            423.180412, 697.902062, 428.458763, 692.623711, 
            432.417526, 686.025773, 435.056701, 680.747423, 
            437.695876, 672.829897, 439.015464, 671.510309, 
            440.335052, 668.871134, 440.335052, 666.231959, 
            440.335052, 662.273196, 441.654639, 655.675258, 
            441.654639, 650.396907, 442.974227, 643.798969, 
            444.293814, 633.242268, 445.613402, 629.283505, 
            445.613402, 627.963918, 446.932990, 624.005155, 
            449.572165, 621.365979, 449.572165, 614.768041, 
            450.891753, 610.809278, 452.211340, 608.170103, 
            452.211340, 606.850515, 452.211340, 604.211340, 
            454.850515, 600.252577, 458.809278, 600.252577, 
            460.128866, 600.252577, 461.448454, 600.252577, 
            462.768041, 600.252577, 464.087629, 600.252577, 
            465.407216, 600.252577, 466.726804, 601.572165, 
            468.046392, 602.891753, 468.046392, 604.211340, 
            469.365979, 605.530928, 470.685567, 609.489691, 
            470.685567, 610.809278, 470.685567, 613.448454, 
            472.005155, 616.087629, 472.005155, 617.407216, 
            472.005155, 622.685567, 472.005155, 626.644330, 
            472.005155, 630.603093, 472.005155, 633.242268, 
            472.005155, 638.520619, 472.005155, 651.716495, 
            470.685567, 654.355670, 470.685567, 658.314433, 
            470.685567, 662.273196, 470.685567, 674.149485, 
            470.685567, 675.469072, 470.685567, 676.788660, 
            470.685567, 679.427835, 470.685567, 684.706186, 
            470.685567, 687.345361, 470.685567, 688.664948, 
            470.685567, 693.943299, 468.046392, 695.262887, 
            468.046392, 696.582474, 465.407216, 697.902062, 
            462.768041, 699.221649, 458.809278, 703.180412, 
            453.530928, 704.500000, 452.211340, 707.139175, 
            449.572165, 708.458763, 449.572165, 709.778351, 
            448.252577, 712.417526, 446.932990, 712.417526, 
            445.613402, 713.737113, 445.613402, 715.056701, 
            444.293814, 716.376289, 444.293814, 716.376289, 
            442.974227, 717.695876, 441.654639, 719.015464, 
            441.654639, 720.335052, 440.335052, 724.293814, 
            439.015464, 725.613402, 437.695876, 726.932990, 
            437.695876, 726.932990, 436.376289, 726.932990, 
            435.056701, 726.932990, 433.737113, 726.932990, 
            431.097938, 726.932990, 428.458763, 726.932990, 
            415.262887, 725.613402, 407.345361, 725.613402, 
            404.706186, 722.974227, 402.067010, 722.974227, 
            400.747423, 722.974227, 396.788660, 721.654639, 
            395.469072, 720.335052, 392.829897, 719.015464, 
            388.871134, 715.056701, 382.273196, 715.056701, 
            380.953608, 713.737113, 380.953608, 713.737113, 
            379.634021, 713.737113, 378.314433, 711.097938, 
            376.994845, 711.097938, 375.675258, 708.458763, 
            371.716495, 703.180412, 366.438144, -1.000000, 
            -1.000000, 395.716495, 367.757732, 389.118557, 
            376.994845, 383.840206, 382.273196, 374.603093, 
            391.510309, 371.963918, 394.149485, 369.324742, 
            395.469072, 366.685567, 398.108247, 360.087629, 
            402.067010, 358.768041, 404.706186, 358.768041, 
            406.025773, 358.768041, 407.345361, 358.768041, 
            408.664948, 357.448454, 416.582474, 357.448454, 
            419.221649, 357.448454, 421.860825, 357.448454, 
            423.180412, 357.448454, 424.500000, 357.448454, 
            428.458763, 361.407216, 435.056701, 364.046392, 
            440.335052, 365.365979, 444.293814, 371.963918, 
            453.530928, 373.283505, 454.850515, 375.922680, 
            457.489691, 378.561856, 461.448454, 381.201031, 
            465.407216, 382.520619, 468.046392, 383.840206, 
            468.046392, 383.840206, 469.365979, 389.118557, 
            472.005155, 390.438144, 473.324742, 394.396907, 
            473.324742, 397.036082, 474.644330, 399.675258, 
            474.644330, 404.953608, 474.644330, 410.231959, 
            475.963918, 412.871134, 475.963918, 415.510309, 
            475.963918, 424.747423, 475.963918, 426.067010, 
            475.963918, 428.706186, 475.963918, 436.623711, 
            475.963918, 440.582474, 475.963918, 441.902062, 
            475.963918, 443.221649, 475.963918, 445.860825, 
            474.644330, 449.819588, 472.005155, 453.778351, 
            466.726804, 455.097938, 465.407216, 457.737113, 
            462.768041, 461.695876, 460.128866, 463.015464, 
            458.809278, 465.654639, 456.170103, 469.613402, 
            449.572165, 470.932990, 448.252577, 473.572165, 
            442.974227, 476.211340, 440.335052, 477.530928, 
            439.015464, 478.850515, 436.376289, 481.489691, 
            435.056701, 484.128866, 432.417526, 484.128866, 
            431.097938, 484.128866, 428.458763, 485.448454, 
            424.500000, 486.768041, 411.304124, 486.768041, 
            409.984536, 486.768041, 408.664948, 488.087629, 
            408.664948, 488.087629, 406.025773, 489.407216, 
            402.067010, 489.407216, 399.427835, 490.726804, 
            396.788660, 490.726804, 395.469072, 490.726804, 
            392.829897, 490.726804, 388.871134, 489.407216, 
            387.551546, 489.407216, 386.231959, 488.087629, 
            384.912371, 488.087629, 383.592784, 486.768041, 
            380.953608, 485.448454, 379.634021, 485.448454, 
            378.314433, 478.850515, 370.396907, 477.530928, 
            367.757732, 474.891753, 363.798969, 469.613402, 
            359.840206, 468.293814, 358.520619, 468.293814, 
            357.201031, 466.974227, 357.201031, 465.654639, 
            355.881443, 461.695876, 350.603093, 457.737113, 
            346.644330, 455.097938, 344.005155, 452.458763, 
            342.685567, 451.139175, 342.685567, 447.180412, 
            342.685567, 441.902062, 342.685567, 433.984536, 
            342.685567]
