%YAML:1.0
    mask: !!opencv-matrix
        rows: 481
        cols: 2
        dt: f
        data: [ 115.963918, 687.097938, 121.242268, 
            687.097938, 123.881443, 685.778351, 134.438144, 
            680.500000, 146.314433, 676.541237, 151.592784, 
            673.902062, 156.871134, 672.582474, 162.149485, 
            671.262887, 176.664948, 665.984536, 180.623711, 
            664.664948, 188.541237, 660.706186, 192.500000, 
            656.747423, 197.778351, 651.469072, 201.737113, 
            648.829897, 208.335052, 643.551546, 213.613402, 
            639.592784, 216.252577, 636.953608, 217.572165, 
            635.634021, 222.850515, 630.355670, 229.448454, 
            625.077320, 232.087629, 623.757732, 236.046392, 
            621.118557, 238.685567, 619.798969, 246.603093, 
            613.201031, 255.840206, 602.644330, 263.757732, 
            596.046392, 269.036082, 594.726804, 274.314433, 
            592.087629, 283.551546, 588.128866, 288.829897, 
            582.850515, 296.747423, 577.572165, 298.067010, 
            576.252577, 300.706186, 573.613402, 302.025773, 
            573.613402, 303.345361, 572.293814, 308.623711, 
            569.654639, 309.943299, 568.335052, 315.221649, 
            565.695876, 319.180412, 563.056701, 328.417526, 
            559.097938, 331.056701, 556.458763, 333.695876, 
            555.139175, 335.015464, 555.139175, 341.613402, 
            551.180412, 342.932990, 551.180412, 345.572165, 
            549.860825, 349.530928, 547.221649, 353.489691, 
            545.902062, 356.128866, 543.262887, 357.448454, 
            540.623711, 357.448454, 539.304124, 357.448454, 
            534.025773, 356.128866, 530.067010, 352.170103, 
            524.788660, 349.530928, 523.469072, 346.891753, 
            522.149485, 341.613402, 520.829897, 337.654639, 
            520.829897, 336.335052, 520.829897, 332.376289, 
            520.829897, 317.860825, 523.469072, 313.902062, 
            526.108247, 308.623711, 527.427835, 304.664948, 
            528.747423, 299.386598, 530.067010, 294.108247, 
            531.386598, 286.190722, 532.706186, 279.592784, 
            535.345361, 274.314433, 537.984536, 269.036082, 
            537.984536, 267.716495, 537.984536, 266.396907, 
            537.984536, 265.077320, 537.984536, 259.798969, 
            537.984536, 258.479381, 536.664948, 254.520619, 
            534.025773, 251.881443, 531.386598, 246.603093, 
            520.829897, 243.963918, 512.912371, 242.644330, 
            507.634021, 241.324742, 501.036082, 240.005155, 
            495.757732, 238.685567, 491.798969, 238.685567, 
            487.840206, 237.365979, 487.840206, 237.365979, 
            486.520619, 237.365979, 485.201031, 240.005155, 
            483.881443, 241.324742, 481.242268, 242.644330, 
            481.242268, 246.603093, 479.922680, 250.561856, 
            481.242268, 255.840206, 483.881443, 258.479381, 
            485.201031, 259.798969, 486.520619, 259.798969, 
            490.479381, 263.757732, 503.675258, 266.396907, 
            506.314433, 269.036082, 510.273196, 271.675258, 
            512.912371, 272.994845, 514.231959, 274.314433, 
            515.551546, 275.634021, 516.871134, 283.551546, 
            519.510309, 286.190722, 519.510309, 287.510309, 
            516.871134, 288.829897, 514.231959, 291.469072, 
            512.912371, 292.788660, 511.592784, 294.108247, 
            510.273196, 294.108247, 508.953608, 294.108247, 
            501.036082, 295.427835, 497.077320, 295.427835, 
            495.757732, 296.747423, 493.118557, 298.067010, 
            490.479381, 299.386598, 489.159794, 299.386598, 
            487.840206, 300.706186, 487.840206, 302.025773, 
            487.840206, 304.664948, 487.840206, 305.984536, 
            487.840206, 308.623711, 487.840206, 309.943299, 
            487.840206, 313.902062, 487.840206, 320.500000, 
            493.118557, 325.778351, 501.036082, 328.417526, 
            504.994845, 329.737113, 506.314433, 332.376289, 
            508.953608, 335.015464, 508.953608, 340.293814, 
            508.953608, 345.572165, 508.953608, 346.891753, 
            508.953608, 346.891753, 507.634021, 346.891753, 
            504.994845, 346.891753, 503.675258, 346.891753, 
            501.036082, 344.252577, 498.396907, 340.293814, 
            493.118557, 338.974227, 489.159794, 337.654639, 
            487.840206, 335.015464, 482.561856, 331.056701, 
            478.603093, 327.097938, 472.005155, 325.778351, 
            470.685567, 320.500000, 466.726804, 317.860825, 
            462.768041, 312.582474, 457.489691, 309.943299, 
            454.850515, 303.345361, 449.572165, 300.706186, 
            446.932990, 291.469072, 440.335052, 288.829897, 
            437.695876, 286.190722, 436.376289, 280.912371, 
            433.737113, 279.592784, 432.417526, 276.953608, 
            431.097938, 274.314433, 428.458763, 269.036082, 
            423.180412, 265.077320, 420.541237, 261.118557, 
            419.221649, 258.479381, 416.582474, 255.840206, 
            415.262887, 254.520619, 413.943299, 253.201031, 
            413.943299, 250.561856, 412.623711, 249.242268, 
            411.304124, 247.922680, 411.304124, 245.283505, 
            411.304124, 243.963918, 411.304124, 240.005155, 
            411.304124, 238.685567, 411.304124, 236.046392, 
            411.304124, 233.407216, 411.304124, 220.211340, 
            416.582474, 216.252577, 417.902062, 213.613402, 
            419.221649, 208.335052, 421.860825, 205.695876, 
            423.180412, 203.056701, 425.819588, 192.500000, 
            431.097938, 189.860825, 432.417526, 184.582474, 
            433.737113, 180.623711, 435.056701, 176.664948, 
            437.695876, 175.345361, 439.015464, 167.427835, 
            442.974227, 163.469072, 444.293814, 159.510309, 
            446.932990, 150.273196, 449.572165, 147.634021, 
            450.891753, 141.036082, 453.530928, 137.077320, 
            454.850515, 131.798969, 457.489691, 127.840206, 
            458.809278, 126.520619, 460.128866, 122.561856, 
            461.448454, 121.242268, 461.448454, 119.922680, 
            462.768041, 117.283505, 464.087629, 113.324742, 
            468.046392, 109.365979, 473.324742, 108.046392, 
            474.644330, 105.407216, 478.603093, 104.087629, 
            479.922680, 102.768041, 482.561856, 97.489691, 
            489.159794, 93.530928, 494.438144, 90.891753, 
            499.716495, 86.932990, 504.994845, 84.293814, 
            508.953608, 84.293814, 510.273196, 79.015464, 
            518.190722, 75.056701, 526.108247, 72.417526, 
            528.747423, 71.097938, 530.067010, 68.458763, 
            534.025773, 67.139175, 536.664948, 64.500000, 
            540.623711, 63.180412, 541.943299, 60.541237, 
            544.582474, 57.902062, 548.541237, 49.984536, 
            557.778351, 48.664948, 560.417526, 46.025773, 
            563.056701, 42.067010, 568.335052, 38.108247, 
            573.613402, 30.190722, 584.170103, 28.871134, 
            585.489691, 26.231959, 589.448454, 23.592784, 
            593.407216, 19.634021, 597.365979, 14.355670, 
            601.324742, 10.396907, 609.242268, -1.000000, 
            -1.000000, 449.819588, 718.768041, 455.097938, 
            717.448454, 456.417526, 716.128866, 468.293814, 
            708.211340, 469.613402, 706.891753, 470.932990, 
            705.572165, 473.572165, 704.252577, 476.211340, 
            702.932990, 481.489691, 700.293814, 482.809278, 
            698.974227, 484.128866, 697.654639, 485.448454, 
            697.654639, 493.365979, 697.654639, 494.685567, 
            697.654639, 496.005155, 697.654639, 497.324742, 
            697.654639, 503.922680, 696.335052, 509.201031, 
            695.015464, 515.798969, 693.695876, 518.438144, 
            692.376289, 526.355670, 691.056701, 536.912371, 
            688.417526, 551.427835, 685.778351, 555.386598, 
