%YAML:1.0
    mask: !!opencv-matrix
        rows: 1495
        cols: 2
        dt: f
        data: [ 303.108696, 521.891304, 304.500000, 
            521.891304, 305.891304, 520.500000, 307.282609, 
            520.500000, 308.673913, 520.500000, 310.065217, 
            519.108696, 311.456522, 517.717391, 312.847826, 
            517.717391, 314.239130, 516.326087, 315.630435, 
            516.326087, 315.630435, 514.934783, 317.021739, 
            514.934783, 318.413043, 514.934783, 321.195652, 
            514.934783, 322.586957, 514.934783, 322.586957, 
            513.543478, 323.978261, 513.543478, 325.369565, 
            513.543478, 326.760870, 513.543478, 328.152174, 
            513.543478, 329.543478, 513.543478, 330.934783, 
            513.543478, 332.326087, 513.543478, 333.717391, 
            513.543478, 335.108696, 514.934783, 336.500000, 
            514.934783, 336.500000, 517.717391, 337.891304, 
            519.108696, 339.282609, 519.108696, 340.673913, 
            519.108696, 343.456522, 519.108696, 344.847826, 
            517.717391, 346.239130, 514.934783, 346.239130, 
            513.543478, 347.630435, 512.152174, 347.630435, 
            510.760870, 349.021739, 507.978261, 349.021739, 
            506.586957, 350.413043, 505.195652, 351.804348, 
            503.804348, 351.804348, 502.413043, 351.804348, 
            501.021739, 353.195652, 501.021739, 353.195652, 
            499.630435, 354.586957, 496.847826, 355.978261, 
            495.456522, 357.369565, 494.065217, 358.760870, 
            492.673913, 358.760870, 491.282609, 360.152174, 
            489.891304, 361.543478, 489.891304, 362.934783, 
            488.500000, 364.326087, 487.108696, 364.326087, 
            485.717391, 367.108696, 485.717391, 367.108696, 
            484.326087, 368.500000, 484.326087, 368.500000, 
            482.934783, 369.891304, 481.543478, 371.282609, 
            480.152174, 372.673913, 480.152174, 374.065217, 
            478.760870, 374.065217, 477.369565, 376.847826, 
            477.369565, 376.847826, 475.978261, 378.239130, 
            475.978261, 379.630435, 475.978261, 381.021739, 
            474.586957, 382.413043, 474.586957, 383.804348, 
            473.195652, 383.804348, 471.804348, 385.195652, 
            470.413043, 386.586957, 470.413043, 387.978261, 
            469.021739, 389.369565, 467.630435, 389.369565, 
            466.239130, 392.152174, 464.847826, 392.152174, 
            462.065217, 393.543478, 462.065217, 394.934783, 
            460.673913, 394.934783, 459.282609, 396.326087, 
            457.891304, 397.717391, 456.500000, 397.717391, 
            455.108696, 399.108696, 453.717391, 400.500000, 
            453.717391, 401.891304, 453.717391, 403.282609, 
            453.717391, 404.673913, 453.717391, 406.065217, 
            453.717391, 407.456522, 453.717391, 408.847826, 
            453.717391, 410.239130, 453.717391, 411.630435, 
            453.717391, 413.021739, 455.108696, 413.021739, 
            456.500000, 413.021739, 457.891304, 414.413043, 
            460.673913, 415.804348, 462.065217, 415.804348, 
            463.456522, 415.804348, 466.239130, 415.804348, 
            469.021739, 417.195652, 469.021739, 417.195652, 
            470.413043, 418.586957, 471.804348, 419.978261, 
            471.804348, 421.369565, 471.804348, 422.760870, 
            471.804348, 424.152174, 471.804348, 425.543478, 
            471.804348, 426.934783, 471.804348, 428.326087, 
            471.804348, 431.108696, 471.804348, 432.500000, 
            471.804348, 435.282609, 471.804348, 436.673913, 
            471.804348, 438.065217, 471.804348, 439.456522, 
            471.804348, 440.847826, 471.804348, 440.847826, 
            474.586957, 440.847826, 475.978261, 440.847826, 
            478.760870, 440.847826, 481.543478, 440.847826, 
            482.934783, 440.847826, 485.717391, 440.847826, 
            487.108696, 440.847826, 489.891304, 439.456522, 
            491.282609, 439.456522, 494.065217, 436.673913, 
            495.456522, 436.673913, 496.847826, 436.673913, 
            498.239130, 435.282609, 499.630435, 435.282609, 
            501.021739, 435.282609, 502.413043, 435.282609, 
            503.804348, 433.891304, 503.804348, 432.500000, 
            506.586957, 432.500000, 507.978261, 431.108696, 
            510.760870, 431.108696, 512.152174, 431.108696, 
            513.543478, 429.717391, 514.934783, 429.717391, 
            516.326087, 428.326087, 519.108696, 426.934783, 
            521.891304, 426.934783, 523.282609, 426.934783, 
            524.673913, 426.934783, 526.065217, 426.934783, 
            527.456522, 424.152174, 528.847826, 424.152174, 
            531.630435, 424.152174, 533.021739, 424.152174, 
            534.413043, 422.760870, 537.195652, 422.760870, 
            539.978261, 422.760870, 541.369565, 422.760870, 
            542.760870, 421.369565, 545.543478, 419.978261, 
            546.934783, 419.978261, 548.326087, 419.978261, 
            551.108696, 419.978261, 552.500000, 418.586957, 
            555.282609, 418.586957, 556.673913, 418.586957, 
            558.065217, 418.586957, 559.456522, 418.586957, 
            560.847826, 418.586957, 562.239130, 418.586957, 
            563.630435, 417.195652, 565.021739, 417.195652, 
            566.413043, 417.195652, 567.804348, 415.804348, 
            569.195652, 414.413043, 573.369565, 414.413043, 
            574.760870, 414.413043, 576.152174, 414.413043, 
            577.543478, 413.021739, 578.934783, 411.630435, 
            580.326087, 411.630435, 581.717391, 411.630435, 
            583.108696, 411.630435, 584.500000, 411.630435, 
            585.891304, 410.239130, 590.065217, 408.847826, 
            595.630435, 407.456522, 595.630435, 407.456522, 
            598.413043, 407.456522, 599.804348, 407.456522, 
            601.195652, 406.065217, 602.586957, 406.065217, 
            605.369565, 406.065217, 606.760870, 406.065217, 
            608.152174, 406.065217, 609.543478, 406.065217, 
            610.934783, 403.282609, 612.326087, 403.282609, 
            613.717391, 403.282609, 615.108696, 403.282609, 
            616.500000, 403.282609, 617.891304, 401.891304, 
            622.065217, 401.891304, 624.847826, 401.891304, 
            627.630435, 399.108696, 633.195652, 397.717391, 
            635.978261, 396.326087, 640.152174, 396.326087, 
            642.934783, 396.326087, 644.326087, 394.934783, 
            645.717391, 394.934783, 647.108696, 394.934783, 
            648.500000, 394.934783, 649.891304, 394.934783, 
            651.282609, 394.934783, 652.673913, 394.934783, 
            654.065217, 394.934783, 656.847826, 394.934783, 
            658.239130, 394.934783, 661.021739, 394.934783, 
            662.413043, 396.326087, 663.804348, 396.326087, 
            665.195652, 396.326087, 666.586957, 397.717391, 
            666.586957, 399.108696, 666.586957, 400.500000, 
            666.586957, 401.891304, 666.586957, 403.282609, 
            666.586957, 404.673913, 666.586957, 407.456522, 
            666.586957, 408.847826, 666.586957, 410.239130, 
            666.586957, 411.630435, 663.804348, 411.630435, 
            662.413043, 413.021739, 661.021739, 413.021739, 
            658.239130, 414.413043, 658.239130, 414.413043, 
            656.847826, 414.413043, 655.456522, 415.804348, 
            654.065217, 417.195652, 651.282609, 418.586957, 
            648.500000, 419.978261, 648.500000, 419.978261, 
            647.108696, 419.978261, 645.717391, 421.369565, 
            644.326087, 422.760870, 642.934783, 424.152174, 
            641.543478, 425.543478, 641.543478, 425.543478, 
            640.152174, 426.934783, 638.760870, 428.326087, 
            638.760870, 428.326087, 637.369565, 431.108696, 
            637.369565, 432.500000, 635.978261, 433.891304, 
            635.978261, 436.673913, 634.586957, 439.456522, 
