%YAML:1.0
    mask: !!opencv-matrix
        rows: 602
        cols: 2
        dt: f
        data: [ 258.479381, 625.077320, 265.077320, 
            625.077320, 269.036082, 627.716495, 279.592784, 
            630.355670, 286.190722, 634.314433, 294.108247, 
            636.953608, 300.706186, 639.592784, 303.345361, 
            639.592784, 315.221649, 642.231959, 319.180412, 
            642.231959, 321.819588, 643.551546, 328.417526, 
            643.551546, 337.654639, 644.871134, 341.613402, 
            644.871134, 345.572165, 644.871134, 346.891753, 
            644.871134, 346.891753, 646.190722, 353.489691, 
            651.469072, 357.448454, 654.108247, 361.407216, 
            656.747423, 362.726804, 658.067010, 365.365979, 
            659.386598, 366.685567, 662.025773, 369.324742, 
            664.664948, 371.963918, 668.623711, 377.242268, 
            673.902062, 378.561856, 675.221649, 383.840206, 
            679.180412, 385.159794, 679.180412, 387.798969, 
            680.500000, 389.118557, 681.819588, 391.757732, 
            684.458763, 395.716495, 685.778351, 403.634021, 
            687.097938, 407.592784, 687.097938, 410.231959, 
            687.097938, 412.871134, 687.097938, 415.510309, 
            685.778351, 415.510309, 684.458763, 416.829897, 
            681.819588, 416.829897, 679.180412, 416.829897, 
            677.860825, 418.149485, 676.541237, 419.469072, 
            671.262887, 419.469072, 667.304124, 419.469072, 
            660.706186, 418.149485, 651.469072, 414.190722, 
            638.273196, 410.231959, 627.716495, 407.592784, 
            625.077320, 406.273196, 625.077320, 406.273196, 
            623.757732, 406.273196, 622.438144, 406.273196, 
            619.798969, 406.273196, 618.479381, 406.273196, 
            613.201031, 404.953608, 603.963918, 403.634021, 
            598.685567, 402.314433, 593.407216, 402.314433, 
            590.768041, 402.314433, 588.128866, 402.314433, 
            584.170103, 402.314433, 580.211340, 402.314433, 
            573.613402, 402.314433, 568.335052, 402.314433, 
            565.695876, 402.314433, 563.056701, 402.314433, 
            555.139175, 399.675258, 544.582474, 399.675258, 
            540.623711, 398.355670, 534.025773, 398.355670, 
            524.788660, 398.355670, 520.829897, 398.355670, 
            514.231959, 398.355670, 511.592784, 398.355670, 
            510.273196, 399.675258, 510.273196, 400.994845, 
            510.273196, 404.953608, 510.273196, 408.912371, 
            512.912371, 414.190722, 516.871134, 418.149485, 
            522.149485, 419.469072, 523.469072, 422.108247, 
            528.747423, 426.067010, 535.345361, 430.025773, 
            543.262887, 430.025773, 545.902062, 432.664948, 
            548.541237, 433.984536, 551.180412, 433.984536, 
            552.500000, 435.304124, 552.500000, 437.943299, 
            552.500000, 439.262887, 552.500000, 440.582474, 
            552.500000, 441.902062, 552.500000, 444.541237, 
            552.500000, 444.541237, 551.180412, 445.860825, 
            549.860825, 447.180412, 547.221649, 447.180412, 
            544.582474, 447.180412, 541.943299, 447.180412, 
            539.304124, 449.819588, 535.345361, 449.819588, 
            530.067010, 451.139175, 524.788660, 451.139175, 
            520.829897, 445.860825, 511.592784, 444.541237, 
            508.953608, 441.902062, 506.314433, 440.582474, 
            502.355670, 440.582474, 499.716495, 439.262887, 
            497.077320, 437.943299, 495.757732, 433.984536, 
            489.159794, 432.664948, 487.840206, 431.345361, 
            487.840206, 430.025773, 486.520619, 428.706186, 
            486.520619, 426.067010, 485.201031, 423.427835, 
            483.881443, 422.108247, 482.561856, 419.469072, 
            481.242268, 416.829897, 479.922680, 415.510309, 
            478.603093, 411.551546, 477.283505, 410.231959, 
            477.283505, 408.912371, 475.963918, 404.953608, 
            475.963918, 395.716495, 475.963918, 383.840206, 
            477.283505, 379.881443, 478.603093, 373.283505, 
            479.922680, 370.644330, 479.922680, 365.365979, 
            479.922680, 358.768041, 481.242268, 350.850515, 
            481.242268, 340.293814, 483.881443, 337.654639, 
            483.881443, 335.015464, 483.881443, 328.417526, 
            486.520619, 323.139175, 486.520619, 312.582474, 
            489.159794, 299.386598, 491.798969, 291.469072, 
            493.118557, 283.551546, 494.438144, 276.953608, 
            495.757732, 270.355670, 497.077320, 261.118557, 
            499.716495, 254.520619, 502.355670, 253.201031, 
            503.675258, 246.603093, 506.314433, 245.283505, 
            506.314433, 243.963918, 507.634021, 238.685567, 
            510.273196, 232.087629, 512.912371, 229.448454, 
            514.231959, 225.489691, 516.871134, 224.170103, 
            516.871134, 222.850515, 518.190722, 222.850515, 
            519.510309, 221.530928, 519.510309, 220.211340, 
            520.829897, 220.211340, 523.469072, 221.530928, 
            526.108247, 225.489691, 530.067010, 228.128866, 
            532.706186, 230.768041, 535.345361, 238.685567, 
            547.221649, 245.283505, 560.417526, 249.242268, 
            577.572165, 249.242268, 601.324742, 249.242268, 
            611.881443, -1.000000, -1.000000, 1095.097938, 
            716.128866, 1099.056701, 710.850515, 1101.695876, 
            709.530928, 1104.335052, 708.211340, 1106.974227, 
            704.252577, 1112.252577, 701.613402, 1114.891753, 
            698.974227, 1117.530928, 697.654639, 1118.850515, 
            696.335052, 1121.489691, 695.015464, 1121.489691, 
            693.695876, 1124.128866, 692.376289, 1125.448454, 
            691.056701, 1125.448454, 689.737113, 1125.448454, 
            688.417526, 1124.128866, 688.417526, 1117.530928, 
            685.778351, 1116.211340, 685.778351, 1114.891753, 
            684.458763, 1113.572165, 683.139175, 1113.572165, 
            681.819588, 1112.252577, 680.500000, 1109.613402, 
            675.221649, 1108.293814, 669.943299, 1106.974227, 
            667.304124, 1106.974227, 665.984536, 1106.974227, 
            664.664948, 1106.974227, 660.706186, 1106.974227, 
            659.386598, 1106.974227, 656.747423, 1108.293814, 
            654.108247, 1110.932990, 650.149485, 1113.572165, 
            643.551546, 1117.530928, 638.273196, 1118.850515, 
            636.953608, 1121.489691, 634.314433, 1122.809278, 
            634.314433, 1122.809278, 632.994845, 1122.809278, 
            631.675258, 1121.489691, 631.675258, 1117.530928, 
            631.675258, 1112.252577, 630.355670, 1109.613402, 
            630.355670, 1101.695876, 627.716495, 1099.056701, 
            626.396907, 1097.737113, 626.396907, 1095.097938, 
            626.396907, 1084.541237, 627.716495, 1077.943299, 
            629.036082, 1070.025773, 629.036082, 1063.427835, 
            629.036082, 1060.788660, 629.036082, 1059.469072, 
            627.716495, 1058.149485, 627.716495, 1055.510309, 
            626.396907, 1054.190722, 622.438144, 1052.871134, 
            621.118557, 1048.912371, 613.201031, 1048.912371, 
            611.881443, 1048.912371, 609.242268, 1048.912371, 
            606.603093, 1050.231959, 605.283505, 1052.871134, 
            602.644330, 1058.149485, 600.005155, 1063.427835, 
            598.685567, 1071.345361, 596.046392, 1075.304124, 
            594.726804, 1083.221649, 593.407216, 1087.180412, 
            592.087629, 1095.097938, 589.448454, 1096.417526, 
            589.448454, 1099.056701, 588.128866, 1101.695876, 
            588.128866, 1104.335052, 588.128866, 1108.293814, 
            586.809278, 1109.613402, 585.489691, 1110.932990, 
            585.489691, 1117.530928, 585.489691, 1121.489691, 
            585.489691, 1124.128866, 585.489691, 1126.768041, 
            585.489691, 1128.087629, 585.489691, 1129.407216, 
