%YAML:1.0
    mask: !!opencv-matrix
        rows: 534
        cols: 2
        dt: f
        data: [ 32.829897, 713.489691, 38.108247, 
            705.572165, 42.067010, 701.613402, 49.984536, 
            692.376289, 56.582474, 683.139175, 65.819588, 
            669.943299, 68.458763, 665.984536, 75.056701, 
            658.067010, 85.613402, 644.871134, 86.932990, 
            643.551546, 88.252577, 642.231959, 88.252577, 
            640.912371, 92.211340, 635.634021, 98.809278, 
            629.036082, 101.448454, 625.077320, 108.046392, 
            617.159794, 112.005155, 611.881443, 113.324742, 
            607.922680, 114.644330, 606.603093, 117.283505, 
            605.283505, 118.603093, 601.324742, 125.201031, 
            594.726804, 126.520619, 593.407216, 141.036082, 
            581.530928, 148.953608, 577.572165, 151.592784, 
            574.932990, 152.912371, 574.932990, 155.551546, 
            574.932990, 166.108247, 570.974227, 176.664948, 
            568.335052, 191.180412, 567.015464, 199.097938, 
            565.695876, 205.695876, 565.695876, 210.974227, 
            563.056701, 217.572165, 561.737113, 229.448454, 
            560.417526, 233.407216, 560.417526, 236.046392, 
            560.417526, 237.365979, 560.417526, 243.963918, 
            559.097938, 250.561856, 557.778351, 251.881443, 
            557.778351, 257.159794, 557.778351, 259.798969, 
            557.778351, 262.438144, 557.778351, 263.757732, 
            557.778351, 265.077320, 559.097938, 266.396907, 
            559.097938, 267.716495, 560.417526, 267.716495, 
            561.737113, 267.716495, 563.056701, 267.716495, 
            564.376289, 267.716495, 568.335052, 261.118557, 
            576.252577, 257.159794, 580.211340, 253.201031, 
            581.530928, 249.242268, 584.170103, 246.603093, 
            586.809278, 241.324742, 588.128866, 237.365979, 
            590.768041, 234.726804, 592.087629, 233.407216, 
            593.407216, 229.448454, 596.046392, 224.170103, 
            600.005155, 221.530928, 601.324742, 214.932990, 
            603.963918, 207.015464, 606.603093, 205.695876, 
            607.922680, 200.417526, 609.242268, 196.458763, 
            611.881443, 193.819588, 615.840206, 189.860825, 
            619.798969, 184.582474, 627.716495, 179.304124, 
            632.994845, 176.664948, 634.314433, 175.345361, 
            638.273196, 175.345361, 639.592784, 171.386598, 
            646.190722, 170.067010, 647.510309, 170.067010, 
            648.829897, 170.067010, 650.149485, 170.067010, 
            651.469072, 171.386598, 651.469072, 172.706186, 
            651.469072, 174.025773, 651.469072, 175.345361, 
            651.469072, 176.664948, 651.469072, 177.984536, 
            651.469072, 179.304124, 650.149485, 180.623711, 
            650.149485, 181.943299, 647.510309, 183.262887, 
            646.190722, 185.902062, 644.871134, 185.902062, 
            643.551546, 192.500000, 640.912371, 196.458763, 
            638.273196, 199.097938, 638.273196, 201.737113, 
            638.273196, 201.737113, 639.592784, 201.737113, 
            642.231959, 201.737113, 643.551546, 197.778351, 
            651.469072, 192.500000, 658.067010, 191.180412, 
            659.386598, 188.541237, 662.025773, 180.623711, 
            668.623711, 179.304124, 671.262887, 176.664948, 
            675.221649, 174.025773, 676.541237, 172.706186, 
            679.180412, 172.706186, 680.500000, 171.386598, 
            684.458763, 167.427835, 693.695876, 167.427835, 
            695.015464, 164.788660, 697.654639, 164.788660, 
            698.974227, 164.788660, 701.613402, 168.747423, 
            704.252577, 170.067010, 706.891753, 171.386598, 
            708.211340, 171.386598, 709.530928, 181.943299, 
            714.809278, 187.221649, 718.768041, 225.489691, 
            713.489691, 229.448454, 708.211340, 230.768041, 
            704.252577, 232.087629, 702.932990, 234.726804, 
            696.335052, 237.365979, 691.056701, 240.005155, 
            688.417526, 242.644330, 679.180412, 249.242268, 
            671.262887, 249.242268, 669.943299, 257.159794, 
            660.706186, 261.118557, 656.747423, 263.757732, 
            654.108247, 266.396907, 652.788660, 271.675258, 
            647.510309, 275.634021, 646.190722, 282.231959, 
            643.551546, 284.871134, 642.231959, 287.510309, 
            642.231959, 291.469072, 642.231959, 295.427835, 
            642.231959, 296.747423, 642.231959, 298.067010, 
            642.231959, 302.025773, 642.231959, 305.984536, 
            642.231959, 307.304124, 642.231959, 308.623711, 
            644.871134, 309.943299, 648.829897, 311.262887, 
            655.427835, 311.262887, 660.706186, 311.262887, 
            667.304124, 309.943299, 673.902062, 307.304124, 
            677.860825, 300.706186, 691.056701, 299.386598, 
            692.376289, 298.067010, 695.015464, 291.469072, 
            705.572165, 287.510309, 709.530928, 286.190722, 
            712.170103, 286.190722, 713.489691, 286.190722, 
            714.809278, 284.871134, 717.448454, 283.551546, 
            718.768041, -1.000000, -1.000000, 535.592784, 
            718.768041, 542.190722, 718.768041, 546.149485, 
            718.768041, 548.788660, 718.768041, 554.067010, 
            716.128866, 555.386598, 714.809278, 559.345361, 
            714.809278, 564.623711, 714.809278, 568.582474, 
            714.809278, 569.902062, 714.809278, 571.221649, 
            714.809278, 573.860825, 710.850515, 575.180412, 
            709.530928, 577.819588, 706.891753, 579.139175, 
            705.572165, 580.458763, 704.252577, 583.097938, 
            702.932990, 583.097938, 701.613402, 585.737113, 
            700.293814, 588.376289, 697.654639, 589.695876, 
            696.335052, 592.335052, 695.015464, 593.654639, 
            695.015464, 594.974227, 695.015464, 594.974227, 
            693.695876, 594.974227, 692.376289, 593.654639, 
            691.056701, 591.015464, 691.056701, 589.695876, 
            691.056701, 587.056701, 691.056701, 585.737113, 
            691.056701, 583.097938, 689.737113, 581.778351, 
            689.737113, 580.458763, 688.417526, 580.458763, 
            687.097938, 575.180412, 683.139175, 571.221649, 
            679.180412, 567.262887, 677.860825, 567.262887, 
            676.541237, 565.943299, 675.221649, 563.304124, 
            672.582474, 561.984536, 669.943299, 561.984536, 
            668.623711, 561.984536, 667.304124, 563.304124, 
            665.984536, 565.943299, 664.664948, 569.902062, 
            662.025773, 572.541237, 660.706186, 577.819588, 
            659.386598, 580.458763, 658.067010, 588.376289, 
            655.427835, 594.974227, 651.469072, 602.891753, 
            650.149485, 608.170103, 650.149485, 612.128866, 
            648.829897, 618.726804, 647.510309, 624.005155, 
            647.510309, 631.922680, 647.510309, 633.242268, 
            647.510309, 635.881443, 647.510309, 646.438144, 
            647.510309, 649.077320, 648.829897, 651.716495, 
            648.829897, 653.036082, 650.149485, 654.355670, 
            650.149485, 655.675258, 651.469072, 659.634021, 
            652.788660, 672.829897, 663.345361, 675.469072, 
            665.984536, 676.788660, 667.304124, 680.747423, 
            671.262887, 684.706186, 673.902062, 689.984536, 
            677.860825, 696.582474, 683.139175, 700.541237, 
            687.097938, 711.097938, 695.015464, 715.056701, 
            698.974227, 719.015464, 702.932990, 720.335052, 
            704.252577, 721.654639, 705.572165, 722.974227, 
            706.891753, 722.974227, 709.530928, 724.293814, 
            710.850515, 725.613402, 710.850515, 728.252577, 
            712.170103, 729.572165, 714.809278, 730.891753, 
            716.128866, 732.211340, 716.128866, -1.000000, 
            -1.000000, 532.953608, 8.829897, 531.634021, 
            20.706186, 530.314433, 27.304124, 528.994845, 
