%YAML:1.0
    mask: !!opencv-matrix
        rows: 399
        cols: 2
        dt: f
        data: [ 11.716495, 548.541237, 16.994845, 
            548.541237, 27.551546, 548.541237, 34.149485, 
            547.221649, 60.541237, 540.623711, 67.139175, 
            536.664948, 79.015464, 531.386598, 84.293814, 
            530.067010, 97.489691, 524.788660, 102.768041, 
            522.149485, 129.159794, 512.912371, 144.994845, 
            506.314433, 158.190722, 499.716495, 166.108247, 
            495.757732, 177.984536, 491.798969, 183.262887, 
            490.479381, 209.654639, 481.242268, 222.850515, 
            477.283505, 229.448454, 475.963918, 240.005155, 
            473.324742, 253.201031, 472.005155, 267.716495, 
            468.046392, 275.634021, 466.726804, 288.829897, 
            464.087629, 307.304124, 458.809278, 312.582474, 
            456.170103, 319.180412, 454.850515, 323.139175, 
            452.211340, 323.139175, 450.891753, 325.778351, 
            450.891753, 327.097938, 448.252577, 327.097938, 
            446.932990, 323.139175, 446.932990, 319.180412, 
            445.613402, 304.664948, 442.974227, 294.108247, 
            442.974227, 282.231959, 442.974227, 276.953608, 
            441.654639, 267.716495, 441.654639, 261.118557, 
            440.335052, 257.159794, 437.695876, 247.922680, 
            433.737113, 233.407216, 428.458763, 225.489691, 
            424.500000, 222.850515, 423.180412, 221.530928, 
            423.180412, 220.211340, 420.541237, 220.211340, 
            419.221649, 218.891753, 412.623711, 218.891753, 
            407.345361, 218.891753, 404.706186, 221.530928, 
            395.469072, 226.809278, 390.190722, 238.685567, 
            375.675258, 247.922680, 366.438144, 250.561856, 
            363.798969, 253.201031, 361.159794, 259.798969, 
            357.201031, 263.757732, 354.561856, 266.396907, 
            353.242268, 270.355670, 350.603093, 274.314433, 
            347.963918, 278.273196, 346.644330, 292.788660, 
            342.685567, 299.386598, 342.685567, 303.345361, 
            342.685567, 308.623711, 342.685567, 319.180412, 
            342.685567, 338.974227, 344.005155, 341.613402, 
            344.005155, 352.170103, 346.644330, 357.448454, 
            346.644330, 361.407216, 347.963918, 368.005155, 
            347.963918, 374.603093, 349.283505, 383.840206, 
            350.603093, 394.396907, 351.922680, 406.273196, 
            351.922680, 411.551546, 351.922680, 415.510309, 
            351.922680, 418.149485, 350.603093, 420.788660, 
            346.644330, 422.108247, 342.685567, 423.427835, 
            340.046392, 423.427835, 336.087629, 423.427835, 
            329.489691, 423.427835, 328.170103, 424.747423, 
            328.170103, 432.664948, 328.170103, 445.860825, 
            328.170103, 453.778351, 329.489691, 474.891753, 
            336.087629, 478.850515, 338.726804, 494.685567, 
            347.963918, 506.561856, 355.881443, 509.201031, 
            357.201031, 513.159794, 358.520619, 521.077320, 
            361.159794, 530.314433, 361.159794, 546.149485, 
            358.520619, 551.427835, 357.201031, 554.067010, 
            354.561856, 559.345361, 350.603093, 560.664948, 
            349.283505, 563.304124, 344.005155, 563.304124, 
            337.407216, 563.304124, 333.448454, 563.304124, 
            329.489691, 563.304124, 328.170103, 563.304124, 
            326.850515, 563.304124, 324.211340, 568.582474, 
            318.932990, 572.541237, 312.335052, 576.500000, 
            305.737113, 576.500000, 303.097938, 573.860825, 
            301.778351, 564.623711, 301.778351, 548.788660, 
            301.778351, 521.077320, 301.778351, 515.798969, 
            301.778351, 496.005155, 300.458763, 485.448454, 
            299.139175, 460.376289, 295.180412, 453.778351, 
            293.860825, 449.819588, 292.541237, 443.221649, 
            291.221649, 428.706186, 288.582474, 408.912371, 
            287.262887, 402.314433, 287.262887, 395.716495, 
            287.262887, 386.479381, 287.262887, 371.963918, 
            287.262887, 362.726804, 287.262887, 350.850515, 
            287.262887, 336.335052, 287.262887, 324.458763, 
            285.943299, 316.541237, 284.623711, 300.706186, 
            283.304124, 294.108247, 281.984536, 291.469072, 
            281.984536, 284.871134, 281.984536, 266.396907, 
            281.984536, 241.324742, 281.984536, 233.407216, 
            283.304124, 225.489691, 285.943299, 220.211340, 
            287.262887, 210.974227, 291.221649, 203.056701, 
            295.180412, 197.778351, 297.819588, 185.902062, 
            301.778351, 180.623711, 304.417526, 171.386598, 
            307.056701, 155.551546, 313.654639, 146.314433, 
            314.974227, 142.355670, 316.293814, 133.118557, 
            318.932990, 127.840206, 320.252577, 118.603093, 
            324.211340, 114.644330, 324.211340, 106.726804, 
            328.170103, 96.170103, 330.809278, 77.695876, 
            336.087629, 64.500000, 338.726804, 49.984536, 
            340.046392, 38.108247, 342.685567, 28.871134, 
            345.324742, 18.314433, 347.963918, 14.355670, 
            349.283505, -1.000000, -1.000000, 696.582474, 
            702.932990, 686.025773, 696.335052, 676.788660, 
            688.417526, 670.190722, 683.139175, 668.871134, 
            680.500000, 667.551546, 679.180412, 664.912371, 
            679.180412, 659.634021, 676.541237, 655.675258, 
            676.541237, 651.716495, 675.221649, 649.077320, 
            675.221649, 643.798969, 675.221649, 639.840206, 
            675.221649, 635.881443, 675.221649, 633.242268, 
            675.221649, 629.283505, 675.221649, 622.685567, 
            675.221649, 621.365979, 675.221649, 620.046392, 
            675.221649, 618.726804, 675.221649, 617.407216, 
            673.902062, 616.087629, 672.582474, 614.768041, 
            668.623711, 612.128866, 665.984536, 612.128866, 
            660.706186, 612.128866, 652.788660, 613.448454, 
            650.149485, 620.046392, 636.953608, 624.005155, 
            629.036082, 627.963918, 622.438144, 631.922680, 
            615.840206, 637.201031, 606.603093, 638.520619, 
            603.963918, 641.159794, 601.324742, 646.438144, 
            596.046392, 647.757732, 594.726804, 654.355670, 
            590.768041, 662.273196, 585.489691, 668.871134, 
            581.530928, 674.149485, 578.891753, 676.788660, 
            576.252577, 679.427835, 574.932990, 682.067010, 
            572.293814, 691.304124, 563.056701, 703.180412, 
            555.139175, 712.417526, 549.860825, 717.695876, 
            547.221649, 722.974227, 544.582474, 729.572165, 
            541.943299, 737.489691, 540.623711, 738.809278, 
            539.304124, 741.448454, 537.984536, 745.407216, 
            536.664948, 748.046392, 535.345361, 752.005155, 
            534.025773, 757.283505, 534.025773, 766.520619, 
            534.025773, 770.479381, 534.025773, 778.396907, 
            537.984536, 786.314433, 541.943299, 795.551546, 
            545.902062, 806.108247, 549.860825, 814.025773, 
            549.860825, 823.262887, 551.180412, 844.376289, 
            551.180412, 849.654639, 551.180412, 858.891753, 
            549.860825, 869.448454, 549.860825, 870.768041, 
            549.860825, 877.365979, 549.860825, 890.561856, 
            549.860825, 894.520619, 551.180412, 899.798969, 
            552.500000, 910.355670, 559.097938, 916.953608, 
            563.056701, 926.190722, 569.654639, 935.427835, 
            577.572165, 947.304124, 586.809278, 953.902062, 
            589.448454, 964.458763, 596.046392, 972.376289, 
            600.005155, 977.654639, 602.644330, 1002.726804, 
            614.520619, 1008.005155, 617.159794, 1017.242268, 
            621.118557, 1026.479381, 626.396907, 1039.675258, 
            631.675258, 1067.386598, 640.912371, 1083.221649, 
            647.510309, 1089.819588, 650.149485, 1116.211340, 
