%YAML:1.0
    mask: !!opencv-matrix
        rows: 315
        cols: 2
        dt: f
        data: [ -1.000000, -1.000000, 683.386598, 
            713.489691, 678.108247, 709.530928, 676.788660, 
            704.252577, 675.469072, 701.613402, 674.149485, 
            700.293814, 672.829897, 700.293814, 670.190722, 
            697.654639, 667.551546, 697.654639, 664.912371, 
            696.335052, 662.273196, 695.015464, 660.953608, 
            693.695876, 659.634021, 692.376289, 658.314433, 
            691.056701, 656.994845, 689.737113, 655.675258, 
            689.737113, 655.675258, 687.097938, 654.355670, 
            684.458763, 656.994845, 681.819588, 659.634021, 
            681.819588, 664.912371, 681.819588, 674.149485, 
            681.819588, 676.788660, 681.819588, 683.386598, 
            681.819588, 688.664948, 683.139175, 697.902062, 
            683.139175, 704.500000, 684.458763, 711.097938, 
            685.778351, 715.056701, 685.778351, 719.015464, 
            687.097938, 721.654639, 687.097938, 722.974227, 
            687.097938, 725.613402, 688.417526, 729.572165, 
            688.417526, 730.891753, 689.737113, 732.211340, 
            691.056701, 733.530928, 692.376289, 734.850515, 
            695.015464, 736.170103, 698.974227, 737.489691, 
            702.932990, 738.809278, 706.891753, 738.809278, 
            708.211340, 740.128866, 709.530928, 740.128866, 
            712.170103, 742.768041, 717.448454, 744.087629, 
            718.768041, 741.448454, 718.768041, 682.067010, 
            718.768041, -1.000000, -1.000000, 668.871134, 
            369.077320, 663.592784, 370.396907, 653.036082, 
            371.716495, 649.077320, 373.036082, 642.479381, 
            374.355670, 641.159794, 374.355670, 639.840206, 
            374.355670, 635.881443, 374.355670, 633.242268, 
            374.355670, 629.283505, 374.355670, 624.005155, 
            374.355670, 620.046392, 374.355670, 617.407216, 
            374.355670, 616.087629, 374.355670, 613.448454, 
            374.355670, 609.489691, 374.355670, 606.850515, 
            374.355670, 604.211340, 374.355670, 601.572165, 
            374.355670, 596.293814, 376.994845, 593.654639, 
            378.314433, 588.376289, 380.953608, 587.056701, 
            383.592784, 585.737113, 386.231959, 585.737113, 
            387.551546, 584.417526, 390.190722, 584.417526, 
            391.510309, 583.097938, 395.469072, 583.097938, 
            396.788660, 584.417526, 399.427835, 584.417526, 
            402.067010, 588.376289, 407.345361, 592.335052, 
            413.943299, 594.974227, 417.902062, 600.252577, 
            424.500000, 605.530928, 427.139175, 606.850515, 
            428.458763, 613.448454, 433.737113, 627.963918, 
            440.335052, 637.201031, 445.613402, 642.479381, 
            446.932990, 647.757732, 449.572165, 654.355670, 
            450.891753, 658.314433, 452.211340, 663.592784, 
            454.850515, 670.190722, 456.170103, 675.469072, 
            458.809278, 680.747423, 460.128866, 684.706186, 
            461.448454, 688.664948, 462.768041, 693.943299, 
            464.087629, 699.221649, 464.087629, 701.860825, 
            464.087629, 705.819588, 462.768041, 712.417526, 
            461.448454, 719.015464, 458.809278, 726.932990, 
            457.489691, 730.891753, 456.170103, 736.170103, 
            453.530928, 740.128866, 452.211340, 745.407216, 
            449.572165, 746.726804, 448.252577, 753.324742, 
            446.932990, 755.963918, 445.613402, 759.922680, 
            444.293814, 765.201031, 441.654639, 766.520619, 
            441.654639, 767.840206, 441.654639, 767.840206, 
            440.335052, 769.159794, 440.335052, 769.159794, 
            439.015464, 770.479381, 437.695876, 770.479381, 
            436.376289, 770.479381, 435.056701, 770.479381, 
            432.417526, 770.479381, 429.778351, 767.840206, 
            424.500000, 767.840206, 423.180412, 767.840206, 
            420.541237, 766.520619, 416.582474, 766.520619, 
            413.943299, 766.520619, 411.304124, 765.201031, 
            407.345361, 763.881443, 402.067010, 763.881443, 
            396.788660, 762.561856, 392.829897, 762.561856, 
            391.510309, 762.561856, 390.190722, 762.561856, 
            386.231959, 761.242268, 383.592784, 759.922680, 
            379.634021, 758.603093, 378.314433, 755.963918, 
            369.077320, 754.644330, 367.757732, 753.324742, 
            367.757732, 752.005155, 367.757732, 749.365979, 
            365.118557, 744.087629, 361.159794, 740.128866, 
            359.840206, 737.489691, 358.520619, 734.850515, 
            358.520619, 733.530928, 358.520619, 730.891753, 
            358.520619, 728.252577, 357.201031, 722.974227, 
            357.201031, 719.015464, 355.881443, 715.056701, 
            355.881443, 711.097938, 354.561856, 708.458763, 
            354.561856, 707.139175, 354.561856, 701.860825, 
            353.242268, 697.902062, 351.922680, 696.582474, 
            351.922680, 695.262887, 351.922680, 692.623711, 
            351.922680, 689.984536, 353.242268, 688.664948, 
            354.561856, 687.345361, 354.561856, -1.000000, 
            -1.000000, 345.572165, 402.067010, 345.572165, 
            407.345361, 345.572165, 409.984536, 345.572165, 
            412.623711, 345.572165, 416.582474, 345.572165, 
            423.180412, 345.572165, 425.819588, 345.572165, 
            428.458763, 346.891753, 433.737113, 348.211340, 
            437.695876, 349.530928, 441.654639, 350.850515, 
            448.252577, 352.170103, 454.850515, 354.809278, 
            461.448454, 356.128866, 466.726804, 356.128866, 
            472.005155, 358.768041, 477.283505, 360.087629, 
            483.881443, 360.087629, 489.159794, 361.407216, 
            495.757732, 361.407216, 499.716495, 362.726804, 
            506.314433, 364.046392, 515.551546, 365.365979, 
            519.510309, 366.685567, 522.149485, 366.685567, 
            524.788660, 370.644330, 535.345361, 371.963918, 
            539.304124, 374.603093, 545.902062, 379.881443, 
            557.778351, 381.201031, 563.056701, 385.159794, 
            569.654639, 386.479381, 574.932990, 387.798969, 
            580.211340, 390.438144, 585.489691, 391.757732, 
            588.128866, 394.396907, 592.087629, 395.716495, 
            594.726804, 398.355670, 596.046392, 399.675258, 
            597.365979, 400.994845, 597.365979, 400.994845, 
            596.046392, 402.314433, 593.407216, 402.314433, 
            590.768041, 402.314433, 589.448454, 403.634021, 
            589.448454, 406.273196, 589.448454, 408.912371, 
            592.087629, 410.231959, 594.726804, 414.190722, 
            601.324742, 415.510309, 602.644330, 416.829897, 
            603.963918, 416.829897, 605.283505, 420.788660, 
            609.242268, 427.386598, 611.881443, 428.706186, 
            611.881443, 433.984536, 614.520619, 439.262887, 
            617.159794, 447.180412, 619.798969, 452.458763, 
            619.798969, 455.097938, 619.798969, 457.737113, 
            619.798969, 461.695876, 619.798969, 464.335052, 
            619.798969, 465.654639, 619.798969, 466.974227, 
            619.798969, 469.613402, 621.118557, 474.891753, 
            621.118557, 476.211340, 618.479381, 480.170103, 
            613.201031, 481.489691, 609.242268, 481.489691, 
            603.963918, 481.489691, 601.324742, 482.809278, 
            598.685567, 486.768041, 593.407216, 489.407216, 
            592.087629, 492.046392, 590.768041, 494.685567, 
            588.128866, 496.005155, 585.489691, 497.324742, 
            584.170103, 498.644330, 581.530928, 498.644330, 
            576.252577, 497.324742, 569.654639, 496.005155, 
            563.056701, 494.685567, 557.778351, 490.726804, 
            545.902062, 489.407216, 543.262887, 486.768041, 
            532.706186, 486.768041, 526.108247, 484.128866, 
            519.510309, 484.128866, 515.551546, 482.809278, 
