%YAML:1.0
    mask: !!opencv-matrix
        rows: 361
        cols: 2
        dt: f
        data: [ -1.000000, -1.000000, -1.000000, 
            -1.000000, 759.922680, 260.871134, 754.644330, 
            262.190722, 744.087629, 267.469072, 730.891753, 
            272.747423, 728.252577, 272.747423, 725.613402, 
            274.067010, 721.654639, 276.706186, 719.015464, 
            276.706186, 716.376289, 278.025773, 709.778351, 
            280.664948, 705.819588, 281.984536, 703.180412, 
            281.984536, 701.860825, 283.304124, 697.902062, 
            284.623711, 695.262887, 285.943299, 688.664948, 
            288.582474, 686.025773, 289.902062, 680.747423, 
            292.541237, 679.427835, 292.541237, 671.510309, 
            296.500000, 668.871134, 297.819588, 664.912371, 
            299.139175, 659.634021, 301.778351, 656.994845, 
            303.097938, 655.675258, 304.417526, 654.355670, 
            304.417526, 651.716495, 305.737113, 649.077320, 
            305.737113, 647.757732, 305.737113, 646.438144, 
            305.737113, 643.798969, 305.737113, 642.479381, 
            305.737113, 634.561856, 308.376289, 629.283505, 
            308.376289, 625.324742, 308.376289, 624.005155, 
            308.376289, 620.046392, 309.695876, 613.448454, 
            312.335052, 609.489691, 313.654639, 605.530928, 
            314.974227, 600.252577, 316.293814, 600.252577, 
            317.613402, 601.572165, 318.932990, 601.572165, 
            320.252577, 601.572165, 321.572165, 602.891753, 
            324.211340, 604.211340, 325.530928, 606.850515, 
            326.850515, 609.489691, 326.850515, 610.809278, 
            328.170103, 612.128866, 328.170103, 613.448454, 
            328.170103, 617.407216, 329.489691, 618.726804, 
            330.809278, 624.005155, 333.448454, 625.324742, 
            334.768041, 626.644330, 336.087629, 626.644330, 
            337.407216, 624.005155, 340.046392, 622.685567, 
            341.365979, 621.365979, 341.365979, 617.407216, 
            345.324742, 613.448454, 347.963918, 612.128866, 
            349.283505, 610.809278, 350.603093, 608.170103, 
            354.561856, 606.850515, 355.881443, 604.211340, 
            358.520619, 600.252577, 362.479381, 598.932990, 
            365.118557, 597.613402, 366.438144, 593.654639, 
            370.396907, 591.015464, 371.716495, 589.695876, 
            373.036082, 587.056701, 374.355670, 584.417526, 
            376.994845, 584.417526, 378.314433, 583.097938, 
            378.314433, 580.458763, 379.634021, 579.139175, 
            380.953608, 577.819588, 382.273196, 576.500000, 
            383.592784, 576.500000, 384.912371, 576.500000, 
            386.231959, 577.819588, 388.871134, 579.139175, 
            390.190722, 579.139175, 391.510309, 579.139175, 
            392.829897, 580.458763, 392.829897, 581.778351, 
            392.829897, 584.417526, 392.829897, 585.737113, 
            390.190722, 591.015464, 387.551546, 593.654639, 
            386.231959, 600.252577, 383.592784, 605.530928, 
            382.273196, 609.489691, 379.634021, 614.768041, 
            378.314433, 622.685567, 373.036082, 629.283505, 
            370.396907, 637.201031, 365.118557, 645.118557, 
            361.159794, 647.757732, 359.840206, 650.396907, 
            358.520619, 653.036082, 357.201031, 654.355670, 
            355.881443, 655.675258, 354.561856, 658.314433, 
            354.561856, 660.953608, 353.242268, 664.912371, 
            351.922680, 667.551546, 351.922680, 670.190722, 
            350.603093, 671.510309, 350.603093, 672.829897, 
            350.603093, 674.149485, 350.603093, 675.469072, 
            351.922680, 675.469072, 353.242268, 675.469072, 
            354.561856, 675.469072, 355.881443, 675.469072, 
            357.201031, 675.469072, 359.840206, 672.829897, 
            365.118557, 670.190722, 367.757732, 667.551546, 
            369.077320, 663.592784, 374.355670, 660.953608, 
            378.314433, 656.994845, 382.273196, 655.675258, 
            383.592784, 651.716495, 387.551546, 650.396907, 
            388.871134, 647.757732, 391.510309, 646.438144, 
            391.510309, 641.159794, 395.469072, 637.201031, 
            398.108247, 634.561856, 400.747423, 630.603093, 
            403.386598, 625.324742, 406.025773, 622.685567, 
            407.345361, 617.407216, 409.984536, 612.128866, 
            411.304124, 609.489691, 412.623711, 605.530928, 
            415.262887, 600.252577, 415.262887, 597.613402, 
            416.582474, 596.293814, 419.221649, 596.293814, 
            420.541237, 596.293814, 421.860825, 596.293814, 
            423.180412, 597.613402, 425.819588, 597.613402, 
            427.139175, 600.252577, 428.458763, 604.211340, 
            431.097938, 608.170103, 432.417526, 614.768041, 
            432.417526, 625.324742, 432.417526, 630.603093, 
            432.417526, 634.561856, 432.417526, 635.881443, 
            432.417526, 642.479381, 432.417526, 653.036082, 
            431.097938, 660.953608, 429.778351, 662.273196, 
            429.778351, 667.551546, 428.458763, 671.510309, 
            428.458763, 676.788660, 427.139175, 679.427835, 
            425.819588, 684.706186, 424.500000, 693.943299, 
            421.860825, 701.860825, 419.221649, 708.458763, 
            417.902062, 713.737113, 415.262887, 724.293814, 
            409.984536, 728.252577, 407.345361, 730.891753, 
            406.025773, 734.850515, 404.706186, 737.489691, 
            403.386598, 744.087629, 400.747423, 750.685567, 
            398.108247, 755.963918, 396.788660, 762.561856, 
            392.829897, 770.479381, 390.190722, 775.757732, 
            387.551546, 781.036082, 382.273196, 787.634021, 
            374.355670, 795.551546, 369.077320, 800.829897, 
            365.118557, 803.469072, 362.479381, 806.108247, 
            359.840206, 808.747423, 357.201031, 810.067010, 
            354.561856, 810.067010, 353.242268, 811.386598, 
            350.603093, 814.025773, 347.963918, 815.345361, 
            346.644330, 815.345361, 344.005155, 816.664948, 
            341.365979, 816.664948, 340.046392, 817.984536, 
            333.448454, 817.984536, 330.809278, 817.984536, 
            325.530928, 817.984536, 317.613402, 817.984536, 
            309.695876, 816.664948, 304.417526, 815.345361, 
            300.458763, 814.025773, 295.180412, 812.706186, 
            288.582474, 808.747423, 283.304124, 806.108247, 
            276.706186, 802.149485, 268.788660, 799.510309, 
            264.829897, 799.510309, 263.510309, -1.000000, 
            -1.000000, 362.726804, 281.984536, 365.365979, 
            289.902062, 369.324742, 299.139175, 371.963918, 
            303.097938, 374.603093, 307.056701, 377.242268, 
            309.695876, 381.201031, 314.974227, 386.479381, 
            322.891753, 389.118557, 326.850515, 391.757732, 
            330.809278, 395.716495, 334.768041, 398.355670, 
            341.365979, 399.675258, 342.685567, 399.675258, 
            344.005155, 400.994845, 345.324742, 400.994845, 
            346.644330, 403.634021, 350.603093, 403.634021, 
            351.922680, 406.273196, 353.242268, 407.592784, 
            355.881443, 408.912371, 355.881443, 411.551546, 
            358.520619, 418.149485, 362.479381, 423.427835, 
            365.118557, 430.025773, 367.757732, 436.623711, 
            367.757732, 439.262887, 369.077320, 441.902062, 
            370.396907, 444.541237, 371.716495, 451.139175, 
            373.036082, 455.097938, 374.355670, 465.654639, 
            376.994845, 473.572165, 379.634021, 484.128866, 
            380.953608, 490.726804, 382.273196, 493.365979, 
            383.592784, 497.324742, 384.912371, 502.603093, 
            386.231959, 509.201031, 387.551546, 510.520619, 
            388.871134, 513.159794, 388.871134, 514.479381, 
            390.190722, 515.798969, 390.190722, 523.716495, 
            390.190722, 525.036082, 390.190722, 526.355670, 
