%YAML:1.0
    mask: !!opencv-matrix
        rows: 582
        cols: 2
        dt: f
        data: [ 3.798969, 634.314433, 10.396907, 
            634.314433, 16.994845, 634.314433, 23.592784, 
            634.314433, 28.871134, 634.314433, 31.510309, 
            634.314433, 32.829897, 634.314433, 34.149485, 
            634.314433, 38.108247, 634.314433, 44.706186, 
            634.314433, 46.025773, 634.314433, 51.304124, 
            634.314433, 55.262887, 634.314433, 57.902062, 
            634.314433, 59.221649, 634.314433, 61.860825, 
            634.314433, 63.180412, 634.314433, 64.500000, 
            634.314433, 64.500000, 632.994845, 67.139175, 
            632.994845, 69.778351, 630.355670, 72.417526, 
            630.355670, 72.417526, 629.036082, 73.737113, 
            627.716495, 77.695876, 627.716495, 79.015464, 
            625.077320, 80.335052, 625.077320, 82.974227, 
            623.757732, 85.613402, 621.118557, 86.932990, 
            621.118557, 88.252577, 619.798969, 90.891753, 
            618.479381, 92.211340, 617.159794, 92.211340, 
            615.840206, 93.530928, 614.520619, 93.530928, 
            613.201031, 93.530928, 611.881443, 89.572165, 
            610.561856, 88.252577, 610.561856, 85.613402, 
            607.922680, 85.613402, 606.603093, 84.293814, 
            606.603093, 82.974227, 606.603093, 82.974227, 
            605.283505, 79.015464, 603.963918, 77.695876, 
            603.963918, 75.056701, 602.644330, 71.097938, 
            601.324742, 69.778351, 600.005155, 61.860825, 
            597.365979, 59.221649, 597.365979, 56.582474, 
            594.726804, 53.943299, 593.407216, 46.025773, 
            589.448454, 43.386598, 586.809278, 40.747423, 
            584.170103, 36.788660, 581.530928, 30.190722, 
            577.572165, 27.551546, 574.932990, 23.592784, 
            570.974227, 20.953608, 570.974227, 18.314433, 
            569.654639, 15.675258, 567.015464, 14.355670, 
            567.015464, 11.716495, 565.695876, 9.077320, 
            565.695876, 7.757732, 565.695876, 6.438144, 
            565.695876, 5.118557, 565.695876, -1.000000, 
            -1.000000, 967.097938, 656.747423, 955.221649, 
            656.747423, 931.469072, 656.747423, 911.675258, 
            654.108247, 897.159794, 650.149485, 891.881443, 
            650.149485, 880.005155, 646.190722, 865.489691, 
            640.912371, 862.850515, 639.592784, 858.891753, 
            638.273196, 847.015464, 632.994845, 837.778351, 
            627.716495, 831.180412, 625.077320, 828.541237, 
            622.438144, 823.262887, 621.118557, 820.623711, 
            621.118557, 811.386598, 619.798969, 804.788660, 
            619.798969, 798.190722, 615.840206, 796.871134, 
            615.840206, 781.036082, 605.283505, 765.201031, 
            594.726804, 749.365979, 581.530928, 746.726804, 
            577.572165, 744.087629, 574.932990, 741.448454, 
            573.613402, 733.530928, 568.335052, 729.572165, 
            565.695876, 726.932990, 564.376289, 720.335052, 
            563.056701, 712.417526, 561.737113, 709.778351, 
            561.737113, 707.139175, 561.737113, 705.819588, 
            560.417526, 705.819588, 559.097938, 704.500000, 
            556.458763, 701.860825, 552.500000, 701.860825, 
            549.860825, 700.541237, 545.902062, 699.221649, 
            541.943299, 699.221649, 539.304124, 699.221649, 
            537.984536, 699.221649, 536.664948, 699.221649, 
            535.345361, 699.221649, 530.067010, 699.221649, 
            527.427835, 700.541237, 526.108247, 700.541237, 
            524.788660, 703.180412, 523.469072, 704.500000, 
            522.149485, 708.458763, 522.149485, 712.417526, 
            520.829897, 716.376289, 520.829897, 722.974227, 
            520.829897, 729.572165, 520.829897, 730.891753, 
            520.829897, 737.489691, 523.469072, 740.128866, 
            524.788660, 744.087629, 524.788660, 745.407216, 
            524.788660, 746.726804, 524.788660, 748.046392, 
            524.788660, 748.046392, 523.469072, 750.685567, 
            522.149485, 752.005155, 522.149485, 753.324742, 
            522.149485, 755.963918, 522.149485, 758.603093, 
            522.149485, 759.922680, 522.149485, 762.561856, 
            522.149485, 762.561856, 520.829897, 763.881443, 
            519.510309, 763.881443, 516.871134, 767.840206, 
            511.592784, 770.479381, 508.953608, 771.798969, 
            508.953608, 773.118557, 506.314433, 775.757732, 
            504.994845, 775.757732, 503.675258, 777.077320, 
            503.675258, 777.077320, 493.118557, 777.077320, 
            490.479381, 777.077320, 487.840206, 777.077320, 
            483.881443, 767.840206, 470.685567, 758.603093, 
            460.128866, 752.005155, 452.211340, 746.726804, 
            446.932990, 741.448454, 442.974227, 734.850515, 
            440.335052, 728.252577, 440.335052, 724.293814, 
            440.335052, 722.974227, 440.335052, 719.015464, 
            440.335052, 716.376289, 440.335052, 704.500000, 
            442.974227, 692.623711, 444.293814, 682.067010, 
            445.613402, 676.788660, 446.932990, 667.551546, 
            448.252577, 663.592784, 448.252577, 656.994845, 
            449.572165, 654.355670, 450.891753, 651.716495, 
            452.211340, 635.881443, 456.170103, 631.922680, 
            456.170103, 629.283505, 457.489691, 626.644330, 
            457.489691, 621.365979, 453.530928, 616.087629, 
            445.613402, 613.448454, 439.015464, 613.448454, 
            435.056701, 613.448454, 429.778351, 613.448454, 
            417.902062, 614.768041, 413.943299, 622.685567, 
            407.345361, 641.159794, 395.469072, 649.077320, 
            379.634021, 650.396907, 378.314433, 654.355670, 
            373.036082, 666.231959, 362.479381, 671.510309, 
            357.201031, 676.788660, 355.881443, 680.747423, 
            353.242268, 689.984536, 345.324742, 696.582474, 
            342.685567, 699.221649, 341.365979, 701.860825, 
            341.365979, 708.458763, 341.365979, 734.850515, 
            341.365979, 744.087629, 341.365979, 763.881443, 
            341.365979, 770.479381, 341.365979, 791.592784, 
            345.324742, 800.829897, 346.644330, 803.469072, 
            346.644330, 808.747423, 346.644330, 847.015464, 
            346.644330, 873.407216, 346.644330, 891.881443, 
            346.644330, 894.520619, 346.644330, 898.479381, 
            346.644330, 903.757732, 345.324742, 912.994845, 
            344.005155, 924.871134, 344.005155, 942.025773, 
            346.644330, 948.623711, 347.963918, 949.943299, 
            349.283505, 952.582474, 349.283505, 952.582474, 
            350.603093, 961.819588, 358.520619, 975.015464, 
            373.036082, 982.932990, 379.634021, 1011.963918, 
            407.345361, 1019.881443, 417.902062, 1027.798969, 
            423.180412, 1038.355670, 433.737113, 1050.231959, 
            445.613402, 1059.469072, 458.809278, 1062.108247, 
            462.768041, 1066.067010, 466.726804, 1073.984536, 
            475.963918, 1075.304124, 477.283505, 1075.304124, 
            479.922680, 1088.500000, 493.118557, 1105.654639, 
            510.273196, 1117.530928, 520.829897, 1129.407216, 
            530.067010, 1132.046392, 532.706186, 1138.644330, 
            537.984536, 1147.881443, 545.902062, 1153.159794, 
            549.860825, 1155.798969, 551.180412, 1158.438144, 
            552.500000, 1165.036082, 557.778351, 1165.036082, 
            559.097938, 1167.675258, 560.417526, 1168.994845, 
            561.737113, 1171.634021, 565.695876, 1174.273196, 
            568.335052, 1175.592784, 569.654639, 1179.551546, 
            570.974227, 1180.871134, 572.293814, 1180.871134, 
            573.613402, 1174.273196, 576.252577, 1163.716495, 
            581.530928, 1151.840206, 588.128866, 1143.922680, 
            594.726804, 1130.726804, 605.283505, 1116.211340, 
