%YAML:1.0
    mask: !!opencv-matrix
        rows: 990
        cols: 2
        dt: f
        data: [ 71.493377, 716.526490, 71.493377, 
            714.407285, 73.612583, 710.168874, 75.731788, 
            708.049669, 79.970199, 701.692053, 84.208609, 
            699.572848, 86.327815, 697.453642, 90.566225, 
            688.976821, 92.685430, 686.857616, 96.923841, 
            682.619205, 96.923841, 678.380795, 99.043046, 
            678.380795, 103.281457, 669.903974, 105.400662, 
            667.784768, 109.639073, 663.546358, 111.758278, 
            661.427152, 113.877483, 661.427152, 113.877483, 
            659.307947, 115.996689, 659.307947, 118.115894, 
            655.069536, 120.235099, 655.069536, 122.354305, 
            652.950331, 124.473510, 650.831126, 128.711921, 
            648.711921, 130.831126, 646.592715, 130.831126, 
            644.473510, 132.950331, 644.473510, 135.069536, 
            642.354305, 137.188742, 642.354305, 137.188742, 
            640.235099, 139.307947, 640.235099, 139.307947, 
            638.115894, 141.427152, 635.996689, 143.546358, 
            635.996689, 143.546358, 633.877483, 145.665563, 
            631.758278, 145.665563, 629.639073, 147.784768, 
            627.519868, 149.903974, 625.400662, 152.023179, 
            623.281457, 154.142384, 621.162252, 154.142384, 
            619.043046, 156.261589, 619.043046, 156.261589, 
            616.923841, 158.380795, 614.804636, 160.500000, 
            612.685430, 162.619205, 610.566225, 162.619205, 
            608.447020, 164.738411, 608.447020, 166.857616, 
            606.327815, 168.976821, 602.089404, 171.096026, 
            599.970199, 173.215232, 597.850993, 175.334437, 
            595.731788, 177.453642, 593.612583, 179.572848, 
            591.493377, 181.692053, 591.493377, 181.692053, 
            589.374172, 183.811258, 587.254967, 185.930464, 
            585.135762, 188.049669, 583.016556, 190.168874, 
            583.016556, 190.168874, 580.897351, 192.288079, 
            578.778146, 194.407285, 576.658940, 196.526490, 
            574.539735, 198.645695, 574.539735, 198.645695, 
            572.420530, 200.764901, 570.301325, 200.764901, 
            568.182119, 202.884106, 566.062914, 202.884106, 
            563.943709, 202.884106, 561.824503, 205.003311, 
            561.824503, 207.122517, 559.705298, 207.122517, 
            557.586093, 209.241722, 555.466887, 209.241722, 
            553.347682, 211.360927, 553.347682, 211.360927, 
            551.228477, 213.480132, 549.109272, 215.599338, 
            546.990066, 215.599338, 544.870861, 217.718543, 
            544.870861, 217.718543, 542.751656, 219.837748, 
            542.751656, 219.837748, 540.632450, 221.956954, 
            538.513245, 224.076159, 538.513245, 224.076159, 
            536.394040, 226.195364, 536.394040, 226.195364, 
            534.274834, 230.433775, 532.155629, 230.433775, 
            530.036424, 232.552980, 530.036424, 234.672185, 
            527.917219, 236.791391, 527.917219, 241.029801, 
            525.798013, 241.029801, 523.678808, 243.149007, 
            523.678808, 245.268212, 523.678808, 245.268212, 
            521.559603, 247.387417, 521.559603, 249.506623, 
            521.559603, 249.506623, 519.440397, 251.625828, 
            517.321192, 255.864238, 517.321192, 260.102649, 
            515.201987, 264.341060, 513.082781, 268.579470, 
            513.082781, 272.817881, 513.082781, 274.937086, 
            510.963576, 279.175497, 510.963576, 281.294702, 
            508.844371, 283.413907, 508.844371, 285.533113, 
            506.725166, 289.771523, 506.725166, 291.890728, 
            502.486755, 294.009934, 502.486755, 296.129139, 
            500.367550, 300.367550, 500.367550, 302.486755, 
            498.248344, 304.605960, 496.129139, 306.725166, 
            496.129139, 308.844371, 496.129139, 310.963576, 
            494.009934, 315.201987, 494.009934, 317.321192, 
            494.009934, 319.440397, 491.890728, 321.559603, 
            491.890728, 323.678808, 491.890728, 325.798013, 
            489.771523, 327.917219, 489.771523, 332.155629, 
            489.771523, 334.274834, 489.771523, 336.394040, 
            489.771523, 338.513245, 489.771523, 340.632450, 
            489.771523, 342.751656, 487.652318, 344.870861, 
            487.652318, 349.109272, 487.652318, 351.228477, 
            487.652318, 353.347682, 487.652318, 355.466887, 
            487.652318, 359.705298, 487.652318, 361.824503, 
            489.771523, 366.062914, 491.890728, 368.182119, 
            491.890728, 372.420530, 494.009934, 374.539735, 
            496.129139, 376.658940, 496.129139, 378.778146, 
            498.248344, 387.254967, 504.605960, 393.612583, 
            508.844371, 393.612583, 510.963576, 397.850993, 
            513.082781, 397.850993, 515.201987, 399.970199, 
            517.321192, 402.089404, 521.559603, 404.208609, 
            523.678808, 404.208609, 525.798013, 404.208609, 
            527.917219, 406.327815, 530.036424, 406.327815, 
            534.274834, 408.447020, 536.394040, 410.566225, 
            540.632450, 410.566225, 542.751656, 412.685430, 
            544.870861, 412.685430, 546.990066, 412.685430, 
            549.109272, 412.685430, 555.466887, 412.685430, 
            557.586093, 412.685430, 559.705298, 412.685430, 
            561.824503, 414.804636, 561.824503, 414.804636, 
            563.943709, 414.804636, 566.062914, 414.804636, 
            568.182119, 416.923841, 570.301325, 416.923841, 
            572.420530, 419.043046, 574.539735, 419.043046, 
            576.658940, 421.162252, 578.778146, 423.281457, 
            580.897351, 423.281457, 583.016556, 425.400662, 
            583.016556, 425.400662, 585.135762, 425.400662, 
            587.254967, 427.519868, 587.254967, 429.639073, 
            589.374172, 429.639073, 591.493377, 431.758278, 
            591.493377, 431.758278, 593.612583, 433.877483, 
            595.731788, 435.996689, 597.850993, 438.115894, 
            597.850993, 438.115894, 599.970199, 440.235099, 
            599.970199, 440.235099, 602.089404, 442.354305, 
            604.208609, 444.473510, 604.208609, 446.592715, 
            606.327815, 448.711921, 608.447020, 450.831126, 
            608.447020, 452.950331, 610.566225, 452.950331, 
            612.685430, 452.950331, 614.804636, 452.950331, 
            616.923841, 452.950331, 619.043046, 452.950331, 
            621.162252, 452.950331, 623.281457, 450.831126, 
            623.281457, 450.831126, 625.400662, 448.711921, 
            627.519868, 446.592715, 629.639073, 444.473510, 
            629.639073, 440.235099, 631.758278, 438.115894, 
            633.877483, 435.996689, 633.877483, 431.758278, 
            633.877483, 427.519868, 633.877483, 421.162252, 
            633.877483, 419.043046, 635.996689, 412.685430, 
            635.996689, 410.566225, 638.115894, 406.327815, 
            638.115894, 402.089404, 638.115894, 399.970199, 
            638.115894, 397.850993, 638.115894, 395.731788, 
            640.235099, 393.612583, 642.354305, 391.493377, 
            642.354305, 389.374172, 642.354305, 385.135762, 
            642.354305, 380.897351, 644.473510, 376.658940, 
            646.592715, 372.420530, 646.592715, 370.301325, 
            646.592715, 368.182119, 646.592715, 363.943709, 
            648.711921, 363.943709, 650.831126, 361.824503, 
            650.831126, 359.705298, 652.950331, 357.586093, 
            652.950331, 355.466887, 657.188742, 353.347682, 
            657.188742, 349.109272, 661.427152, 346.990066, 
            661.427152, 346.990066, 663.546358, 344.870861, 
            663.546358, 342.751656, 665.665563, 340.632450, 
            667.784768, 338.513245, 669.903974, 336.394040, 
            674.142384, 334.274834, 674.142384, 332.155629, 
            676.261589, 332.155629, 678.380795, 332.155629, 
            680.500000, 330.036424, 680.500000, 330.036424, 
