%YAML:1.0
    mask: !!opencv-matrix
        rows: 1223
        cols: 2
        dt: f
        data: [ 164.738411, 716.526490, 166.857616, 
            714.407285, 168.976821, 712.288079, 171.096026, 
            712.288079, 171.096026, 710.168874, 173.215232, 
            710.168874, 175.334437, 710.168874, 175.334437, 
            708.049669, 177.453642, 708.049669, 179.572848, 
            705.930464, 183.811258, 703.811258, 185.930464, 
            703.811258, 188.049669, 701.692053, 190.168874, 
            701.692053, 194.407285, 699.572848, 196.526490, 
            697.453642, 198.645695, 697.453642, 200.764901, 
            697.453642, 202.884106, 697.453642, 205.003311, 
            697.453642, 207.122517, 695.334437, 209.241722, 
            695.334437, 213.480132, 693.215232, 215.599338, 
            693.215232, 217.718543, 693.215232, 219.837748, 
            691.096026, 221.956954, 691.096026, 226.195364, 
            688.976821, 230.433775, 686.857616, 232.552980, 
            686.857616, 234.672185, 684.738411, 236.791391, 
            684.738411, 238.910596, 684.738411, 241.029801, 
            684.738411, 243.149007, 682.619205, 247.387417, 
            680.500000, 251.625828, 680.500000, 253.745033, 
            678.380795, 255.864238, 678.380795, 257.983444, 
            678.380795, 257.983444, 676.261589, 260.102649, 
            674.142384, 262.221854, 674.142384, 264.341060, 
            674.142384, 266.460265, 672.023179, 270.698675, 
            669.903974, 270.698675, 667.784768, 272.817881, 
            667.784768, 274.937086, 667.784768, 277.056291, 
            665.665563, 279.175497, 665.665563, 281.294702, 
            663.546358, 283.413907, 663.546358, 285.533113, 
            661.427152, 287.652318, 661.427152, 289.771523, 
            661.427152, 291.890728, 661.427152, 294.009934, 
            661.427152, 296.129139, 659.307947, 298.248344, 
            659.307947, 300.367550, 659.307947, 302.486755, 
            657.188742, 304.605960, 657.188742, 306.725166, 
            657.188742, 308.844371, 657.188742, 310.963576, 
            655.069536, 313.082781, 655.069536, 315.201987, 
            652.950331, 317.321192, 652.950331, 321.559603, 
            652.950331, 323.678808, 652.950331, 323.678808, 
            650.831126, 327.917219, 650.831126, 330.036424, 
            650.831126, 332.155629, 650.831126, 334.274834, 
            648.711921, 336.394040, 648.711921, 338.513245, 
            646.592715, 340.632450, 646.592715, 342.751656, 
            646.592715, 344.870861, 646.592715, 344.870861, 
            644.473510, 346.990066, 644.473510, 349.109272, 
            644.473510, 351.228477, 644.473510, 355.466887, 
            644.473510, 357.586093, 644.473510, 359.705298, 
            644.473510, 361.824503, 644.473510, 363.943709, 
            644.473510, 366.062914, 644.473510, 368.182119, 
            644.473510, 370.301325, 644.473510, 372.420530, 
            644.473510, 374.539735, 644.473510, 376.658940, 
            644.473510, 378.778146, 644.473510, 380.897351, 
            644.473510, 383.016556, 644.473510, 385.135762, 
            644.473510, 389.374172, 644.473510, 389.374172, 
            646.592715, 391.493377, 646.592715, 393.612583, 
            646.592715, 395.731788, 646.592715, 397.850993, 
            646.592715, 402.089404, 648.711921, 402.089404, 
            650.831126, 404.208609, 650.831126, 406.327815, 
            650.831126, 406.327815, 652.950331, 410.566225, 
            652.950331, 412.685430, 655.069536, 414.804636, 
            655.069536, 416.923841, 657.188742, 419.043046, 
            657.188742, 421.162252, 659.307947, 423.281457, 
            659.307947, 425.400662, 659.307947, 427.519868, 
            659.307947, 427.519868, 661.427152, 429.639073, 
            661.427152, 431.758278, 663.546358, 433.877483, 
            665.665563, 435.996689, 665.665563, 438.115894, 
            665.665563, 438.115894, 667.784768, 440.235099, 
            667.784768, 440.235099, 669.903974, 442.354305, 
            669.903974, 444.473510, 672.023179, 446.592715, 
            674.142384, 448.711921, 674.142384, 450.831126, 
            676.261589, 452.950331, 678.380795, 455.069536, 
            678.380795, 457.188742, 680.500000, 459.307947, 
            682.619205, 461.427152, 684.738411, 463.546358, 
            684.738411, 465.665563, 686.857616, 465.665563, 
            688.976821, 467.784768, 688.976821, 472.023179, 
            691.096026, 474.142384, 693.215232, 476.261589, 
            693.215232, 478.380795, 695.334437, 480.500000, 
            697.453642, 484.738411, 699.572848, 486.857616, 
            701.692053, 488.976821, 703.811258, 491.096026, 
            705.930464, 493.215232, 705.930464, 495.334437, 
            708.049669, 497.453642, 708.049669, 497.453642, 
            710.168874, 499.572848, 712.288079, 501.692053, 
            714.407285, 503.811258, 716.526490, 505.930464, 
            716.526490, 505.930464, 718.645695, 164.738411, 
            718.645695, -1.000000, -1.000000, 864.076159, 
            619.043046, 864.076159, 616.923841, 861.956954, 
            616.923841, 861.956954, 614.804636, 859.837748, 
            614.804636, 859.837748, 612.685430, 857.718543, 
            612.685430, 857.718543, 610.566225, 855.599338, 
            608.447020, 853.480132, 608.447020, 851.360927, 
            604.208609, 849.241722, 602.089404, 847.122517, 
            599.970199, 845.003311, 595.731788, 842.884106, 
            591.493377, 840.764901, 591.493377, 840.764901, 
            589.374172, 838.645695, 589.374172, 838.645695, 
            587.254967, 834.407285, 587.254967, 834.407285, 
            585.135762, 832.288079, 583.016556, 830.168874, 
            583.016556, 828.049669, 580.897351, 825.930464, 
            580.897351, 823.811258, 578.778146, 819.572848, 
            576.658940, 817.453642, 574.539735, 815.334437, 
            574.539735, 813.215232, 572.420530, 811.096026, 
            570.301325, 806.857616, 570.301325, 804.738411, 
            568.182119, 802.619205, 566.062914, 800.500000, 
            566.062914, 798.380795, 566.062914, 798.380795, 
            563.943709, 796.261589, 563.943709, 794.142384, 
            563.943709, 792.023179, 563.943709, 789.903974, 
            561.824503, 787.784768, 561.824503, 785.665563, 
            559.705298, 781.427152, 559.705298, 779.307947, 
            557.586093, 777.188742, 557.586093, 772.950331, 
            555.466887, 768.711921, 555.466887, 768.711921, 
            553.347682, 766.592715, 553.347682, 766.592715, 
            549.109272, 762.354305, 546.990066, 762.354305, 
            544.870861, 760.235099, 542.751656, 758.115894, 
            540.632450, 755.996689, 536.394040, 753.877483, 
            534.274834, 751.758278, 532.155629, 751.758278, 
            530.036424, 747.519868, 530.036424, 747.519868, 
            527.917219, 745.400662, 527.917219, 745.400662, 
            525.798013, 743.281457, 525.798013, 741.162252, 
            523.678808, 739.043046, 521.559603, 736.923841, 
            519.440397, 734.804636, 519.440397, 734.804636, 
            517.321192, 732.685430, 515.201987, 730.566225, 
            515.201987, 730.566225, 513.082781, 728.447020, 
            513.082781, 726.327815, 510.963576, 724.208609, 
            508.844371, 724.208609, 506.725166, 722.089404, 
            504.605960, 719.970199, 502.486755, 717.850993, 
            502.486755, 717.850993, 500.367550, 715.731788, 
            498.248344, 713.612583, 496.129139, 711.493377, 
            496.129139, 711.493377, 494.009934, 709.374172, 
            491.890728, 707.254967, 491.890728, 707.254967, 
            489.771523, 705.135762, 489.771523, 703.016556, 
            489.771523, 703.016556, 487.652318, 700.897351, 
            487.652318, 700.897351, 485.533113, 698.778146, 
            483.413907, 696.658940, 483.413907, 694.539735, 
