%YAML:1.0
    mask: !!opencv-matrix
        rows: 1117
        cols: 2
        dt: f
        data: [ 283.409672, 698.149880, 284.432854, 
            697.126699, 286.479217, 696.103517, 287.502398, 
            695.080336, 289.548761, 695.080336, 292.618305, 
            693.033973, 297.734213, 690.987610, 299.780576, 
            688.941247, 302.850120, 687.918066, 304.896483, 
            686.894884, 308.989209, 684.848521, 311.035572, 
            682.802158, 314.105116, 682.802158, 316.151479, 
            680.755795, 319.221023, 679.732614, 321.267386, 
            678.709432, 325.360112, 677.686251, 328.429656, 
            675.639888, 332.522382, 673.593525, 336.615108, 
            670.523981, 338.661471, 669.500799, 341.731015, 
            667.454436, 344.800560, 665.408074, 346.846922, 
            664.384892, 348.893285, 662.338529, 351.962830, 
            661.315348, 354.009193, 660.292166, 357.078737, 
            658.245803, 361.171463, 656.199440, 363.217826, 
            655.176259, 365.264189, 653.129896, 368.333733, 
            652.106715, 370.380096, 649.037170, 372.426459, 
            646.990807, 374.472822, 644.944444, 376.519185, 
            640.851719, 378.565548, 637.782174, 380.611910, 
            635.735811, 382.658273, 632.666267, 383.681455, 
            630.619904, 385.727818, 627.550360, 388.797362, 
            622.434452, 390.843725, 620.388090, 393.913269, 
            616.295364, 395.959632, 613.225819, 398.005995, 
            610.156275, 400.052358, 608.109912, 400.052358, 
            605.040368, 402.098721, 602.994005, 403.121902, 
            599.924460, 404.145084, 597.878098, 406.191447, 
            594.808553, 409.260991, 591.739009, 410.284173, 
            589.692646, 412.330536, 586.623102, 413.353717, 
            584.576739, 415.400080, 581.507194, 416.423261, 
            578.437650, 417.446443, 576.391287, 418.469624, 
            575.368106, 419.492806, 572.298561, 420.515987, 
            569.229017, 421.539169, 566.159472, 422.562350, 
            565.136291, 423.585532, 562.066747, 424.608713, 
            560.020384, 425.631894, 556.950839, 427.678257, 
            553.881295, 429.724620, 549.788569, 429.724620, 
            547.742206, 430.747802, 547.742206, 430.747802, 
            545.695843, 430.747802, 543.649480, 430.747802, 
            540.579936, 432.794165, 537.510392, 432.794165, 
            533.417666, 433.817346, 531.371303, 434.840528, 
            528.301759, 434.840528, 526.255396, 435.863709, 
            524.209033, 435.863709, 521.139488, 437.910072, 
            518.069944, 438.933253, 515.000400, 438.933253, 
            511.930855, 439.956435, 510.907674, 439.956435, 
            509.884492, 440.979616, 506.814948, 443.025979, 
            503.745404, 444.049161, 500.675859, 445.072342, 
            498.629496, 447.118705, 495.559952, 449.165068, 
            491.467226, 450.188249, 488.397682, 452.234612, 
            486.351319, 453.257794, 485.328137, 455.304157, 
            483.281775, 457.350520, 482.258593, 459.396882, 
            481.235412, 461.443245, 480.212230, 462.466427, 
            480.212230, 465.535971, 479.189049, 468.605516, 
            479.189049, 473.721423, 478.165867, 474.744604, 
            478.165867, 477.814149, 478.165867, 479.860512, 
            477.142686, 481.906875, 477.142686, 484.976419, 
            477.142686, 485.999600, 477.142686, 491.115508, 
            478.165867, 495.208233, 478.165867, 499.300959, 
            478.165867, 502.370504, 478.165867, 507.486411, 
            477.142686, 510.555955, 477.142686, 511.579137, 
            476.119504, 514.648681, 475.096323, 515.671863, 
            475.096323, 517.718225, 474.073141, 518.741407, 
            473.049960, 518.741407, 472.026779, 518.741407, 
            471.003597, 518.741407, 468.957234, 518.741407, 
            467.934053, 515.671863, 464.864508, 514.648681, 
            462.818145, 512.602318, 462.818145, 508.509592, 
            462.818145, 506.463229, 462.818145, 504.416867, 
            462.818145, 503.393685, 462.818145, 503.393685, 
            461.794964, 502.370504, 461.794964, 501.347322, 
            460.771783, 499.300959, 458.725420, 497.254596, 
            457.702238, 495.208233, 455.655875, 491.115508, 
            454.632694, 488.045963, 453.609512, 487.022782, 
            452.586331, 483.953237, 450.539968, 481.906875, 
            450.539968, 481.906875, 449.516787, 479.860512, 
            448.493605, 477.814149, 447.470424, 475.767786, 
            445.424061, 474.744604, 444.400879, 472.698241, 
            441.331335, 469.628697, 439.284972, 467.582334, 
            437.238609, 464.512790, 435.192246, 462.466427, 
            434.169065, 462.466427, 433.145883, 459.396882, 
            432.122702, 458.373701, 431.099520, 456.327338, 
            430.076339, 454.280975, 430.076339, 452.234612, 
            428.029976, 450.188249, 427.006795, 449.165068, 
            427.006795, 447.118705, 425.983613, 445.072342, 
            423.937250, 440.979616, 421.890887, 437.910072, 
            420.867706, 434.840528, 419.844524, 431.770983, 
            418.821343, 430.747802, 418.821343, 428.701439, 
            417.798161, 426.655076, 416.774980, 424.608713, 
            415.751799, 420.515987, 415.751799, 415.400080, 
            414.728617, 412.330536, 414.728617, 407.214628, 
            413.705436, 402.098721, 412.682254, 396.982814, 
            411.659073, 395.959632, 411.659073, 394.936451, 
            411.659073, 393.913269, 411.659073, 391.866906, 
            411.659073, 389.820544, 412.682254, 388.797362, 
            412.682254, 387.774181, 413.705436, 386.750999, 
            414.728617, 383.681455, 416.774980, 381.635092, 
            417.798161, 380.611910, 419.844524, 377.542366, 
            420.867706, 375.496003, 422.914069, 373.449640, 
            423.937250, 371.403277, 425.983613, 369.356914, 
            427.006795, 366.287370, 428.029976, 364.241007, 
            428.029976, 362.194644, 430.076339, 359.125100, 
            430.076339, 358.101918, 431.099520, 356.055556, 
            431.099520, 355.032374, 431.099520, 354.009193, 
            432.122702, 351.962830, 433.145883, 350.939648, 
            434.169065, 347.870104, 437.238609, 344.800560, 
            439.284972, 341.731015, 443.377698, 338.661471, 
            448.493605, 336.615108, 449.516787, 336.615108, 
            451.563149, 333.545564, 453.609512, 332.522382, 
            454.632694, 331.499201, 456.679057, 329.452838, 
            459.748601, 327.406475, 461.794964, 325.360112, 
            463.841327, 323.313749, 466.910871, 321.267386, 
            468.957234, 319.221023, 472.026779, 317.174660, 
            474.073141, 315.128297, 475.096323, 314.105116, 
            477.142686, 313.081934, 478.165867, 312.058753, 
            479.189049, 310.012390, 481.235412, 308.989209, 
            481.235412, 306.942846, 484.304956, 304.896483, 
            485.328137, 302.850120, 486.351319, 299.780576, 
            488.397682, 298.757394, 490.444045, 296.711031, 
            491.467226, 293.641487, 494.536771, 290.571942, 
            496.583133, 287.502398, 498.629496, 286.479217, 
            499.652678, 285.456035, 501.699041, 284.432854, 
            502.722222, 281.363309, 506.814948, 279.316946, 
            508.861311, 277.270584, 510.907674, 276.247402, 
            512.954037, 273.177858, 516.023581, 271.131495, 
            518.069944, 271.131495, 519.093125, 269.085132, 
            522.162670, 267.038769, 525.232214, 264.992406, 
            528.301759, 262.946043, 531.371303, 261.922862, 
            533.417666, 258.853317, 535.464029, 256.806954, 
            538.533573, 254.760592, 540.579936, 252.714229, 
            543.649480, 250.667866, 546.719025, 248.621503, 
            549.788569, 246.575140, 551.834932, 244.528777, 
            554.904476, 243.505596, 555.927658, 241.459233, 
