%YAML:1.0
    mask: !!opencv-matrix
        rows: 265
        cols: 2
        dt: f
        data: [ -1.000000, -1.000000, 759.922680, 
            718.768041, 759.922680, 713.489691, 759.922680, 
            712.170103, 758.603093, 710.850515, 755.963918, 
            709.530928, 746.726804, 709.530928, 738.809278, 
            709.530928, 736.170103, 709.530928, 733.530928, 
            706.891753, 732.211340, 706.891753, 730.891753, 
            705.572165, 730.891753, 702.932990, 730.891753, 
            700.293814, 730.891753, 697.654639, 733.530928, 
            688.417526, 737.489691, 685.778351, 740.128866, 
            684.458763, 744.087629, 681.819588, 746.726804, 
            680.500000, 752.005155, 677.860825, 753.324742, 
            677.860825, 755.963918, 676.541237, 758.603093, 
            676.541237, 763.881443, 676.541237, 770.479381, 
            676.541237, 775.757732, 676.541237, 783.675258, 
            676.541237, 787.634021, 676.541237, 799.510309, 
            676.541237, 807.427835, 677.860825, 816.664948, 
            679.180412, 831.180412, 680.500000, 843.056701, 
            684.458763, 853.613402, 688.417526, 862.850515, 
            691.056701, 883.963918, 698.974227, 893.201031, 
            700.293814, 899.798969, 702.932990, 905.077320, 
            704.252577, 909.036082, 706.891753, 912.994845, 
            709.530928, 915.634021, 710.850515, 916.953608, 
            713.489691, 918.273196, 714.809278, 919.592784, 
            717.448454, -1.000000, -1.000000, 985.572165, 
            229.201031, 978.974227, 238.438144, 972.376289, 
            243.716495, 956.541237, 259.551546, 951.262887, 
            263.510309, 944.664948, 267.469072, 939.386598, 
            271.427835, 920.912371, 281.984536, 914.314433, 
            285.943299, 910.355670, 288.582474, 893.201031, 
            301.778351, 886.603093, 308.376289, 881.324742, 
            311.015464, 876.046392, 314.974227, 872.087629, 
            317.613402, 868.128866, 320.252577, 862.850515, 
            325.530928, 860.211340, 328.170103, 854.932990, 
            333.448454, 853.613402, 336.087629, 850.974227, 
            338.726804, 849.654639, 338.726804, 847.015464, 
            340.046392, 847.015464, 341.365979, 844.376289, 
            341.365979, 843.056701, 345.324742, 839.097938, 
            346.644330, 835.139175, 350.603093, 833.819588, 
            351.922680, 833.819588, 353.242268, 833.819588, 
            354.561856, 833.819588, 357.201031, 833.819588, 
            361.159794, 833.819588, 363.798969, 839.097938, 
            367.757732, 843.056701, 367.757732, 848.335052, 
            367.757732, 850.974227, 369.077320, 852.293814, 
            370.396907, 854.932990, 380.953608, 856.252577, 
            388.871134, 856.252577, 394.149485, 856.252577, 
            402.067010, 856.252577, 413.943299, 856.252577, 
            420.541237, 856.252577, 423.180412, 856.252577, 
            425.819588, 860.211340, 428.458763, 864.170103, 
            432.417526, 869.448454, 432.417526, 872.087629, 
            432.417526, 877.365979, 432.417526, 880.005155, 
            432.417526, 881.324742, 432.417526, 881.324742, 
            429.778351, 886.603093, 425.819588, 890.561856, 
            420.541237, 891.881443, 420.541237, 895.840206, 
            420.541237, 899.798969, 420.541237, 906.396907, 
            420.541237, 912.994845, 427.139175, 915.634021, 
            429.778351, 919.592784, 437.695876, 922.231959, 
            442.974227, 926.190722, 449.572165, 930.149485, 
            456.170103, 932.788660, 458.809278, 938.067010, 
            462.768041, 939.386598, 464.087629, 943.345361, 
            465.407216, 953.902062, 466.726804, 964.458763, 
            466.726804, 968.417526, 466.726804, 972.376289, 
            465.407216, 977.654639, 464.087629, 982.932990, 
            462.768041, 988.211340, 461.448454, 992.170103, 
            460.128866, 996.128866, 457.489691, 998.768041, 
            454.850515, 1002.726804, 450.891753, 1004.046392, 
            448.252577, 1006.685567, 444.293814, 1010.644330, 
            437.695876, 1011.963918, 435.056701, 1014.603093, 
            428.458763, 1017.242268, 424.500000, 1021.201031, 
            415.262887, 1026.479381, 406.025773, 1027.798969, 
            402.067010, 1034.396907, 388.871134, 1038.355670, 
            380.953608, 1040.994845, 376.994845, 1046.273196, 
            362.479381, 1052.871134, 347.963918, 1055.510309, 
            340.046392, 1058.149485, 332.128866, 1062.108247, 
            324.211340, 1063.427835, 317.613402, 1066.067010, 
            312.335052, 1067.386598, 305.737113, 1068.706186, 
            301.778351, 1072.664948, 291.221649, 1075.304124, 
            284.623711, 1077.943299, 276.706186, 1077.943299, 
            274.067010, 1077.943299, 272.747423, 1075.304124, 
            264.829897, 1070.025773, 256.912371, 1055.510309, 
            247.675258, 1047.592784, 241.077320, 1038.355670, 
            237.118557, 1033.077320, 233.159794, 1030.438144, 
            231.840206, -1.000000, -1.000000, 514.479381, 
            193.572165, 514.479381, 201.489691, 514.479381, 
            222.603093, 515.798969, 238.438144, 515.798969, 
            252.953608, 515.798969, 260.871134, 515.798969, 
            270.108247, 515.798969, 278.025773, 517.118557, 
            283.304124, 517.118557, 285.943299, 519.757732, 
            291.221649, 523.716495, 299.139175, 525.036082, 
            305.737113, 526.355670, 309.695876, 528.994845, 
            314.974227, 531.634021, 321.572165, 534.273196, 
            325.530928, 535.592784, 332.128866, 536.912371, 
            336.087629, 544.829897, 351.922680, 546.149485, 
            357.201031, 548.788660, 362.479381, 555.386598, 
            371.716495, 558.025773, 374.355670, 561.984536, 
            383.592784, 564.623711, 388.871134, 564.623711, 
            390.190722, 564.623711, 391.510309, 568.582474, 
            394.149485, 573.860825, 396.788660, 576.500000, 
            396.788660, 583.097938, 399.427835, 588.376289, 
            402.067010, 591.015464, 403.386598, 605.530928, 
            409.984536, 609.489691, 411.304124, 612.128866, 
            412.623711, 617.407216, 415.262887, 620.046392, 
            417.902062, 625.324742, 420.541237, 627.963918, 
            423.180412, 629.283505, 423.180412, 629.283505, 
            424.500000, 630.603093, 424.500000, 631.922680, 
            423.180412, 633.242268, 423.180412, 635.881443, 
            423.180412, 638.520619, 423.180412, 643.798969, 
            423.180412, 646.438144, 423.180412, 647.757732, 
            423.180412, 651.716495, 425.819588, 653.036082, 
            427.139175, 658.314433, 429.778351, 660.953608, 
            431.097938, 663.592784, 432.417526, 664.912371, 
            433.737113, 666.231959, 433.737113, 667.551546, 
            433.737113, 668.871134, 433.737113, 670.190722, 
            433.737113, 671.510309, 429.778351, 674.149485, 
            424.500000, 675.469072, 419.221649, 676.788660, 
            413.943299, 678.108247, 404.706186, 679.427835, 
            402.067010, 680.747423, 396.788660, 680.747423, 
            380.953608, 680.747423, 375.675258, 680.747423, 
            370.396907, 679.427835, 359.840206, 674.149485, 
            338.726804, 672.829897, 321.572165, 671.510309, 
            299.139175, 671.510309, 297.819588, 668.871134, 
            279.345361, 664.912371, 264.829897, 663.592784, 
            259.551546, 662.273196, 251.634021, 659.634021, 
            245.036082, 656.994845, 238.438144, 650.396907, 
            227.881443, 647.757732, 223.922680, 639.840206, 
            216.005155, 637.201031, 210.726804, 634.561856, 
            208.087629, 630.603093, 202.809278, 617.407216, 
            189.613402, 614.768041, 185.654639, 606.850515, 
            181.695876, 601.572165, 179.056701, 600.252577, 
            177.737113, 596.293814, 177.737113, 594.974227, 
