%YAML:1.0
    mask: !!opencv-matrix
        rows: 347
        cols: 2
        dt: f
        data: [ -1.000000, -1.000000, -1.000000, 
            -1.000000, 579.109113, 452.586331, 578.085931, 
            452.586331, 575.016387, 452.586331, 568.877298, 
            453.609512, 555.575939, 456.679057, 547.390488, 
            458.725420, 545.344125, 459.748601, 539.205036, 
            459.748601, 537.158673, 460.771783, 531.019584, 
            461.794964, 529.996403, 461.794964, 523.857314, 
            462.818145, 519.764588, 463.841327, 517.718225, 
            464.864508, 514.648681, 464.864508, 511.579137, 
            465.887690, 505.440048, 467.934053, 501.347322, 
            468.957234, 499.300959, 468.957234, 495.208233, 
            471.003597, 494.185052, 471.003597, 485.999600, 
            473.049960, 483.953237, 474.073141, 479.860512, 
            475.096323, 478.837330, 475.096323, 472.698241, 
            476.119504, 471.675060, 476.119504, 468.605516, 
            478.165867, 467.582334, 478.165867, 463.489608, 
            479.189049, 462.466427, 479.189049, 460.420064, 
            479.189049, 459.396882, 479.189049, 453.257794, 
            480.212230, 449.165068, 481.235412, 443.025979, 
            483.281775, 436.886890, 486.351319, 433.817346, 
            486.351319, 430.747802, 486.351319, 428.701439, 
            487.374500, 424.608713, 489.420863, 420.515987, 
            491.467226, 419.492806, 491.467226, 416.423261, 
            493.513589, 414.376898, 494.536771, 410.284173, 
            497.606315, 404.145084, 502.722222, 402.098721, 
            503.745404, 398.005995, 507.838129, 393.913269, 
            510.907674, 392.890088, 510.907674, 388.797362, 
            515.000400, 386.750999, 519.093125, 384.704636, 
            522.162670, 383.681455, 527.278577, 382.658273, 
            527.278577, 380.611910, 532.394484, 378.565548, 
            536.487210, 378.565548, 537.510392, 375.496003, 
            542.626299, 374.472822, 545.695843, 373.449640, 
            549.788569, 371.403277, 550.811751, 370.380096, 
            553.881295, 369.356914, 555.927658, 367.310552, 
            561.043565, 365.264189, 564.113110, 365.264189, 
            565.136291, 364.241007, 568.205835, 364.241007, 
            570.252198, 361.171463, 574.344924, 360.148281, 
            575.368106, 359.125100, 578.437650, 359.125100, 
            579.460831, 358.101918, 582.530376, 357.078737, 
            583.553557, 356.055556, 585.599920, 355.032374, 
            587.646283, 352.986011, 592.762190, 352.986011, 
            593.785372, 349.916467, 598.901279, 349.916467, 
            601.970823, 347.870104, 607.086731, 347.870104, 
            609.133094, 346.846922, 612.202638, 346.846922, 
            613.225819, 346.846922, 615.272182, 346.846922, 
            616.295364, 345.823741, 619.364908, 345.823741, 
            621.411271, 345.823741, 624.480815, 345.823741, 
            625.503997, 346.846922, 626.527178, 346.846922, 
            627.550360, 347.870104, 628.573541, 348.893285, 
            629.596723, 348.893285, 630.619904, 349.916467, 
            630.619904, 351.962830, 630.619904, 355.032374, 
            630.619904, 360.148281, 630.619904, 361.171463, 
            630.619904, 362.194644, 630.619904, 364.241007, 
            630.619904, 369.356914, 634.712630, 371.403277, 
            637.782174, 372.426459, 640.851719, 373.449640, 
            645.967626, 373.449640, 650.060352, 373.449640, 
            653.129896, 373.449640, 654.153078, 374.472822, 
            656.199440, 375.496003, 658.245803, 376.519185, 
            659.268985, 379.588729, 661.315348, 383.681455, 
            661.315348, 387.774181, 661.315348, 388.797362, 
            660.292166, 399.029177, 656.199440, 400.052358, 
            655.176259, 406.191447, 653.129896, 408.237810, 
            652.106715, 415.400080, 649.037170, 419.492806, 
            646.990807, 422.562350, 643.921263, 425.631894, 
            641.874900, 428.701439, 639.828537, 430.747802, 
            638.805356, 430.747802, 637.782174, 432.794165, 
            635.735811, 434.840528, 632.666267, 435.863709, 
            630.619904, 437.910072, 628.573541, 438.933253, 
            627.550360, 440.979616, 623.457634, 442.002798, 
            620.388090, 445.072342, 613.225819, 447.118705, 
            607.086731, 448.141886, 607.086731, 452.234612, 
            599.924460, 453.257794, 598.901279, 454.280975, 
            594.808553, 455.304157, 594.808553, 457.350520, 
            592.762190, 459.396882, 591.739009, 460.420064, 
            591.739009, 461.443245, 591.739009, 462.466427, 
            591.739009, 464.512790, 591.739009, 465.535971, 
            592.762190, 467.582334, 595.831735, 468.605516, 
            600.947642, 468.605516, 606.063549, 468.605516, 
            609.133094, 468.605516, 612.202638, 468.605516, 
            614.249001, 468.605516, 617.318545, 467.582334, 
            620.388090, 466.559153, 621.411271, 466.559153, 
            627.550360, 466.559153, 632.666267, 466.559153, 
            633.689448, 466.559153, 636.758993, 467.582334, 
            640.851719, 469.628697, 642.898082, 470.651878, 
            644.944444, 471.675060, 645.967626, 472.698241, 
            645.967626, 474.744604, 645.967626, 477.814149, 
            644.944444, 481.906875, 641.874900, 482.930056, 
            640.851719, 489.069145, 635.735811, 491.115508, 
            633.689448, 496.231415, 627.550360, 497.254596, 
            624.480815, 498.277778, 622.434452, 501.347322, 
            618.341727, 506.463229, 612.202638, 507.486411, 
            611.179456, 509.532774, 608.109912, 509.532774, 
            606.063549, 514.648681, 600.947642, 516.695044, 
            596.854916, 516.695044, 595.831735, 518.741407, 
            593.785372, 519.764588, 592.762190, 522.834133, 
            587.646283, 523.857314, 584.576739, 526.926859, 
            581.507194, 532.042766, 576.391287, 533.065947, 
            574.344924, 536.135492, 572.298561, 537.158673, 
            571.275380, 541.251399, 567.182654, 542.274580, 
            566.159472, 544.320943, 564.113110, 545.344125, 
            563.089928, 548.413669, 560.020384, 553.529576, 
            557.974021, 553.529576, 556.950839, 557.622302, 
            554.904476, 562.738209, 550.811751, 565.807754, 
            547.742206, 571.946843, 543.649480, 576.039568, 
            539.556755, 579.109113, 537.510392, 582.178657, 
            533.417666, 584.225020, 531.371303, 584.225020, 
            530.348122, 587.294564, 526.255396, 588.317746, 
            523.185851, 589.340927, 520.116307, 591.387290, 
            516.023581, 593.433653, 511.930855, 595.480016, 
            507.838129, 596.503197, 505.791767, 597.526379, 
            501.699041, 597.526379, 499.652678, 600.595923, 
            493.513589, 601.619105, 489.420863, 602.642286, 
            482.258593, 602.642286, 481.235412, 602.642286, 
            478.165867, 603.665468, 476.119504, 603.665468, 
            473.049960, 603.665468, 472.026779, -1.000000, 
            -1.000000, 6.127498, 473.049960, 8.173861, 
            473.049960, 14.312950, 473.049960, 20.452038, 
            473.049960, 31.707034, 471.003597, 38.869305, 
            471.003597, 41.938849, 469.980416, 51.147482, 
            469.980416, 54.217026, 468.957234, 59.332934, 
            467.934053, 62.402478, 467.934053, 67.518385, 
            466.910871, 68.541567, 466.910871, 71.611111, 
            465.887690, 72.634293, 465.887690, 76.727018, 
            464.864508, 77.750200, 464.864508, 81.842926, 
            463.841327, 86.958833, 462.818145, 94.121103, 
            461.794964, 100.260192, 460.771783, 109.468825, 
            459.748601, 115.607914, 458.725420, 120.723821, 
            458.725420, 124.816547, 458.725420, 129.932454, 
            458.725420, 131.978817, 458.725420, 142.210631, 
            460.771783, 144.256994, 461.794964, 150.396083, 
