%YAML:1.0
    mask: !!opencv-matrix
        rows: 1199
        cols: 2
        dt: f
        data: [ 326.383293, 661.315348, 327.406475, 
            661.315348, 330.476019, 659.268985, 333.545564, 
            657.222622, 338.661471, 655.176259, 343.777378, 
            652.106715, 346.846922, 650.060352, 347.870104, 
            650.060352, 348.893285, 649.037170, 352.986011, 
            646.990807, 356.055556, 646.990807, 357.078737, 
            644.944444, 360.148281, 644.944444, 364.241007, 
            643.921263, 368.333733, 641.874900, 372.426459, 
            641.874900, 375.496003, 639.828537, 380.611910, 
            638.805356, 384.704636, 636.758993, 386.750999, 
            635.735811, 390.843725, 632.666267, 392.890088, 
            631.643086, 393.913269, 630.619904, 396.982814, 
            628.573541, 398.005995, 627.550360, 399.029177, 
            626.527178, 402.098721, 625.503997, 402.098721, 
            624.480815, 403.121902, 623.457634, 405.168265, 
            622.434452, 406.191447, 621.411271, 410.284173, 
            619.364908, 412.330536, 618.341727, 414.376898, 
            616.295364, 416.423261, 614.249001, 418.469624, 
            613.225819, 420.515987, 612.202638, 420.515987, 
            611.179456, 422.562350, 609.133094, 423.585532, 
            607.086731, 425.631894, 606.063549, 426.655076, 
            606.063549, 426.655076, 605.040368, 429.724620, 
            602.994005, 430.747802, 601.970823, 433.817346, 
            599.924460, 437.910072, 596.854916, 442.002798, 
            593.785372, 444.049161, 592.762190, 445.072342, 
            590.715827, 447.118705, 589.692646, 448.141886, 
            589.692646, 450.188249, 587.646283, 451.211431, 
            586.623102, 453.257794, 585.599920, 454.280975, 
            584.576739, 455.304157, 584.576739, 459.396882, 
            581.507194, 461.443245, 579.460831, 463.489608, 
            579.460831, 463.489608, 578.437650, 468.605516, 
            576.391287, 469.628697, 575.368106, 472.698241, 
            574.344924, 473.721423, 573.321743, 475.767786, 
            573.321743, 475.767786, 572.298561, 481.906875, 
            571.275380, 484.976419, 569.229017, 488.045963, 
            568.205835, 493.161871, 566.159472, 498.277778, 
            565.136291, 499.300959, 565.136291, 503.393685, 
            563.089928, 507.486411, 563.089928, 511.579137, 
            562.066747, 512.602318, 561.043565, 514.648681, 
            560.020384, 517.718225, 558.997202, 519.764588, 
            557.974021, 520.787770, 556.950839, 522.834133, 
            554.904476, 525.903677, 552.858114, 525.903677, 
            550.811751, 526.926859, 548.765388, 526.926859, 
            547.742206, 528.973221, 545.695843, 528.973221, 
            544.672662, 528.973221, 543.649480, 528.973221, 
            539.556755, 528.973221, 537.510392, 528.973221, 
            536.487210, 528.973221, 535.464029, 528.973221, 
            533.417666, 528.973221, 532.394484, 527.950040, 
            530.348122, 525.903677, 527.278577, 525.903677, 
            525.232214, 524.880496, 525.232214, 522.834133, 
            524.209033, 521.810951, 523.185851, 519.764588, 
            523.185851, 517.718225, 522.162670, 514.648681, 
            521.139488, 513.625500, 521.139488, 512.602318, 
            521.139488, 509.532774, 521.139488, 508.509592, 
            521.139488, 507.486411, 521.139488, 506.463229, 
            522.162670, 504.416867, 523.185851, 503.393685, 
            524.209033, 501.347322, 525.232214, 498.277778, 
            525.232214, 496.231415, 526.255396, 494.185052, 
            526.255396, 492.138689, 527.278577, 490.092326, 
            528.301759, 489.069145, 528.301759, 487.022782, 
            529.324940, 483.953237, 531.371303, 480.883693, 
            531.371303, 476.790967, 532.394484, 469.628697, 
            533.417666, 464.512790, 535.464029, 461.443245, 
            535.464029, 459.396882, 536.487210, 457.350520, 
            536.487210, 455.304157, 538.533573, 451.211431, 
            539.556755, 448.141886, 539.556755, 445.072342, 
            541.603118, 442.002798, 541.603118, 438.933253, 
            543.649480, 434.840528, 543.649480, 431.770983, 
            543.649480, 424.608713, 544.672662, 421.539169, 
            544.672662, 419.492806, 544.672662, 418.469624, 
            544.672662, 417.446443, 544.672662, 417.446443, 
            542.626299, 417.446443, 540.579936, 416.423261, 
            537.510392, 416.423261, 535.464029, 416.423261, 
            532.394484, 416.423261, 529.324940, 415.400080, 
            529.324940, 415.400080, 527.278577, 415.400080, 
            523.185851, 415.400080, 520.116307, 416.423261, 
            519.093125, 416.423261, 516.023581, 416.423261, 
            512.954037, 417.446443, 510.907674, 418.469624, 
            508.861311, 419.492806, 503.745404, 421.539169, 
            500.675859, 422.562350, 500.675859, 422.562350, 
            498.629496, 422.562350, 496.583133, 423.585532, 
            495.559952, 424.608713, 494.536771, 425.631894, 
            492.490408, 426.655076, 487.374500, 427.678257, 
            487.374500, 428.701439, 485.328137, 429.724620, 
            485.328137, 429.724620, 484.304956, 430.747802, 
            484.304956, 430.747802, 482.258593, 433.817346, 
            481.235412, 437.910072, 478.165867, 438.933253, 
            478.165867, 440.979616, 476.119504, 442.002798, 
            475.096323, 444.049161, 474.073141, 445.072342, 
            473.049960, 446.095524, 473.049960, 448.141886, 
            472.026779, 449.165068, 471.003597, 449.165068, 
            469.980416, 451.211431, 468.957234, 453.257794, 
            467.934053, 454.280975, 466.910871, 455.304157, 
            465.887690, 459.396882, 463.841327, 462.466427, 
            461.794964, 464.512790, 461.794964, 465.535971, 
            460.771783, 468.605516, 459.748601, 469.628697, 
            459.748601, 471.675060, 459.748601, 472.698241, 
            459.748601, 476.790967, 460.771783, 478.837330, 
            460.771783, 481.906875, 462.818145, 483.953237, 
            463.841327, 484.976419, 464.864508, 485.999600, 
            465.887690, 487.022782, 465.887690, 488.045963, 
            466.910871, 491.115508, 468.957234, 494.185052, 
            469.980416, 495.208233, 471.003597, 497.254596, 
            472.026779, 499.300959, 472.026779, 501.347322, 
            472.026779, 502.370504, 472.026779, 504.416867, 
            472.026779, 507.486411, 472.026779, 509.532774, 
            472.026779, 512.602318, 471.003597, 513.625500, 
            471.003597, 515.671863, 471.003597, 517.718225, 
            471.003597, 518.741407, 471.003597, 521.810951, 
            471.003597, 522.834133, 471.003597, 523.857314, 
            471.003597, 525.903677, 471.003597, 527.950040, 
            469.980416, 528.973221, 469.980416, 529.996403, 
            468.957234, 529.996403, 467.934053, 531.019584, 
            466.910871, 531.019584, 465.887690, 531.019584, 
            464.864508, 531.019584, 462.818145, 529.996403, 
            461.794964, 529.996403, 460.771783, 528.973221, 
            459.748601, 527.950040, 457.702238, 523.857314, 
            452.586331, 521.810951, 451.563149, 520.787770, 
            449.516787, 520.787770, 448.493605, 519.764588, 
            448.493605, 517.718225, 446.447242, 513.625500, 
            445.424061, 512.602318, 445.424061, 509.532774, 
            443.377698, 507.486411, 443.377698, 506.463229, 
            442.354516, 505.440048, 441.331335, 501.347322, 
            438.261791, 498.277778, 435.192246, 496.231415, 
            435.192246, 494.185052, 434.169065, 493.161871, 
            432.122702, 491.115508, 432.122702, 491.115508, 
            431.099520, 490.092326, 431.099520, 488.045963, 
            429.053157, 484.976419, 427.006795, 484.976419, 
            425.983613, 481.906875, 423.937250, 479.860512, 
