%YAML:1.0
    mask: !!opencv-matrix
        rows: 967
        cols: 2
        dt: f
        data: [ 7.917219, 597.850993, 10.036424, 
            597.850993, 12.155629, 595.731788, 16.394040, 
            591.493377, 18.513245, 589.374172, 20.632450, 
            587.254967, 22.751656, 587.254967, 24.870861, 
            585.135762, 24.870861, 583.016556, 26.990066, 
            583.016556, 29.109272, 580.897351, 31.228477, 
            580.897351, 33.347682, 578.778146, 33.347682, 
            576.658940, 35.466887, 576.658940, 37.586093, 
            574.539735, 39.705298, 574.539735, 39.705298, 
            572.420530, 41.824503, 572.420530, 43.943709, 
            570.301325, 46.062914, 570.301325, 46.062914, 
            568.182119, 48.182119, 568.182119, 50.301325, 
            566.062914, 52.420530, 566.062914, 52.420530, 
            563.943709, 54.539735, 563.943709, 54.539735, 
            561.824503, 58.778146, 559.705298, 60.897351, 
            557.586093, 63.016556, 557.586093, 65.135762, 
            555.466887, 67.254967, 553.347682, 69.374172, 
            553.347682, 71.493377, 553.347682, 73.612583, 
            553.347682, 75.731788, 553.347682, 77.850993, 
            551.228477, 79.970199, 551.228477, 82.089404, 
            551.228477, 84.208609, 551.228477, 86.327815, 
            551.228477, 88.447020, 551.228477, 88.447020, 
            553.347682, 90.566225, 553.347682, 92.685430, 
            553.347682, 94.804636, 553.347682, 96.923841, 
            553.347682, 96.923841, 555.466887, 99.043046, 
            555.466887, 101.162252, 555.466887, 103.281457, 
            555.466887, 105.400662, 555.466887, 107.519868, 
            555.466887, 109.639073, 553.347682, 111.758278, 
            553.347682, 113.877483, 553.347682, 115.996689, 
            551.228477, 118.115894, 551.228477, 120.235099, 
            549.109272, 122.354305, 549.109272, 124.473510, 
            549.109272, 126.592715, 549.109272, 130.831126, 
            549.109272, 132.950331, 549.109272, 137.188742, 
            546.990066, 139.307947, 546.990066, 141.427152, 
            546.990066, 143.546358, 546.990066, 143.546358, 
            544.870861, 145.665563, 544.870861, 147.784768, 
            544.870861, 147.784768, 542.751656, 149.903974, 
            542.751656, 152.023179, 542.751656, 154.142384, 
            542.751656, 158.380795, 542.751656, 160.500000, 
            542.751656, 162.619205, 542.751656, 164.738411, 
            542.751656, 166.857616, 542.751656, 171.096026, 
            542.751656, 173.215232, 542.751656, 175.334437, 
            542.751656, 177.453642, 544.870861, 179.572848, 
            544.870861, 179.572848, 546.990066, 181.692053, 
            546.990066, 183.811258, 549.109272, 185.930464, 
            551.228477, 188.049669, 553.347682, 190.168874, 
            553.347682, 192.288079, 555.466887, 194.407285, 
            555.466887, 196.526490, 557.586093, 198.645695, 
            559.705298, 200.764901, 559.705298, 202.884106, 
            559.705298, 205.003311, 561.824503, 207.122517, 
            561.824503, 209.241722, 563.943709, 213.480132, 
            566.062914, 215.599338, 568.182119, 219.837748, 
            568.182119, 221.956954, 570.301325, 224.076159, 
            570.301325, 226.195364, 572.420530, 226.195364, 
            574.539735, 228.314570, 574.539735, 230.433775, 
            576.658940, 230.433775, 580.897351, 232.552980, 
            580.897351, 232.552980, 585.135762, 234.672185, 
            587.254967, 234.672185, 589.374172, 236.791391, 
            589.374172, 236.791391, 591.493377, 236.791391, 
            593.612583, 238.910596, 595.731788, 238.910596, 
            597.850993, 241.029801, 602.089404, 241.029801, 
            604.208609, 241.029801, 606.327815, 241.029801, 
            608.447020, 241.029801, 610.566225, 241.029801, 
            612.685430, 241.029801, 614.804636, 241.029801, 
            616.923841, 238.910596, 619.043046, 236.791391, 
            621.162252, 234.672185, 621.162252, 232.552980, 
            623.281457, 230.433775, 625.400662, 228.314570, 
            625.400662, 224.076159, 627.519868, 221.956954, 
            627.519868, 219.837748, 629.639073, 217.718543, 
            629.639073, 215.599338, 629.639073, 213.480132, 
            631.758278, 211.360927, 631.758278, 207.122517, 
            633.877483, 205.003311, 633.877483, 200.764901, 
            635.996689, 198.645695, 635.996689, 194.407285, 
            635.996689, 192.288079, 635.996689, 190.168874, 
            635.996689, 188.049669, 635.996689, 183.811258, 
            635.996689, 181.692053, 635.996689, 177.453642, 
            635.996689, 175.334437, 633.877483, 156.261589, 
            633.877483, 152.023179, 631.758278, 145.665563, 
            629.639073, 141.427152, 629.639073, 139.307947, 
            629.639073, 135.069536, 631.758278, 135.069536, 
            633.877483, 130.831126, 633.877483, 128.711921, 
            633.877483, 128.711921, 635.996689, 126.592715, 
            635.996689, 126.592715, 638.115894, 122.354305, 
            640.235099, 122.354305, 642.354305, 120.235099, 
            642.354305, 120.235099, 644.473510, 118.115894, 
            646.592715, 115.996689, 646.592715, 115.996689, 
            648.711921, 113.877483, 648.711921, 111.758278, 
            650.831126, 109.639073, 650.831126, 107.519868, 
            652.950331, 107.519868, 655.069536, 103.281457, 
            655.069536, 103.281457, 657.188742, 101.162252, 
            657.188742, 101.162252, 659.307947, 101.162252, 
            661.427152, 101.162252, 663.546358, 101.162252, 
            665.665563, 99.043046, 667.784768, 99.043046, 
            669.903974, 99.043046, 672.023179, 99.043046, 
            674.142384, 99.043046, 676.261589, 99.043046, 
            678.380795, 99.043046, 680.500000, 92.685430, 
            686.857616, 90.566225, 686.857616, 88.447020, 
            691.096026, 88.447020, 693.215232, 90.566225, 
            693.215232, 92.685430, 693.215232, 94.804636, 
            695.334437, 99.043046, 697.453642, 103.281457, 
            697.453642, 113.877483, 699.572848, 118.115894, 
            701.692053, 124.473510, 703.811258, 128.711921, 
            703.811258, 130.831126, 705.930464, 135.069536, 
            705.930464, 141.427152, 708.049669, 145.665563, 
            708.049669, 147.784768, 708.049669, 149.903974, 
            710.168874, 149.903974, 712.288079, 147.784768, 
            714.407285, 139.307947, 714.407285, 128.711921, 
            714.407285, 124.473510, 714.407285, 122.354305, 
            714.407285, 120.235099, 714.407285, 118.115894, 
            714.407285, 113.877483, 714.407285, 111.758278, 
            714.407285, 109.639073, 714.407285, 107.519868, 
            714.407285, 103.281457, 714.407285, 101.162252, 
            714.407285, 96.923841, 714.407285, 94.804636, 
            714.407285, 90.566225, 714.407285, 88.447020, 
            714.407285, 86.327815, 714.407285, 84.208609, 
            714.407285, 82.089404, 714.407285, 77.850993, 
            714.407285, 75.731788, 714.407285, 71.493377, 
            714.407285, 69.374172, 714.407285, 67.254967, 
            714.407285, 63.016556, 714.407285, 58.778146, 
            714.407285, 54.539735, 712.288079, 48.182119, 
            710.168874, 41.824503, 710.168874, 33.347682, 
            710.168874, 31.228477, 710.168874, 29.109272, 
            708.049669, 26.990066, 705.930464, 26.990066, 
            703.811258, 24.870861, 703.811258, 24.870861, 
            701.692053, 22.751656, 701.692053, 20.632450, 
            701.692053, 20.632450, 699.572848, 18.513245, 
            699.572848, 18.513245, 697.453642, 16.394040, 
            695.334437, 14.274834, 693.215232, 10.036424, 
            691.096026, 10.036424, 688.976821, 7.917219, 
            686.857616, 7.917219, 684.738411, 7.917219, 
            682.619205, 7.917219, 678.380795, 7.917219, 
