%YAML:1.0
    mask: !!opencv-matrix
        rows: 1043
        cols: 2
        dt: f
        data: [ 428.326087, 719.456522, 428.326087, 
            718.065217, 429.717391, 718.065217, 431.108696, 
            716.673913, 431.108696, 715.282609, 432.500000, 
            713.891304, 433.891304, 712.500000, 433.891304, 
            711.108696, 435.282609, 711.108696, 436.673913, 
            709.717391, 438.065217, 708.326087, 438.065217, 
            706.934783, 439.456522, 705.543478, 440.847826, 
            704.152174, 440.847826, 702.760870, 442.239130, 
            701.369565, 443.630435, 699.978261, 443.630435, 
            698.586957, 445.021739, 698.586957, 445.021739, 
            697.195652, 445.021739, 695.804348, 445.021739, 
            694.413043, 445.021739, 693.021739, 443.630435, 
            693.021739, 442.239130, 691.630435, 439.456522, 
            691.630435, 438.065217, 691.630435, 436.673913, 
            691.630435, 435.282609, 691.630435, 435.282609, 
            690.239130, 433.891304, 688.847826, 432.500000, 
            687.456522, 431.108696, 686.065217, 429.717391, 
            684.673913, 429.717391, 683.282609, 428.326087, 
            683.282609, 426.934783, 681.891304, 426.934783, 
            680.500000, 426.934783, 679.108696, 425.543478, 
            679.108696, 425.543478, 677.717391, 425.543478, 
            674.934783, 425.543478, 673.543478, 425.543478, 
            672.152174, 426.934783, 672.152174, 429.717391, 
            672.152174, 432.500000, 672.152174, 433.891304, 
            672.152174, 435.282609, 672.152174, 436.673913, 
            672.152174, 438.065217, 672.152174, 439.456522, 
            672.152174, 440.847826, 672.152174, 442.239130, 
            672.152174, 443.630435, 672.152174, 445.021739, 
            672.152174, 446.413043, 672.152174, 449.195652, 
            672.152174, 450.586957, 672.152174, 451.978261, 
            672.152174, 453.369565, 670.760870, 454.760870, 
            670.760870, 456.152174, 670.760870, 457.543478, 
            670.760870, 460.326087, 669.369565, 461.717391, 
            669.369565, 463.108696, 667.978261, 465.891304, 
            665.195652, 467.282609, 663.804348, 468.673913, 
            661.021739, 468.673913, 659.630435, 470.065217, 
            658.239130, 470.065217, 656.847826, 470.065217, 
            655.456522, 471.456522, 655.456522, 471.456522, 
            654.065217, 472.847826, 652.673913, 474.239130, 
            651.282609, 474.239130, 647.108696, 474.239130, 
            644.326087, 477.021739, 641.543478, 478.413043, 
            638.760870, 478.413043, 637.369565, 478.413043, 
            635.978261, 479.804348, 633.195652, 479.804348, 
            630.413043, 479.804348, 629.021739, 481.195652, 
            629.021739, 482.586957, 626.239130, 482.586957, 
            624.847826, 482.586957, 623.456522, 482.586957, 
            620.673913, 482.586957, 619.282609, 482.586957, 
            617.891304, 482.586957, 616.500000, 482.586957, 
            615.108696, 483.978261, 612.326087, 483.978261, 
            610.934783, 482.586957, 610.934783, 481.195652, 
            610.934783, 479.804348, 610.934783, 478.413043, 
            610.934783, 477.021739, 610.934783, 474.239130, 
            610.934783, 472.847826, 610.934783, 472.847826, 
            612.326087, 470.065217, 613.717391, 468.673913, 
            613.717391, 467.282609, 613.717391, 465.891304, 
            615.108696, 464.500000, 615.108696, 463.108696, 
            616.500000, 461.717391, 616.500000, 460.326087, 
            617.891304, 458.934783, 617.891304, 456.152174, 
            617.891304, 454.760870, 617.891304, 453.369565, 
            617.891304, 450.586957, 617.891304, 449.195652, 
            617.891304, 447.804348, 617.891304, 445.021739, 
            617.891304, 443.630435, 617.891304, 442.239130, 
            617.891304, 440.847826, 617.891304, 439.456522, 
            617.891304, 438.065217, 617.891304, 436.673913, 
            617.891304, 435.282609, 617.891304, 433.891304, 
            617.891304, 432.500000, 617.891304, 431.108696, 
            619.282609, 429.717391, 619.282609, 428.326087, 
            619.282609, 426.934783, 619.282609, 425.543478, 
            619.282609, 424.152174, 620.673913, 422.760870, 
            620.673913, 421.369565, 622.065217, 419.978261, 
            622.065217, 418.586957, 622.065217, 414.413043, 
            622.065217, 411.630435, 622.065217, 407.456522, 
            623.456522, 406.065217, 623.456522, 403.282609, 
            623.456522, 401.891304, 623.456522, 400.500000, 
            624.847826, 399.108696, 624.847826, 393.543478, 
            627.630435, 390.760870, 627.630435, 386.586957, 
            630.413043, 383.804348, 630.413043, 382.413043, 
            631.804348, 379.630435, 633.195652, 378.239130, 
            633.195652, 378.239130, 634.586957, 375.456522, 
            634.586957, 374.065217, 634.586957, 374.065217, 
            635.978261, 372.673913, 635.978261, 371.282609, 
            635.978261, 369.891304, 635.978261, 368.500000, 
            635.978261, 365.717391, 635.978261, 364.326087, 
            635.978261, 361.543478, 638.760870, 358.760870, 
            638.760870, 357.369565, 638.760870, 355.978261, 
            638.760870, 354.586957, 638.760870, 354.586957, 
            640.152174, 351.804348, 640.152174, 350.413043, 
            640.152174, 349.021739, 640.152174, 346.239130, 
            642.934783, 344.847826, 642.934783, 343.456522, 
            644.326087, 342.065217, 645.717391, 340.673913, 
            647.108696, 339.282609, 647.108696, 337.891304, 
            648.500000, 336.500000, 648.500000, 335.108696, 
            651.282609, 332.326087, 652.673913, 330.934783, 
            652.673913, 328.152174, 654.065217, 326.760870, 
            654.065217, 323.978261, 656.847826, 319.804348, 
            656.847826, 318.413043, 658.239130, 317.021739, 
            658.239130, 314.239130, 659.630435, 312.847826, 
            661.021739, 310.065217, 662.413043, 307.282609, 
            662.413043, 303.108696, 665.195652, 298.934783, 
            666.586957, 296.152174, 667.978261, 290.586957, 
            670.760870, 289.195652, 672.152174, 286.413043, 
            673.543478, 285.021739, 674.934783, 283.630435, 
            676.326087, 282.239130, 676.326087, 279.456522, 
            679.108696, 278.065217, 679.108696, 276.673913, 
            680.500000, 275.282609, 680.500000, 272.500000, 
            683.282609, 271.108696, 684.673913, 269.717391, 
            686.065217, 268.326087, 688.847826, 265.543478, 
            693.021739, 264.152174, 694.413043, 262.760870, 
            695.804348, 262.760870, 697.195652, 261.369565, 
            699.978261, 259.978261, 701.369565, 258.586957, 
            702.760870, 257.195652, 702.760870, 257.195652, 
            704.152174, 255.804348, 705.543478, 254.413043, 
            708.326087, 253.021739, 708.326087, 250.239130, 
            711.108696, 248.847826, 712.500000, 246.065217, 
            715.282609, -1.000000, -1.000000, 891.630435, 
            694.413043, 891.630435, 695.804348, 891.630435, 
            698.586957, 891.630435, 699.978261, 887.456522, 
            701.369565, 887.456522, 702.760870, 886.065217, 
            702.760870, 884.673913, 704.152174, 883.282609, 
            704.152174, 881.891304, 704.152174, 879.108696, 
            705.543478, 877.717391, 705.543478, 874.934783, 
            706.934783, 873.543478, 706.934783, 873.543478, 
            708.326087, 872.152174, 708.326087, 869.369565, 
            708.326087, 867.978261, 709.717391, 866.586957, 
            709.717391, 865.195652, 709.717391, 863.804348, 
            709.717391, 861.021739, 711.108696, 858.239130, 
            711.108696, 856.847826, 711.108696, 854.065217, 
            711.108696, 852.673913, 711.108696, 851.282609, 
            712.500000, 849.891304, 712.500000, 848.500000, 
