%YAML:1.0
    mask: !!opencv-matrix
        rows: 1337
        cols: 2
        dt: f
        data: [ 5.798013, 667.784768, 7.917219, 
            663.546358, 12.155629, 661.427152, 18.513245, 
            652.950331, 22.751656, 648.711921, 24.870861, 
            644.473510, 26.990066, 644.473510, 26.990066, 
            642.354305, 33.347682, 638.115894, 35.466887, 
            635.996689, 37.586093, 633.877483, 39.705298, 
            631.758278, 43.943709, 629.639073, 46.062914, 
            627.519868, 50.301325, 625.400662, 52.420530, 
            623.281457, 54.539735, 621.162252, 58.778146, 
            619.043046, 60.897351, 616.923841, 63.016556, 
            614.804636, 65.135762, 612.685430, 67.254967, 
            610.566225, 69.374172, 610.566225, 69.374172, 
            608.447020, 71.493377, 606.327815, 73.612583, 
            604.208609, 75.731788, 602.089404, 77.850993, 
            597.850993, 79.970199, 597.850993, 79.970199, 
            593.612583, 84.208609, 591.493377, 86.327815, 
            589.374172, 88.447020, 587.254967, 92.685430, 
            580.897351, 94.804636, 580.897351, 96.923841, 
            578.778146, 101.162252, 574.539735, 103.281457, 
            572.420530, 105.400662, 570.301325, 107.519868, 
            568.182119, 111.758278, 566.062914, 111.758278, 
            563.943709, 113.877483, 563.943709, 115.996689, 
            559.705298, 122.354305, 555.466887, 124.473510, 
            555.466887, 130.831126, 551.228477, 130.831126, 
            549.109272, 135.069536, 546.990066, 139.307947, 
            544.870861, 141.427152, 542.751656, 143.546358, 
            542.751656, 143.546358, 540.632450, 147.784768, 
            540.632450, 149.903974, 536.394040, 154.142384, 
            536.394040, 154.142384, 534.274834, 156.261589, 
            534.274834, 158.380795, 532.155629, 160.500000, 
            530.036424, 162.619205, 527.917219, 164.738411, 
            525.798013, 166.857616, 525.798013, 168.976821, 
            521.559603, 171.096026, 521.559603, 171.096026, 
            519.440397, 175.334437, 515.201987, 177.453642, 
            515.201987, 179.572848, 513.082781, 181.692053, 
            513.082781, 181.692053, 510.963576, 183.811258, 
            508.844371, 185.930464, 506.725166, 188.049669, 
            506.725166, 188.049669, 504.605960, 190.168874, 
            502.486755, 190.168874, 500.367550, 192.288079, 
            500.367550, 192.288079, 498.248344, 194.407285, 
            496.129139, 196.526490, 494.009934, 198.645695, 
            491.890728, 198.645695, 489.771523, 200.764901, 
            487.652318, 202.884106, 487.652318, 202.884106, 
            485.533113, 205.003311, 483.413907, 205.003311, 
            481.294702, 207.122517, 479.175497, 209.241722, 
            474.937086, 211.360927, 474.937086, 211.360927, 
            472.817881, 213.480132, 472.817881, 213.480132, 
            470.698675, 215.599338, 470.698675, 217.718543, 
            466.460265, 219.837748, 466.460265, 219.837748, 
            464.341060, 221.956954, 464.341060, 226.195364, 
            464.341060, 228.314570, 464.341060, 236.791391, 
            466.460265, 245.268212, 466.460265, 249.506623, 
            466.460265, 251.625828, 466.460265, 255.864238, 
            466.460265, 257.983444, 466.460265, 260.102649, 
            466.460265, 262.221854, 466.460265, 264.341060, 
            466.460265, 266.460265, 466.460265, 272.817881, 
            466.460265, 277.056291, 466.460265, 283.413907, 
            466.460265, 296.129139, 466.460265, 304.605960, 
            466.460265, 306.725166, 466.460265, 308.844371, 
            466.460265, 310.963576, 466.460265, 315.201987, 
            466.460265, 321.559603, 466.460265, 327.917219, 
            466.460265, 332.155629, 466.460265, 338.513245, 
            466.460265, 340.632450, 466.460265, 342.751656, 
            466.460265, 344.870861, 466.460265, 346.990066, 
            466.460265, 349.109272, 466.460265, 353.347682, 
            466.460265, 355.466887, 466.460265, 359.705298, 
            468.579470, 361.824503, 468.579470, 363.943709, 
            468.579470, 366.062914, 468.579470, 368.182119, 
            470.698675, 370.301325, 470.698675, 372.420530, 
            470.698675, 374.539735, 470.698675, 378.778146, 
            470.698675, 380.897351, 470.698675, 383.016556, 
            470.698675, 385.135762, 470.698675, 389.374172, 
            470.698675, 391.493377, 470.698675, 393.612583, 
            472.817881, 395.731788, 472.817881, 402.089404, 
            472.817881, 404.208609, 474.937086, 406.327815, 
            474.937086, 408.447020, 474.937086, 410.566225, 
            474.937086, 414.804636, 474.937086, 416.923841, 
            474.937086, 419.043046, 474.937086, 425.400662, 
            474.937086, 427.519868, 474.937086, 429.639073, 
            474.937086, 431.758278, 474.937086, 435.996689, 
            474.937086, 440.235099, 474.937086, 444.473510, 
            474.937086, 450.831126, 474.937086, 461.427152, 
            474.937086, 465.665563, 477.056291, 469.903974, 
            477.056291, 472.023179, 477.056291, 476.261589, 
            479.175497, 478.380795, 479.175497, 480.500000, 
            479.175497, 482.619205, 479.175497, 495.334437, 
            481.294702, 499.572848, 483.413907, 503.811258, 
            483.413907, 505.930464, 483.413907, 508.049669, 
            485.533113, 510.168874, 487.652318, 512.288079, 
            487.652318, 512.288079, 489.771523, 514.407285, 
            491.890728, 516.526490, 494.009934, 518.645695, 
            496.129139, 518.645695, 498.248344, 518.645695, 
            500.367550, 518.645695, 502.486755, 518.645695, 
            504.605960, 518.645695, 506.725166, 516.526490, 
            510.963576, 516.526490, 513.082781, 514.407285, 
            513.082781, 510.168874, 515.201987, 508.049669, 
            515.201987, 508.049669, 517.321192, 503.811258, 
            517.321192, 503.811258, 519.440397, 501.692053, 
            519.440397, 499.572848, 521.559603, 497.453642, 
            523.678808, 495.334437, 523.678808, 493.215232, 
            523.678808, 491.096026, 525.798013, 488.976821, 
            527.917219, 484.738411, 530.036424, 484.738411, 
            532.155629, 484.738411, 534.274834, 484.738411, 
            536.394040, 484.738411, 538.513245, 484.738411, 
            540.632450, 484.738411, 542.751656, 484.738411, 
            546.990066, 484.738411, 549.109272, 484.738411, 
            551.228477, 484.738411, 553.347682, 482.619205, 
            553.347682, 482.619205, 555.466887, 482.619205, 
            559.705298, 480.500000, 559.705298, 478.380795, 
            561.824503, 476.261589, 563.943709, 472.023179, 
            566.062914, 467.784768, 568.182119, 465.665563, 
            568.182119, 463.546358, 570.301325, 461.427152, 
            572.420530, 459.307947, 572.420530, 457.188742, 
            572.420530, 452.950331, 574.539735, 450.831126, 
            574.539735, 448.711921, 574.539735, 444.473510, 
            576.658940, 440.235099, 578.778146, 438.115894, 
            578.778146, 435.996689, 580.897351, 433.877483, 
            583.016556, 431.758278, 583.016556, 429.639073, 
            585.135762, 425.400662, 587.254967, 423.281457, 
            589.374172, 419.043046, 589.374172, 419.043046, 
            591.493377, 414.804636, 591.493377, 412.685430, 
            595.731788, 406.327815, 597.850993, 404.208609, 
            599.970199, 399.970199, 602.089404, 397.850993, 
            602.089404, 395.731788, 604.208609, 393.612583, 
            604.208609, 393.612583, 606.327815, 389.374172, 
            606.327815, 387.254967, 608.447020, 385.135762, 
            608.447020, 383.016556, 610.566225, 380.897351, 
            610.566225, 376.658940, 610.566225, 374.539735, 
            612.685430, 372.420530, 612.685430, 370.301325, 
            614.804636, 368.182119, 614.804636, 366.062914, 
