%YAML:1.0
    mask: !!opencv-matrix
        rows: 283
        cols: 2
        dt: f
        data: [ -1.000000, -1.000000, -1.000000, 
            -1.000000, 638.520619, 424.500000, 630.603093, 
            429.778351, 629.283505, 432.417526, 625.324742, 
            433.737113, 624.005155, 435.056701, 620.046392, 
            439.015464, 618.726804, 440.335052, 612.128866, 
            448.252577, 610.809278, 448.252577, 609.489691, 
            452.211340, 605.530928, 457.489691, 604.211340, 
            460.128866, 602.891753, 461.448454, 602.891753, 
            464.087629, 602.891753, 466.726804, 601.572165, 
            469.365979, 601.572165, 472.005155, 601.572165, 
            473.324742, 601.572165, 475.963918, 601.572165, 
            477.283505, 602.891753, 479.922680, 605.530928, 
            482.561856, 606.850515, 485.201031, 609.489691, 
            487.840206, 612.128866, 489.159794, 618.726804, 
            493.118557, 622.685567, 495.757732, 624.005155, 
            495.757732, 625.324742, 495.757732, 626.644330, 
            497.077320, 627.963918, 498.396907, 631.922680, 
            503.675258, 634.561856, 504.994845, 637.201031, 
            507.634021, 638.520619, 508.953608, 642.479381, 
            512.912371, 643.798969, 514.231959, 645.118557, 
            516.871134, 647.757732, 518.190722, 650.396907, 
            520.829897, 651.716495, 522.149485, 653.036082, 
            522.149485, 655.675258, 522.149485, 656.994845, 
            519.510309, 659.634021, 516.871134, 660.953608, 
            514.231959, 662.273196, 514.231959, 663.592784, 
            514.231959, 664.912371, 512.912371, 666.231959, 
            512.912371, 666.231959, 511.592784, 667.551546, 
            511.592784, 668.871134, 511.592784, 670.190722, 
            511.592784, 671.510309, 511.592784, 672.829897, 
            511.592784, 675.469072, 511.592784, 676.788660, 
            511.592784, 678.108247, 511.592784, 678.108247, 
            514.231959, 679.427835, 518.190722, 680.747423, 
            519.510309, 682.067010, 519.510309, 683.386598, 
            519.510309, 684.706186, 520.829897, 688.664948, 
            519.510309, 692.623711, 518.190722, 699.221649, 
            515.551546, 700.541237, 514.231959, 701.860825, 
            512.912371, 705.819588, 510.273196, 707.139175, 
            508.953608, 708.458763, 507.634021, 711.097938, 
            503.675258, 717.695876, 495.757732, 719.015464, 
            494.438144, 720.335052, 493.118557, 721.654639, 
            491.798969, 722.974227, 490.479381, 724.293814, 
            489.159794, 725.613402, 487.840206, 728.252577, 
            486.520619, 730.891753, 482.561856, 733.530928, 
            479.922680, 734.850515, 478.603093, 737.489691, 
            474.644330, 738.809278, 473.324742, 741.448454, 
            465.407216, 742.768041, 462.768041, 742.768041, 
            461.448454, 742.768041, 458.809278, 742.768041, 
            452.211340, 742.768041, 448.252577, 741.448454, 
            440.335052, 738.809278, 435.056701, 737.489691, 
            431.097938, 736.170103, 428.458763, 734.850515, 
            424.500000, 733.530928, 421.860825, 732.211340, 
            420.541237, 732.211340, 419.221649, 730.891753, 
            417.902062, 728.252577, 415.262887, 726.932990, 
            413.943299, 722.974227, 412.623711, 721.654639, 
            412.623711, 715.056701, 411.304124, 711.097938, 
            411.304124, 709.778351, 409.984536, 704.500000, 
            408.664948, 699.221649, 408.664948, 691.304124, 
            407.345361, 687.345361, 407.345361, 683.386598, 
            407.345361, 679.427835, 407.345361, 678.108247, 
            407.345361, 672.829897, 407.345361, 670.190722, 
            407.345361, 664.912371, 408.664948, 662.273196, 
            408.664948, 660.953608, 409.984536, 659.634021, 
            409.984536, -1.000000, -1.000000, 400.994845, 
            412.623711, 397.036082, 417.902062, 397.036082, 
            419.221649, 395.716495, 421.860825, 394.396907, 
            431.097938, 394.396907, 432.417526, 393.077320, 
            437.695876, 393.077320, 440.335052, 393.077320, 
            442.974227, 393.077320, 445.613402, 393.077320, 
            457.489691, 393.077320, 458.809278, 393.077320, 
            462.768041, 393.077320, 466.726804, 394.396907, 
            468.046392, 395.716495, 473.324742, 395.716495, 
            478.603093, 395.716495, 479.922680, 397.036082, 
            485.201031, 398.355670, 486.520619, 399.675258, 
            490.479381, 402.314433, 491.798969, 407.592784, 
            493.118557, 408.912371, 490.479381, 410.231959, 
            489.159794, 411.551546, 487.840206, 412.871134, 
            487.840206, 415.510309, 489.159794, 422.108247, 
            499.716495, 424.747423, 502.355670, 426.067010, 
            504.994845, 427.386598, 506.314433, 428.706186, 
            507.634021, 430.025773, 507.634021, 431.345361, 
            506.314433, 432.664948, 506.314433, 433.984536, 
            504.994845, 435.304124, 501.036082, 436.623711, 
            499.716495, 437.943299, 486.520619, 439.262887, 
            485.201031, 445.860825, 481.242268, 447.180412, 
            481.242268, 448.500000, 481.242268, 452.458763, 
            483.881443, 452.458763, 485.201031, 457.737113, 
            490.479381, 457.737113, 491.798969, 459.056701, 
            494.438144, 459.056701, 498.396907, 460.376289, 
            503.675258, 461.695876, 503.675258, 463.015464, 
            503.675258, 466.974227, 503.675258, 474.891753, 
            501.036082, 477.530928, 499.716495, 478.850515, 
            499.716495, 480.170103, 498.396907, 480.170103, 
            497.077320, 481.489691, 494.438144, 482.809278, 
            493.118557, 482.809278, 491.798969, 484.128866, 
            490.479381, 484.128866, 489.159794, 486.768041, 
            485.201031, 488.087629, 482.561856, 488.087629, 
            481.242268, 489.407216, 481.242268, 490.726804, 
            478.603093, 492.046392, 477.283505, 494.685567, 
            475.963918, 497.324742, 474.644330, 499.963918, 
            474.644330, 499.963918, 473.324742, 501.283505, 
            473.324742, 502.603093, 473.324742, 502.603093, 
            470.685567, 499.963918, 466.726804, 496.005155, 
            464.087629, 489.407216, 460.128866, 481.489691, 
            457.489691, 474.891753, 457.489691, 472.252577, 
            457.489691, 472.252577, 456.170103, 470.932990, 
            452.211340, 469.613402, 449.572165, 469.613402, 
            444.293814, 469.613402, 440.335052, 470.932990, 
            440.335052, 473.572165, 440.335052, 474.891753, 
            440.335052, 476.211340, 440.335052, 477.530928, 
            440.335052, 482.809278, 442.974227, 486.768041, 
            445.613402, 488.087629, 446.932990, 489.407216, 
            448.252577, 490.726804, 449.572165, 492.046392, 
            454.850515, 497.324742, 461.448454, 499.963918, 
            464.087629, 502.603093, 466.726804, 503.922680, 
            466.726804, 503.922680, 468.046392, 505.242268, 
            468.046392, 506.561856, 468.046392, 507.881443, 
            468.046392, 509.201031, 468.046392, 510.520619, 
            468.046392, 511.840206, 468.046392, 514.479381, 
            468.046392, 514.479381, 466.726804, 514.479381, 
            465.407216, 515.798969, 465.407216, 515.798969, 
            464.087629, 515.798969, 462.768041, 517.118557, 
            458.809278, 517.118557, 456.170103, 517.118557, 
            450.891753, 517.118557, 449.572165, 514.479381, 
            445.613402, 511.840206, 442.974227, 509.201031, 
            437.695876, 507.881443, 433.737113, 505.242268, 
            429.778351, 501.283505, 424.500000, 499.963918, 
            421.860825, 497.324742, 419.221649, 496.005155, 
            416.582474, 494.685567, 416.582474, 494.685567, 
            415.262887, 494.685567, 413.943299, 492.046392, 
            409.984536, 490.726804, 408.664948, 489.407216, 
