%YAML:1.0
    mask: !!opencv-matrix
        rows: 552
        cols: 2
        dt: f
        data: [ 287.652318, 672.023179, 285.533113, 
            669.903974, 283.413907, 669.903974, 281.294702, 
            669.903974, 272.817881, 672.023179, 264.341060, 
            674.142384, 260.102649, 674.142384, 257.983444, 
            676.261589, 255.864238, 676.261589, 253.745033, 
            678.380795, 253.745033, 680.500000, 251.625828, 
            682.619205, 249.506623, 682.619205, 247.387417, 
            686.857616, 243.149007, 686.857616, 243.149007, 
            688.976821, 238.910596, 688.976821, 238.910596, 
            691.096026, 236.791391, 693.215232, 234.672185, 
            693.215232, 232.552980, 693.215232, 230.433775, 
            693.215232, 226.195364, 695.334437, 221.956954, 
            697.453642, 219.837748, 697.453642, 215.599338, 
            697.453642, 211.360927, 697.453642, 209.241722, 
            699.572848, 207.122517, 701.692053, 207.122517, 
            703.811258, 207.122517, 705.930464, 209.241722, 
            705.930464, 209.241722, 708.049669, 211.360927, 
            710.168874, 213.480132, 710.168874, 215.599338, 
            712.288079, 217.718543, 712.288079, 217.718543, 
            714.407285, 221.956954, 714.407285, 224.076159, 
            716.526490, 228.314570, 716.526490, 230.433775, 
            718.645695, 450.831126, 718.645695, 450.831126, 
            716.526490, 452.950331, 716.526490, 452.950331, 
            714.407285, 455.069536, 714.407285, 457.188742, 
            710.168874, 459.307947, 708.049669, 461.427152, 
            705.930464, 461.427152, 703.811258, 461.427152, 
            701.692053, 463.546358, 697.453642, 465.665563, 
            697.453642, 465.665563, 695.334437, 463.546358, 
            693.215232, 463.546358, 691.096026, 461.427152, 
            691.096026, 461.427152, 688.976821, 459.307947, 
            686.857616, 457.188742, 686.857616, 455.069536, 
            686.857616, 452.950331, 686.857616, 448.711921, 
            688.976821, 446.592715, 688.976821, 440.235099, 
            691.096026, 438.115894, 691.096026, 435.996689, 
            691.096026, 433.877483, 693.215232, 431.758278, 
            695.334437, 427.519868, 695.334437, 427.519868, 
            697.453642, 423.281457, 697.453642, 421.162252, 
            699.572848, 419.043046, 699.572848, 416.923841, 
            701.692053, 414.804636, 701.692053, 412.685430, 
            701.692053, 412.685430, 703.811258, 408.447020, 
            703.811258, 406.327815, 705.930464, 402.089404, 
            705.930464, 395.731788, 705.930464, 391.493377, 
            705.930464, 376.658940, 705.930464, 366.062914, 
            705.930464, 359.705298, 705.930464, 357.586093, 
            705.930464, 353.347682, 705.930464, 346.990066, 
            705.930464, 342.751656, 705.930464, 327.917219, 
            705.930464, 319.440397, 705.930464, 313.082781, 
            703.811258, 306.725166, 703.811258, 304.605960, 
            703.811258, 302.486755, 701.692053, 300.367550, 
            699.572848, 294.009934, 693.215232, 289.771523, 
            688.976821, 287.652318, 684.738411, 285.533113, 
            684.738411, 285.533113, 682.619205, 285.533113, 
            680.500000, 285.533113, 678.380795, -1.000000, 
            -1.000000, 493.215232, 714.407285, 491.096026, 
            712.288079, 491.096026, 710.168874, 491.096026, 
            708.049669, 491.096026, 705.930464, 491.096026, 
            703.811258, 491.096026, 701.692053, 491.096026, 
            699.572848, 491.096026, 695.334437, 491.096026, 
            693.215232, 491.096026, 691.096026, 491.096026, 
            688.976821, 491.096026, 686.857616, 491.096026, 
            684.738411, 491.096026, 682.619205, 491.096026, 
            680.500000, 493.215232, 680.500000, 495.334437, 
            680.500000, 497.453642, 682.619205, 499.572848, 
            684.738411, 503.811258, 686.857616, 505.930464, 
            686.857616, 505.930464, 688.976821, 508.049669, 
            688.976821, 508.049669, 691.096026, 512.288079, 
            693.215232, 514.407285, 695.334437, 516.526490, 
            695.334437, 518.645695, 697.453642, 520.764901, 
            699.572848, 522.884106, 699.572848, 525.003311, 
            701.692053, 527.122517, 701.692053, 529.241722, 
            701.692053, 531.360927, 701.692053, 533.480132, 
            701.692053, 535.599338, 701.692053, 537.718543, 
            701.692053, 544.076159, 705.930464, 548.314570, 
            705.930464, 552.552980, 708.049669, 558.910596, 
            710.168874, 561.029801, 710.168874, 563.149007, 
            710.168874, 567.387417, 710.168874, 571.625828, 
            712.288079, 577.983444, 714.407285, 584.341060, 
            714.407285, 586.460265, 714.407285, 588.579470, 
            714.407285, 592.817881, 714.407285, 597.056291, 
            714.407285, 599.175497, 714.407285, 601.294702, 
            714.407285, 603.413907, 714.407285, 605.533113, 
            714.407285, 609.771523, 716.526490, 616.129139, 
            716.526490, 618.248344, 716.526490, 620.367550, 
            716.526490, 624.605960, 716.526490, 626.725166, 
            716.526490, 628.844371, 716.526490, 630.963576, 
            716.526490, 633.082781, 714.407285, 635.201987, 
            710.168874, 637.321192, 710.168874, 639.440397, 
            708.049669, 641.559603, 705.930464, 641.559603, 
            703.811258, 643.678808, 703.811258, 643.678808, 
            701.692053, 645.798013, 701.692053, 647.917219, 
            699.572848, 650.036424, 699.572848, 652.155629, 
            699.572848, 656.394040, 699.572848, 658.513245, 
            699.572848, 660.632450, 699.572848, 662.751656, 
            699.572848, 664.870861, 699.572848, 666.990066, 
            699.572848, 671.228477, 699.572848, 671.228477, 
            701.692053, 673.347682, 703.811258, 673.347682, 
            705.930464, 673.347682, 708.049669, 673.347682, 
            710.168874, 673.347682, 712.288079, 673.347682, 
            714.407285, 673.347682, 716.526490, 673.347682, 
            718.645695, 671.228477, 718.645695, 514.407285, 
            718.645695, 508.049669, 716.526490, 505.930464, 
            714.407285, 497.453642, 712.288079, 495.334437, 
            710.168874, 493.215232, 710.168874, 491.096026, 
            708.049669, -1.000000, -1.000000, 764.473510, 
            260.897351, 766.592715, 258.778146, 768.711921, 
            258.778146, 770.831126, 258.778146, 772.950331, 
            258.778146, 777.188742, 258.778146, 781.427152, 
            258.778146, 783.546358, 258.778146, 794.142384, 
            258.778146, 798.380795, 258.778146, 800.500000, 
            260.897351, 802.619205, 260.897351, 808.976821, 
            260.897351, 811.096026, 263.016556, 813.215232, 
            263.016556, 815.334437, 263.016556, 817.453642, 
            263.016556, 821.692053, 263.016556, 828.049669, 
            263.016556, 832.288079, 263.016556, 838.645695, 
            263.016556, 840.764901, 263.016556, 842.884106, 
            263.016556, 845.003311, 265.135762, 847.122517, 
            265.135762, 849.241722, 265.135762, 851.360927, 
            265.135762, 853.480132, 267.254967, 855.599338, 
            267.254967, 857.718543, 269.374172, 857.718543, 
            271.493377, 859.837748, 271.493377, 859.837748, 
            273.612583, 861.956954, 273.612583, 864.076159, 
            275.731788, 864.076159, 277.850993, 866.195364, 
            279.970199, 866.195364, 282.089404, 866.195364, 
            284.208609, 866.195364, 286.327815, 866.195364, 
            288.447020, 866.195364, 290.566225, 866.195364, 
            292.685430, 866.195364, 294.804636, 866.195364, 
            296.923841, 866.195364, 299.043046, 866.195364, 
            301.162252, 866.195364, 303.281457, 866.195364, 
            305.400662, 866.195364, 307.519868, 866.195364, 
