%YAML:1.0
    mask: !!opencv-matrix
        rows: 573
        cols: 2
        dt: f
        data: [ -1.000000, -1.000000, 993.497602, 
            449.516787, 993.497602, 448.493605, 988.381695, 
            447.470424, 985.312150, 446.447242, 973.033973, 
            445.424061, 955.639888, 446.447242, 950.523981, 
            447.470424, 946.431255, 449.516787, 943.361711, 
            450.539968, 942.338529, 451.563149, 937.222622, 
            454.632694, 929.037170, 457.702238, 924.944444, 
            461.794964, 917.782174, 467.934053, 913.689448, 
            471.003597, 910.619904, 475.096323, 905.503997, 
            479.189049, 902.434452, 482.258593, 900.388090, 
            484.304956, 898.341727, 486.351319, 895.272182, 
            489.420863, 892.202638, 492.490408, 887.086731, 
            498.629496, 882.994005, 501.699041, 879.924460, 
            505.791767, 876.854916, 510.907674, 874.808553, 
            515.000400, 871.739009, 518.069944, 868.669464, 
            525.232214, 866.623102, 529.324940, 865.599920, 
            532.394484, 863.553557, 535.464029, 861.507194, 
            539.556755, 859.460831, 541.603118, 857.414468, 
            543.649480, 855.368106, 546.719025, 853.321743, 
            549.788569, 851.275380, 551.834932, 849.229017, 
            553.881295, 846.159472, 555.927658, 843.089928, 
            556.950839, 837.974021, 557.974021, 834.904476, 
            558.997202, 831.834932, 558.997202, 829.788569, 
            558.997202, 827.742206, 558.997202, 825.695843, 
            558.997202, 822.626299, 558.997202, 818.533573, 
            558.997202, 816.487210, 558.997202, 811.371303, 
            556.950839, 805.232214, 554.904476, 798.069944, 
            552.858114, 793.977218, 550.811751, 790.907674, 
            548.765388, 785.791767, 546.719025, 778.629496, 
            542.626299, 774.536771, 540.579936, 772.490408, 
            539.556755, 766.351319, 535.464029, 761.235412, 
            533.417666, 756.119504, 530.348122, 751.003597, 
            528.301759, 746.910871, 526.255396, 740.771783, 
            523.185851, 734.632694, 520.116307, 728.493605, 
            518.069944, 720.308153, 513.977218, 716.215428, 
            512.954037, 711.099520, 510.907674, 704.960432, 
            508.861311, 699.844524, 508.861311, 698.821343, 
            507.838129, 694.728617, 507.838129, 688.589528, 
            506.814948, 685.519984, 506.814948, 681.427258, 
            506.814948, 678.357714, 505.791767, 675.288169, 
            505.791767, 672.218625, 503.745404, 667.102718, 
            502.722222, 666.079536, 502.722222, 665.056355, 
            500.675859, 661.986811, 496.583133, 660.963629, 
            494.536771, 658.917266, 491.467226, 658.917266, 
            489.420863, 658.917266, 486.351319, 658.917266, 
            484.304956, 659.940448, 481.235412, 660.963629, 
            478.165867, 660.963629, 475.096323, 660.963629, 
            471.003597, 660.963629, 467.934053, 660.963629, 
            464.864508, 660.963629, 462.818145, 660.963629, 
            461.794964, 660.963629, 457.702238, 659.940448, 
            450.539968, 659.940448, 446.447242, 660.963629, 
            441.331335, 661.986811, 437.238609, 664.033173, 
            432.122702, 664.033173, 431.099520, 666.079536, 
            425.983613, 669.149081, 421.890887, 670.172262, 
            419.844524, 672.218625, 416.774980, 675.288169, 
            412.682254, 677.334532, 408.589528, 681.427258, 
            401.427258, 684.496803, 396.311351, 688.589528, 
            390.172262, 691.659073, 386.079536, 694.728617, 
            380.963629, 696.774980, 377.894085, 699.844524, 
            375.847722, 702.914069, 372.778177, 708.029976, 
            368.685452, 710.076339, 365.615907, 715.192246, 
            361.523181, 720.308153, 358.453637, 726.447242, 
            354.360911, 729.516787, 351.291367, 731.563149, 
            351.291367, 732.586331, 349.245004, 736.679057, 
            348.221823, 739.748601, 346.175460, 742.818145, 
            344.129097, 752.026779, 341.059552, 757.142686, 
            339.013189, 764.304956, 336.966827, 768.397682, 
            335.943645, 773.513589, 334.920464, 776.583133, 
            332.874101, 778.629496, 332.874101, 781.699041, 
            332.874101, 784.768585, 331.850919, 788.861311, 
            331.850919, 791.930855, 328.781375, 796.023581, 
            326.735012, 800.116307, 322.642286, 802.162670, 
            321.619105, 803.185851, 321.619105, 803.185851, 
            320.595923, 804.209033, 320.595923, 805.232214, 
            320.595923, 806.255396, 320.595923, 810.348122, 
            322.642286, 810.348122, 323.665468, 815.464029, 
            326.735012, 823.649480, 331.850919, 825.695843, 
            333.897282, 827.742206, 334.920464, 831.834932, 
            336.966827, 835.927658, 339.013189, 838.997202, 
            340.036371, 843.089928, 342.082734, 845.136291, 
            343.105915, 849.229017, 345.152278, 854.344924, 
            348.221823, 856.391287, 349.245004, 859.460831, 
            351.291367, 862.530376, 352.314548, 867.646283, 
            354.360911, 871.739009, 356.407274, 874.808553, 
            358.453637, 877.878098, 360.500000, 881.970823, 
            362.546363, 885.040368, 365.615907, 891.179456, 
            369.708633, 897.318545, 373.801359, 902.434452, 
            378.917266, 907.550360, 381.986811, 912.666267, 
            386.079536, 917.782174, 389.149081, 922.898082, 
            393.241807, 925.967626, 395.288169, 931.083533, 
            398.357714, 935.176259, 400.404077, 939.268985, 
            402.450440, 944.384892, 406.543165, 953.593525, 
            413.705436, 959.732614, 417.798161, 966.894884, 
            422.914069, 970.987610, 425.983613, 975.080336, 
            428.029976, 976.103517, 429.053157, 977.126699, 
            429.053157, 978.149880, 429.053157, -1.000000, 
            -1.000000, 728.493605, 247.950040, 727.470424, 
            247.950040, 725.424061, 247.950040, 723.377698, 
            247.950040, 719.284972, 247.950040, 718.261791, 
            247.950040, 715.192246, 247.950040, 713.145883, 
            247.950040, 712.122702, 247.950040, 710.076339, 
            247.950040, 708.029976, 247.950040, 707.006795, 
            246.926859, 702.914069, 245.903677, 696.774980, 
            243.857314, 692.682254, 241.810951, 689.612710, 
            239.764588, 687.566347, 239.764588, 684.496803, 
            237.718225, 681.427258, 236.695044, 681.427258, 
            235.671863, 679.380895, 235.671863, 676.311351, 
            234.648681, 674.264988, 233.625500, 671.195444, 
            232.602318, 669.149081, 231.579137, 667.102718, 
            231.579137, 664.033173, 230.555955, 658.917266, 
            229.532774, 652.778177, 229.532774, 648.685452, 
            229.532774, 645.615907, 229.532774, 643.569544, 
            229.532774, 642.546363, 229.532774, 641.523181, 
            229.532774, 640.500000, 229.532774, 638.453637, 
            229.532774, 637.430456, 231.579137, 634.360911, 
            231.579137, 632.314548, 232.602318, 631.291367, 
            232.602318, 628.221823, 233.625500, 625.152278, 
            234.648681, 622.082734, 234.648681, 619.013189, 
            235.671863, 615.943645, 236.695044, 613.897282, 
            237.718225, 610.827738, 238.741407, 609.804556, 
            239.764588, 607.758193, 240.787770, 605.711831, 
            241.810951, 605.711831, 242.834133, 604.688649, 
            243.857314, 603.665468, 244.880496, 603.665468, 
            245.903677, 603.665468, 246.926859, 603.665468, 
            247.950040, 604.688649, 247.950040, 605.711831, 
            247.950040, 606.735012, 247.950040, 607.758193, 
            248.973221, 608.781375, 248.973221, 609.804556, 
            248.973221, 611.850919, 248.973221, 614.920464, 
            248.973221, 616.966827, 248.973221, 620.036371, 
