%YAML:1.0
    mask: !!opencv-matrix
        rows: 719
        cols: 2
        dt: f
        data: [ 9.197042, 718.613509, 12.266587, 
            716.567146, 14.312950, 714.520783, 15.336131, 
            714.520783, 18.405675, 712.474420, 19.428857, 
            710.428058, 21.475220, 709.404876, 25.567946, 
            707.358513, 27.614309, 705.312150, 28.637490, 
            705.312150, 30.683853, 704.288969, 32.730216, 
            702.242606, 36.822942, 700.196243, 37.846123, 
            699.173062, 41.938849, 697.126699, 42.962030, 
            696.103517, 45.008393, 695.080336, 47.054756, 
            692.010791, 49.101119, 692.010791, 51.147482, 
            688.941247, 52.170663, 687.918066, 56.263389, 
            685.871703, 58.309752, 684.848521, 62.402478, 
            680.755795, 65.472022, 679.732614, 69.564748, 
            676.663070, 71.611111, 676.663070, 72.634293, 
            675.639888, 75.703837, 674.616707, 76.727018, 
            674.616707, 79.796563, 672.570344, 80.819744, 
            672.570344, 84.912470, 670.523981, 85.935651, 
            669.500799, 89.005196, 668.477618, 90.028377, 
            666.431255, 93.097922, 665.408074, 97.190647, 
            662.338529, 101.283373, 660.292166, 103.329736, 
            658.245803, 104.352918, 658.245803, 107.422462, 
            655.176259, 112.538369, 653.129896, 114.584732, 
            651.083533, 117.654277, 650.060352, 121.747002, 
            648.013989, 123.793365, 645.967626, 125.839728, 
            644.944444, 128.909273, 642.898082, 131.978817, 
            640.851719, 134.025180, 639.828537, 137.094724, 
            637.782174, 140.164269, 636.758993, 143.233813, 
            634.712630, 146.303357, 631.643086, 150.396083, 
            629.596723, 151.419265, 628.573541, 155.511990, 
            625.503997, 156.535172, 624.480815, 158.581535, 
            623.457634, 159.604716, 621.411271, 161.651079, 
            620.388090, 162.674261, 619.364908, 164.720624, 
            618.341727, 164.720624, 617.318545, 166.766986, 
            616.295364, 168.813349, 614.249001, 171.882894, 
            612.202638, 172.906075, 611.179456, 173.929257, 
            611.179456, 176.998801, 609.133094, 178.021982, 
            608.109912, 180.068345, 607.086731, 184.161071, 
            605.040368, 186.207434, 602.994005, 188.253797, 
            600.947642, 191.323341, 597.878098, 194.392886, 
            595.831735, 198.485612, 591.739009, 201.555156, 
            588.669464, 203.601519, 586.623102, 206.671063, 
            584.576739, 208.717426, 582.530376, 210.763789, 
            581.507194, 213.833333, 578.437650, 216.902878, 
            576.391287, 219.972422, 575.368106, 224.065148, 
            572.298561, 227.134692, 571.275380, 229.181055, 
            570.252198, 231.227418, 569.229017, 234.296962, 
            568.205835, 237.366507, 566.159472, 239.412870, 
            566.159472, 243.505596, 564.113110, 246.575140, 
            563.089928, 247.598321, 563.089928, 250.667866, 
            562.066747, 251.691047, 561.043565, 254.760592, 
            561.043565, 256.806954, 560.020384, 259.876499, 
            558.997202, 260.899680, 557.974021, 262.946043, 
            557.974021, 262.946043, 556.950839, 263.969225, 
            556.950839, 266.015588, 556.950839, 268.061950, 
            555.927658, 269.085132, 555.927658, 271.131495, 
            555.927658, 274.201039, 555.927658, 275.224221, 
            554.904476, 277.270584, 553.881295, 281.363309, 
            552.858114, 285.456035, 550.811751, 286.479217, 
            549.788569, 289.548761, 549.788569, 292.618305, 
            548.765388, 295.687850, 547.742206, 299.780576, 
            546.719025, 302.850120, 545.695843, 303.873301, 
            544.672662, 304.896483, 544.672662, 306.942846, 
            544.672662, 307.966027, 544.672662, 310.012390, 
            544.672662, 311.035572, 544.672662, 315.128297, 
            544.672662, 319.221023, 546.719025, 322.290568, 
            547.742206, 325.360112, 549.788569, 328.429656, 
            550.811751, 329.452838, 550.811751, 332.522382, 
            552.858114, 334.568745, 553.881295, 337.638289, 
            555.927658, 338.661471, 556.950839, 342.754197, 
            558.997202, 343.777378, 560.020384, 347.870104, 
            563.089928, 349.916467, 565.136291, 351.962830, 
            566.159472, 354.009193, 568.205835, 358.101918, 
            571.275380, 361.171463, 572.298561, 361.171463, 
            573.321743, 363.217826, 574.344924, 364.241007, 
            574.344924, 365.264189, 575.368106, 367.310552, 
            576.391287, 370.380096, 578.437650, 372.426459, 
            580.484013, 374.472822, 580.484013, 378.565548, 
            584.576739, 379.588729, 585.599920, 382.658273, 
            587.646283, 383.681455, 588.669464, 385.727818, 
            589.692646, 385.727818, 590.715827, 391.866906, 
            593.785372, 393.913269, 594.808553, 394.936451, 
            595.831735, 396.982814, 597.878098, 400.052358, 
            599.924460, 400.052358, 600.947642, 407.214628, 
            605.040368, 413.353717, 608.109912, 414.376898, 
            608.109912, 417.446443, 610.156275, 419.492806, 
            610.156275, 421.539169, 612.202638, 423.585532, 
            613.225819, 426.655076, 616.295364, 427.678257, 
            620.388090, 429.724620, 621.411271, 429.724620, 
            622.434452, 429.724620, 623.457634, 430.747802, 
            624.480815, 430.747802, 625.503997, 431.770983, 
            626.527178, 431.770983, 627.550360, 432.794165, 
            630.619904, 432.794165, 632.666267, 432.794165, 
            633.689448, 432.794165, 634.712630, 432.794165, 
            636.758993, 432.794165, 637.782174, 432.794165, 
            638.805356, 432.794165, 639.828537, 432.794165, 
            641.874900, 432.794165, 643.921263, 431.770983, 
            645.967626, 429.724620, 646.990807, 428.701439, 
            649.037170, 426.655076, 650.060352, 424.608713, 
            652.106715, 422.562350, 652.106715, 420.515987, 
            653.129896, 416.423261, 653.129896, 414.376898, 
            653.129896, 413.353717, 653.129896, 410.284173, 
            653.129896, 408.237810, 654.153078, 405.168265, 
            654.153078, 403.121902, 654.153078, 400.052358, 
            654.153078, 396.982814, 654.153078, 394.936451, 
            654.153078, 391.866906, 654.153078, 390.843725, 
            654.153078, 386.750999, 654.153078, 383.681455, 
            654.153078, 379.588729, 654.153078, 374.472822, 
            655.176259, 372.426459, 655.176259, 371.403277, 
            655.176259, 369.356914, 655.176259, 367.310552, 
            655.176259, 365.264189, 655.176259, 364.241007, 
            655.176259, 361.171463, 656.199440, 360.148281, 
            656.199440, 357.078737, 657.222622, 352.986011, 
            658.245803, 349.916467, 660.292166, 343.777378, 
            663.361711, 339.684652, 664.384892, 335.591926, 
            666.431255, 330.476019, 668.477618, 327.406475, 
            670.523981, 325.360112, 670.523981, 319.221023, 
            674.616707, 318.197842, 675.639888, 314.105116, 
            677.686251, 313.081934, 677.686251, 311.035572, 
            680.755795, 308.989209, 681.778977, 306.942846, 
            682.802158, 304.896483, 685.871703, 302.850120, 
            687.918066, 299.780576, 689.964428, 297.734213, 
            692.010791, 296.711031, 694.057154, 294.664668, 
            698.149880, 293.641487, 700.196243, 292.618305, 
            701.219424, 292.618305, 702.242606, 292.618305, 
            704.288969, 292.618305, 707.358513, 292.618305, 
            708.381695, 292.618305, 710.428058, 291.595124, 
            711.451239, 291.595124, 712.474420, 291.595124, 
            713.497602, 291.595124, 714.520783, 291.595124, 
            715.543965, 291.595124, 716.567146, -1.000000, 
            -1.000000, -1.000000, -1.000000, 737.702238, 
