%YAML:1.0
    mask: !!opencv-matrix
        rows: 224
        cols: 2
        dt: f
        data: [ 400.994845, 717.448454, 408.912371, 
            709.530928, 422.108247, 700.293814, 432.664948, 
            689.737113, 441.902062, 679.180412, 445.860825, 
            675.221649, 448.500000, 673.902062, 451.139175, 
            672.582474, 455.097938, 671.262887, 455.097938, 
            669.943299, 456.417526, 669.943299, 459.056701, 
            668.623711, 460.376289, 667.304124, 461.695876, 
            667.304124, 463.015464, 667.304124, 464.335052, 
            667.304124, 465.654639, 667.304124, 468.293814, 
            667.304124, 469.613402, 667.304124, 470.932990, 
            667.304124, 472.252577, 667.304124, 473.572165, 
            665.984536, 474.891753, 664.664948, 476.211340, 
            664.664948, 477.530928, 664.664948, 480.170103, 
            665.984536, 482.809278, 669.943299, 484.128866, 
            672.582474, 489.407216, 683.139175, 489.407216, 
            684.458763, 489.407216, 688.417526, 490.726804, 
            691.056701, 490.726804, 692.376289, 490.726804, 
            695.015464, 490.726804, 700.293814, 490.726804, 
            702.932990, 490.726804, 704.252577, 490.726804, 
            706.891753, 489.407216, 708.211340, 486.768041, 
            712.170103, 485.448454, 713.489691, 484.128866, 
            713.489691, 482.809278, 716.128866, 474.891753, 
            716.128866, 470.932990, 716.128866, 457.737113, 
            716.128866, 452.458763, 716.128866, 431.345361, 
            713.489691, 426.067010, 713.489691, 424.747423, 
            713.489691, 419.469072, 713.489691, 415.510309, 
            716.128866, 411.551546, 717.448454, 407.592784, 
            718.768041, 403.634021, 718.768041, -1.000000, 
            -1.000000, 703.180412, 665.984536, 703.180412, 
            671.262887, 703.180412, 676.541237, 703.180412, 
            685.778351, 701.860825, 691.056701, 701.860825, 
            693.695876, 701.860825, 696.335052, 701.860825, 
            698.974227, 701.860825, 700.293814, 701.860825, 
            705.572165, 701.860825, 706.891753, 701.860825, 
            709.530928, 701.860825, 710.850515, 701.860825, 
            717.448454, 703.180412, 718.768041, 775.757732, 
            718.768041, 775.757732, 717.448454, 778.396907, 
            716.128866, 779.716495, 714.809278, 779.716495, 
            713.489691, 775.757732, 708.211340, 762.561856, 
            701.613402, 754.644330, 695.015464, 745.407216, 
            688.417526, 740.128866, 683.139175, 738.809278, 
            683.139175, 736.170103, 680.500000, 733.530928, 
            679.180412, 726.932990, 675.221649, 719.015464, 
            667.304124, 711.097938, 660.706186, 707.139175, 
            659.386598, -1.000000, -1.000000, 680.747423, 
            301.778351, 686.025773, 307.056701, 695.262887, 
            317.613402, 701.860825, 325.530928, 705.819588, 
            328.170103, 711.097938, 330.809278, 719.015464, 
            334.768041, 725.613402, 340.046392, 728.252577, 
            342.685567, 734.850515, 345.324742, 741.448454, 
            347.963918, 742.768041, 349.283505, 744.087629, 
            349.283505, 746.726804, 349.283505, 752.005155, 
            350.603093, 757.283505, 350.603093, 765.201031, 
            350.603093, 774.438144, 350.603093, 779.716495, 
            350.603093, 786.314433, 349.283505, 791.592784, 
            346.644330, 796.871134, 345.324742, 800.829897, 
            344.005155, 803.469072, 342.685567, 804.788660, 
            341.365979, 806.108247, 338.726804, 806.108247, 
            336.087629, 807.427835, 328.170103, 810.067010, 
            317.613402, 810.067010, 316.293814, 810.067010, 
            313.654639, 810.067010, 311.015464, 807.427835, 
            299.139175, 806.108247, 296.500000, 800.829897, 
            288.582474, 799.510309, 287.262887, 798.190722, 
            283.304124, 795.551546, 279.345361, 790.273196, 
            275.386598, 784.994845, 272.747423, 782.355670, 
            270.108247, 778.396907, 266.149485, 770.479381, 
            259.551546, 759.922680, 251.634021, 755.963918, 
            248.994845, 754.644330, 248.994845, 753.324742, 
            248.994845, 748.046392, 246.355670, 741.448454, 
            246.355670, 738.809278, 246.355670, 734.850515, 
            246.355670, 732.211340, 247.675258, 728.252577, 
            251.634021, 726.932990, 254.273196, 726.932990, 
            266.149485, 726.932990, 272.747423, 741.448454, 
            284.623711, 744.087629, 285.943299, 744.087629, 
            289.902062, 740.128866, 291.221649, 728.252577, 
            296.500000, 700.541237, 299.139175, 699.221649, 
            299.139175, -1.000000, -1.000000, 555.386598, 
            295.180412, 555.386598, 300.458763, 555.386598, 
            304.417526, 555.386598, 309.695876, 555.386598, 
            312.335052, 558.025773, 321.572165, 560.664948, 
            325.530928, 561.984536, 328.170103, 563.304124, 
            329.489691, 569.902062, 333.448454, 581.778351, 
            337.407216, 584.417526, 338.726804, 593.654639, 
            341.365979, 604.211340, 342.685567, 613.448454, 
            342.685567, 618.726804, 342.685567, 624.005155, 
            341.365979, 633.242268, 338.726804, 642.479381, 
            333.448454, 643.798969, 333.448454, 647.757732, 
            329.489691, 650.396907, 328.170103, 653.036082, 
            326.850515, 658.314433, 321.572165, 662.273196, 
            318.932990, 662.273196, 317.613402, 664.912371, 
            316.293814, 666.231959, 312.335052, 668.871134, 
            309.695876, 668.871134, 308.376289, 666.231959, 
            303.097938, 658.314433, 296.500000, 655.675258, 
            293.860825, 654.355670, 293.860825, 651.716495, 
            292.541237, 650.396907, 292.541237, 649.077320, 
            292.541237, 642.479381, 292.541237, 638.520619, 
            292.541237, 635.881443, 292.541237, 627.963918, 
            292.541237, 620.046392, 292.541237, 614.768041, 
            289.902062, 609.489691, 289.902062, 604.211340, 
            287.262887, 594.974227, 285.943299, 592.335052, 
            284.623711, 592.335052, 283.304124, 592.335052, 
            281.984536, 592.335052, 279.345361, 597.613402, 
            270.108247, 602.891753, 268.788660, 606.850515, 
            267.469072, 612.128866, 267.469072, 616.087629, 
            266.149485, 620.046392, 266.149485, 622.685567, 
            266.149485, 624.005155, 266.149485, 631.922680, 
            266.149485, 631.922680, 264.829897, 630.603093, 
            256.912371, 625.324742, 247.675258, 622.685567, 
            246.355670, 617.407216, 243.716495, 613.448454, 
            243.716495, 608.170103, 246.355670, 600.252577, 
            252.953608, 581.778351, 266.149485, 571.221649, 
            272.747423, 571.221649, 274.067010, 569.902062, 
            276.706186]
