%YAML:1.0
    mask: !!opencv-matrix
        rows: 214
        cols: 2
        dt: f
        data: [ -1.000000, -1.000000, 638.520619, 
            40.500000, 633.242268, 44.458763, 625.324742, 
            47.097938, 620.046392, 49.737113, 612.128866, 
            53.695876, 608.170103, 57.654639, 605.530928, 
            60.293814, 602.891753, 61.613402, 597.613402, 
            66.891753, 593.654639, 69.530928, 592.335052, 
            73.489691, 591.015464, 76.128866, 585.737113, 
            82.726804, 584.417526, 86.685567, 583.097938, 
            88.005155, 580.458763, 91.963918, 579.139175, 
            95.922680, 575.180412, 103.840206, 572.541237, 
            109.118557, 569.902062, 114.396907, 567.262887, 
            119.675258, 564.623711, 126.273196, 561.984536, 
            130.231959, 560.664948, 135.510309, 559.345361, 
            140.788660, 558.025773, 146.067010, 556.706186, 
            151.345361, 555.386598, 156.623711, 555.386598, 
            159.262887, 554.067010, 168.500000, 554.067010, 
            169.819588, 554.067010, 172.458763, 554.067010, 
            175.097938, 554.067010, 184.335052, 554.067010, 
            192.252577, 554.067010, 193.572165, 554.067010, 
            200.170103, 554.067010, 206.768041, 555.386598, 
            212.046392, 556.706186, 212.046392, 558.025773, 
            213.365979, 558.025773, 214.685567, 560.664948, 
            217.324742, 561.984536, 218.644330, 564.623711, 
            218.644330, 565.943299, 217.324742, 565.943299, 
            216.005155, 568.582474, 214.685567, 569.902062, 
            214.685567, 572.541237, 214.685567, 575.180412, 
            214.685567, 577.819588, 214.685567, 580.458763, 
            216.005155, 581.778351, 216.005155, 584.417526, 
            218.644330, 587.056701, 221.283505, 587.056701, 
            222.603093, 588.376289, 227.881443, 589.695876, 
            227.881443, 591.015464, 230.520619, 592.335052, 
            233.159794, 593.654639, 235.798969, 594.974227, 
            238.438144, 596.293814, 241.077320, 598.932990, 
            243.716495, 598.932990, 245.036082, 601.572165, 
            247.675258, 602.891753, 250.314433, 605.530928, 
            251.634021, 608.170103, 252.953608, 610.809278, 
            252.953608, 613.448454, 252.953608, 616.087629, 
            252.953608, 618.726804, 252.953608, 621.365979, 
            252.953608, 622.685567, 252.953608, 624.005155, 
            251.634021, 626.644330, 250.314433, 630.603093, 
            248.994845, 635.881443, 246.355670, 638.520619, 
            246.355670, 645.118557, 245.036082, 646.438144, 
            243.716495, 651.716495, 242.396907, 654.355670, 
            242.396907, 662.273196, 241.077320, 664.912371, 
            239.757732, 670.190722, 238.438144, 672.829897, 
            237.118557, 675.469072, 237.118557, 682.067010, 
            235.798969, 686.025773, 234.479381, 689.984536, 
            234.479381, 695.262887, 234.479381, 699.221649, 
            235.798969, 701.860825, 235.798969, 704.500000, 
            235.798969, 708.458763, 235.798969, 716.376289, 
            235.798969, 720.335052, 235.798969, 721.654639, 
            234.479381, 724.293814, 234.479381, 729.572165, 
            234.479381, 733.530928, 231.840206, 741.448454, 
            229.201031, 745.407216, 227.881443, 746.726804, 
            226.561856, 748.046392, 225.242268, 757.283505, 
            222.603093, 761.242268, 221.283505, 763.881443, 
            219.963918, 767.840206, 217.324742, 769.159794, 
            217.324742, 773.118557, 216.005155, 775.757732, 
            214.685567, 778.396907, 213.365979, 783.675258, 
            210.726804, 787.634021, 210.726804, 790.273196, 
            209.407216, 791.592784, 208.087629, 792.912371, 
            206.768041, 792.912371, 205.448454, 792.912371, 
            202.809278, 792.912371, 198.850515, 792.912371, 
            197.530928, 792.912371, 190.932990, 791.592784, 
            181.695876, 791.592784, 176.417526, 790.273196, 
            167.180412, 790.273196, 165.860825, 790.273196, 
            161.902062, 790.273196, 155.304124, 791.592784, 
            148.706186, 792.912371, 142.108247, 798.190722, 
            130.231959, 804.788660, 118.355670, 808.747423, 
            111.757732, 814.025773, 98.561856, 815.345361, 
            94.603093, 815.345361, 91.963918, 815.345361, 
            89.324742, 815.345361, 85.365979, 814.025773, 
            81.407216, 810.067010, 76.128866, 806.108247, 
            72.170103, 799.510309, 68.211340, 792.912371, 
            65.572165, 787.634021, 62.932990, 778.396907, 
            57.654639, 775.757732, 55.015464, 767.840206, 
            51.056701, 755.963918, 48.417526, 745.407216, 
            47.097938, 738.809278, 47.097938, 726.932990, 
            47.097938, 722.974227, 47.097938, 717.695876, 
            47.097938, 709.778351, 47.097938, 701.860825, 
            45.778351, 700.541237, 45.778351, 697.902062, 
            45.778351, 680.747423, 45.778351, 676.788660, 
            45.778351, 671.510309, 44.458763, 668.871134, 
            43.139175, 663.592784, 43.139175, 658.314433, 
            43.139175, 656.994845, 41.819588, -1.000000, 
            -1.000000, -1.000000, -1.000000, 431.345361, 
            683.139175, 426.067010, 680.500000, 420.788660, 
            677.860825, 416.829897, 676.541237, 414.190722, 
            676.541237, 408.912371, 675.221649, 404.953608, 
            675.221649, 398.355670, 676.541237, 394.396907, 
            676.541237, 387.798969, 677.860825, 381.201031, 
            680.500000, 377.242268, 681.819588, 371.963918, 
            684.458763, 369.324742, 684.458763, 361.407216, 
            688.417526, 358.768041, 688.417526, 354.809278, 
            691.056701, 349.530928, 693.695876, 346.891753, 
            695.015464, 345.572165, 696.335052, 342.932990, 
            697.654639, 338.974227, 700.293814, 336.335052, 
            701.613402, 336.335052, 702.932990, 333.695876, 
            705.572165, 328.417526, 710.850515, 325.778351, 
            714.809278, 324.458763, 718.768041, 459.056701, 
            718.768041, 459.056701, 717.448454, 457.737113, 
            714.809278, 456.417526, 714.809278, 456.417526, 
            712.170103, 455.097938, 710.850515, 455.097938, 
            709.530928, 455.097938, 706.891753, 453.778351, 
            705.572165, 453.778351, 702.932990, 452.458763, 
            698.974227, 452.458763, 697.654639, 451.139175, 
            693.695876, 449.819588, 691.056701, 449.819588, 
            689.737113]
