%YAML:1.0
    mask: !!opencv-matrix
        rows: 494
        cols: 2
        dt: f
        data: [ 312.582474, 712.170103, 319.180412, 
            710.850515, 324.458763, 710.850515, 327.097938, 
            708.211340, 329.737113, 708.211340, 329.737113, 
            706.891753, 332.376289, 705.572165, 333.695876, 
            705.572165, 335.015464, 702.932990, 337.654639, 
            700.293814, 341.613402, 695.015464, 342.932990, 
            693.695876, 344.252577, 692.376289, 346.891753, 
            688.417526, 348.211340, 687.097938, 350.850515, 
            683.139175, 352.170103, 680.500000, 354.809278, 
            679.180412, 357.448454, 676.541237, 362.726804, 
            671.262887, 365.365979, 669.943299, 370.644330, 
            665.984536, 373.283505, 664.664948, 377.242268, 
            662.025773, 381.201031, 659.386598, 385.159794, 
            655.427835, 387.798969, 654.108247, 391.757732, 
            651.469072, 393.077320, 650.149485, 395.716495, 
            647.510309, 400.994845, 644.871134, 403.634021, 
            642.231959, 410.231959, 639.592784, 419.469072, 
            632.994845, 424.747423, 630.355670, 430.025773, 
            627.716495, 431.345361, 626.396907, 435.304124, 
            623.757732, 440.582474, 619.798969, 447.180412, 
            617.159794, 451.139175, 615.840206, 459.056701, 
            610.561856, 460.376289, 610.561856, 460.376289, 
            609.242268, 460.376289, 607.922680, 460.376289, 
            603.963918, 460.376289, 602.644330, 459.056701, 
            590.768041, 457.737113, 588.128866, 451.139175, 
            578.891753, 447.180412, 572.293814, 441.902062, 
            565.695876, 436.623711, 561.737113, 432.664948, 
            559.097938, 431.345361, 557.778351, 427.386598, 
            553.819588, 426.067010, 552.500000, 423.427835, 
            551.180412, 420.788660, 548.541237, 418.149485, 
            545.902062, 415.510309, 544.582474, 412.871134, 
            544.582474, 408.912371, 543.262887, 404.953608, 
            543.262887, 399.675258, 543.262887, 394.396907, 
            543.262887, 385.159794, 543.262887, 382.520619, 
            543.262887, 375.922680, 543.262887, 371.963918, 
            543.262887, 369.324742, 543.262887, 360.087629, 
            544.582474, 346.891753, 544.582474, 324.458763, 
            548.541237, 319.180412, 548.541237, 312.582474, 
            549.860825, 307.304124, 552.500000, 299.386598, 
            555.139175, 294.108247, 557.778351, 291.469072, 
            560.417526, 284.871134, 564.376289, 282.231959, 
            567.015464, 276.953608, 573.613402, 272.994845, 
            577.572165, 267.716495, 585.489691, 263.757732, 
            588.128866, 253.201031, 596.046392, 247.922680, 
            598.685567, 237.365979, 605.283505, 230.768041, 
            610.561856, 225.489691, 614.520619, 213.613402, 
            623.757732, 210.974227, 625.077320, 205.695876, 
            630.355670, 199.097938, 635.634021, 189.860825, 
            643.551546, 185.902062, 647.510309, 181.943299, 
            652.788660, 177.984536, 656.747423, 175.345361, 
            660.706186, 171.386598, 665.984536, 168.747423, 
            671.262887, 166.108247, 673.902062, 164.788660, 
            680.500000, 163.469072, 683.139175, 162.149485, 
            685.778351, 162.149485, 691.056701, 162.149485, 
            692.376289, 162.149485, 697.654639, 162.149485, 
            700.293814, 166.108247, 708.211340, 167.427835, 
            709.530928, 168.747423, 712.170103, 170.067010, 
            714.809278, 171.386598, 718.768041, -1.000000, 
            -1.000000, 703.180412, 713.489691, 703.180412, 
            708.211340, 699.221649, 693.695876, 695.262887, 
            685.778351, 686.025773, 668.623711, 684.706186, 
            665.984536, 683.386598, 663.345361, 682.067010, 
            659.386598, 680.747423, 655.427835, 680.747423, 
            651.469072, 680.747423, 647.510309, 679.427835, 
            643.551546, 679.427835, 636.953608, 679.427835, 
            634.314433, 678.108247, 621.118557, 678.108247, 
            617.159794, 678.108247, 614.520619, 678.108247, 
            613.201031, 679.427835, 607.922680, 679.427835, 
            606.603093, 679.427835, 605.283505, 680.747423, 
            605.283505, 682.067010, 603.963918, 683.386598, 
            602.644330, 689.984536, 600.005155, 691.304124, 
            600.005155, 692.623711, 600.005155, 696.582474, 
            598.685567, 699.221649, 597.365979, 701.860825, 
            596.046392, 704.500000, 594.726804, 707.139175, 
            593.407216, 708.458763, 593.407216, 709.778351, 
            592.087629, 709.778351, 590.768041, 711.097938, 
            588.128866, 712.417526, 586.809278, 713.737113, 
            584.170103, 713.737113, 580.211340, 715.056701, 
            574.932990, 715.056701, 570.974227, 712.417526, 
            567.015464, 711.097938, 567.015464, 705.819588, 
            564.376289, 704.500000, 561.737113, 701.860825, 
            557.778351, 701.860825, 556.458763, 700.541237, 
            553.819588, 700.541237, 552.500000, 699.221649, 
            552.500000, 699.221649, 551.180412, 699.221649, 
            549.860825, 699.221649, 545.902062, 699.221649, 
            541.943299, 699.221649, 537.984536, 700.541237, 
            536.664948, 700.541237, 535.345361, 703.180412, 
            532.706186, 705.819588, 530.067010, 705.819588, 
            528.747423, 708.458763, 527.427835, 711.097938, 
            524.788660, 720.335052, 522.149485, 724.293814, 
            522.149485, 729.572165, 520.829897, 736.170103, 
            519.510309, 740.128866, 519.510309, 742.768041, 
            519.510309, 749.365979, 518.190722, 753.324742, 
            518.190722, 754.644330, 518.190722, 754.644330, 
            516.871134, 755.963918, 516.871134, 758.603093, 
            516.871134, 759.922680, 516.871134, 761.242268, 
            516.871134, 762.561856, 516.871134, 763.881443, 
            516.871134, 765.201031, 516.871134, 766.520619, 
            516.871134, 767.840206, 516.871134, 769.159794, 
            518.190722, 771.798969, 519.510309, 775.757732, 
            522.149485, 779.716495, 526.108247, 782.355670, 
            530.067010, 786.314433, 534.025773, 790.273196, 
            540.623711, 792.912371, 544.582474, 795.551546, 
            548.541237, 802.149485, 560.417526, 806.108247, 
            567.015464, 810.067010, 576.252577, 812.706186, 
            582.850515, 815.345361, 585.489691, 817.984536, 
            588.128866, 820.623711, 589.448454, 824.582474, 
            593.407216, 828.541237, 598.685567, 831.180412, 
            601.324742, 833.819588, 603.963918, 836.458763, 
            606.603093, 839.097938, 609.242268, 840.417526, 
            611.881443, 841.737113, 614.520619, 843.056701, 
            615.840206, 843.056701, 618.479381, 845.695876, 
            622.438144, 849.654639, 631.675258, 853.613402, 
            640.912371, 856.252577, 647.510309, 858.891753, 
            652.788660, 860.211340, 660.706186, 862.850515, 
            665.984536, 865.489691, 672.582474, 866.809278, 
            676.541237, 868.128866, 683.139175, 868.128866, 
            687.097938, 870.768041, 693.695876, 872.087629, 
            696.335052, 872.087629, 704.252577, 872.087629, 
            706.891753, 872.087629, 708.211340, 873.407216, 
            712.170103, 874.726804, 713.489691, 874.726804, 
            714.809278, 876.046392, 717.448454, 877.365979, 
            718.768041, -1.000000, -1.000000, 848.335052, 
            264.829897, 843.056701, 268.788660, 839.097938, 
            271.427835, 833.819588, 275.386598, 831.180412, 
            276.706186, 825.902062, 281.984536, 823.262887, 
            283.304124, 820.623711, 287.262887, 817.984536, 
            289.902062, 815.345361, 293.860825, 814.025773, 
            295.180412, 811.386598, 299.139175, 810.067010, 
