%YAML:1.0
    mask: !!opencv-matrix
        rows: 914
        cols: 2
        dt: f
        data: [ 4.081135, 717.590328, 5.104317, 
            717.590328, 5.104317, 716.567146, 5.104317, 
            715.543965, 5.104317, 712.474420, 5.104317, 
            709.404876, 5.104317, 707.358513, 5.104317, 
            706.335332, 5.104317, 702.242606, 5.104317, 
            700.196243, 5.104317, 699.173062, 4.081135, 
            697.126699, 3.057954, 694.057154, 3.057954, 
            693.033973, 2.034772, 690.987610, 1.011591, 
            687.918066, 1.011591, 684.848521, 1.011591, 
            683.825340, 1.011591, 679.732614, 2.034772, 
            675.639888, 2.034772, 672.570344, 2.034772, 
            671.547162, 4.081135, 667.454436, 5.104317, 
            664.384892, 5.104317, 663.361711, 6.127498, 
            660.292166, 7.150679, 658.245803, 7.150679, 
            656.199440, 9.197042, 654.153078, 9.197042, 
            653.129896, 9.197042, 652.106715, 9.197042, 
            651.083533, 10.220224, 650.060352, 10.220224, 
            648.013989, 11.243405, 644.944444, 11.243405, 
            642.898082, 12.266587, 639.828537, 13.289768, 
            639.828537, 14.312950, 636.758993, 14.312950, 
            634.712630, 16.359313, 632.666267, 17.382494, 
            630.619904, 19.428857, 628.573541, 20.452038, 
            625.503997, 20.452038, 624.480815, 22.498401, 
            622.434452, 23.521583, 622.434452, 25.567946, 
            620.388090, 28.637490, 617.318545, 31.707034, 
            615.272182, 37.846123, 611.179456, 41.938849, 
            608.109912, 42.962030, 607.086731, 48.077938, 
            604.017186, 53.193845, 600.947642, 54.217026, 
            599.924460, 57.286571, 598.901279, 58.309752, 
            598.901279, 60.356115, 598.901279, 62.402478, 
            597.878098, 65.472022, 596.854916, 68.541567, 
            596.854916, 69.564748, 595.831735, 73.657474, 
            594.808553, 74.680655, 594.808553, 76.727018, 
            592.762190, 77.750200, 592.762190, 80.819744, 
            591.739009, 82.866107, 591.739009, 84.912470, 
            589.692646, 85.935651, 589.692646, 89.005196, 
            588.669464, 94.121103, 585.599920, 96.167466, 
            584.576739, 100.260192, 582.530376, 105.376099, 
            580.484013, 111.515188, 576.391287, 121.747002, 
            570.252198, 126.862910, 568.205835, 127.886091, 
            568.205835, 129.932454, 567.182654, 131.978817, 
            567.182654, 136.071543, 565.136291, 137.094724, 
            565.136291, 140.164269, 563.089928, 142.210631, 
            562.066747, 143.233813, 561.043565, 148.349720, 
            558.997202, 155.511990, 555.927658, 159.604716, 
            553.881295, 164.720624, 550.811751, 169.836531, 
            549.788569, 174.952438, 547.742206, 176.998801, 
            546.719025, 182.114708, 545.695843, 189.276978, 
            541.603118, 194.392886, 539.556755, 199.508793, 
            538.533573, 201.555156, 538.533573, 205.647882, 
            536.487210, 209.740608, 536.487210, 211.786970, 
            536.487210, 213.833333, 536.487210, 217.926059, 
            536.487210, 218.949241, 536.487210, 226.111511, 
            536.487210, 232.250600, 536.487210, 236.343325, 
            536.487210, 241.459233, 537.510392, 242.482414, 
            537.510392, 249.644684, 539.556755, 252.714229, 
            539.556755, 253.737410, 540.579936, 258.853317, 
            541.603118, 261.922862, 542.626299, 262.946043, 
            542.626299, 267.038769, 543.649480, 270.108313, 
            544.672662, 271.131495, 544.672662, 274.201039, 
            545.695843, 278.293765, 546.719025, 282.386491, 
            547.742206, 289.548761, 549.788569, 294.664668, 
            550.811751, 295.687850, 550.811751, 299.780576, 
            551.834932, 300.803757, 552.858114, 302.850120, 
            553.881295, 304.896483, 553.881295, 306.942846, 
            553.881295, 307.966027, 554.904476, 310.012390, 
            554.904476, 311.035572, 554.904476, 313.081934, 
            556.950839, 314.105116, 558.997202, 314.105116, 
            560.020384, 314.105116, 561.043565, 313.081934, 
            563.089928, 311.035572, 565.136291, 310.012390, 
            566.159472, 308.989209, 568.205835, 306.942846, 
            569.229017, 305.919664, 570.252198, 304.896483, 
            571.275380, 303.873301, 572.298561, 301.826938, 
            573.321743, 297.734213, 574.344924, 294.664668, 
            575.368106, 293.641487, 575.368106, 289.548761, 
            576.391287, 288.525580, 576.391287, 284.432854, 
            577.414468, 282.386491, 577.414468, 279.316946, 
            578.437650, 275.224221, 578.437650, 269.085132, 
            579.460831, 259.876499, 580.484013, 257.830136, 
            581.507194, 253.737410, 582.530376, 252.714229, 
            582.530376, 248.621503, 582.530376, 244.528777, 
            582.530376, 243.505596, 583.553557, 239.412870, 
            584.576739, 238.389688, 584.576739, 237.366507, 
            584.576739, 237.366507, 585.599920, 237.366507, 
            586.623102, 237.366507, 588.669464, 239.412870, 
            590.715827, 242.482414, 593.785372, 247.598321, 
            597.878098, 248.621503, 598.901279, 251.691047, 
            599.924460, 251.691047, 600.947642, 256.806954, 
            604.017186, 258.853317, 606.063549, 258.853317, 
            607.086731, 262.946043, 610.156275, 263.969225, 
            612.202638, 264.992406, 613.225819, 266.015588, 
            615.272182, 267.038769, 617.318545, 267.038769, 
            618.341727, 269.085132, 620.388090, 270.108313, 
            622.434452, 271.131495, 624.480815, 272.154676, 
            625.503997, 273.177858, 628.573541, 274.201039, 
            630.619904, 275.224221, 633.689448, 277.270584, 
            637.782174, 278.293765, 640.851719, 279.316946, 
            643.921263, 281.363309, 648.013989, 282.386491, 
            649.037170, 282.386491, 651.083533, 284.432854, 
            654.153078, 285.456035, 655.176259, 285.456035, 
            656.199440, 286.479217, 658.245803, 286.479217, 
            660.292166, 287.502398, 663.361711, 287.502398, 
            665.408074, 287.502398, 666.431255, 287.502398, 
            669.500799, 286.479217, 672.570344, 285.456035, 
            676.663070, 282.386491, 681.778977, 277.270584, 
            689.964428, 269.085132, 697.126699, 264.992406, 
            702.242606, 260.899680, 706.335332, 258.853317, 
            708.381695, 258.853317, 709.404876, 256.806954, 
            710.428058, 255.783773, 711.451239, 254.760592, 
            713.497602, 253.737410, 714.520783, 252.714229, 
            714.520783, 252.714229, 715.543965, 252.714229, 
            716.567146, -1.000000, -1.000000, 775.559952, 
            717.590328, 775.559952, 716.567146, 774.536771, 
            714.520783, 773.513589, 710.428058, 772.490408, 
            706.335332, 770.444045, 703.265787, 768.397682, 
            699.173062, 767.374500, 697.126699, 766.351319, 
            695.080336, 765.328137, 693.033973, 764.304956, 
            689.964428, 763.281775, 689.964428, 762.258593, 
            688.941247, 761.235412, 687.918066, 759.189049, 
            685.871703, 757.142686, 683.825340, 755.096323, 
            681.778977, 752.026779, 678.709432, 749.980416, 
            676.663070, 749.980416, 675.639888, 746.910871, 
            673.593525, 745.887690, 673.593525, 743.841327, 
            669.500799, 742.818145, 668.477618, 740.771783, 
            666.431255, 736.679057, 662.338529, 733.609512, 
            660.292166, 733.609512, 659.268985, 731.563149, 
            657.222622, 728.493605, 652.106715, 727.470424, 
            650.060352, 725.424061, 649.037170, 723.377698, 
            644.944444, 722.354516, 642.898082, 720.308153, 
            639.828537, 720.308153, 638.805356, 718.261791, 
            636.758993, 715.192246, 632.666267, 714.169065, 
