%YAML:1.0
    mask: !!opencv-matrix
        rows: 1556
        cols: 2
        dt: f
        data: [ 360.152174, 719.456522, 364.326087, 
            718.065217, 367.108696, 716.673913, 368.500000, 
            715.282609, 369.891304, 713.891304, 371.282609, 
            712.500000, 372.673913, 711.108696, 374.065217, 
            711.108696, 375.456522, 709.717391, 376.847826, 
            708.326087, 378.239130, 706.934783, 379.630435, 
            706.934783, 381.021739, 706.934783, 382.413043, 
            705.543478, 383.804348, 704.152174, 386.586957, 
            704.152174, 387.978261, 704.152174, 390.760870, 
            704.152174, 392.152174, 702.760870, 394.934783, 
            702.760870, 396.326087, 702.760870, 399.108696, 
            702.760870, 400.500000, 702.760870, 403.282609, 
            702.760870, 404.673913, 702.760870, 407.456522, 
            702.760870, 410.239130, 702.760870, 413.021739, 
            702.760870, 414.413043, 702.760870, 417.195652, 
            702.760870, 418.586957, 702.760870, 419.978261, 
            702.760870, 421.369565, 702.760870, 422.760870, 
            702.760870, 424.152174, 702.760870, 425.543478, 
            702.760870, 426.934783, 702.760870, 428.326087, 
            702.760870, 429.717391, 701.369565, 431.108696, 
            701.369565, 432.500000, 701.369565, 433.891304, 
            699.978261, 435.282609, 699.978261, 435.282609, 
            698.586957, 436.673913, 698.586957, 438.065217, 
            698.586957, 439.456522, 698.586957, 439.456522, 
            697.195652, 440.847826, 697.195652, 442.239130, 
            695.804348, 443.630435, 694.413043, 445.021739, 
            694.413043, 446.413043, 693.021739, 449.195652, 
            691.630435, 450.586957, 690.239130, 453.369565, 
            690.239130, 454.760870, 690.239130, 456.152174, 
            688.847826, 457.543478, 688.847826, 458.934783, 
            687.456522, 461.717391, 686.065217, 463.108696, 
            684.673913, 464.500000, 684.673913, 467.282609, 
            684.673913, 467.282609, 683.282609, 468.673913, 
            683.282609, 468.673913, 681.891304, 465.891304, 
            680.500000, 465.891304, 679.108696, 465.891304, 
            677.717391, 464.500000, 677.717391, 463.108696, 
            677.717391, 460.326087, 677.717391, 458.934783, 
            677.717391, 456.152174, 676.326087, 454.760870, 
            676.326087, 453.369565, 674.934783, 450.586957, 
            674.934783, 450.586957, 673.543478, 449.195652, 
            673.543478, 447.804348, 673.543478, 446.413043, 
            672.152174, 445.021739, 672.152174, 445.021739, 
            669.369565, 443.630435, 669.369565, 442.239130, 
            667.978261, 440.847826, 667.978261, 440.847826, 
            666.586957, 439.456522, 666.586957, 438.065217, 
            665.195652, 436.673913, 663.804348, 436.673913, 
            662.413043, 435.282609, 662.413043, 435.282609, 
            661.021739, 433.891304, 659.630435, 433.891304, 
            658.239130, 432.500000, 656.847826, 431.108696, 
            656.847826, 431.108696, 654.065217, 429.717391, 
            654.065217, 429.717391, 652.673913, 428.326087, 
            652.673913, 426.934783, 649.891304, 425.543478, 
            649.891304, 424.152174, 649.891304, 424.152174, 
            648.500000, 422.760870, 648.500000, 421.369565, 
            647.108696, 418.586957, 645.717391, 417.195652, 
            644.326087, 414.413043, 644.326087, 411.630435, 
            641.543478, 410.239130, 641.543478, 408.847826, 
            641.543478, 406.065217, 640.152174, 404.673913, 
            640.152174, 401.891304, 638.760870, 400.500000, 
            637.369565, 397.717391, 637.369565, 396.326087, 
            635.978261, 393.543478, 635.978261, 392.152174, 
            635.978261, 390.760870, 635.978261, 390.760870, 
            634.586957, 389.369565, 634.586957, 389.369565, 
            633.195652, 389.369565, 630.413043, 390.760870, 
            627.630435, 392.152174, 627.630435, 392.152174, 
            626.239130, 393.543478, 626.239130, 394.934783, 
            623.456522, 396.326087, 623.456522, 397.717391, 
            622.065217, 397.717391, 620.673913, 400.500000, 
            619.282609, 401.891304, 619.282609, 403.282609, 
            617.891304, 404.673913, 617.891304, 406.065217, 
            616.500000, 406.065217, 615.108696, 407.456522, 
            615.108696, 408.847826, 613.717391, 410.239130, 
            612.326087, 411.630435, 612.326087, 411.630435, 
            610.934783, 413.021739, 610.934783, 414.413043, 
            609.543478, 417.195652, 606.760870, 418.586957, 
            605.369565, 419.978261, 601.195652, 421.369565, 
            598.413043, 422.760870, 598.413043, 422.760870, 
            597.021739, 424.152174, 594.239130, 425.543478, 
            592.847826, 426.934783, 592.847826, 426.934783, 
            591.456522, 426.934783, 590.065217, 426.934783, 
            587.282609, 429.717391, 585.891304, 429.717391, 
            584.500000, 429.717391, 583.108696, 429.717391, 
            581.717391, 429.717391, 578.934783, 429.717391, 
            577.543478, 429.717391, 576.152174, 428.326087, 
            574.760870, 428.326087, 573.369565, 428.326087, 
            571.978261, 426.934783, 569.195652, 425.543478, 
            567.804348, 424.152174, 565.021739, 422.760870, 
            565.021739, 421.369565, 563.630435, 421.369565, 
            562.239130, 419.978261, 560.847826, 418.586957, 
            560.847826, 417.195652, 560.847826, 417.195652, 
            559.456522, 415.804348, 559.456522, 415.804348, 
            558.065217, 415.804348, 556.673913, 414.413043, 
            556.673913, 413.021739, 556.673913, 411.630435, 
            556.673913, 410.239130, 556.673913, 408.847826, 
            556.673913, 406.065217, 558.065217, 404.673913, 
            559.456522, 403.282609, 559.456522, 401.891304, 
            562.239130, 400.500000, 562.239130, 399.108696, 
            563.630435, 396.326087, 565.021739, 394.934783, 
            567.804348, 393.543478, 567.804348, 392.152174, 
            569.195652, 389.369565, 570.586957, 387.978261, 
            573.369565, 386.586957, 573.369565, 385.195652, 
            573.369565, 385.195652, 574.760870, 383.804348, 
            574.760870, 383.804348, 576.152174, 382.413043, 
            577.543478, 379.630435, 578.934783, 378.239130, 
            578.934783, 378.239130, 580.326087, 376.847826, 
            580.326087, 375.456522, 581.717391, 375.456522, 
            583.108696, 372.673913, 584.500000, 371.282609, 
            584.500000, 369.891304, 585.891304, 368.500000, 
            587.282609, 365.717391, 588.673913, 364.326087, 
            588.673913, 364.326087, 590.065217, 362.934783, 
            590.065217, 361.543478, 591.456522, 360.152174, 
            591.456522, 358.760870, 592.847826, 357.369565, 
            594.239130, 354.586957, 595.630435, 353.195652, 
            598.413043, 351.804348, 598.413043, 350.413043, 
            598.413043, 350.413043, 599.804348, 347.630435, 
            599.804348, 347.630435, 601.195652, 346.239130, 
            602.586957, 344.847826, 603.978261, 343.456522, 
            603.978261, 342.065217, 605.369565, 340.673913, 
            605.369565, 339.282609, 608.152174, 337.891304, 
            608.152174, 336.500000, 608.152174, 336.500000, 
            609.543478, 335.108696, 609.543478, 335.108696, 
            610.934783, 333.717391, 610.934783, 332.326087, 
            612.326087, 330.934783, 613.717391, 328.152174, 
            615.108696, 326.760870, 615.108696, 326.760870, 
            616.500000, 323.978261, 617.891304, 322.586957, 
            619.282609, 321.195652, 619.282609, 319.804348, 
            619.282609, 318.413043, 619.282609, 318.413043, 
            620.673913, 317.021739, 620.673913, 315.630435, 
            620.673913, 314.239130, 622.065217, 311.456522, 
