%YAML:1.0
    mask: !!opencv-matrix
        rows: 909
        cols: 2
        dt: f
        data: [ -1.000000, -1.000000, 633.082781, 
            714.407285, 633.082781, 712.288079, 633.082781, 
            710.168874, 633.082781, 705.930464, 633.082781, 
            703.811258, 633.082781, 701.692053, 633.082781, 
            697.453642, 630.963576, 697.453642, 630.963576, 
            695.334437, 628.844371, 695.334437, 628.844371, 
            693.215232, 628.844371, 691.096026, 626.725166, 
            688.976821, 626.725166, 686.857616, 624.605960, 
            686.857616, 624.605960, 682.619205, 622.486755, 
            682.619205, 622.486755, 680.500000, 622.486755, 
            678.380795, 622.486755, 676.261589, 620.367550, 
            674.142384, 620.367550, 672.023179, 620.367550, 
            669.903974, 618.248344, 667.784768, 618.248344, 
            665.665563, 618.248344, 663.546358, 616.129139, 
            663.546358, 616.129139, 661.427152, 616.129139, 
            659.307947, 614.009934, 655.069536, 614.009934, 
            652.950331, 611.890728, 650.831126, 611.890728, 
            648.711921, 609.771523, 648.711921, 609.771523, 
            646.592715, 609.771523, 644.473510, 609.771523, 
            642.354305, 609.771523, 640.235099, 607.652318, 
            638.115894, 607.652318, 635.996689, 605.533113, 
            635.996689, 605.533113, 633.877483, 603.413907, 
            631.758278, 601.294702, 629.639073, 601.294702, 
            627.519868, 599.175497, 625.400662, 594.937086, 
            621.162252, 592.817881, 619.043046, 592.817881, 
            616.923841, 590.698675, 614.804636, 588.579470, 
            610.566225, 586.460265, 610.566225, 584.341060, 
            606.327815, 582.221854, 604.208609, 580.102649, 
            602.089404, 577.983444, 599.970199, 575.864238, 
            597.850993, 573.745033, 597.850993, 573.745033, 
            595.731788, 565.268212, 589.374172, 563.149007, 
            589.374172, 558.910596, 585.135762, 554.672185, 
            583.016556, 554.672185, 580.897351, 552.552980, 
            580.897351, 550.433775, 578.778146, 548.314570, 
            576.658940, 546.195364, 576.658940, 546.195364, 
            574.539735, 544.076159, 572.420530, 541.956954, 
            572.420530, 541.956954, 570.301325, 539.837748, 
            570.301325, 539.837748, 568.182119, 537.718543, 
            568.182119, 535.599338, 566.062914, 531.360927, 
            561.824503, 529.241722, 559.705298, 529.241722, 
            557.586093, 527.122517, 555.466887, 527.122517, 
            553.347682, 525.003311, 551.228477, 525.003311, 
            549.109272, 525.003311, 546.990066, 525.003311, 
            544.870861, 522.884106, 542.751656, 522.884106, 
            540.632450, 522.884106, 538.513245, 522.884106, 
            536.394040, 520.764901, 534.274834, 520.764901, 
            530.036424, 518.645695, 527.917219, 518.645695, 
            525.798013, 518.645695, 523.678808, 518.645695, 
            521.559603, 516.526490, 521.559603, 516.526490, 
            519.440397, 516.526490, 515.201987, 514.407285, 
            510.963576, 512.288079, 506.725166, 512.288079, 
            502.486755, 512.288079, 500.367550, 510.168874, 
            498.248344, 510.168874, 496.129139, 510.168874, 
            494.009934, 508.049669, 489.771523, 505.930464, 
            487.652318, 505.930464, 481.294702, 505.930464, 
            479.175497, 505.930464, 474.937086, 503.811258, 
            470.698675, 503.811258, 468.579470, 503.811258, 
            466.460265, 503.811258, 464.341060, 503.811258, 
            462.221854, 503.811258, 460.102649, 503.811258, 
            457.983444, 503.811258, 455.864238, 503.811258, 
            453.745033, 501.692053, 451.625828, 501.692053, 
            447.387417, 499.572848, 445.268212, 499.572848, 
            441.029801, 499.572848, 438.910596, 499.572848, 
            436.791391, 499.572848, 434.672185, 499.572848, 
            432.552980, 499.572848, 430.433775, 499.572848, 
            428.314570, 499.572848, 424.076159, 499.572848, 
            421.956954, 499.572848, 417.718543, 499.572848, 
            415.599338, 499.572848, 413.480132, 499.572848, 
            411.360927, 499.572848, 409.241722, 499.572848, 
            407.122517, 499.572848, 405.003311, 499.572848, 
            402.884106, 499.572848, 400.764901, 499.572848, 
            398.645695, 499.572848, 396.526490, 499.572848, 
            394.407285, 499.572848, 392.288079, 499.572848, 
            390.168874, 499.572848, 388.049669, 499.572848, 
            385.930464, 499.572848, 383.811258, 499.572848, 
            381.692053, 501.692053, 379.572848, 501.692053, 
            377.453642, 503.811258, 377.453642, 503.811258, 
            375.334437, 505.930464, 373.215232, 505.930464, 
            371.096026, 508.049669, 368.976821, 510.168874, 
            368.976821, 512.288079, 368.976821, 514.407285, 
            368.976821, 516.526490, 368.976821, 518.645695, 
            368.976821, 520.764901, 368.976821, 522.884106, 
            368.976821, 525.003311, 368.976821, 527.122517, 
            368.976821, 529.241722, 368.976821, 531.360927, 
            371.096026, 533.480132, 373.215232, 535.599338, 
            375.334437, 537.718543, 377.453642, 537.718543, 
            379.572848, 537.718543, 381.692053, 539.837748, 
            383.811258, 541.956954, 385.930464, 541.956954, 
            388.049669, 541.956954, 390.168874, 541.956954, 
            394.407285, 544.076159, 396.526490, 544.076159, 
            398.645695, 544.076159, 400.764901, 544.076159, 
            402.884106, 546.195364, 405.003311, 546.195364, 
            407.122517, 548.314570, 409.241722, 548.314570, 
            411.360927, 548.314570, 413.480132, 548.314570, 
            415.599338, 550.433775, 419.837748, 552.552980, 
            419.837748, 558.910596, 419.837748, 561.029801, 
            419.837748, 563.149007, 419.837748, 565.268212, 
            419.837748, 567.387417, 419.837748, 569.506623, 
            419.837748, 573.745033, 417.718543, 575.864238, 
            415.599338, 577.983444, 415.599338, 577.983444, 
            413.480132, 580.102649, 411.360927, 582.221854, 
            409.241722, 584.341060, 407.122517, 584.341060, 
            405.003311, 586.460265, 405.003311, 586.460265, 
            402.884106, 588.579470, 400.764901, 590.698675, 
            398.645695, 592.817881, 396.526490, 594.937086, 
            394.407285, 597.056291, 394.407285, 599.175497, 
            392.288079, 599.175497, 390.168874, 601.294702, 
            390.168874, 603.413907, 388.049669, 605.533113, 
            388.049669, 607.652318, 385.930464, 611.890728, 
            383.811258, 614.009934, 383.811258, 616.129139, 
            381.692053, 618.248344, 381.692053, 620.367550, 
            379.572848, 622.486755, 379.572848, 624.605960, 
            379.572848, 626.725166, 377.453642, 628.844371, 
            377.453642, 630.963576, 375.334437, 630.963576, 
            371.096026, 630.963576, 368.976821, 630.963576, 
            366.857616, 633.082781, 364.738411, 633.082781, 
            362.619205, 633.082781, 360.500000, 633.082781, 
            358.380795, 633.082781, 356.261589, 633.082781, 
            354.142384, 633.082781, 352.023179, 633.082781, 
            349.903974, 633.082781, 347.784768, 630.963576, 
            347.784768, 630.963576, 345.665563, 630.963576, 
            343.546358, 628.844371, 341.427152, 626.725166, 
            339.307947, 626.725166, 337.188742, 626.725166, 
            335.069536, 624.605960, 335.069536, 624.605960, 
            332.950331, 624.605960, 330.831126, 622.486755, 
            330.831126, 620.367550, 328.711921, 618.248344, 
            326.592715, 616.129139, 324.473510, 614.009934, 
            322.354305, 609.771523, 320.235099, 609.771523, 
            318.115894, 607.652318, 318.115894, 607.652318, 
