%YAML:1.0
    mask: !!opencv-matrix
        rows: 1016
        cols: 2
        dt: f
        data: [ 307.282609, 718.065217, 308.673913, 
            718.065217, 311.456522, 718.065217, 314.239130, 
            715.282609, 318.413043, 713.891304, 319.804348, 
            712.500000, 321.195652, 712.500000, 322.586957, 
            711.108696, 323.978261, 711.108696, 325.369565, 
            709.717391, 326.760870, 709.717391, 329.543478, 
            706.934783, 330.934783, 706.934783, 332.326087, 
            706.934783, 333.717391, 706.934783, 335.108696, 
            706.934783, 336.500000, 706.934783, 337.891304, 
            708.326087, 337.891304, 709.717391, 339.282609, 
            709.717391, 339.282609, 711.108696, 340.673913, 
            711.108696, 342.065217, 712.500000, 342.065217, 
            713.891304, 342.065217, 715.282609, 342.065217, 
            716.673913, 342.065217, 719.456522, 343.456522, 
            719.456522, -1.000000, -1.000000, 880.500000, 
            719.456522, 881.891304, 719.456522, 884.673913, 
            719.456522, 886.065217, 719.456522, 887.456522, 
            718.065217, 888.847826, 718.065217, 890.239130, 
            718.065217, 891.630435, 716.673913, 894.413043, 
            715.282609, 895.804348, 713.891304, 898.586957, 
            713.891304, 899.978261, 712.500000, 902.760870, 
            711.108696, 904.152174, 711.108696, 906.934783, 
            711.108696, 908.326087, 711.108696, 908.326087, 
            709.717391, 911.108696, 709.717391, 912.500000, 
            709.717391, 915.282609, 709.717391, 918.065217, 
            709.717391, 923.630435, 708.326087, 926.413043, 
            708.326087, 929.195652, 708.326087, 937.543478, 
            705.543478, 938.934783, 705.543478, 944.500000, 
            705.543478, 948.673913, 704.152174, 954.239130, 
            702.760870, 958.413043, 701.369565, 965.369565, 
            699.978261, 968.152174, 699.978261, 969.543478, 
            699.978261, 970.934783, 699.978261, 972.326087, 
            699.978261, 973.717391, 699.978261, 975.108696, 
            699.978261, 976.500000, 699.978261, 977.891304, 
            699.978261, 979.282609, 699.978261, 980.673913, 
            699.978261, 982.065217, 699.978261, 983.456522, 
            699.978261, 984.847826, 701.369565, 986.239130, 
            701.369565, 987.630435, 701.369565, 990.413043, 
            702.760870, 991.804348, 702.760870, 993.195652, 
            704.152174, 994.586957, 704.152174, 995.978261, 
            704.152174, 997.369565, 704.152174, 998.760870, 
            705.543478, 998.760870, 706.934783, 1000.152174, 
            708.326087, 1001.543478, 709.717391, 1004.326087, 
            713.891304, 1007.108696, 716.673913, 1007.108696, 
            719.456522, 1008.500000, 719.456522, -1.000000, 
            -1.000000, 812.326087, 341.021739, 812.326087, 
            342.413043, 812.326087, 345.195652, 812.326087, 
            346.586957, 812.326087, 347.978261, 812.326087, 
            349.369565, 810.934783, 350.760870, 810.934783, 
            352.152174, 809.543478, 353.543478, 808.152174, 
            353.543478, 808.152174, 354.934783, 806.760870, 
            356.326087, 806.760870, 357.717391, 805.369565, 
            357.717391, 805.369565, 359.108696, 803.978261, 
            359.108696, 802.586957, 360.500000, 801.195652, 
            361.891304, 798.413043, 363.282609, 797.021739, 
            364.673913, 795.630435, 364.673913, 794.239130, 
            364.673913, 794.239130, 366.065217, 792.847826, 
            366.065217, 791.456522, 366.065217, 788.673913, 
            366.065217, 787.282609, 367.456522, 784.500000, 
            367.456522, 783.108696, 367.456522, 783.108696, 
            368.847826, 781.717391, 370.239130, 780.326087, 
            370.239130, 778.934783, 371.630435, 774.760870, 
            374.413043, 773.369565, 374.413043, 771.978261, 
            375.804348, 770.586957, 375.804348, 769.195652, 
            375.804348, 766.413043, 378.586957, 765.021739, 
            378.586957, 763.630435, 378.586957, 760.847826, 
            379.978261, 756.673913, 381.369565, 752.500000, 
            382.760870, 749.717391, 382.760870, 749.717391, 
            384.152174, 748.326087, 384.152174, 748.326087, 
            385.543478, 746.934783, 386.934783, 745.543478, 
            389.717391, 744.152174, 391.108696, 742.760870, 
            392.500000, 739.978261, 395.282609, 739.978261, 
            396.673913, 739.978261, 398.065217, 739.978261, 
            399.456522, 738.586957, 399.456522, 738.586957, 
            400.847826, 737.195652, 400.847826, 734.413043, 
            403.630435, 734.413043, 405.021739, 733.021739, 
            405.021739, 733.021739, 406.413043, 731.630435, 
            406.413043, 730.239130, 407.804348, 730.239130, 
            409.195652, 728.847826, 409.195652, 727.456522, 
            410.586957, 726.065217, 411.978261, 726.065217, 
            413.369565, 724.673913, 413.369565, 724.673913, 
            414.760870, 723.282609, 416.152174, 720.500000, 
            418.934783, 719.108696, 420.326087, 719.108696, 
            421.717391, 717.717391, 423.108696, 716.326087, 
            424.500000, 716.326087, 427.282609, 716.326087, 
            428.673913, 716.326087, 431.456522, 716.326087, 
            432.847826, 716.326087, 434.239130, 716.326087, 
            435.630435, 716.326087, 437.021739, 716.326087, 
            438.413043, 716.326087, 439.804348, 716.326087, 
            441.195652, 717.717391, 441.195652, 719.108696, 
            441.195652, 719.108696, 439.804348, 721.891304, 
            437.021739, 721.891304, 435.630435, 723.282609, 
            435.630435, 724.673913, 432.847826, 724.673913, 
            431.456522, 726.065217, 431.456522, 727.456522, 
            430.065217, 728.847826, 430.065217, 728.847826, 
            428.673913, 730.239130, 427.282609, 731.630435, 
            427.282609, 733.021739, 427.282609, 734.413043, 
            425.891304, 737.195652, 424.500000, 738.586957, 
            423.108696, 739.978261, 423.108696, 741.369565, 
            421.717391, 744.152174, 418.934783, 745.543478, 
            417.543478, 746.934783, 417.543478, 746.934783, 
            416.152174, 748.326087, 416.152174, 748.326087, 
            414.760870, 751.108696, 413.369565, 752.500000, 
            411.978261, 753.891304, 411.978261, 755.282609, 
            410.586957, 756.673913, 410.586957, 758.065217, 
            407.804348, 759.456522, 407.804348, 760.847826, 
            406.413043, 760.847826, 405.021739, 762.239130, 
            405.021739, 763.630435, 405.021739, 765.021739, 
            405.021739, 766.413043, 405.021739, 767.804348, 
            405.021739, 769.195652, 405.021739, 770.586957, 
            405.021739, 770.586957, 407.804348, 769.195652, 
            409.195652, 769.195652, 410.586957, 767.804348, 
            411.978261, 767.804348, 413.369565, 766.413043, 
            416.152174, 766.413043, 417.543478, 766.413043, 
            420.326087, 765.021739, 421.717391, 765.021739, 
            423.108696, 765.021739, 424.500000, 765.021739, 
            425.891304, 763.630435, 427.282609, 763.630435, 
            428.673913, 763.630435, 430.065217, 760.847826, 
            431.456522, 760.847826, 434.239130, 760.847826, 
            435.630435, 759.456522, 438.413043, 758.065217, 
            438.413043, 758.065217, 439.804348, 758.065217, 
            442.586957, 756.673913, 442.586957, 756.673913, 
            443.978261, 756.673913, 445.369565, 756.673913, 
            446.760870, 755.282609, 449.543478, 755.282609, 
            450.934783, 755.282609, 453.717391, 755.282609, 
            455.108696, 753.891304, 457.891304, 752.500000, 
            459.282609, 751.108696, 462.065217, 749.717391, 
            463.456522, 748.326087, 464.847826, 748.326087, 
            466.239130, 748.326087, 467.630435, 748.326087, 
