%YAML:1.0
    mask: !!opencv-matrix
        rows: 844
        cols: 2
        dt: f
        data: [ -1.000000, -1.000000, -1.000000, 
            -1.000000, 752.500000, 469.021739, 751.108696, 
            469.021739, 748.326087, 470.413043, 746.934783, 
            470.413043, 745.543478, 471.804348, 744.152174, 
            471.804348, 742.760870, 471.804348, 742.760870, 
            473.195652, 741.369565, 473.195652, 739.978261, 
            473.195652, 739.978261, 474.586957, 738.586957, 
            474.586957, 738.586957, 475.978261, 737.195652, 
            475.978261, 737.195652, 477.369565, 737.195652, 
            478.760870, 737.195652, 480.152174, 737.195652, 
            481.543478, 737.195652, 482.934783, 737.195652, 
            484.326087, 737.195652, 485.717391, 737.195652, 
            487.108696, 737.195652, 488.500000, 737.195652, 
            489.891304, 737.195652, 491.282609, 738.586957, 
            492.673913, 738.586957, 494.065217, 738.586957, 
            495.456522, 739.978261, 495.456522, 739.978261, 
            496.847826, 739.978261, 498.239130, 741.369565, 
            498.239130, 741.369565, 499.630435, 742.760870, 
            499.630435, 744.152174, 501.021739, 745.543478, 
            501.021739, 746.934783, 502.413043, 748.326087, 
            502.413043, 748.326087, 503.804348, 749.717391, 
            503.804348, 749.717391, 505.195652, 751.108696, 
            505.195652, 752.500000, 505.195652, 752.500000, 
            506.586957, 753.891304, 506.586957, 755.282609, 
            506.586957, 756.673913, 506.586957, 756.673913, 
            507.978261, 758.065217, 507.978261, 759.456522, 
            509.369565, 760.847826, 509.369565, 762.239130, 
            510.760870, 763.630435, 510.760870, 765.021739, 
            512.152174, 766.413043, 512.152174, 766.413043, 
            513.543478, 767.804348, 513.543478, 769.195652, 
            513.543478, 769.195652, 514.934783, 770.586957, 
            514.934783, 770.586957, 516.326087, 771.978261, 
            516.326087, 773.369565, 516.326087, 774.760870, 
            516.326087, 774.760870, 517.717391, 776.152174, 
            517.717391, 776.152174, 519.108696, 777.543478, 
            520.500000, 778.934783, 520.500000, 778.934783, 
            521.891304, 780.326087, 521.891304, 780.326087, 
            523.282609, 781.717391, 523.282609, 781.717391, 
            524.673913, 783.108696, 524.673913, 784.500000, 
            524.673913, 785.891304, 526.065217, 785.891304, 
            527.456522, 787.282609, 527.456522, 787.282609, 
            528.847826, 790.065217, 528.847826, 791.456522, 
            528.847826, 791.456522, 530.239130, 792.847826, 
            530.239130, 794.239130, 530.239130, 795.630435, 
            530.239130, 795.630435, 531.630435, 797.021739, 
            531.630435, 797.021739, 533.021739, 798.413043, 
            533.021739, 799.804348, 533.021739, 801.195652, 
            533.021739, 802.586957, 533.021739, 803.978261, 
            533.021739, 805.369565, 533.021739, 806.760870, 
            533.021739, 808.152174, 534.413043, 809.543478, 
            534.413043, 810.934783, 534.413043, 812.326087, 
            534.413043, 813.717391, 534.413043, 815.108696, 
            534.413043, 816.500000, 534.413043, 817.891304, 
            534.413043, 819.282609, 534.413043, 822.065217, 
            534.413043, 823.456522, 534.413043, 826.239130, 
            534.413043, 827.630435, 534.413043, 830.413043, 
            534.413043, 831.804348, 534.413043, 834.586957, 
            534.413043, 835.978261, 534.413043, 837.369565, 
            534.413043, 838.760870, 534.413043, 840.152174, 
            534.413043, 841.543478, 534.413043, 842.934783, 
            534.413043, 844.326087, 534.413043, 845.717391, 
            533.021739, 847.108696, 533.021739, 847.108696, 
            531.630435, 848.500000, 531.630435, 849.891304, 
            531.630435, 851.282609, 531.630435, 852.673913, 
            531.630435, 854.065217, 531.630435, 855.456522, 
            531.630435, 855.456522, 530.239130, 858.239130, 
            530.239130, 859.630435, 530.239130, 861.021739, 
            530.239130, 862.413043, 530.239130, 863.804348, 
            530.239130, 863.804348, 528.847826, 865.195652, 
            528.847826, 866.586957, 528.847826, 866.586957, 
            527.456522, 866.586957, 526.065217, 867.978261, 
            526.065217, 869.369565, 526.065217, 869.369565, 
            524.673913, 870.760870, 524.673913, 872.152174, 
            523.282609, 873.543478, 523.282609, 874.934783, 
            521.891304, 876.326087, 520.500000, 877.717391, 
            520.500000, 877.717391, 519.108696, 879.108696, 
            519.108696, 879.108696, 517.717391, 880.500000, 
            517.717391, 880.500000, 516.326087, 880.500000, 
            514.934783, 880.500000, 513.543478, 880.500000, 
            512.152174, 880.500000, 510.760870, 880.500000, 
            509.369565, 880.500000, 507.978261, 880.500000, 
            506.586957, 880.500000, 505.195652, 880.500000, 
            503.804348, 881.891304, 503.804348, 881.891304, 
            502.413043, 881.891304, 501.021739, 881.891304, 
            499.630435, 881.891304, 498.239130, 881.891304, 
            496.847826, 881.891304, 495.456522, 883.282609, 
            495.456522, 883.282609, 494.065217, 883.282609, 
            492.673913, 883.282609, 491.282609, 883.282609, 
            489.891304, 883.282609, 488.500000, 883.282609, 
            487.108696, 884.673913, 485.717391, 884.673913, 
            484.326087, 884.673913, 482.934783, 884.673913, 
            481.543478, 886.065217, 480.152174, 886.065217, 
            478.760870, 886.065217, 477.369565, 887.456522, 
            475.978261, 887.456522, 474.586957, 887.456522, 
            473.195652, 888.847826, 473.195652, 888.847826, 
            471.804348, 888.847826, 470.413043, 888.847826, 
            469.021739, 888.847826, 467.630435, 888.847826, 
            466.239130, 888.847826, 462.065217, 888.847826, 
            460.673913, 888.847826, 459.282609, 888.847826, 
            457.891304, 888.847826, 456.500000, 888.847826, 
            455.108696, 887.456522, 455.108696, 887.456522, 
            453.717391, 887.456522, 452.326087, 886.065217, 
            452.326087, 886.065217, 450.934783, 886.065217, 
            449.543478, 884.673913, 449.543478, 884.673913, 
            448.152174, 884.673913, 446.760870, 883.282609, 
            446.760870, 883.282609, 445.369565, 883.282609, 
            443.978261, 881.891304, 442.586957, 881.891304, 
            441.195652, 880.500000, 441.195652, 879.108696, 
            439.804348, 879.108696, 438.413043, 879.108696, 
            437.021739, 877.717391, 437.021739, 877.717391, 
            435.630435, 876.326087, 434.239130, 876.326087, 
            432.847826, 876.326087, 431.456522, 874.934783, 
            430.065217, 873.543478, 430.065217, 873.543478, 
            428.673913, 873.543478, 427.282609, 872.152174, 
            427.282609, 872.152174, 425.891304, 870.760870, 
            425.891304, 870.760870, 424.500000, 869.369565, 
            424.500000, 867.978261, 424.500000, 867.978261, 
            423.108696, 866.586957, 423.108696, 865.195652, 
            421.717391, 865.195652, 420.326087, 863.804348, 
            420.326087, 863.804348, 418.934783, 862.413043, 
            417.543478, 861.021739, 416.152174, 859.630435, 
            414.760870, 859.630435, 413.369565, 858.239130, 
            413.369565, 856.847826, 411.978261, 855.456522, 
            411.978261, 855.456522, 410.586957, 855.456522, 
            409.195652, 854.065217, 409.195652, 854.065217, 
            407.804348, 852.673913, 407.804348, 851.282609, 
            407.804348, 849.891304, 406.413043, 848.500000, 
            406.413043, 848.500000, 405.021739, 847.108696, 
            405.021739, 844.326087, 402.239130, 842.934783, 
