%YAML:1.0
    mask: !!opencv-matrix
        rows: 378
        cols: 2
        dt: f
        data: [ -1.000000, -1.000000, 847.015464, 
            622.438144, 841.737113, 625.077320, 835.139175, 
            627.716495, 832.500000, 629.036082, 825.902062, 
            634.314433, 812.706186, 642.231959, 810.067010, 
            643.551546, 800.829897, 648.829897, 794.231959, 
            652.788660, 791.592784, 654.108247, 779.716495, 
            659.386598, 777.077320, 660.706186, 767.840206, 
            665.984536, 761.242268, 669.943299, 748.046392, 
            676.541237, 737.489691, 680.500000, 732.211340, 
            681.819588, 722.974227, 685.778351, 719.015464, 
            687.097938, 717.695876, 688.417526, 708.458763, 
            691.056701, 704.500000, 693.695876, 699.221649, 
            696.335052, 687.345361, 701.613402, 672.829897, 
            706.891753, 655.675258, 712.170103, 643.798969, 
            714.809278, 634.561856, 716.128866, 633.242268, 
            716.128866, 627.963918, 717.448454, 614.768041, 
            717.448454, 602.891753, 717.448454, 600.252577, 
            717.448454, 591.015464, 716.128866, 579.139175, 
            712.170103, 572.541237, 710.850515, 568.582474, 
            710.850515, 565.943299, 709.530928, 558.025773, 
            708.211340, 550.108247, 704.252577, 548.788660, 
            704.252577, 544.829897, 697.654639, 543.510309, 
            691.056701, 542.190722, 691.056701, 542.190722, 
            689.737113, 543.510309, 688.417526, 548.788660, 
            685.778351, 555.386598, 683.139175, 561.984536, 
            680.500000, 567.262887, 679.180412, 572.541237, 
            676.541237, 573.860825, 673.902062, 575.180412, 
            671.262887, 576.500000, 669.943299, 577.819588, 
            668.623711, 577.819588, 667.304124, 580.458763, 
            664.664948, 581.778351, 659.386598, 581.778351, 
            656.747423, 581.778351, 644.871134, 579.139175, 
            639.592784, 576.500000, 634.314433, 569.902062, 
            623.757732, 565.943299, 610.561856, 564.623711, 
            606.603093, 560.664948, 601.324742, 560.664948, 
            598.685567, 559.345361, 596.046392, 558.025773, 
            594.726804, 556.706186, 593.407216, 555.386598, 
            592.087629, 552.747423, 590.768041, 547.469072, 
            593.407216, 540.871134, 597.365979, 535.592784, 
            602.644330, 523.716495, 629.036082, 521.077320, 
            643.551546, 518.438144, 659.386598, 517.118557, 
            669.943299, 517.118557, 677.860825, 517.118557, 
            679.180412, 515.798969, 685.778351, 514.479381, 
            688.417526, 514.479381, 689.737113, 511.840206, 
            693.695876, 506.561856, 696.335052, 503.922680, 
            698.974227, 496.005155, 700.293814, 490.726804, 
            702.932990, 489.407216, 702.932990, 482.809278, 
            702.932990, 481.489691, 702.932990, 480.170103, 
            704.252577, 465.654639, 708.211340, 455.097938, 
            710.850515, 453.778351, 710.850515, 453.778351, 
            708.211340, 453.778351, 702.932990, 453.778351, 
            695.015464, 453.778351, 681.819588, 453.778351, 
            677.860825, 453.778351, 676.541237, 453.778351, 
            675.221649, 453.778351, 672.582474, 453.778351, 
            671.262887, 453.778351, 669.943299, 455.097938, 
            660.706186, 457.737113, 652.788660, 463.015464, 
            640.912371, 465.654639, 629.036082, 474.891753, 
            609.242268, 478.850515, 598.685567, 486.768041, 
            584.170103, 493.365979, 573.613402, 493.365979, 
            572.293814, 494.685567, 570.974227, 497.324742, 
            563.056701, 498.644330, 561.737113, 501.283505, 
            547.221649, 503.922680, 537.984536, 505.242268, 
            532.706186, 509.201031, 522.149485, 510.520619, 
            519.510309, 514.479381, 511.592784, 517.118557, 
            506.314433, 521.077320, 498.396907, 525.036082, 
            491.798969, 527.675258, 489.159794, 532.953608, 
            487.840206, 546.149485, 479.922680, 551.427835, 
            475.963918, 564.623711, 469.365979, 573.860825, 
            464.087629, 579.139175, 461.448454, 587.056701, 
            457.489691, 593.654639, 454.850515, 598.932990, 
            453.530928, 601.572165, 452.211340, 612.128866, 
            450.891753, 620.046392, 449.572165, 655.675258, 
            441.654639, 664.912371, 440.335052, 676.788660, 
            439.015464, 686.025773, 436.376289, 697.902062, 
            436.376289, 720.335052, 435.056701, 729.572165, 
            435.056701, 763.881443, 435.056701, 777.077320, 
            435.056701, 781.036082, 435.056701, 791.592784, 
            435.056701, 807.427835, 436.376289, 832.500000, 
            439.015464, 844.376289, 440.335052, 853.613402, 
            440.335052, 860.211340, 440.335052, 877.365979, 
            441.654639, 886.603093, 441.654639, 893.201031, 
            442.974227, 906.396907, 442.974227, 931.469072, 
            445.613402, 940.706186, 446.932990, 947.304124, 
            448.252577, 952.582474, 449.572165, 975.015464, 
            453.530928, 980.293814, 454.850515, 985.572165, 
            454.850515, 986.891753, 454.850515, 992.170103, 
            456.170103, 989.530928, 456.170103, 978.974227, 
            462.768041, 959.180412, 473.324742, 936.747423, 
            485.201031, 910.355670, 508.953608, 898.479381, 
            526.108247, 885.283505, 545.902062, 881.324742, 
            552.500000, 876.046392, 560.417526, 874.726804, 
            561.737113, 873.407216, 563.056701, 873.407216, 
            564.376289, 872.087629, 564.376289, -1.000000, 
            -1.000000, 1142.603093, 547.221649, 1149.201031, 
            547.221649, 1151.840206, 548.541237, 1163.716495, 
            556.458763, 1166.355670, 557.778351, 1175.592784, 
            565.695876, 1180.871134, 569.654639, 1195.386598, 
            578.891753, 1207.262887, 586.809278, 1220.458763, 
            594.726804, 1228.376289, 600.005155, 1238.932990, 
            605.283505, 1245.530928, 609.242268, 1250.809278, 
            610.561856, 1258.726804, 614.520619, 1260.046392, 
            615.840206, 1262.685567, 617.159794, 1266.644330, 
            617.159794, 1269.283505, 617.159794, 1271.922680, 
            617.159794, 1273.242268, 617.159794, 1275.881443, 
            617.159794, 1277.201031, 617.159794, 1278.520619, 
            617.159794, 1278.520619, 611.881443, 1278.520619, 
            609.242268, 1277.201031, 606.603093, 1275.881443, 
            590.768041, 1277.201031, 578.891753, 1277.201031, 
            573.613402, 1279.840206, 567.015464, 1279.840206, 
            553.819588, 1279.840206, 552.500000, 1279.840206, 
            547.221649, 1279.840206, 545.902062, 1279.840206, 
            543.262887, 1279.840206, 536.664948, 1278.520619, 
            528.747423, 1275.881443, 524.788660, 1273.242268, 
            523.469072, 1265.324742, 522.149485, 1256.087629, 
            518.190722, 1249.489691, 514.231959, 1241.572165, 
            508.953608, 1237.613402, 506.314433, 1229.695876, 
            503.675258, 1227.056701, 503.675258, 1211.221649, 
            499.716495, 1191.427835, 497.077320, 1182.190722, 
            495.757732, 1176.912371, 495.757732, 1168.994845, 
            497.077320, 1161.077320, 499.716495, 1159.757732, 
            501.036082, 1158.438144, 502.355670, -1.000000, 
            -1.000000, 342.932990, 390.190722, 337.654639, 
            394.149485, 331.056701, 398.108247, 327.097938, 
            400.747423, 317.860825, 404.706186, 311.262887, 
            408.664948, 305.984536, 411.304124, 296.747423, 
            415.262887, 290.149485, 419.221649, 279.592784, 
            423.180412, 276.953608, 424.500000, 270.355670, 
            428.458763, 259.798969, 432.417526, 255.840206, 
            435.056701, 249.242268, 439.015464, 243.963918, 
            441.654639, 240.005155, 444.293814, 237.365979, 
