%YAML:1.0
    mask: !!opencv-matrix
        rows: 405
        cols: 2
        dt: f
        data: [ -1.000000, -1.000000, 667.551546, 
            541.943299, 667.551546, 548.541237, 672.829897, 
            555.139175, 678.108247, 563.056701, 682.067010, 
            568.335052, 687.345361, 573.613402, 688.664948, 
            576.252577, 689.984536, 577.572165, 699.221649, 
            586.809278, 701.860825, 590.768041, 708.458763, 
            600.005155, 711.097938, 603.963918, 717.695876, 
            609.242268, 722.974227, 615.840206, 730.891753, 
            622.438144, 733.530928, 625.077320, 749.365979, 
            640.912371, 753.324742, 643.551546, 757.283505, 
            646.190722, 769.159794, 656.747423, 777.077320, 
            663.345361, 782.355670, 667.304124, 784.994845, 
            671.262887, 786.314433, 673.902062, 790.273196, 
            677.860825, 792.912371, 683.139175, 794.231959, 
            684.458763, 795.551546, 685.778351, 798.190722, 
            688.417526, 804.788660, 696.335052, 811.386598, 
            701.613402, 815.345361, 702.932990, 816.664948, 
            704.252577, 816.664948, 705.572165, 817.984536, 
            705.572165, 819.304124, 705.572165, 820.623711, 
            705.572165, 824.582474, 706.891753, 829.860825, 
            708.211340, 832.500000, 708.211340, 836.458763, 
            710.850515, 840.417526, 710.850515, 847.015464, 
            710.850515, 852.293814, 710.850515, 860.211340, 
            710.850515, 874.726804, 710.850515, 901.118557, 
            709.530928, 906.396907, 709.530928, 910.355670, 
            709.530928, 926.190722, 706.891753, 934.108247, 
            705.572165, 943.345361, 701.613402, 949.943299, 
            698.974227, 959.180412, 692.376289, 965.778351, 
            688.417526, 972.376289, 685.778351, 975.015464, 
            684.458763, 977.654639, 683.139175, 982.932990, 
            680.500000, 990.850515, 676.541237, 990.850515, 
            675.221649, 990.850515, 673.902062, 990.850515, 
            667.304124, 988.211340, 656.747423, 985.572165, 
            654.108247, 982.932990, 647.510309, 980.293814, 
            642.231959, 971.056701, 631.675258, 960.500000, 
            621.118557, 957.860825, 614.520619, 957.860825, 
            613.201031, 956.541237, 609.242268, 953.902062, 
            605.283505, 952.582474, 600.005155, 951.262887, 
            596.046392, 948.623711, 592.087629, 944.664948, 
            581.530928, 944.664948, 578.891753, 940.706186, 
            560.417526, 935.427835, 544.582474, 932.788660, 
            537.984536, 924.871134, 522.149485, 922.231959, 
            516.871134, 920.912371, 512.912371, 919.592784, 
            510.273196, 914.314433, 501.036082, 909.036082, 
            493.118557, 907.716495, 491.798969, 903.757732, 
            487.840206, 899.798969, 485.201031, 895.840206, 
            483.881443, 893.201031, 483.881443, 890.561856, 
            483.881443, 881.324742, 483.881443, 878.685567, 
            483.881443, 876.046392, 483.881443, 872.087629, 
            483.881443, 861.530928, 483.881443, 860.211340, 
            483.881443, 841.737113, 483.881443, 827.221649, 
            483.881443, 816.664948, 483.881443, 804.788660, 
            483.881443, 796.871134, 482.561856, 792.912371, 
            482.561856, 779.716495, 481.242268, 777.077320, 
            481.242268, 770.479381, 481.242268, 765.201031, 
            479.922680, 761.242268, 479.922680, 753.324742, 
            478.603093, 748.046392, 478.603093, 746.726804, 
            478.603093, 745.407216, 478.603093, 744.087629, 
            478.603093, 737.489691, 482.561856, 734.850515, 
            483.881443, 733.530928, 486.520619, 732.211340, 
            489.159794, 730.891753, 494.438144, 728.252577, 
            502.355670, 726.932990, 504.994845, 726.932990, 
            506.314433, 725.613402, 512.912371, 724.293814, 
            516.871134, 724.293814, 518.190722, 724.293814, 
            519.510309, 721.654639, 523.469072, 720.335052, 
            527.427835, 720.335052, 530.067010, 719.015464, 
            530.067010, 717.695876, 530.067010, 716.376289, 
            530.067010, 715.056701, 530.067010, 713.737113, 
            530.067010, 712.417526, 530.067010, 711.097938, 
            530.067010, 709.778351, 530.067010, 708.458763, 
            530.067010, 708.458763, 528.747423, 707.139175, 
            527.427835, 705.819588, 527.427835, 701.860825, 
            527.427835, 691.304124, 528.747423, 687.345361, 
            528.747423, 686.025773, 528.747423, 684.706186, 
            528.747423, 683.386598, 528.747423, 682.067010, 
            528.747423, 680.747423, 530.067010, 679.427835, 
            531.386598, -1.000000, -1.000000, 609.489691, 
            157.943299, 604.211340, 157.943299, 594.974227, 
            157.943299, 592.335052, 157.943299, 585.737113, 
            157.943299, 584.417526, 157.943299, 581.778351, 
            157.943299, 580.458763, 157.943299, 577.819588, 
            157.943299, 576.500000, 159.262887, 575.180412, 
            159.262887, 572.541237, 160.582474, 565.943299, 
            163.221649, 561.984536, 164.541237, 559.345361, 
            165.860825, 558.025773, 167.180412, 554.067010, 
            168.500000, 552.747423, 168.500000, 547.469072, 
            172.458763, 546.149485, 172.458763, 543.510309, 
            176.417526, 540.871134, 179.056701, 539.551546, 
            179.056701, 535.592784, 180.376289, 532.953608, 
            181.695876, 530.314433, 183.015464, 526.355670, 
            184.335052, 525.036082, 186.974227, 523.716495, 
            188.293814, 522.396907, 188.293814, 522.396907, 
            189.613402, 521.077320, 189.613402, 519.757732, 
            190.932990, 517.118557, 192.252577, 517.118557, 
            193.572165, 515.798969, 193.572165, 514.479381, 
            196.211340, 513.159794, 196.211340, 511.840206, 
            198.850515, 507.881443, 201.489691, 506.561856, 
            202.809278, 503.922680, 205.448454, 502.603093, 
            206.768041, 501.283505, 206.768041, 501.283505, 
            208.087629, 499.963918, 208.087629, 498.644330, 
            210.726804, 498.644330, 213.365979, 497.324742, 
            213.365979, 497.324742, 214.685567, 496.005155, 
            217.324742, 496.005155, 218.644330, 496.005155, 
            219.963918, 496.005155, 221.283505, 496.005155, 
            222.603093, 496.005155, 225.242268, 496.005155, 
            226.561856, 497.324742, 227.881443, 497.324742, 
            230.520619, 498.644330, 233.159794, 499.963918, 
            237.118557, 501.283505, 241.077320, 501.283505, 
            242.396907, 501.283505, 243.716495, 502.603093, 
            245.036082, 502.603093, 247.675258, 502.603093, 
            248.994845, 503.922680, 252.953608, 505.242268, 
            254.273196, 505.242268, 255.592784, 505.242268, 
            256.912371, 505.242268, 258.231959, 506.561856, 
            258.231959, 507.881443, 259.551546, 509.201031, 
            259.551546, 510.520619, 259.551546, 511.840206, 
            259.551546, 513.159794, 259.551546, 515.798969, 
            259.551546, 518.438144, 262.190722, 522.396907, 
            262.190722, 522.396907, 263.510309, 523.716495, 
            263.510309, 526.355670, 264.829897, 528.994845, 
            266.149485, 530.314433, 266.149485, 531.634021, 
            266.149485, 532.953608, 267.469072, 534.273196, 
            267.469072, 535.592784, 267.469072, 536.912371, 
            268.788660, 538.231959, 268.788660, 539.551546, 
            268.788660, 540.871134, 268.788660, 542.190722, 
            268.788660, 543.510309, 268.788660, 547.469072, 
            268.788660, 551.427835, 268.788660, 556.706186, 
            268.788660, 560.664948, 267.469072, 563.304124, 
            266.149485, 567.262887, 266.149485, 571.221649, 
            264.829897, 572.541237, 263.510309, 573.860825, 
