%YAML:1.0
    mask: !!opencv-matrix
        rows: 911
        cols: 2
        dt: f
        data: [ 8.173861, 572.298561, 8.173861, 
            571.275380, 9.197042, 570.252198, 11.243405, 
            568.205835, 16.359313, 563.089928, 19.428857, 
            560.020384, 22.498401, 556.950839, 22.498401, 
            555.927658, 25.567946, 553.881295, 28.637490, 
            552.858114, 28.637490, 551.834932, 31.707034, 
            550.811751, 32.730216, 550.811751, 32.730216, 
            548.765388, 36.822942, 546.719025, 38.869305, 
            545.695843, 38.869305, 544.672662, 39.892486, 
            543.649480, 41.938849, 543.649480, 42.962030, 
            542.626299, 47.054756, 540.579936, 49.101119, 
            537.510392, 52.170663, 536.487210, 52.170663, 
            535.464029, 58.309752, 532.394484, 59.332934, 
            531.371303, 60.356115, 531.371303, 63.425659, 
            529.324940, 66.495204, 528.301759, 71.611111, 
            527.278577, 72.634293, 526.255396, 77.750200, 
            524.209033, 81.842926, 521.139488, 83.889289, 
            520.116307, 85.935651, 519.093125, 89.005196, 
            518.069944, 93.097922, 517.046763, 95.144285, 
            515.000400, 96.167466, 515.000400, 100.260192, 
            512.954037, 104.352918, 511.930855, 105.376099, 
            510.907674, 109.468825, 509.884492, 113.561551, 
            507.838129, 116.631095, 506.814948, 117.654277, 
            506.814948, 120.723821, 505.791767, 123.793365, 
            505.791767, 127.886091, 505.791767, 129.932454, 
            505.791767, 135.048361, 507.838129, 142.210631, 
            509.884492, 144.256994, 511.930855, 148.349720, 
            512.954037, 152.442446, 516.023581, 153.465627, 
            516.023581, 158.581535, 518.069944, 161.651079, 
            520.116307, 162.674261, 520.116307, 164.720624, 
            522.162670, 168.813349, 524.209033, 170.859712, 
            526.255396, 175.975620, 529.324940, 180.068345, 
            531.371303, 185.184253, 532.394484, 188.253797, 
            535.464029, 191.323341, 536.487210, 192.346523, 
            536.487210, 198.485612, 540.579936, 201.555156, 
            542.626299, 202.578337, 542.626299, 208.717426, 
            545.695843, 211.786970, 548.765388, 215.879696, 
            550.811751, 219.972422, 553.881295, 223.041966, 
            555.927658, 227.134692, 557.974021, 228.157874, 
            558.997202, 235.320144, 563.089928, 238.389688, 
            564.113110, 239.412870, 565.136291, 240.436051, 
            566.159472, 244.528777, 567.182654, 246.575140, 
            569.229017, 247.598321, 570.252198, 249.644684, 
            571.275380, 249.644684, 572.298561, 252.714229, 
            574.344924, 253.737410, 575.368106, 254.760592, 
            576.391287, 256.806954, 577.414468, 258.853317, 
            579.460831, 259.876499, 581.507194, 260.899680, 
            581.507194, 262.946043, 582.530376, 262.946043, 
            585.599920, 262.946043, 586.623102, 266.015588, 
            590.715827, 267.038769, 593.785372, 269.085132, 
            596.854916, 269.085132, 598.901279, 272.154676, 
            602.994005, 274.201039, 607.086731, 275.224221, 
            609.133094, 275.224221, 611.179456, 276.247402, 
            616.295364, 277.270584, 620.388090, 277.270584, 
            623.457634, 276.247402, 626.527178, 276.247402, 
            627.550360, 276.247402, 628.573541, 274.201039, 
            630.619904, 271.131495, 632.666267, 270.108313, 
            633.689448, 269.085132, 633.689448, 266.015588, 
            634.712630, 264.992406, 634.712630, 263.969225, 
            634.712630, 259.876499, 633.689448, 255.783773, 
            631.643086, 253.737410, 631.643086, 252.714229, 
            631.643086, 252.714229, 630.619904, 250.667866, 
            630.619904, 247.598321, 629.596723, 245.551958, 
            628.573541, 244.528777, 628.573541, 239.412870, 
            626.527178, 234.296962, 623.457634, 229.181055, 
            621.411271, 224.065148, 618.341727, 223.041966, 
            617.318545, 217.926059, 615.272182, 213.833333, 
            613.225819, 211.786970, 613.225819, 209.740608, 
            613.225819, 207.694245, 614.249001, 205.647882, 
            614.249001, 202.578337, 615.272182, 197.462430, 
            616.295364, 196.439249, 618.341727, 194.392886, 
            618.341727, 193.369704, 619.364908, 191.323341, 
            620.388090, 189.276978, 622.434452, 187.230616, 
            623.457634, 185.184253, 625.503997, 183.137890, 
            626.527178, 182.114708, 628.573541, 178.021982, 
            631.643086, 175.975620, 632.666267, 174.952438, 
            634.712630, 172.906075, 636.758993, 169.836531, 
            640.851719, 166.766986, 645.967626, 163.697442, 
            649.037170, 161.651079, 651.083533, 160.627898, 
            653.129896, 159.604716, 656.199440, 158.581535, 
            658.245803, 157.558353, 658.245803, 156.535172, 
            660.292166, 155.511990, 663.361711, 154.488809, 
            665.408074, 153.465627, 666.431255, 153.465627, 
            667.454436, 152.442446, 668.477618, 151.419265, 
            670.523981, 150.396083, 671.547162, 150.396083, 
            672.570344, 149.372902, 675.639888, 147.326539, 
            679.732614, 147.326539, 682.802158, 146.303357, 
            682.802158, 145.280176, 688.941247, 144.256994, 
            689.964428, 144.256994, 692.010791, 144.256994, 
            693.033973, 144.256994, 694.057154, 144.256994, 
            696.103517, 146.303357, 697.126699, 149.372902, 
            699.173062, 152.442446, 699.173062, 155.511990, 
            700.196243, 161.651079, 701.219424, 166.766986, 
            703.265787, 170.859712, 703.265787, 178.021982, 
            703.265787, 183.137890, 702.242606, 191.323341, 
            699.173062, 197.462430, 696.103517, 205.647882, 
            692.010791, 211.786970, 688.941247, 216.902878, 
            683.825340, 218.949241, 682.802158, 222.018785, 
            680.755795, 226.111511, 676.663070, 230.204237, 
            673.593525, 232.250600, 672.570344, 236.343325, 
            669.500799, 243.505596, 665.408074, 248.621503, 
            662.338529, 256.806954, 658.245803, 259.876499, 
            656.199440, 261.922862, 656.199440, 268.061950, 
            654.153078, 274.201039, 653.129896, 282.386491, 
            651.083533, 284.432854, 650.060352, 286.479217, 
            650.060352, 288.525580, 650.060352, 290.571942, 
            650.060352, 293.641487, 650.060352, 295.687850, 
            650.060352, 298.757394, 651.083533, 299.780576, 
            651.083533, 304.896483, 654.153078, 306.942846, 
            658.245803, 311.035572, 663.361711, 311.035572, 
            665.408074, 311.035572, 667.454436, 311.035572, 
            668.477618, 311.035572, 672.570344, 310.012390, 
            677.686251, 307.966027, 681.778977, 306.942846, 
            681.778977, 304.896483, 687.918066, 301.826938, 
            692.010791, 297.734213, 695.080336, 293.641487, 
            699.173062, 289.548761, 703.265787, 285.456035, 
            705.312150, 282.386491, 707.358513, 280.340128, 
            707.358513, 277.270584, 708.381695, 274.201039, 
            709.404876, 272.154676, 709.404876, 266.015588, 
            709.404876, 262.946043, 709.404876, 261.922862, 
            709.404876, 254.760592, 709.404876, 250.667866, 
            709.404876, 246.575140, 709.404876, 242.482414, 
            709.404876, 241.459233, 709.404876, 239.412870, 
            709.404876, 238.389688, 709.404876, 234.296962, 
            709.404876, 231.227418, 709.404876, 226.111511, 
            709.404876, 222.018785, 709.404876, 213.833333, 
            709.404876, 209.740608, 709.404876, 208.717426, 
            709.404876, 204.624700, 710.428058, 200.531974, 
            710.428058, 198.485612, 710.428058, 194.392886, 
            710.428058, 191.323341, 710.428058, 186.207434, 
