%YAML:1.0
    mask: !!opencv-matrix
        rows: 606
        cols: 2
        dt: f
        data: [ -1.000000, -1.000000, -1.000000, 
            -1.000000, 809.324940, 398.357714, 809.324940, 
            399.380895, 808.301759, 401.427258, 807.278577, 
            403.473621, 805.232214, 405.519984, 803.185851, 
            406.543165, 801.139488, 408.589528, 800.116307, 
            409.612710, 798.069944, 409.612710, 798.069944, 
            410.635891, 795.000400, 411.659073, 793.977218, 
            411.659073, 787.838129, 414.728617, 781.699041, 
            417.798161, 780.675859, 418.821343, 778.629496, 
            419.844524, 776.583133, 419.844524, 775.559952, 
            420.867706, 775.559952, 421.890887, 774.536771, 
            422.914069, 771.467226, 424.960432, 769.420863, 
            425.983613, 767.374500, 429.053157, 764.304956, 
            431.099520, 762.258593, 433.145883, 759.189049, 
            435.192246, 759.189049, 436.215428, 757.142686, 
            437.238609, 756.119504, 439.284972, 754.073141, 
            440.308153, 753.049960, 442.354516, 751.003597, 
            445.424061, 749.980416, 448.493605, 748.957234, 
            449.516787, 746.910871, 452.586331, 745.887690, 
            454.632694, 745.887690, 456.679057, 743.841327, 
            457.702238, 743.841327, 459.748601, 742.818145, 
            460.771783, 742.818145, 462.818145, 741.794964, 
            464.864508, 741.794964, 465.887690, 741.794964, 
            467.934053, 740.771783, 469.980416, 739.748601, 
            472.026779, 739.748601, 474.073141, 739.748601, 
            476.119504, 739.748601, 477.142686, 739.748601, 
            478.165867, 740.771783, 477.142686, 744.864508, 
            472.026779, 748.957234, 467.934053, 752.026779, 
            464.864508, 756.119504, 462.818145, 759.189049, 
            461.794964, 763.281775, 458.725420, 767.374500, 
            457.702238, 769.420863, 456.679057, 770.444045, 
            456.679057, 772.490408, 456.679057, 773.513589, 
            456.679057, 775.559952, 456.679057, 776.583133, 
            456.679057, 777.606315, 456.679057, 779.652678, 
            457.702238, 781.699041, 460.771783, 783.745404, 
            463.841327, 785.791767, 465.887690, 785.791767, 
            466.910871, 785.791767, 467.934053, 786.814948, 
            469.980416, 787.838129, 473.049960, 787.838129, 
            475.096323, 788.861311, 475.096323, 788.861311, 
            478.165867, 788.861311, 479.189049, 789.884492, 
            482.258593, 790.907674, 487.374500, 790.907674, 
            488.397682, 790.907674, 492.490408, 790.907674, 
            493.513589, 790.907674, 496.583133, 790.907674, 
            497.606315, 790.907674, 500.675859, 790.907674, 
            502.722222, 790.907674, 505.791767, 790.907674, 
            509.884492, 790.907674, 510.907674, 790.907674, 
            515.000400, 790.907674, 516.023581, 790.907674, 
            520.116307, 790.907674, 521.139488, 790.907674, 
            523.185851, 790.907674, 525.232214, 790.907674, 
            527.278577, 790.907674, 529.324940, 790.907674, 
            531.371303, 791.930855, 533.417666, 791.930855, 
            534.440847, 792.954037, 539.556755, 792.954037, 
            542.626299, 793.977218, 543.649480, 795.000400, 
            549.788569, 796.023581, 551.834932, 798.069944, 
            553.881295, 799.093125, 553.881295, 799.093125, 
            554.904476, 800.116307, 554.904476, 801.139488, 
            554.904476, 801.139488, 553.881295, 804.209033, 
            551.834932, 805.232214, 549.788569, 809.324940, 
            544.672662, 811.371303, 539.556755, 811.371303, 
            537.510392, 813.417666, 535.464029, 814.440847, 
            533.417666, 816.487210, 530.348122, 817.510392, 
            529.324940, 819.556755, 526.255396, 820.579936, 
            525.232214, 822.626299, 524.209033, 822.626299, 
            525.232214, 823.649480, 530.348122, 825.695843, 
            537.510392, 827.742206, 544.672662, 828.765388, 
            546.719025, 828.765388, 548.765388, 828.765388, 
            549.788569, 828.765388, 552.858114, 828.765388, 
            553.881295, 829.788569, 557.974021, 829.788569, 
            558.997202, 830.811751, 560.020384, 830.811751, 
            561.043565, 830.811751, 564.113110, 831.834932, 
            568.205835, 832.858114, 571.275380, 832.858114, 
            574.344924, 834.904476, 576.391287, 835.927658, 
            576.391287, 836.950839, 576.391287, 837.974021, 
            576.391287, 840.020384, 576.391287, 840.020384, 
            575.368106, 842.066747, 573.321743, 843.089928, 
            572.298561, 845.136291, 571.275380, 845.136291, 
            570.252198, 846.159472, 567.182654, 846.159472, 
            565.136291, 846.159472, 564.113110, 846.159472, 
            562.066747, 846.159472, 560.020384, 847.182654, 
            556.950839, 848.205835, 552.858114, 849.229017, 
            549.788569, 850.252198, 547.742206, 851.275380, 
            546.719025, 851.275380, 544.672662, 853.321743, 
            544.672662, 854.344924, 543.649480, 855.368106, 
            543.649480, 858.437650, 546.719025, 862.530376, 
            549.788569, 864.576739, 552.858114, 866.623102, 
            555.927658, 867.646283, 556.950839, 868.669464, 
            561.043565, 869.692646, 564.113110, 870.715827, 
            565.136291, 872.762190, 567.182654, 873.785372, 
            569.229017, 874.808553, 569.229017, 876.854916, 
            570.252198, 877.878098, 570.252198, 878.901279, 
            570.252198, 879.924460, 570.252198, 880.947642, 
            570.252198, 884.017186, 570.252198, 886.063549, 
            568.205835, 888.109912, 566.159472, 888.109912, 
            565.136291, 889.133094, 563.089928, 889.133094, 
            560.020384, 889.133094, 555.927658, 889.133094, 
            553.881295, 889.133094, 551.834932, 889.133094, 
            549.788569, 889.133094, 548.765388, 889.133094, 
            544.672662, 889.133094, 540.579936, 889.133094, 
            539.556755, 889.133094, 537.510392, 889.133094, 
            535.464029, 889.133094, 530.348122, 889.133094, 
            527.278577, 890.156275, 523.185851, 890.156275, 
            522.162670, 890.156275, 521.139488, 890.156275, 
            518.069944, 890.156275, 517.046763, 890.156275, 
            516.023581, 891.179456, 515.000400, 892.202638, 
            515.000400, 894.249001, 517.046763, 896.295364, 
            518.069944, 899.364908, 522.162670, 899.364908, 
            524.209033, 903.457634, 527.278577, 903.457634, 
            528.301759, 905.503997, 530.348122, 905.503997, 
            531.371303, 906.527178, 532.394484, 908.573541, 
            535.464029, 908.573541, 536.487210, 911.643086, 
            540.579936, 912.666267, 541.603118, 913.689448, 
            543.649480, 914.712630, 544.672662, 915.735811, 
            545.695843, 916.758993, 545.695843, 917.782174, 
            545.695843, 918.805356, 545.695843, 919.828537, 
            545.695843, 920.851719, 545.695843, 921.874900, 
            544.672662, 922.898082, 543.649480, 922.898082, 
            542.626299, 923.921263, 541.603118, 923.921263, 
            539.556755, 924.944444, 538.533573, 924.944444, 
            535.464029, 924.944444, 533.417666, 924.944444, 
            532.394484, 924.944444, 530.348122, 924.944444, 
            528.301759, 924.944444, 526.255396, 924.944444, 
            525.232214, 923.921263, 523.185851, 922.898082, 
            522.162670, 922.898082, 521.139488, 920.851719, 
            519.093125, 919.828537, 517.046763, 918.805356, 
            512.954037, 917.782174, 509.884492, 916.758993, 
            507.838129, 915.735811, 505.791767, 914.712630, 
            503.745404, 913.689448, 501.699041, 912.666267, 
            499.652678, 912.666267, 498.629496, 912.666267, 
            497.606315, 911.643086, 496.583133, 910.619904, 
