%YAML:1.0
    mask: !!opencv-matrix
        rows: 204
        cols: 2
        dt: f
        data: [ -1.000000, -1.000000, -1.000000, 
            -1.000000, 897.159794, 511.592784, 890.561856, 
            511.592784, 889.242268, 511.592784, 877.365979, 
            514.231959, 869.448454, 515.551546, 862.850515, 
            516.871134, 841.737113, 522.149485, 837.778351, 
            523.469072, 833.819588, 524.788660, 824.582474, 
            528.747423, 820.623711, 530.067010, 819.304124, 
            530.067010, 815.345361, 532.706186, 811.386598, 
            534.025773, 802.149485, 536.664948, 794.231959, 
            539.304124, 791.592784, 539.304124, 783.675258, 
            541.943299, 781.036082, 543.262887, 778.396907, 
            545.902062, 775.757732, 548.541237, 769.159794, 
            557.778351, 767.840206, 560.417526, 766.520619, 
            565.695876, 765.201031, 567.015464, 763.881443, 
            568.335052, 759.922680, 576.252577, 759.922680, 
            577.572165, 758.603093, 582.850515, 757.283505, 
            585.489691, 757.283505, 589.448454, 757.283505, 
            593.407216, 757.283505, 594.726804, 758.603093, 
            598.685567, 761.242268, 602.644330, 763.881443, 
            605.283505, 767.840206, 609.242268, 773.118557, 
            611.881443, 777.077320, 613.201031, 779.716495, 
            613.201031, 791.592784, 613.201031, 794.231959, 
            613.201031, 798.190722, 615.840206, 800.829897, 
            615.840206, 807.427835, 619.798969, 812.706186, 
            623.757732, 817.984536, 627.716495, 819.304124, 
            629.036082, 823.262887, 632.994845, 827.221649, 
            635.634021, 828.541237, 636.953608, 831.180412, 
            638.273196, 835.139175, 640.912371, 837.778351, 
            642.231959, 844.376289, 646.190722, 854.932990, 
            648.829897, 866.809278, 650.149485, 878.685567, 
            650.149485, 886.603093, 650.149485, 889.242268, 
            650.149485, 890.561856, 650.149485, 894.520619, 
            650.149485, 897.159794, 648.829897, 903.757732, 
            646.190722, 912.994845, 642.231959, 922.231959, 
            638.273196, 926.190722, 635.634021, 928.829897, 
            631.675258, 930.149485, 629.036082, 931.469072, 
            625.077320, 931.469072, 622.438144, 934.108247, 
            615.840206, 938.067010, 609.242268, 947.304124, 
            594.726804, 948.623711, 585.489691, 949.943299, 
            578.891753, 951.262887, 569.654639, 951.262887, 
            559.097938, 949.943299, 553.819588, 949.943299, 
            551.180412, -1.000000, -1.000000, 378.561856, 
            369.077320, 383.840206, 375.675258, 387.798969, 
            383.592784, 391.757732, 390.190722, 393.077320, 
            392.829897, 395.716495, 395.469072, 395.716495, 
            398.108247, 397.036082, 398.108247, 397.036082, 
            399.427835, 400.994845, 403.386598, 402.314433, 
            404.706186, 403.634021, 407.345361, 404.953608, 
            407.345361, 407.592784, 408.664948, 426.067010, 
            415.262887, 428.706186, 415.262887, 431.345361, 
            415.262887, 432.664948, 415.262887, 436.623711, 
            415.262887, 437.943299, 415.262887, 440.582474, 
            415.262887, 443.221649, 415.262887, 443.221649, 
            413.943299, 447.180412, 413.943299, 448.500000, 
            412.623711, 451.139175, 412.623711, 453.778351, 
            411.304124, 453.778351, 409.984536, 455.097938, 
            409.984536, 455.097938, 407.345361, 455.097938, 
            403.386598, 455.097938, 402.067010, 455.097938, 
            398.108247, 453.778351, 392.829897, 451.139175, 
            382.273196, 449.819588, 380.953608, 447.180412, 
            373.036082, 447.180412, 371.716495, 447.180412, 
            365.118557, 447.180412, 363.798969, 447.180412, 
            359.840206, 447.180412, 358.520619, 447.180412, 
            354.561856, 447.180412, 353.242268, 447.180412, 
            351.922680, 447.180412, 350.603093, 448.500000, 
            349.283505, 452.458763, 345.324742, 455.097938, 
            341.365979, 455.097938, 340.046392, 459.056701, 
            337.407216, 460.376289, 336.087629, 464.335052, 
            332.128866, 468.293814, 329.489691, 470.932990, 
            328.170103, 472.252577, 326.850515, 480.170103, 
            321.572165, 481.489691, 320.252577, 481.489691, 
            318.932990, 482.809278, 317.613402, 482.809278, 
            316.293814, 482.809278, 314.974227, 482.809278, 
            313.654639, 476.211340, 309.695876, 470.932990, 
            307.056701, 468.293814, 307.056701, 466.974227, 
            307.056701, 465.654639, 307.056701, 464.335052, 
            307.056701, 463.015464, 307.056701, 463.015464, 
            305.737113, 463.015464, 304.417526, 461.695876, 
            303.097938, 461.695876, 297.819588, 461.695876, 
            293.860825, 461.695876, 288.582474, 461.695876, 
            287.262887, 461.695876, 284.623711, 460.376289, 
            280.664948, 460.376289, 279.345361, 459.056701, 
            278.025773, 459.056701, 275.386598, 457.737113, 
            274.067010, 456.417526, 270.108247, 453.778351, 
            267.469072, 452.458763, 263.510309, 451.139175, 
            260.871134, 448.500000, 258.231959, 447.180412, 
            256.912371, 445.860825, 254.273196, 441.902062, 
            250.314433, 440.582474, 247.675258, 439.262887, 
            246.355670, 439.262887, 245.036082, 437.943299, 
            243.716495, 436.623711, 242.396907, 435.304124, 
            242.396907, 433.984536, 243.716495, 432.664948, 
            245.036082, 431.345361, 245.036082, 430.025773, 
            245.036082, 428.706186, 245.036082, 424.747423, 
            245.036082, 420.788660, 246.355670, 418.149485, 
            246.355670, 416.829897, 247.675258, 415.510309, 
            248.994845, 415.510309, 250.314433, 414.190722, 
            250.314433, 412.871134, 252.953608, 411.551546, 
            254.273196, 410.231959, 255.592784, 408.912371, 
            256.912371, 407.592784, 259.551546, 404.953608, 
            262.190722, 403.634021, 264.829897, 402.314433, 
            266.149485, 400.994845, 268.788660, 399.675258, 
            270.108247, 399.675258, 271.427835, 399.675258, 
            272.747423]
