%YAML:1.0
    mask: !!opencv-matrix
        rows: 1379
        cols: 2
        dt: f
        data: [ 251.630435, 713.891304, 253.021739, 
            715.282609, 254.413043, 713.891304, 254.413043, 
            712.500000, 255.804348, 705.543478, 255.804348, 
            704.152174, 255.804348, 702.760870, 258.586957, 
            699.978261, 258.586957, 697.195652, 259.978261, 
            695.804348, 261.369565, 693.021739, 261.369565, 
            691.630435, 262.760870, 691.630435, 264.152174, 
            690.239130, 265.543478, 690.239130, 266.934783, 
            690.239130, 268.326087, 690.239130, 268.326087, 
            688.847826, 269.717391, 688.847826, 271.108696, 
            688.847826, 273.891304, 688.847826, 275.282609, 
            688.847826, 278.065217, 688.847826, 280.847826, 
            688.847826, 282.239130, 688.847826, 285.021739, 
            688.847826, 286.413043, 688.847826, 287.804348, 
            688.847826, 290.586957, 688.847826, 291.978261, 
            687.456522, 296.152174, 687.456522, 298.934783, 
            687.456522, 300.326087, 687.456522, 303.108696, 
            687.456522, 304.500000, 687.456522, 311.456522, 
            687.456522, 312.847826, 687.456522, 315.630435, 
            687.456522, 317.021739, 687.456522, 321.195652, 
            687.456522, 322.586957, 687.456522, 323.978261, 
            687.456522, 325.369565, 687.456522, 328.152174, 
            686.065217, 329.543478, 686.065217, 329.543478, 
            684.673913, 330.934783, 683.282609, 332.326087, 
            683.282609, 335.108696, 681.891304, 336.500000, 
            680.500000, 337.891304, 679.108696, 339.282609, 
            677.717391, 342.065217, 673.543478, 343.456522, 
            672.152174, 343.456522, 670.760870, 344.847826, 
            669.369565, 346.239130, 666.586957, 346.239130, 
            665.195652, 346.239130, 662.413043, 346.239130, 
            659.630435, 346.239130, 658.239130, 346.239130, 
            656.847826, 344.847826, 655.456522, 343.456522, 
            655.456522, 342.065217, 655.456522, 340.673913, 
            656.847826, 339.282609, 656.847826, 337.891304, 
            656.847826, 336.500000, 656.847826, 335.108696, 
            658.239130, 335.108696, 659.630435, 333.717391, 
            661.021739, 333.717391, 662.413043, 333.717391, 
            663.804348, 333.717391, 665.195652, 333.717391, 
            666.586957, 333.717391, 667.978261, 333.717391, 
            669.369565, 330.934783, 672.152174, 330.934783, 
            673.543478, 329.543478, 676.326087, 328.152174, 
            676.326087, 328.152174, 677.717391, 328.152174, 
            679.108696, 328.152174, 680.500000, 326.760870, 
            681.891304, 326.760870, 683.282609, 323.978261, 
            683.282609, 321.195652, 683.282609, 319.804348, 
            683.282609, 318.413043, 683.282609, 317.021739, 
            683.282609, 315.630435, 683.282609, 314.239130, 
            683.282609, 312.847826, 683.282609, 311.456522, 
            683.282609, 310.065217, 683.282609, 308.673913, 
            683.282609, 307.282609, 683.282609, 305.891304, 
            683.282609, 304.500000, 683.282609, 300.326087, 
            683.282609, 297.543478, 683.282609, 296.152174, 
            683.282609, 293.369565, 681.891304, 291.978261, 
            680.500000, 290.586957, 680.500000, 290.586957, 
            679.108696, 289.195652, 676.326087, 287.804348, 
            674.934783, 287.804348, 673.543478, 286.413043, 
            673.543478, 286.413043, 672.152174, 285.021739, 
            670.760870, 283.630435, 670.760870, 282.239130, 
            669.369565, 282.239130, 667.978261, 280.847826, 
            665.195652, 279.456522, 665.195652, 278.065217, 
            662.413043, 276.673913, 662.413043, 275.282609, 
            661.021739, 272.500000, 659.630435, 271.108696, 
            659.630435, 269.717391, 659.630435, 264.152174, 
            659.630435, 262.760870, 659.630435, 259.978261, 
            659.630435, 258.586957, 659.630435, 255.804348, 
            659.630435, 254.413043, 659.630435, 251.630435, 
            659.630435, 250.239130, 659.630435, 248.847826, 
            659.630435, 246.065217, 658.239130, 246.065217, 
            655.456522, 246.065217, 654.065217, 246.065217, 
            652.673913, 246.065217, 651.282609, 246.065217, 
            649.891304, 247.456522, 649.891304, 250.239130, 
            649.891304, 250.239130, 648.500000, 251.630435, 
            648.500000, 253.021739, 647.108696, 254.413043, 
            645.717391, 255.804348, 645.717391, 257.195652, 
            644.326087, 257.195652, 642.934783, 257.195652, 
            641.543478, 257.195652, 640.152174, 257.195652, 
            638.760870, 257.195652, 637.369565, 255.804348, 
            635.978261, 254.413043, 631.804348, 254.413043, 
            629.021739, 254.413043, 627.630435, 254.413043, 
            626.239130, 254.413043, 624.847826, 254.413043, 
            623.456522, 255.804348, 622.065217, 258.586957, 
            620.673913, 259.978261, 617.891304, 261.369565, 
            616.500000, 266.934783, 612.326087, 271.108696, 
            608.152174, 272.500000, 605.369565, 273.891304, 
            603.978261, 275.282609, 602.586957, 275.282609, 
            601.195652, 276.673913, 599.804348, 279.456522, 
            595.630435, 282.239130, 592.847826, 283.630435, 
            588.673913, 285.021739, 587.282609, 286.413043, 
            584.500000, 287.804348, 583.108696, 289.195652, 
            581.717391, 289.195652, 580.326087, 290.586957, 
            578.934783, 290.586957, 577.543478, 290.586957, 
            576.152174, 290.586957, 574.760870, 291.978261, 
            573.369565, 291.978261, 571.978261, 293.369565, 
            570.586957, 294.760870, 567.804348, 296.152174, 
            566.413043, 296.152174, 563.630435, 297.543478, 
            562.239130, 298.934783, 558.065217, 301.717391, 
            556.673913, 301.717391, 555.282609, 303.108696, 
            551.108696, 304.500000, 549.717391, 304.500000, 
            548.326087, 304.500000, 546.934783, 304.500000, 
            545.543478, 304.500000, 544.152174, 304.500000, 
            542.760870, 304.500000, 539.978261, 304.500000, 
            538.586957, 304.500000, 535.804348, 304.500000, 
            534.413043, 304.500000, 533.021739, 301.717391, 
            533.021739, 300.326087, 533.021739, 297.543478, 
            533.021739, 296.152174, 533.021739, 294.760870, 
            533.021739, 291.978261, 533.021739, 289.195652, 
            533.021739, 287.804348, 533.021739, 286.413043, 
            533.021739, 285.021739, 533.021739, 282.239130, 
            533.021739, 280.847826, 533.021739, 279.456522, 
            533.021739, 278.065217, 534.413043, 276.673913, 
            534.413043, 275.282609, 534.413043, 273.891304, 
            534.413043, 268.326087, 537.195652, 264.152174, 
            539.978261, 262.760870, 541.369565, 259.978261, 
            541.369565, 247.456522, 551.108696, 246.065217, 
            551.108696, 240.500000, 553.891304, 240.500000, 
            555.282609, 239.108696, 556.673913, 237.717391, 
            558.065217, 237.717391, 560.847826, 236.326087, 
            560.847826, 234.934783, 562.239130, 234.934783, 
            565.021739, 232.152174, 567.804348, 230.760870, 
            570.586957, 227.978261, 571.978261, 227.978261, 
            574.760870, 225.195652, 577.543478, 223.804348, 
            578.934783, 223.804348, 580.326087, 222.413043, 
            581.717391, 221.021739, 581.717391, 219.630435, 
            583.108696, 218.239130, 585.891304, 216.847826, 
            585.891304, 215.456522, 588.673913, 214.065217, 
            588.673913, 211.282609, 590.065217, 208.500000, 
            592.847826, 207.108696, 592.847826, 205.717391, 
            594.239130, 204.326087, 595.630435, 202.934783, 
            595.630435, 201.543478, 597.021739, 200.152174, 
