%YAML:1.0
    mask: !!opencv-matrix
        rows: 430
        cols: 2
        dt: f
        data: [ -1.000000, -1.000000, -1.000000, 
            -1.000000, 751.003597, 260.228217, 749.980416, 
            260.228217, 748.957234, 260.228217, 746.910871, 
            260.228217, 743.841327, 260.228217, 741.794964, 
            260.228217, 739.748601, 260.228217, 737.702238, 
            260.228217, 735.655875, 260.228217, 734.632694, 
            260.228217, 732.586331, 260.228217, 731.563149, 
            260.228217, 730.539968, 260.228217, 729.516787, 
            260.228217, 728.493605, 260.228217, 725.424061, 
            260.228217, 724.400879, 260.228217, 723.377698, 
            260.228217, 722.354516, 260.228217, 721.331335, 
            260.228217, 720.308153, 259.205036, 719.284972, 
            258.181855, 717.238609, 258.181855, 715.192246, 
            257.158673, 714.169065, 257.158673, 713.145883, 
            256.135492, 710.076339, 255.112310, 709.053157, 
            255.112310, 707.006795, 255.112310, 705.983613, 
            255.112310, 702.914069, 255.112310, 699.844524, 
            255.112310, 697.798161, 255.112310, 696.774980, 
            255.112310, 694.728617, 255.112310, 693.705436, 
            255.112310, 692.682254, 255.112310, 689.612710, 
            255.112310, 687.566347, 255.112310, 686.543165, 
            255.112310, 685.519984, 255.112310, 684.496803, 
            255.112310, 682.450440, 255.112310, 680.404077, 
            255.112310, 679.380895, 255.112310, 678.357714, 
            255.112310, 675.288169, 255.112310, 673.241807, 
            255.112310, 670.172262, 255.112310, 668.125899, 
            256.135492, 666.079536, 256.135492, 665.056355, 
            256.135492, 663.009992, 257.158673, 659.940448, 
            257.158673, 658.917266, 258.181855, 654.824540, 
            260.228217, 650.731815, 263.297762, 646.639089, 
            263.297762, 643.569544, 264.320943, 642.546363, 
            265.344125, 641.523181, 266.367306, 636.407274, 
            268.413669, 634.360911, 271.483213, 631.291367, 
            272.506395, 628.221823, 273.529576, 627.198641, 
            274.552758, 625.152278, 275.575939, 624.129097, 
            275.575939, 622.082734, 276.599121, 620.036371, 
            277.622302, 617.990008, 278.645484, 616.966827, 
            279.668665, 615.943645, 280.691847, 614.920464, 
            281.715028, 613.897282, 281.715028, 613.897282, 
            282.738209, 612.874101, 283.761391, 611.850919, 
            284.784572, 611.850919, 285.807754, 610.827738, 
            286.830935, 610.827738, 288.877298, 611.850919, 
            289.900480, 612.874101, 291.946843, 613.897282, 
            292.970024, 614.920464, 292.970024, 614.920464, 
            293.993205, 616.966827, 295.016387, 617.990008, 
            296.039568, 617.990008, 297.062750, 617.990008, 
            299.109113, 617.990008, 300.132294, 617.990008, 
            303.201839, 617.990008, 305.248201, 619.013189, 
            307.294564, 620.036371, 308.317746, 622.082734, 
            310.364109, 623.105915, 312.410472, 625.152278, 
            314.456835, 626.175460, 316.503197, 627.198641, 
            318.549560, 629.245004, 319.572742, 630.268185, 
            321.619105, 632.314548, 323.665468, 635.384093, 
            326.735012, 636.407274, 326.735012, 637.430456, 
            328.781375, 638.453637, 328.781375, 640.500000, 
            330.827738, 642.546363, 332.874101, 643.569544, 
            333.897282, 645.615907, 334.920464, 645.615907, 
            335.943645, 647.662270, 339.013189, 648.685452, 
            339.013189, 651.754996, 342.082734, 653.801359, 
            344.129097, 654.824540, 345.152278, 655.847722, 
            346.175460, 656.870903, 347.198641, 657.894085, 
            347.198641, 658.917266, 348.221823, 660.963629, 
            348.221823, 661.986811, 348.221823, 665.056355, 
            349.245004, 671.195444, 350.268185, 674.264988, 
            350.268185, 678.357714, 351.291367, 679.380895, 
            352.314548, 683.473621, 353.337730, 684.496803, 
            353.337730, 689.612710, 353.337730, 693.705436, 
            353.337730, 698.821343, 354.360911, 701.890887, 
            354.360911, 705.983613, 354.360911, 708.029976, 
            355.384093, 711.099520, 355.384093, 713.145883, 
            355.384093, 715.192246, 355.384093, 718.261791, 
            355.384093, 721.331335, 355.384093, 725.424061, 
            354.360911, 727.470424, 354.360911, 730.539968, 
            353.337730, 731.563149, 353.337730, 733.609512, 
            351.291367, 738.725420, 350.268185, 742.818145, 
            348.221823, 745.887690, 344.129097, 751.003597, 
            339.013189, 754.073141, 335.943645, 758.165867, 
            331.850919, 759.189049, 328.781375, 760.212230, 
            328.781375, 762.258593, 326.735012, 763.281775, 
            324.688649, 764.304956, 323.665468, 766.351319, 
            321.619105, 766.351319, 319.572742, 768.397682, 
            317.526379, 769.420863, 314.456835, 770.444045, 
            312.410472, 771.467226, 308.317746, 775.559952, 
            302.178657, 776.583133, 299.109113, 776.583133, 
            296.039568, 776.583133, 295.016387, 778.629496, 
            292.970024, -1.000000, -1.000000, 266.015588, 
            323.665468, 266.015588, 324.688649, 264.992406, 
            325.711831, 264.992406, 327.758193, 263.969225, 
            328.781375, 263.969225, 332.874101, 262.946043, 
            337.990008, 261.922862, 342.082734, 260.899680, 
            345.152278, 259.876499, 348.221823, 258.853317, 
            351.291367, 258.853317, 353.337730, 257.830136, 
            355.384093, 257.830136, 357.430456, 256.806954, 
            359.476819, 256.806954, 360.500000, 256.806954, 
            362.546363, 256.806954, 366.639089, 256.806954, 
            368.685452, 256.806954, 371.754996, 255.783773, 
            374.824540, 255.783773, 375.847722, 255.783773, 
            377.894085, 255.783773, 380.963629, 255.783773, 
            384.033173, 255.783773, 386.079536, 255.783773, 
            389.149081, 255.783773, 392.218625, 255.783773, 
            394.264988, 255.783773, 396.311351, 255.783773, 
            398.357714, 255.783773, 400.404077, 255.783773, 
            403.473621, 255.783773, 406.543165, 255.783773, 
            408.589528, 255.783773, 409.612710, 255.783773, 
            412.682254, 255.783773, 415.751799, 254.760592, 
            420.867706, 254.760592, 424.960432, 254.760592, 
            427.006795, 254.760592, 431.099520, 254.760592, 
            434.169065, 254.760592, 436.215428, 254.760592, 
            439.284972, 254.760592, 442.354516, 254.760592, 
            444.400879, 254.760592, 445.424061, 254.760592, 
            446.447242, 255.783773, 448.493605, 255.783773, 
            450.539968, 257.830136, 454.632694, 258.853317, 
            456.679057, 258.853317, 460.771783, 260.899680, 
            464.864508, 262.946043, 467.934053, 262.946043, 
            469.980416, 263.969225, 471.003597, 264.992406, 
            472.026779, 266.015588, 474.073141, 267.038769, 
            476.119504, 268.061950, 479.189049, 269.085132, 
            482.258593, 271.131495, 485.328137, 271.131495, 
            486.351319, 273.177858, 487.374500, 274.201039, 
            489.420863, 275.224221, 490.444045, 277.270584, 
            493.513589, 279.316946, 496.583133, 280.340128, 
            498.629496, 281.363309, 499.652678, 283.409672, 
            502.722222, 284.432854, 504.768585, 286.479217, 
            506.814948, 287.502398, 507.838129, 289.548761, 
            510.907674, 291.595124, 511.930855, 292.618305, 
            512.954037, 293.641487, 512.954037, 294.664668, 
            512.954037, 296.711031, 513.977218, 299.780576, 
            513.977218, 302.850120, 515.000400, 305.919664, 
            516.023581, 310.012390, 517.046763, 314.105116, 
            519.093125, 317.174660, 520.116307, 320.244205, 
