%YAML:1.0
    mask: !!opencv-matrix
        rows: 75
        cols: 2
        dt: f
        data: [ -1.000000, -1.000000, 538.231959, 
            361.159794, 538.231959, 362.479381, 534.273196, 
            370.396907, 532.953608, 371.716495, 531.634021, 
            379.634021, 535.592784, 392.829897, 551.427835, 
            406.025773, 573.860825, 415.262887, 596.293814, 
            427.139175, 616.087629, 440.335052, 643.798969, 
            457.489691, 676.788660, 473.324742, 678.108247, 
            475.963918, 679.427835, 475.963918, 700.541237, 
            485.201031, 722.974227, 498.396907, 726.932990, 
            499.716495, 741.448454, 508.953608, 754.644330, 
            518.190722, 774.438144, 519.510309, 775.757732, 
            519.510309, 783.675258, 522.149485, 799.510309, 
            522.149485, 816.664948, 523.469072, 828.541237, 
            507.634021, 836.458763, 494.438144, 841.737113, 
            485.201031, 837.778351, 468.046392, 821.943299, 
            444.293814, 812.706186, 420.541237, 806.108247, 
            413.943299, 806.108247, 406.025773, 778.396907, 
            361.159794, 775.757732, 358.520619, 763.881443, 
            347.963918, 757.283505, 337.407216, 755.963918, 
            337.407216, 741.448454, 326.850515, 738.809278, 
            325.530928, 733.530928, 321.572165, 722.974227, 
            313.654639, 721.654639, 312.335052, 711.097938, 
            304.417526, 701.860825, 301.778351, 688.664948, 
            300.458763, 682.067010, 300.458763, 675.469072, 
            299.139175, 659.634021, 295.180412, 651.716495, 
            293.860825, 638.520619, 293.860825, 626.644330, 
            293.860825, 610.809278, 299.139175, 600.252577, 
            301.778351, 583.097938, 308.376289, 581.778351, 
            308.376289, 577.819588, 312.335052, 575.180412, 
            317.613402, 575.180412, 321.572165, 575.180412, 
            322.891753, 580.458763, 336.087629, 581.778351, 
            344.005155, 581.778351, 345.324742, 581.778351, 
            346.644330, 581.778351, 347.963918, 581.778351, 
            349.283505, 581.778351, 351.922680, 581.778351, 
            354.561856, 581.778351, 357.201031, 581.778351, 
            359.840206, 580.458763, 359.840206, 563.304124, 
            362.479381, 558.025773, 362.479381, -1.000000, 
            -1.000000, -1.000000, -1.000000]
