%YAML:1.0
    mask: !!opencv-matrix
        rows: 435
        cols: 2
        dt: f
        data: [ 216.252577, 716.128866, 216.252577, 
            718.768041, 218.891753, 713.489691, 220.211340, 
            712.170103, 225.489691, 704.252577, 230.768041, 
            698.974227, 236.046392, 691.056701, 241.324742, 
            685.778351, 242.644330, 683.139175, 243.963918, 
            680.500000, 245.283505, 677.860825, 249.242268, 
            668.623711, 250.561856, 665.984536, 251.881443, 
            665.984536, 257.159794, 648.829897, 265.077320, 
            629.036082, 270.355670, 621.118557, 271.675258, 
            619.798969, 271.675258, 618.479381, 272.994845, 
            617.159794, 274.314433, 615.840206, 286.190722, 
            610.561856, 290.149485, 606.603093, 296.747423, 
            602.644330, 299.386598, 601.324742, 300.706186, 
            598.685567, 302.025773, 597.365979, 303.345361, 
            596.046392, 304.664948, 594.726804, 304.664948, 
            593.407216, 307.304124, 589.448454, 311.262887, 
            582.850515, 319.180412, 578.891753, 320.500000, 
            577.572165, 323.139175, 576.252577, 332.376289, 
            574.932990, 335.015464, 574.932990, 335.015464, 
            573.613402, 336.335052, 573.613402, 337.654639, 
            572.293814, 338.974227, 572.293814, 340.293814, 
            569.654639, 342.932990, 568.335052, 352.170103, 
            564.376289, 361.407216, 563.056701, 365.365979, 
            563.056701, 371.963918, 563.056701, 375.922680, 
            563.056701, 378.561856, 563.056701, 382.520619, 
            563.056701, 387.798969, 563.056701, 397.036082, 
            563.056701, 399.675258, 563.056701, 403.634021, 
            563.056701, 407.592784, 563.056701, 410.231959, 
            563.056701, 411.551546, 563.056701, 418.149485, 
            565.695876, 424.747423, 569.654639, 428.706186, 
            570.974227, 428.706186, 572.293814, 431.345361, 
            577.572165, 432.664948, 578.891753, 432.664948, 
            585.489691, 432.664948, 589.448454, 432.664948, 
            592.087629, 432.664948, 593.407216, 430.025773, 
            594.726804, 427.386598, 596.046392, 419.469072, 
            596.046392, 418.149485, 596.046392, 414.190722, 
            596.046392, 410.231959, 596.046392, 406.273196, 
            596.046392, 403.634021, 596.046392, 399.675258, 
            596.046392, 394.396907, 596.046392, 387.798969, 
            596.046392, 383.840206, 596.046392, 382.520619, 
            596.046392, 374.603093, 596.046392, 368.005155, 
            597.365979, 365.365979, 600.005155, 364.046392, 
            601.324742, 364.046392, 602.644330, 364.046392, 
            617.159794, 364.046392, 621.118557, 364.046392, 
            625.077320, 364.046392, 626.396907, 365.365979, 
            626.396907, 365.365979, 627.716495, 366.685567, 
            627.716495, 368.005155, 627.716495, 371.963918, 
            627.716495, 374.603093, 627.716495, 377.242268, 
            627.716495, 378.561856, 627.716495, 381.201031, 
            629.036082, 383.840206, 629.036082, 385.159794, 
            629.036082, 387.798969, 629.036082, 391.757732, 
            629.036082, 402.314433, 629.036082, 414.190722, 
            627.716495, 419.469072, 627.716495, 422.108247, 
            627.716495, 426.067010, 627.716495, 443.221649, 
            627.716495, 452.458763, 627.716495, 453.778351, 
            627.716495, 455.097938, 627.716495, 457.737113, 
            627.716495, 457.737113, 626.396907, 459.056701, 
            626.396907, 460.376289, 625.077320, 461.695876, 
            625.077320, 463.015464, 625.077320, 464.335052, 
            625.077320, 465.654639, 625.077320, 466.974227, 
            625.077320, 468.293814, 625.077320, 468.293814, 
            626.396907, 468.293814, 627.716495, 468.293814, 
            629.036082, 468.293814, 630.355670, 468.293814, 
            632.994845, 468.293814, 634.314433, 468.293814, 
            636.953608, 468.293814, 642.231959, 468.293814, 
            646.190722, 468.293814, 650.149485, 465.654639, 
            656.747423, 464.335052, 658.067010, 463.015464, 
            659.386598, 460.376289, 662.025773, 459.056701, 
            663.345361, 455.097938, 665.984536, 449.819588, 
            668.623711, 444.541237, 669.943299, 439.262887, 
            669.943299, 427.386598, 669.943299, 426.067010, 
            669.943299, 422.108247, 669.943299, 418.149485, 
            669.943299, 411.551546, 673.902062, 407.592784, 
            673.902062, 403.634021, 675.221649, 399.675258, 
            676.541237, 395.716495, 679.180412, 391.757732, 
            680.500000, 390.438144, 683.139175, 385.159794, 
            691.056701, 385.159794, 692.376289, 385.159794, 
            693.695876, 385.159794, 696.335052, 385.159794, 
            704.252577, 385.159794, 705.572165, 385.159794, 
            708.211340, 385.159794, 709.530928, 385.159794, 
            710.850515, 383.840206, 712.170103, -1.000000, 
            -1.000000, -1.000000, -1.000000, 708.458763, 
            263.510309, 700.541237, 263.510309, 697.902062, 
            263.510309, 687.345361, 263.510309, 682.067010, 
            263.510309, 676.788660, 264.829897, 675.469072, 
            264.829897, 674.149485, 264.829897, 667.551546, 
            266.149485, 667.551546, 267.469072, 663.592784, 
            271.427835, 660.953608, 272.747423, 659.634021, 
            275.386598, 658.314433, 278.025773, 655.675258, 
            281.984536, 654.355670, 283.304124, 651.716495, 
            287.262887, 646.438144, 297.819588, 643.798969, 
            303.097938, 642.479381, 305.737113, 641.159794, 
            307.056701, 641.159794, 308.376289, 641.159794, 
            309.695876, 641.159794, 311.015464, 641.159794, 
            312.335052, 641.159794, 313.654639, 641.159794, 
            314.974227, 643.798969, 316.293814, 645.118557, 
            316.293814, 649.077320, 316.293814, 653.036082, 
            316.293814, 662.273196, 309.695876, 668.871134, 
            305.737113, 670.190722, 305.737113, 675.469072, 
            305.737113, 678.108247, 305.737113, 680.747423, 
            305.737113, 682.067010, 305.737113, 683.386598, 
            305.737113, 686.025773, 307.056701, 689.984536, 
            309.695876, 689.984536, 312.335052, 689.984536, 
            314.974227, 689.984536, 316.293814, 689.984536, 
            317.613402, 683.386598, 325.530928, 680.747423, 
            325.530928, 679.427835, 325.530928, 676.788660, 
            326.850515, 675.469072, 326.850515, 672.829897, 
            326.850515, 671.510309, 328.170103, 668.871134, 
            328.170103, 664.912371, 329.489691, 662.273196, 
            330.809278, 659.634021, 330.809278, 658.314433, 
            332.128866, 654.355670, 333.448454, 653.036082, 
            333.448454, 651.716495, 334.768041, 650.396907, 
            336.087629, 649.077320, 336.087629, 646.438144, 
            337.407216, 641.159794, 340.046392, 634.561856, 
            342.685567, 633.242268, 344.005155, 629.283505, 
            346.644330, 621.365979, 350.603093, 618.726804, 
            353.242268, 614.768041, 355.881443, 613.448454, 
            355.881443, 608.170103, 359.840206, 606.850515, 
            361.159794, 605.530928, 361.159794, 605.530928, 
            362.479381, 605.530928, 363.798969, 605.530928, 
            365.118557, 605.530928, 366.438144, 605.530928, 
            367.757732, 605.530928, 369.077320, 608.170103, 
            369.077320, 610.809278, 371.716495, 610.809278, 
            373.036082, 612.128866, 375.675258, 613.448454, 
            375.675258, 614.768041, 376.994845, 620.046392, 
            378.314433, 624.005155, 379.634021, 631.922680, 
            382.273196, 633.242268, 382.273196, 638.520619, 
            382.273196, 646.438144, 382.273196, 647.757732, 
            382.273196, 651.716495, 382.273196, 659.634021, 
