%YAML:1.0
    mask: !!opencv-matrix
        rows: 523
        cols: 2
        dt: f
        data: [ 191.180412, 717.448454, 196.458763, 
            710.850515, 210.974227, 697.654639, 217.572165, 
            691.056701, 229.448454, 683.139175, 240.005155, 
            676.541237, 242.644330, 675.221649, 242.644330, 
            673.902062, 243.963918, 673.902062, 246.603093, 
            672.582474, 247.922680, 672.582474, 249.242268, 
            672.582474, 250.561856, 672.582474, 258.479381, 
            673.902062, 262.438144, 675.221649, 265.077320, 
            676.541237, 266.396907, 676.541237, 267.716495, 
            675.221649, 269.036082, 672.582474, 270.355670, 
            667.304124, 271.675258, 665.984536, 275.634021, 
            663.345361, 276.953608, 663.345361, 278.273196, 
            662.025773, 282.231959, 659.386598, 291.469072, 
            658.067010, 300.706186, 658.067010, 304.664948, 
            658.067010, 305.984536, 658.067010, 307.304124, 
            658.067010, 309.943299, 658.067010, 313.902062, 
            658.067010, 321.819588, 660.706186, 337.654639, 
            667.304124, 342.932990, 671.262887, 344.252577, 
            672.582474, 352.170103, 677.860825, 356.128866, 
            679.180412, 358.768041, 681.819588, 360.087629, 
            681.819588, 365.365979, 683.139175, 368.005155, 
            683.139175, 371.963918, 684.458763, 371.963918, 
            685.778351, 374.603093, 687.097938, 377.242268, 
            691.056701, 377.242268, 693.695876, 377.242268, 
            696.335052, 377.242268, 700.293814, 377.242268, 
            704.252577, 377.242268, 705.572165, 377.242268, 
            706.891753, 375.922680, 708.211340, 374.603093, 
            708.211340, 373.283505, 710.850515, 371.963918, 
            710.850515, 369.324742, 712.170103, 362.726804, 
            712.170103, 360.087629, 712.170103, 358.768041, 
            712.170103, 356.128866, 712.170103, 346.891753, 
            710.850515, 342.932990, 710.850515, 327.097938, 
            708.211340, 325.778351, 708.211340, 324.458763, 
            708.211340, 320.500000, 708.211340, 317.860825, 
            709.530928, 313.902062, 712.170103, 311.262887, 
            712.170103, 308.623711, 713.489691, 308.623711, 
            714.809278, 305.984536, 716.128866, 303.345361, 
            717.448454, -1.000000, -1.000000, -1.000000, 
            -1.000000, 568.582474, 376.994845, 563.304124, 
            383.592784, 560.664948, 386.231959, 556.706186, 
            390.190722, 556.706186, 392.829897, 555.386598, 
            392.829897, 554.067010, 396.788660, 552.747423, 
            400.747423, 552.747423, 402.067010, 552.747423, 
            403.386598, 552.747423, 412.623711, 552.747423, 
            417.902062, 552.747423, 420.541237, 554.067010, 
            421.860825, 555.386598, 421.860825, 558.025773, 
            424.500000, 565.943299, 425.819588, 569.902062, 
            425.819588, 572.541237, 425.819588, 579.139175, 
            419.221649, 581.778351, 417.902062, 584.417526, 
            413.943299, 587.056701, 411.304124, 591.015464, 
            404.706186, 596.293814, 402.067010, 597.613402, 
            402.067010, 600.252577, 402.067010, 601.572165, 
            402.067010, 602.891753, 400.747423, 606.850515, 
            400.747423, 613.448454, 399.427835, 616.087629, 
            399.427835, 617.407216, 399.427835, 618.726804, 
            399.427835, 618.726804, 400.747423, 626.644330, 
            404.706186, 633.242268, 409.984536, 634.561856, 
            412.623711, 634.561856, 413.943299, 634.561856, 
            415.262887, 630.603093, 419.221649, 624.005155, 
            425.819588, 622.685567, 428.458763, 616.087629, 
            431.097938, 610.809278, 436.376289, 601.572165, 
            441.654639, 594.974227, 445.613402, 591.015464, 
            446.932990, 589.695876, 448.252577, 587.056701, 
            449.572165, 584.417526, 449.572165, 575.180412, 
            457.489691, 569.902062, 458.809278, 563.304124, 
            462.768041, 558.025773, 466.726804, 556.706186, 
            468.046392, 555.386598, 472.005155, 554.067010, 
            477.283505, 554.067010, 478.603093, 552.747423, 
            482.561856, 552.747423, 485.201031, 552.747423, 
            489.159794, 554.067010, 489.159794, 558.025773, 
            490.479381, 565.943299, 493.118557, 569.902062, 
            493.118557, 572.541237, 493.118557, 584.417526, 
            493.118557, 588.376289, 493.118557, 598.932990, 
            490.479381, 604.211340, 489.159794, 609.489691, 
            486.520619, 612.128866, 485.201031, 616.087629, 
            482.561856, 617.407216, 481.242268, 629.283505, 
            474.644330, 630.603093, 473.324742, 639.840206, 
            468.046392, 642.479381, 466.726804, 647.757732, 
            464.087629, 655.675258, 462.768041, 660.953608, 
            461.448454, 664.912371, 461.448454, 668.871134, 
            461.448454, 670.190722, 462.768041, 676.788660, 
            469.365979, 678.108247, 472.005155, 678.108247, 
            473.324742, 678.108247, 474.644330, 678.108247, 
            475.963918, 678.108247, 477.283505, 678.108247, 
            481.242268, 678.108247, 485.201031, 678.108247, 
            486.520619, 678.108247, 487.840206, 675.469072, 
            490.479381, 671.510309, 491.798969, 668.871134, 
            497.077320, 664.912371, 501.036082, 660.953608, 
            502.355670, 658.314433, 504.994845, 646.438144, 
            510.273196, 642.479381, 511.592784, 638.520619, 
            512.912371, 635.881443, 514.231959, 634.561856, 
            514.231959, 633.242268, 518.190722, 631.922680, 
            518.190722, 630.603093, 518.190722, 627.963918, 
            518.190722, 618.726804, 520.829897, 609.489691, 
            522.149485, 602.891753, 523.469072, 600.252577, 
            526.108247, 598.932990, 526.108247, 592.335052, 
            530.067010, 592.335052, 531.386598, 588.376289, 
            536.664948, 584.417526, 537.984536, 583.097938, 
            540.623711, 580.458763, 545.902062, 579.139175, 
            552.500000, 579.139175, 553.819588, 579.139175, 
            555.139175, 579.139175, 557.778351, 579.139175, 
            559.097938, 579.139175, 560.417526, 579.139175, 
            565.695876, 583.097938, 573.613402, 584.417526, 
            577.572165, 588.376289, 582.850515, 605.530928, 
            592.087629, 605.530928, 594.726804, 606.850515, 
            597.365979, 606.850515, 598.685567, 608.170103, 
            598.685567, 610.809278, 598.685567, 613.448454, 
            598.685567, 617.407216, 598.685567, 625.324742, 
            598.685567, 627.963918, 598.685567, 631.922680, 
            598.685567, 633.242268, 598.685567, 642.479381, 
            589.448454, 650.396907, 585.489691, 658.314433, 
            584.170103, 659.634021, 581.530928, 660.953608, 
            580.211340, 664.912371, 578.891753, 668.871134, 
            576.252577, 679.427835, 574.932990, 684.706186, 
            573.613402, 689.984536, 573.613402, 692.623711, 
            573.613402, 695.262887, 573.613402, 697.902062, 
            573.613402, 697.902062, 572.293814, 699.221649, 
            570.974227, 705.819588, 564.376289, 708.458763, 
            561.737113, 712.417526, 556.458763, 717.695876, 
            549.860825, 724.293814, 541.943299, 728.252577, 
            535.345361, 733.530928, 523.469072, 733.530928, 
            522.149485, 734.850515, 512.912371, 736.170103, 
            503.675258, 737.489691, 497.077320, 738.809278, 
            493.118557, 740.128866, 486.520619, 742.768041, 
            472.005155, 742.768041, 468.046392, 744.087629, 
            461.448454, 745.407216, 456.170103, 745.407216, 
            453.530928, 745.407216, 452.211340, 745.407216, 
            448.252577, 744.087629, 437.695876, 742.768041, 
            432.417526, 742.768041, 431.097938, 740.128866, 
