%YAML:1.0
    mask: !!opencv-matrix
        rows: 452
        cols: 2
        dt: f
        data: [ -1.000000, -1.000000, -1.000000, 
            -1.000000, 946.431255, 260.228217, 946.431255, 
            262.274580, 946.431255, 263.297762, 946.431255, 
            264.320943, 944.384892, 269.436851, 943.361711, 
            275.575939, 942.338529, 279.668665, 942.338529, 
            284.784572, 942.338529, 289.900480, 942.338529, 
            292.970024, 942.338529, 295.016387, 945.408074, 
            301.155476, 946.431255, 304.225020, 947.454436, 
            306.271383, 949.500799, 308.317746, 950.523981, 
            312.410472, 953.593525, 315.480016, 953.593525, 
            316.503197, 955.639888, 321.619105, 956.663070, 
            325.711831, 958.709432, 330.827738, 960.755795, 
            333.897282, 960.755795, 337.990008, 961.778977, 
            340.036371, 962.802158, 342.082734, 963.825340, 
            344.129097, 964.848521, 346.175460, 965.871703, 
            348.221823, 967.918066, 350.268185, 967.918066, 
            352.314548, 967.918066, 353.337730, 968.941247, 
            355.384093, 968.941247, 357.430456, 968.941247, 
            360.500000, 965.871703, 364.592726, 963.825340, 
            366.639089, 963.825340, 367.662270, 961.778977, 
            368.685452, 960.755795, 368.685452, 959.732614, 
            369.708633, 957.686251, 369.708633, 957.686251, 
            371.754996, 956.663070, 371.754996, 953.593525, 
            371.754996, 950.523981, 373.801359, 948.477618, 
            374.824540, 945.408074, 376.870903, 943.361711, 
            377.894085, 942.338529, 378.917266, 941.315348, 
            378.917266, 939.268985, 380.963629, 936.199440, 
            383.009992, 932.106715, 384.033173, 929.037170, 
            385.056355, 924.944444, 386.079536, 922.898082, 
            386.079536, 918.805356, 387.102718, 915.735811, 
            387.102718, 913.689448, 387.102718, 912.666267, 
            388.125899, 912.666267, 389.149081, 912.666267, 
            391.195444, 912.666267, 392.218625, 911.643086, 
            394.264988, 911.643086, 395.288169, 909.596723, 
            398.357714, 908.573541, 401.427258, 906.527178, 
            403.473621, 906.527178, 404.496803, 905.503997, 
            405.519984, 904.480815, 408.589528, 901.411271, 
            410.635891, 898.341727, 413.705436, 897.318545, 
            414.728617, 895.272182, 416.774980, 894.249001, 
            417.798161, 892.202638, 418.821343, 891.179456, 
            419.844524, 889.133094, 419.844524, 888.109912, 
            419.844524, 887.086731, 418.821343, 886.063549, 
            417.798161, 885.040368, 416.774980, 884.017186, 
            415.751799, 876.854916, 415.751799, 873.785372, 
            415.751799, 872.762190, 415.751799, 871.739009, 
            415.751799, 869.692646, 417.798161, 866.623102, 
            419.844524, 864.576739, 420.867706, 863.553557, 
            421.890887, 861.507194, 422.914069, 860.484013, 
            423.937250, 858.437650, 423.937250, 857.414468, 
            424.960432, 856.391287, 425.983613, 855.368106, 
            425.983613, 854.344924, 425.983613, 853.321743, 
            425.983613, 853.321743, 424.960432, 849.229017, 
            417.798161, 848.205835, 414.728617, 845.136291, 
            406.543165, 845.136291, 401.427258, 845.136291, 
            398.357714, 843.089928, 394.264988, 843.089928, 
            391.195444, 843.089928, 388.125899, 842.066747, 
            387.102718, 842.066747, 380.963629, 841.043565, 
            377.894085, 840.020384, 374.824540, 838.997202, 
            370.731815, 836.950839, 366.639089, 836.950839, 
            364.592726, 835.927658, 359.476819, 833.881295, 
            354.360911, 832.858114, 351.291367, 830.811751, 
            347.198641, 830.811751, 345.152278, 829.788569, 
            343.105915, 828.765388, 340.036371, 826.719025, 
            335.943645, 825.695843, 330.827738, 823.649480, 
            328.781375, 822.626299, 326.735012, 820.579936, 
            325.711831, 819.556755, 324.688649, 818.533573, 
            323.665468, 816.487210, 322.642286, 815.464029, 
            322.642286, 812.394484, 322.642286, 810.348122, 
            322.642286, 808.301759, 321.619105, 805.232214, 
            321.619105, 802.162670, 321.619105, 796.023581, 
            322.642286, 793.977218, 324.688649, 792.954037, 
            325.711831, 792.954037, 327.758193, 792.954037, 
            330.827738, 792.954037, 332.874101, 792.954037, 
            336.966827, 792.954037, 339.013189, 792.954037, 
            343.105915, 792.954037, 347.198641, 792.954037, 
            350.268185, 792.954037, 351.291367, 792.954037, 
            352.314548, 792.954037, 355.384093, 792.954037, 
            358.453637, 790.907674, 359.476819, 788.861311, 
            360.500000, 787.838129, 361.523181, 783.745404, 
            361.523181, 780.675859, 361.523181, 775.559952, 
            359.476819, 772.490408, 356.407274, 769.420863, 
            351.291367, 769.420863, 349.245004, 766.351319, 
            345.152278, 764.304956, 343.105915, 764.304956, 
            342.082734, 764.304956, 340.036371, 764.304956, 
            337.990008, 764.304956, 334.920464, 764.304956, 
            332.874101, 764.304956, 327.758193, 765.328137, 
            322.642286, 767.374500, 318.549560, 768.397682, 
            315.480016, 770.444045, 312.410472, 773.513589, 
            309.340927, 775.559952, 307.294564, 776.583133, 
            305.248201, 779.652678, 303.201839, 779.652678, 
            301.155476, 782.722222, 298.085931, 785.791767, 
            296.039568, 790.907674, 291.946843, 792.954037, 
            289.900480, 795.000400, 288.877298, 797.046763, 
            286.830935, 798.069944, 286.830935, 800.116307, 
            285.807754, 803.185851, 282.738209, 806.255396, 
            280.691847, 806.255396, 279.668665, 810.348122, 
            277.622302, 814.440847, 273.529576, 819.556755, 
            270.460032, 823.649480, 265.344125, 825.695843, 
            264.320943, 829.788569, 260.228217, 831.834932, 
            256.135492, 833.881295, 253.065947, 836.950839, 
            251.019584, 840.020384, 246.926859, 841.043565, 
            245.903677, 843.089928, 243.857314, 844.113110, 
            241.810951, 846.159472, 239.764588, 850.252198, 
            237.718225, 853.321743, 235.671863, 857.414468, 
            232.602318, 861.507194, 230.555955, 861.507194, 
            229.532774, 864.576739, 227.486411, 867.646283, 
            225.440048, 867.646283, 224.416867, 870.715827, 
            223.393685, 874.808553, 221.347322, 875.831735, 
            221.347322, -1.000000, -1.000000, 374.472822, 
            230.555955, 375.496003, 230.555955, 377.542366, 
            230.555955, 378.565548, 231.579137, 379.588729, 
            233.625500, 380.611910, 234.648681, 381.635092, 
            236.695044, 383.681455, 241.810951, 384.704636, 
            243.857314, 385.727818, 244.880496, 385.727818, 
            248.973221, 387.774181, 255.112310, 388.797362, 
            258.181855, 388.797362, 259.205036, 389.820544, 
            262.274580, 389.820544, 264.320943, 389.820544, 
            265.344125, 389.820544, 269.436851, 390.843725, 
            274.552758, 390.843725, 277.622302, 390.843725, 
            281.715028, 391.866906, 284.784572, 391.866906, 
            287.854117, 392.890088, 288.877298, 392.890088, 
            292.970024, 393.913269, 293.993205, 393.913269, 
            295.016387, 394.936451, 297.062750, 395.959632, 
            300.132294, 398.005995, 303.201839, 398.005995, 
            304.225020, 399.029177, 306.271383, 401.075540, 
            308.317746, 402.098721, 310.364109, 403.121902, 
            310.364109, 405.168265, 313.433653, 405.168265, 
            314.456835, 408.237810, 318.549560, 409.260991, 
            319.572742, 410.284173, 320.595923, 413.353717, 
            321.619105, 415.400080, 323.665468, 417.446443, 
