%YAML:1.0
    mask: !!opencv-matrix
        rows: 323
        cols: 2
        dt: f
        data: [ -1.000000, -1.000000, 677.334532, 
            715.543965, 678.357714, 715.543965, 680.404077, 
            713.497602, 683.473621, 710.428058, 687.566347, 
            708.381695, 688.589528, 706.335332, 691.659073, 
            705.312150, 691.659073, 704.288969, 693.705436, 
            703.265787, 695.751799, 701.219424, 696.774980, 
            701.219424, 697.798161, 700.196243, 699.844524, 
            699.173062, 702.914069, 697.126699, 705.983613, 
            697.126699, 708.029976, 695.080336, 709.053157, 
            695.080336, 712.122702, 694.057154, 712.122702, 
            693.033973, 715.192246, 693.033973, 716.215428, 
            692.010791, 717.238609, 692.010791, 719.284972, 
            692.010791, 721.331335, 690.987610, 723.377698, 
            690.987610, 726.447242, 689.964428, 730.539968, 
            688.941247, 731.563149, 688.941247, 733.609512, 
            688.941247, 735.655875, 688.941247, 740.771783, 
            688.941247, 746.910871, 686.894884, 751.003597, 
            686.894884, 753.049960, 686.894884, 756.119504, 
            686.894884, 758.165867, 686.894884, 759.189049, 
            686.894884, 762.258593, 686.894884, 763.281775, 
            686.894884, 765.328137, 686.894884, 767.374500, 
            686.894884, 769.420863, 688.941247, 772.490408, 
            689.964428, 776.583133, 690.987610, 779.652678, 
            692.010791, 780.675859, 692.010791, 782.722222, 
            693.033973, 783.745404, 693.033973, 784.768585, 
            693.033973, 786.814948, 695.080336, 787.838129, 
            695.080336, 788.861311, 695.080336, 791.930855, 
            697.126699, 793.977218, 698.149880, 796.023581, 
            699.173062, 799.093125, 700.196243, 799.093125, 
            701.219424, 801.139488, 702.242606, 802.162670, 
            702.242606, 802.162670, 703.265787, 803.185851, 
            704.288969, 805.232214, 705.312150, 806.255396, 
            706.335332, 808.301759, 707.358513, 808.301759, 
            708.381695, 809.324940, 709.404876, 810.348122, 
            712.474420, 811.371303, 714.520783, 812.394484, 
            714.520783, 813.417666, 715.543965, 813.417666, 
            716.567146, -1.000000, -1.000000, 627.198641, 
            412.682254, 627.198641, 413.705436, 627.198641, 
            414.728617, 628.221823, 416.774980, 629.245004, 
            417.798161, 631.291367, 421.890887, 632.314548, 
            423.937250, 633.337730, 424.960432, 635.384093, 
            427.006795, 636.407274, 427.006795, 638.453637, 
            428.029976, 639.476819, 430.076339, 641.523181, 
            431.099520, 642.546363, 433.145883, 643.569544, 
            433.145883, 644.592726, 433.145883, 646.639089, 
            434.169065, 648.685452, 435.192246, 651.754996, 
            436.215428, 653.801359, 437.238609, 656.870903, 
            437.238609, 659.940448, 437.238609, 661.986811, 
            437.238609, 665.056355, 437.238609, 667.102718, 
            437.238609, 673.241807, 436.215428, 677.334532, 
            434.169065, 678.357714, 434.169065, 682.450440, 
            433.145883, 682.450440, 432.122702, 684.496803, 
            432.122702, 686.543165, 431.099520, 689.612710, 
            430.076339, 692.682254, 428.029976, 693.705436, 
            428.029976, 695.751799, 425.983613, 697.798161, 
            424.960432, 698.821343, 421.890887, 699.844524, 
            419.844524, 700.867706, 416.774980, 701.890887, 
            412.682254, 701.890887, 407.566347, 702.914069, 
            404.496803, 702.914069, 400.404077, 702.914069, 
            396.311351, 702.914069, 393.241807, 702.914069, 
            390.172262, 702.914069, 388.125899, 702.914069, 
            387.102718, 702.914069, 381.986811, 703.937250, 
            378.917266, 703.937250, 376.870903, 703.937250, 
            373.801359, 703.937250, 370.731815, 703.937250, 
            367.662270, 703.937250, 365.615907, 703.937250, 
            363.569544, 703.937250, 360.500000, 703.937250, 
            358.453637, 703.937250, 357.430456, 703.937250, 
            356.407274, 702.914069, 354.360911, 701.890887, 
            352.314548, 700.867706, 352.314548, 699.844524, 
            351.291367, 696.774980, 350.268185, 692.682254, 
            348.221823, 689.612710, 347.198641, 687.566347, 
            345.152278, 685.519984, 344.129097, 684.496803, 
            342.082734, 683.473621, 341.059552, 681.427258, 
            340.036371, 681.427258, 339.013189, 680.404077, 
            337.990008, 678.357714, 336.966827, 678.357714, 
            335.943645, 678.357714, 334.920464, 677.334532, 
            334.920464, 676.311351, 334.920464, 674.264988, 
            334.920464, 672.218625, 335.943645, 670.172262, 
            336.966827, 668.125899, 336.966827, 668.125899, 
            337.990008, 666.079536, 339.013189, 665.056355, 
            339.013189, 663.009992, 340.036371, 660.963629, 
            341.059552, 660.963629, 342.082734, 658.917266, 
            343.105915, 657.894085, 343.105915, 657.894085, 
            344.129097, 656.870903, 344.129097, 654.824540, 
            346.175460, 653.801359, 346.175460, 651.754996, 
            347.198641, 650.731815, 348.221823, 647.662270, 
            349.245004, 646.639089, 349.245004, 644.592726, 
            350.268185, 641.523181, 352.314548, 639.476819, 
            352.314548, 637.430456, 352.314548, 635.384093, 
            352.314548, 632.314548, 353.337730, 629.245004, 
            353.337730, 628.221823, 353.337730, 626.175460, 
            354.360911, 625.152278, 354.360911, 624.129097, 
            355.384093, 623.105915, 355.384093, 623.105915, 
            356.407274, 622.082734, 356.407274, 622.082734, 
            357.430456, 622.082734, 359.476819, 622.082734, 
            361.523181, 623.105915, 363.569544, 623.105915, 
            364.592726, 624.129097, 365.615907, 625.152278, 
            367.662270, 625.152278, 368.685452, 626.175460, 
            370.731815, 627.198641, 372.778177, 627.198641, 
            373.801359, 628.221823, 375.847722, 628.221823, 
            377.894085, 628.221823, 378.917266, 629.245004, 
            380.963629, 630.268185, 384.033173, 630.268185, 
            385.056355, 631.291367, 386.079536, 631.291367, 
            388.125899, 632.314548, 389.149081, 632.314548, 
            392.218625, 633.337730, 393.241807, 634.360911, 
            393.241807, 634.360911, 394.264988, 634.360911, 
            395.288169, 635.384093, 396.311351, 636.407274, 
            396.311351, 636.407274, 397.334532, 638.453637, 
            398.357714, 639.476819, 399.380895, 640.500000, 
            399.380895, 641.523181, 400.404077, 642.546363, 
            401.427258, 642.546363, 402.450440, 642.546363, 
            403.473621, 642.546363, 404.496803, -1.000000, 
            -1.000000, 515.671863, 408.589528, 514.648681, 
            408.589528, 510.555955, 407.566347, 506.463229, 
            405.519984, 504.416867, 403.473621, 501.347322, 
            402.450440, 499.300959, 401.427258, 498.277778, 
            400.404077, 496.231415, 400.404077, 495.208233, 
            399.380895, 494.185052, 399.380895, 490.092326, 
            399.380895, 487.022782, 397.334532, 484.976419, 
            397.334532, 482.930056, 397.334532, 480.883693, 
            395.288169, 479.860512, 395.288169, 478.837330, 
            395.288169, 477.814149, 395.288169, 476.790967, 
            395.288169, 473.721423, 395.288169, 472.698241, 
            394.264988, 470.651878, 394.264988, 469.628697, 
            394.264988, 467.582334, 396.311351, 466.559153, 
            396.311351, 462.466427, 399.380895, 459.396882, 
            402.450440, 457.350520, 403.473621, 456.327338, 
            405.519984, 454.280975, 408.589528, 452.234612, 
            411.659073, 450.188249, 414.728617, 450.188249, 
            415.751799, 449.165068, 417.798161, 448.141886, 
