%YAML:1.0
    mask: !!opencv-matrix
        rows: 541
        cols: 2
        dt: f
        data: [ 440.235099, 686.857616, 442.354305, 
            688.976821, 440.235099, 688.976821, 433.877483, 
            695.334437, 429.639073, 695.334437, 427.519868, 
            697.453642, 423.281457, 699.572848, 421.162252, 
            699.572848, 419.043046, 699.572848, 419.043046, 
            701.692053, 416.923841, 701.692053, 414.804636, 
            703.811258, 412.685430, 705.930464, 410.566225, 
            705.930464, 408.447020, 705.930464, 408.447020, 
            708.049669, 406.327815, 708.049669, 404.208609, 
            710.168874, 404.208609, 712.288079, 404.208609, 
            714.407285, 404.208609, 716.526490, 406.327815, 
            716.526490, 406.327815, 718.645695, 408.447020, 
            718.645695, 410.566225, 718.645695, 412.685430, 
            718.645695, 414.804636, 718.645695, 416.923841, 
            718.645695, 419.043046, 718.645695, 423.281457, 
            718.645695, 425.400662, 718.645695, 427.519868, 
            718.645695, 429.639073, 718.645695, 433.877483, 
            718.645695, 433.877483, 716.526490, 433.877483, 
            714.407285, 433.877483, 712.288079, 433.877483, 
            710.168874, 433.877483, 708.049669, 433.877483, 
            705.930464, 435.996689, 701.692053, 435.996689, 
            699.572848, 435.996689, 697.453642, 435.996689, 
            695.334437, -1.000000, -1.000000, 601.294702, 
            716.526490, 601.294702, 714.407285, 599.175497, 
            699.572848, 599.175497, 695.334437, 599.175497, 
            691.096026, 599.175497, 686.857616, 607.652318, 
            680.500000, 609.771523, 680.500000, 616.129139, 
            680.500000, 618.248344, 680.500000, 620.367550, 
            680.500000, 622.486755, 680.500000, 624.605960, 
            680.500000, 624.605960, 682.619205, 626.725166, 
            684.738411, 628.844371, 686.857616, 630.963576, 
            688.976821, 633.082781, 688.976821, 633.082781, 
            691.096026, 635.201987, 693.215232, 635.201987, 
            695.334437, 637.321192, 695.334437, 637.321192, 
            697.453642, 639.440397, 701.692053, 641.559603, 
            703.811258, 641.559603, 705.930464, 643.678808, 
            705.930464, 643.678808, 708.049669, 645.798013, 
            708.049669, 647.917219, 710.168874, 650.036424, 
            710.168874, 650.036424, 712.288079, 652.155629, 
            712.288079, 652.155629, 714.407285, 654.274834, 
            714.407285, 656.394040, 714.407285, 658.513245, 
            714.407285, 658.513245, 716.526490, 660.632450, 
            716.526490, 662.751656, 716.526490, 664.870861, 
            716.526490, 666.990066, 718.645695, 671.228477, 
            718.645695, 673.347682, 718.645695, 675.466887, 
            718.645695, 677.586093, 718.645695, 679.705298, 
            718.645695, 681.824503, 718.645695, 683.943709, 
            718.645695, 686.062914, 718.645695, 688.182119, 
            718.645695, 690.301325, 718.645695, 692.420530, 
            718.645695, 694.539735, 718.645695, 696.658940, 
            718.645695, 698.778146, 718.645695, 700.897351, 
            716.526490, 703.016556, 716.526490, 705.135762, 
            716.526490, 707.254967, 716.526490, 709.374172, 
            716.526490, 709.374172, 714.407285, 711.493377, 
            712.288079, 711.493377, 708.049669, 711.493377, 
            705.930464, 711.493377, 703.811258, 711.493377, 
            701.692053, 711.493377, 699.572848, 711.493377, 
            697.453642, 711.493377, 695.334437, 711.493377, 
            693.215232, 711.493377, 688.976821, 711.493377, 
            686.857616, 711.493377, 684.738411, 711.493377, 
            682.619205, 711.493377, 680.500000, 711.493377, 
            678.380795, 711.493377, 676.261589, 711.493377, 
            674.142384, 711.493377, 672.023179, 711.493377, 
            669.903974, 713.612583, 667.784768, 715.731788, 
            665.665563, 717.850993, 665.665563, 722.089404, 
            665.665563, 724.208609, 665.665563, 728.447020, 
            665.665563, 730.566225, 665.665563, 732.685430, 
            665.665563, 734.804636, 665.665563, 736.923841, 
            665.665563, 739.043046, 665.665563, 741.162252, 
            667.784768, 743.281457, 667.784768, 745.400662, 
            669.903974, 749.639073, 672.023179, 751.758278, 
            674.142384, 751.758278, 676.261589, 755.996689, 
            678.380795, 755.996689, 680.500000, 758.115894, 
            682.619205, 760.235099, 684.738411, 762.354305, 
            686.857616, 762.354305, 688.976821, 764.473510, 
            691.096026, 766.592715, 695.334437, 766.592715, 
            697.453642, 768.711921, 697.453642, 770.831126, 
            699.572848, 772.950331, 703.811258, 775.069536, 
            705.930464, 777.188742, 708.049669, 777.188742, 
            710.168874, 779.307947, 712.288079, 779.307947, 
            714.407285, 779.307947, 716.526490, 781.427152, 
            718.645695, -1.000000, -1.000000, 717.850993, 
            188.844371, 715.731788, 190.963576, 713.612583, 
            190.963576, 711.493377, 190.963576, 709.374172, 
            190.963576, 707.254967, 193.082781, 705.135762, 
            193.082781, 703.016556, 193.082781, 700.897351, 
            195.201987, 698.778146, 195.201987, 694.539735, 
            195.201987, 692.420530, 195.201987, 681.824503, 
            199.440397, 679.705298, 199.440397, 677.586093, 
            199.440397, 675.466887, 199.440397, 673.347682, 
            201.559603, 669.109272, 201.559603, 666.990066, 
            201.559603, 664.870861, 203.678808, 660.632450, 
            203.678808, 658.513245, 203.678808, 656.394040, 
            205.798013, 654.274834, 205.798013, 652.155629, 
            207.917219, 650.036424, 207.917219, 645.798013, 
            210.036424, 643.678808, 212.155629, 639.440397, 
            212.155629, 635.201987, 214.274834, 633.082781, 
            216.394040, 630.963576, 216.394040, 628.844371, 
            218.513245, 628.844371, 220.632450, 628.844371, 
            222.751656, 628.844371, 224.870861, 628.844371, 
            226.990066, 628.844371, 229.109272, 628.844371, 
            231.228477, 628.844371, 233.347682, 630.963576, 
            237.586093, 633.082781, 241.824503, 633.082781, 
            243.943709, 633.082781, 248.182119, 633.082781, 
            250.301325, 633.082781, 252.420530, 630.963576, 
            256.658940, 630.963576, 258.778146, 628.844371, 
            263.016556, 626.725166, 265.135762, 624.605960, 
            267.254967, 622.486755, 267.254967, 620.367550, 
            267.254967, 614.009934, 269.374172, 611.890728, 
            271.493377, 609.771523, 271.493377, 607.652318, 
            271.493377, 605.533113, 271.493377, 603.413907, 
            271.493377, 603.413907, 273.612583, 601.294702, 
            273.612583, 599.175497, 275.731788, 597.056291, 
            275.731788, 594.937086, 275.731788, 592.817881, 
            275.731788, 590.698675, 277.850993, 588.579470, 
            277.850993, 586.460265, 277.850993, 584.341060, 
            279.970199, 580.102649, 282.089404, 575.864238, 
            284.208609, 573.745033, 286.327815, 573.745033, 
            288.447020, 573.745033, 290.566225, 573.745033, 
            292.685430, 573.745033, 294.804636, 573.745033, 
            296.923841, 573.745033, 299.043046, 573.745033, 
            301.162252, 573.745033, 303.281457, 575.864238, 
            303.281457, 577.983444, 305.400662, 580.102649, 
            305.400662, 580.102649, 307.519868, 582.221854, 
            307.519868, 584.341060, 309.639073, 586.460265, 
            309.639073, 588.579470, 309.639073, 590.698675, 
            311.758278, 592.817881, 311.758278, 594.937086, 
            313.877483, 597.056291, 313.877483, 599.175497, 
            315.996689, 603.413907, 315.996689, 607.652318, 
