%YAML:1.0
    mask: !!opencv-matrix
        rows: 164
        cols: 2
        dt: f
        data: [ -1.000000, -1.000000, -1.000000, 
            -1.000000, 760.235099, 303.281457, 758.115894, 
            303.281457, 755.996689, 303.281457, 751.758278, 
            305.400662, 749.639073, 305.400662, 747.519868, 
            305.400662, 745.400662, 305.400662, 743.281457, 
            307.519868, 741.162252, 307.519868, 739.043046, 
            309.639073, 736.923841, 309.639073, 734.804636, 
            309.639073, 734.804636, 311.758278, 732.685430, 
            311.758278, 732.685430, 313.877483, 730.566225, 
            313.877483, 728.447020, 313.877483, 724.208609, 
            315.996689, 722.089404, 318.115894, 719.970199, 
            318.115894, 717.850993, 320.235099, 717.850993, 
            322.354305, 715.731788, 322.354305, 715.731788, 
            324.473510, 713.612583, 326.592715, 713.612583, 
            328.711921, 711.493377, 330.831126, 709.374172, 
            332.950331, 707.254967, 332.950331, 707.254967, 
            335.069536, 705.135762, 337.188742, 703.016556, 
            337.188742, 703.016556, 339.307947, 700.897351, 
            339.307947, 700.897351, 341.427152, 698.778146, 
            343.546358, 696.658940, 345.665563, 694.539735, 
            347.784768, 692.420530, 349.903974, 692.420530, 
            352.023179, 690.301325, 352.023179, 690.301325, 
            354.142384, 690.301325, 356.261589, 690.301325, 
            358.380795, 690.301325, 360.500000, 690.301325, 
            364.738411, 690.301325, 366.857616, 690.301325, 
            368.976821, 692.420530, 371.096026, 696.658940, 
            373.215232, 698.778146, 373.215232, 700.897351, 
            373.215232, 703.016556, 373.215232, 705.135762, 
            373.215232, 705.135762, 375.334437, 707.254967, 
            375.334437, 709.374172, 375.334437, 711.493377, 
            375.334437, 713.612583, 377.453642, 715.731788, 
            379.572848, 719.970199, 381.692053, 722.089404, 
            381.692053, 724.208609, 383.811258, 726.327815, 
            385.930464, 730.566225, 385.930464, 732.685430, 
            388.049669, 734.804636, 390.168874, 736.923841, 
            390.168874, 736.923841, 392.288079, 739.043046, 
            392.288079, 741.162252, 394.407285, 743.281457, 
            396.526490, 743.281457, 398.645695, 745.400662, 
            400.764901, 747.519868, 400.764901, 747.519868, 
            402.884106, 749.639073, 402.884106, 751.758278, 
            402.884106, 753.877483, 405.003311, 755.996689, 
            405.003311, 758.115894, 405.003311, 760.235099, 
            407.122517, 762.354305, 407.122517, 764.473510, 
            407.122517, 766.592715, 407.122517, 768.711921, 
            407.122517, 770.831126, 407.122517, 772.950331, 
            405.003311, 772.950331, 402.884106, 775.069536, 
            402.884106, 777.188742, 400.764901, 781.427152, 
            400.764901, 783.546358, 400.764901, 785.665563, 
            400.764901, 787.784768, 400.764901, 789.903974, 
            400.764901, 792.023179, 400.764901, 792.023179, 
            398.645695, 794.142384, 398.645695, 796.261589, 
            398.645695, 798.380795, 398.645695, 800.500000, 
            398.645695, 802.619205, 398.645695, 804.738411, 
            396.526490, 806.857616, 394.407285, 808.976821, 
            394.407285, 811.096026, 392.288079, 813.215232, 
            392.288079, 815.334437, 392.288079, 815.334437, 
            390.168874, 817.453642, 388.049669, 819.572848, 
            388.049669, 821.692053, 385.930464, 823.811258, 
            383.811258, 823.811258, 381.692053, 823.811258, 
            379.572848, 823.811258, 377.453642, 823.811258, 
            375.334437, 821.692053, 373.215232, 819.572848, 
            371.096026, 819.572848, 368.976821, 819.572848, 
            366.857616, 817.453642, 364.738411, 817.453642, 
            362.619205, 817.453642, 360.500000, 817.453642, 
            358.380795, 817.453642, 356.261589, 817.453642, 
            354.142384, 815.334437, 349.903974, 813.215232, 
            347.784768, 813.215232, 343.546358, 811.096026, 
            341.427152, 811.096026, 339.307947, 808.976821, 
            339.307947, 806.857616, 337.188742, 806.857616, 
            335.069536, 804.738411, 335.069536, 804.738411, 
            332.950331, 802.619205, 332.950331, 802.619205, 
            330.831126, 800.500000, 328.711921, 798.380795, 
            326.592715, 796.261589, 324.473510, 794.142384, 
            322.354305, 792.023179, 320.235099, 789.903974, 
            318.115894, 787.784768, 315.996689, 785.665563, 
            313.877483, 783.546358, 311.758278, 781.427152, 
            311.758278, 781.427152, 309.639073, 779.307947, 
            309.639073, 777.188742, 307.519868, 775.069536, 
            307.519868, 772.950331, 307.519868, 770.831126, 
            307.519868, 770.831126, 305.400662, 768.711921, 
            305.400662, 766.592715, 305.400662, 764.473510, 
            305.400662, 762.354305, 305.400662, -1.000000, 
            -1.000000]
