%YAML:1.0
    mask: !!opencv-matrix
        rows: 473
        cols: 2
        dt: f
        data: [ 331.056701, 716.128866, 331.056701, 
            710.850515, 331.056701, 704.252577, 331.056701, 
            697.654639, 331.056701, 696.335052, 331.056701, 
            693.695876, 331.056701, 689.737113, 332.376289, 
            683.139175, 335.015464, 677.860825, 336.335052, 
            673.902062, 337.654639, 669.943299, 341.613402, 
            660.706186, 345.572165, 646.190722, 345.572165, 
            643.551546, 346.891753, 638.273196, 348.211340, 
            627.716495, 348.211340, 623.757732, 348.211340, 
            614.520619, 349.530928, 611.881443, 349.530928, 
            605.283505, 349.530928, 603.963918, 350.850515, 
            602.644330, 352.170103, 600.005155, 352.170103, 
            597.365979, 353.489691, 597.365979, 353.489691, 
            596.046392, 352.170103, 596.046392, 342.932990, 
            598.685567, 325.778351, 603.963918, 321.819588, 
            605.283505, 311.262887, 607.922680, 307.304124, 
            610.561856, 302.025773, 611.881443, 295.427835, 
            614.520619, 290.149485, 615.840206, 280.912371, 
            618.479381, 276.953608, 619.798969, 275.634021, 
            619.798969, 272.994845, 621.118557, 271.675258, 
            622.438144, 267.716495, 625.077320, 266.396907, 
            626.396907, 263.757732, 630.355670, 262.438144, 
            632.994845, 259.798969, 636.953608, 253.201031, 
            646.190722, 253.201031, 647.510309, 249.242268, 
            655.427835, 245.283505, 662.025773, 240.005155, 
            669.943299, 238.685567, 673.902062, 230.768041, 
            689.737113, 226.809278, 693.695876, 221.530928, 
            698.974227, 210.974227, 712.170103, 208.335052, 
            716.128866, 207.015464, 718.768041, -1.000000, 
            -1.000000, 548.788660, 718.768041, 544.829897, 
            713.489691, 543.510309, 712.170103, 543.510309, 
            710.850515, 540.871134, 706.891753, 540.871134, 
            705.572165, 540.871134, 702.932990, 542.190722, 
            701.613402, 546.149485, 697.654639, 550.108247, 
            693.695876, 552.747423, 689.737113, 554.067010, 
            687.097938, 555.386598, 687.097938, 558.025773, 
            685.778351, 560.664948, 683.139175, 561.984536, 
            681.819588, 563.304124, 681.819588, 565.943299, 
            680.500000, 567.262887, 680.500000, 568.582474, 
            680.500000, 572.541237, 679.180412, 579.139175, 
            679.180412, 580.458763, 679.180412, 583.097938, 
            679.180412, 585.737113, 679.180412, 591.015464, 
            679.180412, 593.654639, 679.180412, 601.572165, 
            679.180412, 608.170103, 680.500000, 613.448454, 
            680.500000, 617.407216, 680.500000, 627.963918, 
            681.819588, 630.603093, 681.819588, 641.159794, 
            681.819588, 645.118557, 681.819588, 647.757732, 
            681.819588, 649.077320, 680.500000, 650.396907, 
            680.500000, 655.675258, 676.541237, 656.994845, 
            676.541237, 659.634021, 673.902062, 662.273196, 
            672.582474, 663.592784, 671.262887, 664.912371, 
            671.262887, 667.551546, 668.623711, 670.190722, 
            664.664948, 670.190722, 663.345361, 670.190722, 
            660.706186, 672.829897, 656.747423, 672.829897, 
            655.427835, 672.829897, 651.469072, 672.829897, 
            648.829897, 672.829897, 647.510309, 672.829897, 
            646.190722, 672.829897, 644.871134, 674.149485, 
            640.912371, 675.469072, 636.953608, 675.469072, 
            632.994845, 674.149485, 631.675258, 671.510309, 
            631.675258, 666.231959, 631.675258, 663.592784, 
            631.675258, 654.355670, 631.675258, 650.396907, 
            631.675258, 646.438144, 631.675258, 637.201031, 
            630.355670, 634.561856, 627.716495, 629.283505, 
            626.396907, 626.644330, 623.757732, 618.726804, 
            619.798969, 617.407216, 619.798969, 604.211340, 
            610.561856, 597.613402, 607.922680, 593.654639, 
            605.283505, 588.376289, 600.005155, 584.417526, 
            597.365979, 579.139175, 592.087629, 573.860825, 
            585.489691, 569.902062, 582.850515, 567.262887, 
            578.891753, 565.943299, 578.891753, 563.304124, 
            577.572165, 559.345361, 572.293814, 558.025773, 
            569.654639, 556.706186, 565.695876, 556.706186, 
            564.376289, 556.706186, 561.737113, 556.706186, 
            559.097938, 556.706186, 553.819588, 559.345361, 
            548.541237, 563.304124, 544.582474, 567.262887, 
            539.304124, 569.902062, 537.984536, 571.221649, 
            535.345361, 573.860825, 532.706186, 575.180412, 
            530.067010, 576.500000, 528.747423, 580.458763, 
            527.427835, 581.778351, 527.427835, 588.376289, 
            523.469072, 593.654639, 522.149485, 594.974227, 
            522.149485, 598.932990, 519.510309, 604.211340, 
            518.190722, 606.850515, 516.871134, 609.489691, 
            515.551546, 610.809278, 515.551546, 614.768041, 
            515.551546, 626.644330, 516.871134, 634.561856, 
            518.190722, 639.840206, 520.829897, 647.757732, 
            522.149485, 659.634021, 523.469072, 667.551546, 
            524.788660, 668.871134, 524.788660, 674.149485, 
            524.788660, 683.386598, 526.108247, 696.582474, 
            527.427835, 701.860825, 527.427835, 707.139175, 
            527.427835, 716.376289, 527.427835, 720.335052, 
            527.427835, 726.932990, 527.427835, 730.891753, 
            527.427835, 734.850515, 530.067010, 737.489691, 
            531.386598, 745.407216, 535.345361, 746.726804, 
            536.664948, 748.046392, 536.664948, 749.365979, 
            537.984536, 754.644330, 540.623711, 755.963918, 
            541.943299, 758.603093, 543.262887, 769.159794, 
            551.180412, 770.479381, 551.180412, 781.036082, 
            563.056701, 782.355670, 564.376289, 788.953608, 
            570.974227, 790.273196, 570.974227, 792.912371, 
            573.613402, 796.871134, 577.572165, 799.510309, 
            580.211340, 803.469072, 584.170103, 811.386598, 
            590.768041, 814.025773, 593.407216, 816.664948, 
            596.046392, 819.304124, 598.685567, 824.582474, 
            601.324742, 827.221649, 603.963918, 836.458763, 
            614.520619, 840.417526, 617.159794, 844.376289, 
            621.118557, 848.335052, 625.077320, 856.252577, 
            632.994845, 862.850515, 639.592784, 866.809278, 
            642.231959, 872.087629, 647.510309, 876.046392, 
            651.469072, 876.046392, 652.788660, 880.005155, 
            655.427835, 887.922680, 662.025773, 890.561856, 
            664.664948, 895.840206, 668.623711, 899.798969, 
            671.262887, 906.396907, 677.860825, 909.036082, 
            680.500000, 912.994845, 684.458763, 920.912371, 
            689.737113, 926.190722, 693.695876, 928.829897, 
            696.335052, 931.469072, 697.654639, 934.108247, 
            700.293814, 935.427835, 702.932990, 936.747423, 
            702.932990, 938.067010, 708.211340, 939.386598, 
            713.489691, 940.706186, 714.809278, 940.706186, 
            716.128866, 942.025773, 716.128866, 942.025773, 
            717.448454, -1.000000, -1.000000, 689.984536, 
            222.603093, 684.706186, 225.242268, 683.386598, 
            225.242268, 680.747423, 226.561856, 680.747423, 
            227.881443, 675.469072, 229.201031, 674.149485, 
            229.201031, 672.829897, 230.520619, 664.912371, 
            231.840206, 654.355670, 234.479381, 651.716495, 
            234.479381, 647.757732, 237.118557, 646.438144, 
            237.118557, 643.798969, 238.438144, 642.479381, 
            238.438144, 642.479381, 239.757732, 637.201031, 
            241.077320, 630.603093, 242.396907, 620.046392, 
