%YAML:1.0
    mask: !!opencv-matrix
        rows: 154
        cols: 2
        dt: f
        data: [ -1.000000, -1.000000, -1.000000, 
            -1.000000, 767.374500, 179.396882, 767.374500, 
            180.420064, 768.397682, 181.443245, 769.420863, 
            183.489608, 771.467226, 186.559153, 773.513589, 
            190.651878, 775.559952, 192.698241, 776.583133, 
            193.721423, 778.629496, 194.744604, 779.652678, 
            195.767786, 781.699041, 198.837330, 783.745404, 
            200.883693, 785.791767, 202.930056, 786.814948, 
            204.976419, 787.838129, 205.999600, 789.884492, 
            209.069145, 790.907674, 212.138689, 791.930855, 
            214.185052, 792.954037, 216.231415, 795.000400, 
            218.277778, 795.000400, 219.300959, 797.046763, 
            221.347322, 798.069944, 222.370504, 800.116307, 
            225.440048, 802.162670, 230.555955, 803.185851, 
            232.602318, 807.278577, 236.695044, 808.301759, 
            238.741407, 810.348122, 242.834133, 810.348122, 
            244.880496, 811.371303, 248.973221, 812.394484, 
            254.089129, 812.394484, 258.181855, 812.394484, 
            264.320943, 812.394484, 265.344125, 812.394484, 
            267.390488, 812.394484, 271.483213, 812.394484, 
            273.529576, 810.348122, 276.599121, 810.348122, 
            277.622302, 810.348122, 279.668665, 809.324940, 
            280.691847, 809.324940, 282.738209, 807.278577, 
            283.761391, 807.278577, 284.784572, 806.255396, 
            285.807754, 804.209033, 287.854117, 800.116307, 
            289.900480, 793.977218, 292.970024, 791.930855, 
            293.993205, 790.907674, 295.016387, 786.814948, 
            296.039568, 782.722222, 297.062750, 778.629496, 
            297.062750, 776.583133, 298.085931, 774.536771, 
            299.109113, 773.513589, 300.132294, 770.444045, 
            300.132294, 770.444045, 301.155476, 766.351319, 
            302.178657, 764.304956, 302.178657, 763.281775, 
            302.178657, 760.212230, 303.201839, 759.189049, 
            303.201839, 758.165867, 303.201839, 757.142686, 
            304.225020, 756.119504, 304.225020, 754.073141, 
            304.225020, 753.049960, 305.248201, -1.000000, 
            -1.000000, 557.622302, 157.910072, 556.599121, 
            157.910072, 553.529576, 159.956435, 551.483213, 
            160.979616, 548.413669, 163.025979, 548.413669, 
            164.049161, 546.367306, 166.095524, 544.320943, 
            168.141886, 543.297762, 169.165068, 542.274580, 
            170.188249, 540.228217, 172.234612, 539.205036, 
            172.234612, 534.089129, 176.327338, 533.065947, 
            177.350520, 529.996403, 179.396882, 529.996403, 
            180.420064, 525.903677, 182.466427, 522.834133, 
            185.535971, 520.787770, 187.582334, 519.764588, 
            189.628697, 518.741407, 189.628697, 516.695044, 
            190.651878, 516.695044, 191.675060, 514.648681, 
            193.721423, 513.625500, 194.744604, 511.579137, 
            196.790967, 509.532774, 197.814149, 507.486411, 
            199.860512, 504.416867, 203.953237, 501.347322, 
            207.022782, 498.277778, 210.092326, 498.277778, 
            211.115508, 494.185052, 213.161871, 494.185052, 
            215.208233, 491.115508, 217.254596, 490.092326, 
            219.300959, 488.045963, 221.347322, 485.999600, 
            224.416867, 484.976419, 225.440048, 483.953237, 
            227.486411, 482.930056, 228.509592, 481.906875, 
            230.555955, 480.883693, 231.579137, 477.814149, 
            234.648681, 477.814149, 236.695044, 476.790967, 
            240.787770, 475.767786, 243.857314, 475.767786, 
            246.926859, 475.767786, 247.950040, 475.767786, 
            251.019584, 475.767786, 253.065947, 476.790967, 
            255.112310, 478.837330, 258.181855, 479.860512, 
            258.181855, 481.906875, 261.251399, 483.953237, 
            263.297762, 484.976419, 266.367306, 487.022782, 
            268.413669, 487.022782, 269.436851, 490.092326, 
            271.483213, 492.138689, 274.552758, 493.161871, 
            274.552758, 494.185052, 274.552758, 497.254596, 
            275.575939, 498.277778, 276.599121, 499.300959, 
            277.622302, 501.347322, 277.622302, 503.393685, 
            277.622302, 505.440048, 277.622302, 509.532774, 
            276.599121, 514.648681, 274.552758, 517.718225, 
            272.506395, 520.787770, 272.506395, 521.810951, 
            271.483213, 524.880496, 270.460032, 528.973221, 
            268.413669, 534.089129, 267.390488, 536.135492, 
            266.367306, 537.158673, 265.344125, 539.205036, 
            265.344125, 539.205036, 263.297762, 540.228217, 
            263.297762]
