%YAML:1.0
    mask: !!opencv-matrix
        rows: 200
        cols: 2
        dt: f
        data: [ -1.000000, -1.000000, -1.000000, 
            -1.000000, 480.170103, 114.396907, 480.170103, 
            119.675258, 480.170103, 123.634021, 484.128866, 
            130.231959, 485.448454, 131.551546, 486.768041, 
            132.871134, 488.087629, 136.829897, 489.407216, 
            140.788660, 493.365979, 146.067010, 494.685567, 
            148.706186, 497.324742, 152.664948, 497.324742, 
            155.304124, 497.324742, 157.943299, 497.324742, 
            160.582474, 497.324742, 164.541237, 498.644330, 
            165.860825, 498.644330, 169.819588, 501.283505, 
            176.417526, 505.242268, 185.654639, 505.242268, 
            186.974227, 506.561856, 189.613402, 507.881443, 
            190.932990, 509.201031, 192.252577, 511.840206, 
            194.891753, 521.077320, 198.850515, 525.036082, 
            200.170103, 528.994845, 202.809278, 530.314433, 
            202.809278, 532.953608, 205.448454, 534.273196, 
            208.087629, 535.592784, 210.726804, 536.912371, 
            213.365979, 538.231959, 214.685567, 538.231959, 
            216.005155, 539.551546, 216.005155, 540.871134, 
            216.005155, 542.190722, 216.005155, 543.510309, 
            216.005155, 543.510309, 214.685567, 546.149485, 
            212.046392, 547.469072, 210.726804, 550.108247, 
            209.407216, 555.386598, 208.087629, 558.025773, 
            206.768041, 561.984536, 206.768041, 563.304124, 
            206.768041, 564.623711, 206.768041, 567.262887, 
            206.768041, 568.582474, 206.768041, 569.902062, 
            206.768041, 572.541237, 206.768041, 575.180412, 
            205.448454, 579.139175, 202.809278, 589.695876, 
            198.850515, 591.015464, 197.530928, 597.613402, 
            196.211340, 600.252577, 194.891753, 602.891753, 
            193.572165, 608.170103, 192.252577, 612.128866, 
            189.613402, 617.407216, 186.974227, 618.726804, 
            186.974227, 621.365979, 185.654639, 622.685567, 
            185.654639, 622.685567, 184.335052, 622.685567, 
            180.376289, 622.685567, 177.737113, 621.365979, 
            173.778351, 620.046392, 168.500000, 620.046392, 
            167.180412, 614.768041, 157.943299, 613.448454, 
            153.984536, 612.128866, 151.345361, 610.809278, 
            150.025773, 604.211340, 140.788660, 604.211340, 
            139.469072, 602.891753, 135.510309, 600.252577, 
            132.871134, 597.613402, 127.592784, 597.613402, 
            126.273196, 596.293814, 123.634021, 594.974227, 
            119.675258, 593.654639, 118.355670, 588.376289, 
            114.396907, 585.737113, 111.757732, 583.097938, 
            109.118557, 577.819588, 105.159794, 576.500000, 
            105.159794, 573.860825, 102.520619, 572.541237, 
            102.520619, 571.221649, 102.520619, 568.582474, 
            101.201031, 565.943299, 98.561856, 561.984536, 
            97.242268, 559.345361, 97.242268, 558.025773, 
            97.242268, 555.386598, 97.242268, 554.067010, 
            97.242268, 552.747423, 97.242268, 551.427835, 
            97.242268, 550.108247, 97.242268, 548.788660, 
            97.242268, 547.469072, 97.242268, 547.469072, 
            98.561856, -1.000000, -1.000000, 320.500000, 
            115.716495, 320.500000, 122.314433, 320.500000, 
            134.190722, 320.500000, 146.067010, 320.500000, 
            151.345361, 320.500000, 155.304124, 320.500000, 
            159.262887, 324.458763, 167.180412, 328.417526, 
            172.458763, 329.737113, 176.417526, 333.695876, 
            180.376289, 338.974227, 186.974227, 341.613402, 
            188.293814, 344.252577, 193.572165, 346.891753, 
            194.891753, 349.530928, 197.530928, 357.448454, 
            201.489691, 366.685567, 204.128866, 370.644330, 
            206.768041, 374.603093, 206.768041, 379.881443, 
            206.768041, 383.840206, 206.768041, 386.479381, 
            206.768041, 389.118557, 206.768041, 391.757732, 
            206.768041, 395.716495, 206.768041, 406.273196, 
            204.128866, 408.912371, 204.128866, 418.149485, 
            200.170103, 427.386598, 196.211340, 431.345361, 
            193.572165, 439.262887, 186.974227, 443.221649, 
            183.015464, 444.541237, 180.376289, 455.097938, 
            167.180412, 455.097938, 165.860825, 456.417526, 
            164.541237, 457.737113, 161.902062, 459.056701, 
            152.664948, 460.376289, 152.664948, 460.376289, 
            151.345361, 460.376289, 146.067010, 457.737113, 
            138.149485, 455.097938, 134.190722, 455.097938, 
            132.871134, 453.778351, 131.551546, 449.819588, 
            127.592784, 445.860825, 120.994845, 444.541237, 
            120.994845, 444.541237, 119.675258, 445.860825, 
            119.675258, 451.139175, 118.355670, 455.097938, 
            117.036082, 465.654639, 114.396907, 466.974227, 
            113.077320, 470.932990, 109.118557, 472.252577, 
            107.798969, 473.572165, 106.479381, 474.891753, 
            103.840206, 476.211340, 98.561856, 476.211340, 
            97.242268, 476.211340, 95.922680, 474.891753, 
            95.922680, 470.932990, 94.603093, 468.293814, 
            94.603093, 461.695876, 94.603093, 452.458763, 
            94.603093, 449.819588, 94.603093, 445.860825, 
            94.603093, 444.541237, 94.603093, 443.221649, 
            94.603093, 440.582474, 94.603093, 439.262887, 
            93.283505, 433.984536, 91.963918, 431.345361, 
            90.644330, 426.067010, 89.324742, 419.469072, 
            85.365979, 410.231959, 82.726804, 406.273196, 
            81.407216, 399.675258, 81.407216, 395.716495, 
            81.407216, 394.396907, 81.407216, 389.118557, 
            81.407216, 383.840206, 81.407216, 378.561856, 
            81.407216, 368.005155, 82.726804, 364.046392, 
            82.726804, 361.407216, 84.046392, 356.128866, 
            85.365979, 348.211340, 86.685567, 346.891753, 
            86.685567, 344.252577, 89.324742, 342.932990, 
            90.644330]
