%YAML:1.0
    mask: !!opencv-matrix
        rows: 812
        cols: 2
        dt: f
        data: [ -1.000000, -1.000000, 950.523981, 
            649.037170, 949.500799, 650.060352, 945.408074, 
            652.106715, 944.384892, 652.106715, 942.338529, 
            654.153078, 939.268985, 655.176259, 936.199440, 
            656.199440, 934.153078, 656.199440, 925.967626, 
            659.268985, 921.874900, 661.315348, 920.851719, 
            661.315348, 912.666267, 663.361711, 910.619904, 
            664.384892, 907.550360, 664.384892, 904.480815, 
            665.408074, 902.434452, 666.431255, 898.341727, 
            668.477618, 894.249001, 669.500799, 892.202638, 
            670.523981, 886.063549, 673.593525, 881.970823, 
            675.639888, 880.947642, 676.663070, 878.901279, 
            677.686251, 876.854916, 678.709432, 874.808553, 
            679.732614, 873.785372, 680.755795, 871.739009, 
            680.755795, 870.715827, 680.755795, 868.669464, 
            682.802158, 866.623102, 683.825340, 865.599920, 
            683.825340, 860.484013, 684.848521, 856.391287, 
            685.871703, 855.368106, 685.871703, 850.252198, 
            687.918066, 849.229017, 687.918066, 844.113110, 
            687.918066, 838.997202, 688.941247, 837.974021, 
            688.941247, 833.881295, 688.941247, 830.811751, 
            689.964428, 825.695843, 689.964428, 820.579936, 
            690.987610, 814.440847, 690.987610, 806.255396, 
            690.987610, 800.116307, 690.987610, 799.093125, 
            690.987610, 793.977218, 689.964428, 789.884492, 
            689.964428, 783.745404, 690.987610, 781.699041, 
            690.987610, 776.583133, 690.987610, 775.559952, 
            690.987610, 764.304956, 690.987610, 761.235412, 
            690.987610, 760.212230, 690.987610, 755.096323, 
            690.987610, 751.003597, 690.987610, 749.980416, 
            690.987610, 740.771783, 688.941247, 735.655875, 
            688.941247, 734.632694, 688.941247, 730.539968, 
            686.894884, 729.516787, 686.894884, 725.424061, 
            686.894884, 720.308153, 684.848521, 717.238609, 
            684.848521, 713.145883, 682.802158, 710.076339, 
            680.755795, 707.006795, 679.732614, 701.890887, 
            677.686251, 698.821343, 675.639888, 696.774980, 
            674.616707, 690.635891, 671.547162, 687.566347, 
            670.523981, 684.496803, 668.477618, 683.473621, 
            667.454436, 681.427258, 667.454436, 681.427258, 
            665.408074, 680.404077, 665.408074, 678.357714, 
            663.361711, 678.357714, 662.338529, 677.334532, 
            661.315348, 676.311351, 659.268985, 676.311351, 
            658.245803, 675.288169, 656.199440, 674.264988, 
            653.129896, 674.264988, 651.083533, 674.264988, 
            649.037170, 674.264988, 646.990807, 674.264988, 
            645.967626, 674.264988, 642.898082, 674.264988, 
            638.805356, 674.264988, 635.735811, 674.264988, 
            631.643086, 674.264988, 630.619904, 674.264988, 
            626.527178, 674.264988, 625.503997, 674.264988, 
            623.457634, 675.288169, 621.411271, 675.288169, 
            618.341727, 676.311351, 614.249001, 677.334532, 
            611.179456, 677.334532, 609.133094, 677.334532, 
            608.109912, 678.357714, 604.017186, 678.357714, 
            602.994005, 680.404077, 598.901279, 680.404077, 
            595.831735, 681.427258, 594.808553, 681.427258, 
            593.785372, 681.427258, 592.762190, 681.427258, 
            591.739009, 682.450440, 590.715827, 682.450440, 
            589.692646, 682.450440, 587.646283, 682.450440, 
            585.599920, 683.473621, 584.576739, 683.473621, 
            582.530376, 685.519984, 578.437650, 685.519984, 
            573.321743, 687.566347, 569.229017, 687.566347, 
            564.113110, 687.566347, 562.066747, 687.566347, 
            561.043565, 687.566347, 558.997202, 687.566347, 
            556.950839, 688.589528, 554.904476, 688.589528, 
            553.881295, 687.566347, 550.811751, 687.566347, 
            549.788569, 686.543165, 549.788569, 685.519984, 
            549.788569, 683.473621, 550.811751, 681.427258, 
            554.904476, 678.357714, 556.950839, 676.311351, 
            560.020384, 674.264988, 561.043565, 671.195444, 
            563.089928, 670.172262, 564.113110, 669.149081, 
            564.113110, 668.125899, 566.159472, 666.079536, 
            568.205835, 664.033173, 571.275380, 661.986811, 
            572.298561, 661.986811, 573.321743, 659.940448, 
            574.344924, 658.917266, 575.368106, 657.894085, 
            575.368106, 656.870903, 575.368106, 656.870903, 
            576.391287, 655.847722, 576.391287, 654.824540, 
            576.391287, 653.801359, 576.391287, 651.754996, 
            575.368106, 648.685452, 571.275380, 645.615907, 
            569.229017, 643.569544, 568.205835, 640.500000, 
            567.182654, 638.453637, 565.136291, 637.430456, 
            563.089928, 636.407274, 562.066747, 635.384093, 
            560.020384, 635.384093, 556.950839, 635.384093, 
            554.904476, 635.384093, 553.881295, 635.384093, 
            549.788569, 635.384093, 546.719025, 635.384093, 
            544.672662, 636.407274, 541.603118, 637.430456, 
            540.579936, 637.430456, 539.556755, 639.476819, 
            534.440847, 641.523181, 532.394484, 641.523181, 
            530.348122, 643.569544, 526.255396, 644.592726, 
            525.232214, 644.592726, 524.209033, 645.615907, 
            523.185851, 647.662270, 520.116307, 648.685452, 
            518.069944, 649.708633, 517.046763, 650.731815, 
            515.000400, 651.754996, 513.977218, 651.754996, 
            512.954037, 653.801359, 511.930855, 653.801359, 
            510.907674, 655.847722, 508.861311, 657.894085, 
            506.814948, 657.894085, 505.791767, 659.940448, 
            505.791767, 660.963629, 504.768585, 660.963629, 
            503.745404, 664.033173, 501.699041, 665.056355, 
            501.699041, 666.079536, 500.675859, 668.125899, 
            499.652678, 670.172262, 498.629496, 672.218625, 
            497.606315, 674.264988, 496.583133, 677.334532, 
            495.559952, 681.427258, 493.513589, 685.519984, 
            492.490408, 688.589528, 491.467226, 690.635891, 
            490.444045, 692.682254, 490.444045, 695.751799, 
            488.397682, 700.867706, 486.351319, 702.914069, 
            485.328137, 704.960432, 484.304956, 708.029976, 
            484.304956, 710.076339, 483.281775, 712.122702, 
            482.258593, 714.169065, 482.258593, 717.238609, 
            480.212230, 719.284972, 480.212230, 720.308153, 
            479.189049, 723.377698, 478.165867, 725.424061, 
            477.142686, 727.470424, 475.096323, 728.493605, 
            475.096323, 731.563149, 473.049960, 733.609512, 
            472.026779, 734.632694, 471.003597, 737.702238, 
            467.934053, 738.725420, 466.910871, 739.748601, 
            465.887690, 740.771783, 464.864508, 741.794964, 
            463.841327, 742.818145, 462.818145, 743.841327, 
            461.794964, 745.887690, 460.771783, 745.887690, 
            459.748601, 747.934053, 457.702238, 748.957234, 
            457.702238, 751.003597, 456.679057, 753.049960, 
            455.655875, 755.096323, 455.655875, 758.165867, 
            454.632694, 760.212230, 453.609512, 761.235412, 
            453.609512, 763.281775, 452.586331, 765.328137, 
            452.586331, 768.397682, 452.586331, 769.420863, 
            451.563149, 770.444045, 451.563149, 774.536771, 
            451.563149, 777.606315, 451.563149, 781.699041, 
            451.563149, 782.722222, 451.563149, 784.768585, 
            451.563149, 785.791767, 451.563149, 788.861311, 
            452.586331, 793.977218, 452.586331, 797.046763, 
            452.586331, 798.069944, 452.586331, 799.093125, 
