%YAML:1.0
    mask: !!opencv-matrix
        rows: 421
        cols: 2
        dt: f
        data: [ -1.000000, -1.000000, -1.000000, 
            -1.000000, 688.664948, 160.582474, 688.664948, 
            168.500000, 687.345361, 175.097938, 684.706186, 
            177.737113, 680.747423, 186.974227, 679.427835, 
            188.293814, 670.190722, 194.891753, 664.912371, 
            197.530928, 662.273196, 200.170103, 659.634021, 
            200.170103, 654.355670, 204.128866, 649.077320, 
            209.407216, 646.438144, 212.046392, 639.840206, 
            217.324742, 638.520619, 219.963918, 635.881443, 
            223.922680, 633.242268, 227.881443, 629.283505, 
            233.159794, 625.324742, 237.118557, 620.046392, 
            242.396907, 618.726804, 245.036082, 610.809278, 
            252.953608, 605.530928, 260.871134, 602.891753, 
            264.829897, 601.572165, 268.788660, 597.613402, 
            274.067010, 596.293814, 278.025773, 594.974227, 
            281.984536, 591.015464, 291.221649, 585.737113, 
            300.458763, 580.458763, 309.695876, 569.902062, 
            324.211340, 568.582474, 325.530928, 564.623711, 
            332.128866, 564.623711, 333.448454, 563.304124, 
            338.726804, 561.984536, 341.365979, 561.984536, 
            351.922680, 561.984536, 353.242268, 561.984536, 
            354.561856, 561.984536, 355.881443, 563.304124, 
            355.881443, 572.541237, 350.603093, 581.778351, 
            340.046392, 587.056701, 334.768041, 593.654639, 
            329.489691, 605.530928, 317.613402, 613.448454, 
            311.015464, 617.407216, 307.056701, 620.046392, 
            301.778351, 620.046392, 300.458763, 621.365979, 
            300.458763, 622.685567, 300.458763, 624.005155, 
            299.139175, 625.324742, 296.500000, 625.324742, 
            297.819588, 626.644330, 300.458763, 627.963918, 
            304.417526, 627.963918, 305.737113, 627.963918, 
            308.376289, 627.963918, 314.974227, 627.963918, 
            318.932990, 627.963918, 321.572165, 625.324742, 
            334.768041, 624.005155, 341.365979, 622.685567, 
            350.603093, 621.365979, 355.881443, 614.768041, 
            383.592784, 612.128866, 395.469072, 606.850515, 
            408.664948, 604.211340, 417.902062, 604.211340, 
            420.541237, 605.530928, 420.541237, 613.448454, 
            420.541237, 620.046392, 419.221649, 622.685567, 
            419.221649, 627.963918, 419.221649, 635.881443, 
            419.221649, 649.077320, 419.221649, 658.314433, 
            421.860825, 662.273196, 424.500000, 664.912371, 
            424.500000, 666.231959, 424.500000, 667.551546, 
            424.500000, 678.108247, 424.500000, 679.427835, 
            425.819588, 680.747423, 425.819588, 682.067010, 
            425.819588, 689.984536, 421.860825, 695.262887, 
            419.221649, 697.902062, 417.902062, 705.819588, 
            416.582474, 709.778351, 415.262887, 712.417526, 
            413.943299, 717.695876, 413.943299, 726.932990, 
            412.623711, 730.891753, 409.984536, 738.809278, 
            406.025773, 742.768041, 403.386598, 744.087629, 
            402.067010, 745.407216, 400.747423, 749.365979, 
            398.108247, 755.963918, 394.149485, 762.561856, 
            390.190722, 767.840206, 387.551546, 769.159794, 
            386.231959, 769.159794, 384.912371, 770.479381, 
            383.592784, 771.798969, 380.953608, 773.118557, 
            379.634021, 777.077320, 373.036082, 778.396907, 
            370.396907, 779.716495, 366.438144, 784.994845, 
            354.561856, 786.314433, 350.603093, 787.634021, 
            347.963918, 787.634021, 345.324742, 787.634021, 
            344.005155, 787.634021, 340.046392, 787.634021, 
            334.768041, 784.994845, 318.932990, 782.355670, 
            311.015464, 779.716495, 300.458763, 779.716495, 
            297.819588, 778.396907, 284.623711, 778.396907, 
            281.984536, 778.396907, 278.025773, 778.396907, 
            263.510309, 778.396907, 245.036082, 778.396907, 
            234.479381, 779.716495, 231.840206, 781.036082, 
            229.201031, 782.355670, 223.922680, 782.355670, 
            222.603093, 782.355670, 219.963918, 782.355670, 
            217.324742, 783.675258, 214.685567, 783.675258, 
            213.365979, 782.355670, 205.448454, 781.036082, 
            201.489691, 779.716495, 197.530928, 777.077320, 
            193.572165, 775.757732, 192.252577, 773.118557, 
            189.613402, 765.201031, 184.335052, 762.561856, 
            181.695876, 758.603093, 176.417526, 757.283505, 
            173.778351, 749.365979, 168.500000, 745.407216, 
            167.180412, 740.128866, 164.541237, 732.211340, 
            160.582474, 726.932990, 159.262887, 721.654639, 
            159.262887, 716.376289, 159.262887, 712.417526, 
            157.943299, -1.000000, -1.000000, 217.572165, 
            278.025773, 217.572165, 283.304124, 217.572165, 
            287.262887, 217.572165, 300.458763, 217.572165, 
            304.417526, 217.572165, 311.015464, 217.572165, 
            325.530928, 217.572165, 332.128866, 216.252577, 
            342.685567, 216.252577, 345.324742, 216.252577, 
            353.242268, 214.932990, 357.201031, 214.932990, 
            373.036082, 214.932990, 384.912371, 214.932990, 
            391.510309, 214.932990, 394.149485, 213.613402, 
            402.067010, 212.293814, 415.262887, 212.293814, 
            435.056701, 212.293814, 439.015464, 212.293814, 
            442.974227, 212.293814, 444.293814, 212.293814, 
            445.613402, 212.293814, 452.211340, 212.293814, 
            457.489691, 212.293814, 460.128866, 212.293814, 
            466.726804, 213.613402, 470.685567, 216.252577, 
            473.324742, 220.211340, 478.603093, 221.530928, 
            482.561856, 222.850515, 485.201031, 228.128866, 
            490.479381, 229.448454, 493.118557, 237.365979, 
            502.355670, 237.365979, 503.675258, 240.005155, 
            507.634021, 243.963918, 511.592784, 245.283505, 
            512.912371, 247.922680, 518.190722, 254.520619, 
            524.788660, 262.438144, 531.386598, 269.036082, 
            537.984536, 271.675258, 539.304124, 272.994845, 
            539.304124, 280.912371, 543.262887, 291.469072, 
            548.541237, 296.747423, 549.860825, 302.025773, 
            553.819588, 303.345361, 555.139175, 304.664948, 
            555.139175, 305.984536, 556.458763, 309.943299, 
            557.778351, 313.902062, 560.417526, 315.221649, 
            561.737113, 317.860825, 561.737113, 321.819588, 
            563.056701, 324.458763, 565.695876, 325.778351, 
            565.695876, 328.417526, 567.015464, 331.056701, 
            567.015464, 332.376289, 567.015464, 335.015464, 
            567.015464, 341.613402, 569.654639, 342.932990, 
            572.293814, 346.891753, 574.932990, 352.170103, 
            578.891753, 353.489691, 578.891753, 354.809278, 
            578.891753, 357.448454, 578.891753, 358.768041, 
            578.891753, 360.087629, 578.891753, 361.407216, 
            578.891753, 362.726804, 578.891753, 364.046392, 
            577.572165, 365.365979, 574.932990, 365.365979, 
            572.293814, 365.365979, 567.015464, 366.685567, 
            560.417526, 366.685567, 555.139175, 366.685567, 
            553.819588, 366.685567, 555.139175, 366.685567, 
            557.778351, 366.685567, 565.695876, 366.685567, 
            567.015464, 366.685567, 569.654639, 366.685567, 
            573.613402, 366.685567, 574.932990, 368.005155, 
            574.932990, 369.324742, 574.932990, 370.644330, 
            574.932990, 371.963918, 568.335052, 371.963918, 
            567.015464, 371.963918, 563.056701, 371.963918, 
            545.902062, 371.963918, 543.262887, 371.963918, 
            541.943299, 370.644330, 537.984536, 368.005155, 
            532.706186, 362.726804, 524.788660, 354.809278, 
