%YAML:1.0
    mask: !!opencv-matrix
        rows: 495
        cols: 2
        dt: f
        data: [ -1.000000, -1.000000, 787.634021, 
            712.170103, 779.716495, 708.211340, 778.396907, 
            706.891753, 769.159794, 701.613402, 763.881443, 
            697.654639, 761.242268, 697.654639, 759.922680, 
            696.335052, 749.365979, 692.376289, 742.768041, 
            691.056701, 738.809278, 689.737113, 730.891753, 
            688.417526, 725.613402, 688.417526, 721.654639, 
            688.417526, 717.695876, 688.417526, 713.737113, 
            687.097938, 704.500000, 684.458763, 687.345361, 
            681.819588, 678.108247, 680.500000, 675.469072, 
            680.500000, 671.510309, 679.180412, 667.551546, 
            679.180412, 662.273196, 677.860825, 656.994845, 
            677.860825, 651.716495, 677.860825, 646.438144, 
            676.541237, 643.798969, 675.221649, 639.840206, 
            673.902062, 638.520619, 673.902062, 637.201031, 
            672.582474, 635.881443, 671.262887, 635.881443, 
            665.984536, 635.881443, 658.067010, 635.881443, 
            644.871134, 635.881443, 639.592784, 637.201031, 
            638.273196, 641.159794, 636.953608, 647.757732, 
            635.634021, 654.355670, 635.634021, 658.314433, 
            635.634021, 666.231959, 635.634021, 675.469072, 
            636.953608, 683.386598, 636.953608, 696.582474, 
            636.953608, 701.860825, 636.953608, 708.458763, 
            632.994845, 712.417526, 631.675258, 713.737113, 
            631.675258, 716.376289, 630.355670, 720.335052, 
            630.355670, 721.654639, 629.036082, 722.974227, 
            629.036082, 725.613402, 627.716495, 732.211340, 
            625.077320, 738.809278, 623.757732, 741.448454, 
            622.438144, 744.087629, 621.118557, 745.407216, 
            621.118557, 748.046392, 618.479381, 750.685567, 
            614.520619, 750.685567, 611.881443, 750.685567, 
            609.242268, 750.685567, 603.963918, 748.046392, 
            593.407216, 740.128866, 577.572165, 732.211340, 
            568.335052, 728.252577, 563.056701, 725.613402, 
            557.778351, 725.613402, 555.139175, 724.293814, 
            545.902062, 721.654639, 539.304124, 719.015464, 
            535.345361, 716.376289, 530.067010, 716.376289, 
            527.427835, 716.376289, 523.469072, 716.376289, 
            522.149485, 715.056701, 520.829897, 713.737113, 
            519.510309, 708.458763, 519.510309, 704.500000, 
            519.510309, 699.221649, 524.788660, 699.221649, 
            526.108247, 697.902062, 531.386598, 696.582474, 
            536.664948, 693.943299, 549.860825, 691.304124, 
            555.139175, 689.984536, 556.458763, 686.025773, 
            565.695876, 684.706186, 568.335052, 680.747423, 
            576.252577, 678.108247, 581.530928, 675.469072, 
            586.809278, 672.829897, 593.407216, 670.190722, 
            597.365979, 670.190722, 598.685567, 668.871134, 
            602.644330, 666.231959, 605.283505, 660.953608, 
            607.922680, 655.675258, 609.242268, 654.355670, 
            609.242268, 653.036082, 607.922680, 647.757732, 
            603.963918, 643.798969, 598.685567, 641.159794, 
            594.726804, 638.520619, 590.768041, 635.881443, 
            588.128866, 630.603093, 586.809278, 620.046392, 
            584.170103, 617.407216, 582.850515, 616.087629, 
            582.850515, 614.768041, 580.211340, 614.768041, 
            578.891753, 612.128866, 576.252577, 612.128866, 
            572.293814, 610.809278, 569.654639, 610.809278, 
            559.097938, 613.448454, 548.541237, 613.448454, 
            547.221649, 613.448454, 541.943299, 613.448454, 
            539.304124, 614.768041, 536.664948, 617.407216, 
            530.067010, 620.046392, 524.788660, 621.365979, 
            522.149485, 622.685567, 518.190722, 622.685567, 
            512.912371, 624.005155, 504.994845, 624.005155, 
            502.355670, 624.005155, 497.077320, 625.324742, 
            490.479381, 627.963918, 483.881443, 629.283505, 
            477.283505, 631.922680, 468.046392, 633.242268, 
            464.087629, 634.561856, 460.128866, 635.881443, 
            458.809278, 642.479381, 456.170103, 654.355670, 
            453.530928, 659.634021, 452.211340, 663.592784, 
            452.211340, 670.190722, 452.211340, 675.469072, 
            452.211340, 676.788660, 452.211340, 688.664948, 
            453.530928, 697.902062, 453.530928, 711.097938, 
            453.530928, 730.891753, 450.891753, 734.850515, 
            450.891753, 748.046392, 448.252577, 758.603093, 
            445.613402, 769.159794, 441.654639, 777.077320, 
            437.695876, 781.036082, 436.376289, 791.592784, 
            431.097938, 802.149485, 425.819588, 803.469072, 
            424.500000, 806.108247, 423.180412, 808.747423, 
            421.860825, 811.386598, 420.541237, 812.706186, 
            420.541237, 814.025773, 420.541237, 820.623711, 
            423.180412, 824.582474, 425.819588, 829.860825, 
            429.778351, 833.819588, 431.097938, 836.458763, 
            432.417526, 839.097938, 433.737113, 845.695876, 
            437.695876, 852.293814, 440.335052, 856.252577, 
            442.974227, 869.448454, 450.891753, 878.685567, 
            454.850515, 882.644330, 457.489691, 889.242268, 
            461.448454, 898.479381, 466.726804, 909.036082, 
            474.644330, 911.675258, 475.963918, 927.510309, 
            485.201031, 934.108247, 487.840206, 943.345361, 
            490.479381, 951.262887, 494.438144, 968.417526, 
            501.036082, 972.376289, 503.675258, 977.654639, 
            507.634021, 982.932990, 511.592784, 993.489691, 
            519.510309, 1001.407216, 524.788660, 1009.324742, 
            530.067010, 1022.520619, 540.623711, 1031.757732, 
            545.902062, 1040.994845, 552.500000, 1050.231959, 
            557.778351, 1058.149485, 563.056701, 1066.067010, 
            570.974227, 1088.500000, 589.448454, 1089.819588, 
            590.768041, 1100.376289, 600.005155, 1104.335052, 
            602.644330, 1117.530928, 609.242268, 1124.128866, 
            613.201031, 1133.365979, 619.798969, 1138.644330, 
            622.438144, 1145.242268, 626.396907, 1147.881443, 
            627.716495, 1147.881443, 629.036082, 1143.922680, 
            631.675258, 1128.087629, 638.273196, 1083.221649, 
            658.067010, 1060.788660, 669.943299, 1035.716495, 
            687.097938, 1030.438144, 689.737113, 1018.561856, 
            700.293814, 1017.242268, 701.613402, 1014.603093, 
            705.572165, 1011.963918, 706.891753, 1011.963918, 
            708.211340, 1010.644330, 708.211340, 1009.324742, 
            709.530928, 1008.005155, 710.850515, 1006.685567, 
            710.850515, 1005.365979, 712.170103, 1004.046392, 
            712.170103, 1001.407216, 712.170103, 1000.087629, 
            713.489691, -1.000000, -1.000000, 476.211340, 
            287.262887, 469.613402, 289.902062, 466.974227, 
            289.902062, 445.860825, 297.819588, 443.221649, 
            299.139175, 437.943299, 301.778351, 433.984536, 
            303.097938, 432.664948, 304.417526, 431.345361, 
            305.737113, 430.025773, 307.056701, 428.706186, 
            309.695876, 427.386598, 311.015464, 427.386598, 
            313.654639, 426.067010, 317.613402, 426.067010, 
            318.932990, 426.067010, 324.211340, 430.025773, 
            340.046392, 430.025773, 342.685567, 431.345361, 
            344.005155, 432.664948, 345.324742, 433.984536, 
            350.603093, 437.943299, 354.561856, 440.582474, 
            357.201031, 444.541237, 358.520619, 445.860825, 
            359.840206, 453.778351, 363.798969, 457.737113, 
            365.118557, 460.376289, 366.438144, 461.695876, 
            369.077320, 463.015464, 370.396907, 465.654639, 
            375.675258, 466.974227, 376.994845, 470.932990, 
