%YAML:1.0
    mask: !!opencv-matrix
        rows: 1267
        cols: 2
        dt: f
        data: [ 6.760870, 411.978261, 9.543478, 
            411.978261, 10.934783, 411.978261, 12.326087, 
            411.978261, 19.282609, 411.978261, 23.456522, 
            411.978261, 30.413043, 411.978261, 34.586957, 
            411.978261, 41.543478, 411.978261, 44.326087, 
            411.978261, 47.108696, 411.978261, 49.891304, 
            411.978261, 51.282609, 411.978261, 52.673913, 
            411.978261, 54.065217, 411.978261, 55.456522, 
            411.978261, 56.847826, 411.978261, 58.239130, 
            411.978261, 59.630435, 411.978261, 61.021739, 
            411.978261, 62.413043, 411.978261, 63.804348, 
            411.978261, 65.195652, 411.978261, 69.369565, 
            411.978261, 70.760870, 411.978261, 72.152174, 
            411.978261, 73.543478, 411.978261, 74.934783, 
            411.978261, 76.326087, 411.978261, 76.326087, 
            413.369565, 76.326087, 414.760870, 76.326087, 
            416.152174, 76.326087, 417.543478, 76.326087, 
            418.934783, 76.326087, 420.326087, 76.326087, 
            423.108696, 76.326087, 424.500000, 76.326087, 
            425.891304, 76.326087, 427.282609, 76.326087, 
            428.673913, 76.326087, 430.065217, 76.326087, 
            431.456522, 76.326087, 434.239130, 76.326087, 
            435.630435, 79.108696, 438.413043, 79.108696, 
            439.804348, 79.108696, 443.978261, 79.108696, 
            445.369565, 79.108696, 446.760870, 79.108696, 
            448.152174, 79.108696, 449.543478, 79.108696, 
            450.934783, 80.500000, 452.326087, 80.500000, 
            453.717391, 80.500000, 455.108696, 83.282609, 
            456.500000, 83.282609, 459.282609, 84.673913, 
            459.282609, 84.673913, 460.673913, 86.065217, 
            462.065217, 87.456522, 463.456522, 88.847826, 
            464.847826, 90.239130, 464.847826, 91.630435, 
            464.847826, 93.021739, 466.239130, 94.413043, 
            467.630435, 95.804348, 469.021739, 97.195652, 
            469.021739, 97.195652, 470.413043, 98.586957, 
            470.413043, 98.586957, 471.804348, 99.978261, 
            473.195652, 99.978261, 474.586957, 99.978261, 
            475.978261, 99.978261, 477.369565, 99.978261, 
            478.760870, 99.978261, 480.152174, 99.978261, 
            481.543478, 99.978261, 482.934783, 99.978261, 
            484.326087, 99.978261, 485.717391, 99.978261, 
            487.108696, 99.978261, 489.891304, 98.586957, 
            491.282609, 97.195652, 494.065217, 97.195652, 
            496.847826, 94.413043, 499.630435, 94.413043, 
            501.021739, 94.413043, 502.413043, 94.413043, 
            503.804348, 94.413043, 505.195652, 93.021739, 
            505.195652, 93.021739, 506.586957, 93.021739, 
            507.978261, 93.021739, 510.760870, 91.630435, 
            510.760870, 91.630435, 512.152174, 90.239130, 
            514.934783, 90.239130, 516.326087, 88.847826, 
            519.108696, 87.456522, 520.500000, 86.065217, 
            523.282609, 84.673913, 524.673913, 84.673913, 
            527.456522, 81.891304, 530.239130, 81.891304, 
            531.630435, 80.500000, 534.413043, 77.717391, 
            537.195652, 76.326087, 539.978261, 76.326087, 
            542.760870, 74.934783, 544.152174, 73.543478, 
            545.543478, 72.152174, 548.326087, 70.760870, 
            549.717391, 70.760870, 551.108696, 70.760870, 
            552.500000, 70.760870, 555.282609, 69.369565, 
            556.673913, 67.978261, 558.065217, 67.978261, 
            559.456522, 66.586957, 560.847826, 66.586957, 
            562.239130, 66.586957, 565.021739, 65.195652, 
            566.413043, 65.195652, 567.804348, 63.804348, 
            569.195652, 62.413043, 569.195652, 61.021739, 
            571.978261, 61.021739, 574.760870, 59.630435, 
            576.152174, 58.239130, 577.543478, 55.456522, 
            580.326087, 55.456522, 581.717391, 55.456522, 
            583.108696, 54.065217, 585.891304, 52.673913, 
            585.891304, 51.282609, 587.282609, 49.891304, 
            587.282609, 45.717391, 590.065217, 44.326087, 
            591.456522, 42.934783, 591.456522, 41.543478, 
            594.239130, 37.369565, 594.239130, 37.369565, 
            595.630435, 35.978261, 597.021739, 34.586957, 
            598.413043, 33.195652, 599.804348, 31.804348, 
            601.195652, 29.021739, 601.195652, 27.630435, 
            603.978261, 26.239130, 603.978261, 24.847826, 
            605.369565, 23.456522, 606.760870, 20.673913, 
            609.543478, 19.282609, 609.543478, 16.500000, 
            610.934783, 15.108696, 612.326087, 13.717391, 
            613.717391, 13.717391, 615.108696, 12.326087, 
            616.500000, 12.326087, 617.891304, 12.326087, 
            619.282609, 10.934783, 619.282609, 10.934783, 
            620.673913, 9.543478, 623.456522, 9.543478, 
            624.847826, 9.543478, 627.630435, 8.152174, 
            630.413043, 6.760870, 631.804348, 6.760870, 
            634.586957, -1.000000, -1.000000, 440.847826, 
            716.673913, 442.239130, 716.673913, 443.630435, 
            716.673913, 445.021739, 715.282609, 446.413043, 
            715.282609, 449.195652, 712.500000, 450.586957, 
            711.108696, 451.978261, 709.717391, 453.369565, 
            708.326087, 453.369565, 706.934783, 454.760870, 
            705.543478, 454.760870, 702.760870, 456.152174, 
            701.369565, 457.543478, 699.978261, 457.543478, 
            698.586957, 457.543478, 697.195652, 458.934783, 
            694.413043, 458.934783, 693.021739, 458.934783, 
            691.630435, 458.934783, 688.847826, 458.934783, 
            687.456522, 458.934783, 686.065217, 458.934783, 
            684.673913, 460.326087, 684.673913, 460.326087, 
            683.282609, 460.326087, 681.891304, 461.717391, 
            680.500000, 463.108696, 680.500000, 464.500000, 
            680.500000, 467.282609, 680.500000, 468.673913, 
            680.500000, 471.456522, 680.500000, 472.847826, 
            679.108696, 474.239130, 679.108696, 477.021739, 
            679.108696, 479.804348, 679.108696, 488.152174, 
            677.717391, 490.934783, 676.326087, 497.891304, 
            674.934783, 500.673913, 674.934783, 502.065217, 
            674.934783, 503.456522, 674.934783, 504.847826, 
            674.934783, 506.239130, 674.934783, 507.630435, 
            674.934783, 510.413043, 674.934783, 511.804348, 
            674.934783, 513.195652, 674.934783, 517.369565, 
            672.152174, 518.760870, 672.152174, 525.717391, 
            670.760870, 527.108696, 670.760870, 531.282609, 
            670.760870, 534.065217, 670.760870, 539.630435, 
            670.760870, 543.804348, 669.369565, 547.978261, 
            669.369565, 553.543478, 666.586957, 557.717391, 
            666.586957, 561.891304, 666.586957, 566.065217, 
            666.586957, 568.847826, 666.586957, 573.021739, 
            666.586957, 575.804348, 666.586957, 577.195652, 
            666.586957, 581.369565, 666.586957, 581.369565, 
            665.195652, 582.760870, 663.804348, 585.543478, 
            663.804348, 586.934783, 663.804348, 588.326087, 
            662.413043, 591.108696, 662.413043, 595.282609, 
            662.413043, 596.673913, 662.413043, 599.456522, 
            662.413043, 600.847826, 662.413043, 603.630435, 
            662.413043, 607.804348, 662.413043, 610.586957, 
            662.413043, 614.760870, 662.413043, 617.543478, 
            662.413043, 620.326087, 662.413043, 624.500000, 
            662.413043, 630.065217, 662.413043, 635.630435, 
            661.021739, 638.413043, 661.021739, 645.369565, 
            659.630435, 646.760870, 659.630435, 648.152174, 
            659.630435, 649.543478, 659.630435, 650.934783, 
            659.630435, 653.717391, 659.630435, 655.108696, 
