%YAML:1.0
    mask: !!opencv-matrix
        rows: 660
        cols: 2
        dt: f
        data: [ -1.000000, -1.000000, 880.947642, 
            714.520783, 879.924460, 711.451239, 875.831735, 
            709.404876, 871.739009, 707.358513, 866.623102, 
            704.288969, 861.507194, 702.242606, 860.484013, 
            701.219424, 857.414468, 699.173062, 854.344924, 
            697.126699, 849.229017, 694.057154, 845.136291, 
            692.010791, 842.066747, 690.987610, 841.043565, 
            689.964428, 838.997202, 688.941247, 837.974021, 
            687.918066, 833.881295, 684.848521, 831.834932, 
            683.825340, 828.765388, 681.778977, 826.719025, 
            680.755795, 822.626299, 678.709432, 819.556755, 
            678.709432, 815.464029, 676.663070, 812.394484, 
            676.663070, 810.348122, 675.639888, 807.278577, 
            675.639888, 803.185851, 675.639888, 801.139488, 
            675.639888, 800.116307, 675.639888, 797.046763, 
            675.639888, 795.000400, 675.639888, 789.884492, 
            675.639888, 785.791767, 675.639888, 778.629496, 
            675.639888, 776.583133, 675.639888, 771.467226, 
            674.616707, 767.374500, 674.616707, 764.304956, 
            673.593525, 762.258593, 673.593525, 760.212230, 
            673.593525, 756.119504, 674.616707, 754.073141, 
            675.639888, 751.003597, 676.663070, 749.980416, 
            678.709432, 747.934053, 680.755795, 744.864508, 
            683.825340, 743.841327, 684.848521, 742.818145, 
            687.918066, 740.771783, 692.010791, 737.702238, 
            695.080336, 734.632694, 697.126699, 731.563149, 
            699.173062, 729.516787, 701.219424, 729.516787, 
            702.242606, 728.493605, 704.288969, 728.493605, 
            705.312150, 727.470424, 706.335332, 727.470424, 
            707.358513, 727.470424, 708.381695, 727.470424, 
            709.404876, 727.470424, 710.428058, 727.470424, 
            711.451239, 730.539968, 712.474420, 730.539968, 
            713.497602, 730.539968, 714.520783, 730.539968, 
            716.567146, 730.539968, 717.590328, 731.563149, 
            718.613509, -1.000000, -1.000000, 464.512790, 
            303.201839, 463.489608, 303.201839, 462.466427, 
            303.201839, 460.420064, 303.201839, 458.373701, 
            303.201839, 455.304157, 303.201839, 452.234612, 
            305.248201, 447.118705, 307.294564, 444.049161, 
            308.317746, 442.002798, 310.364109, 439.956435, 
            311.387290, 437.910072, 312.410472, 435.863709, 
            314.456835, 433.817346, 315.480016, 431.770983, 
            315.480016, 430.747802, 317.526379, 429.724620, 
            317.526379, 427.678257, 317.526379, 424.608713, 
            319.572742, 421.539169, 319.572742, 418.469624, 
            319.572742, 415.400080, 319.572742, 414.376898, 
            319.572742, 412.330536, 319.572742, 409.260991, 
            319.572742, 407.214628, 319.572742, 405.168265, 
            319.572742, 403.121902, 319.572742, 400.052358, 
            319.572742, 399.029177, 319.572742, 396.982814, 
            319.572742, 393.913269, 319.572742, 390.843725, 
            320.595923, 387.774181, 320.595923, 385.727818, 
            320.595923, 384.704636, 321.619105, 382.658273, 
            322.642286, 380.611910, 322.642286, 379.588729, 
            323.665468, 376.519185, 324.688649, 373.449640, 
            326.735012, 370.380096, 327.758193, 366.287370, 
            328.781375, 365.264189, 330.827738, 364.241007, 
            330.827738, 360.148281, 333.897282, 359.125100, 
            334.920464, 357.078737, 336.966827, 355.032374, 
            339.013189, 352.986011, 340.036371, 352.986011, 
            341.059552, 350.939648, 342.082734, 349.916467, 
            343.105915, 347.870104, 344.129097, 346.846922, 
            346.175460, 345.823741, 347.198641, 344.800560, 
            349.245004, 342.754197, 350.268185, 342.754197, 
            352.314548, 339.684652, 353.337730, 337.638289, 
            355.384093, 334.568745, 357.430456, 331.499201, 
            359.476819, 330.476019, 360.500000, 329.452838, 
            361.523181, 328.429656, 361.523181, 326.383293, 
            363.569544, 325.360112, 363.569544, 324.336930, 
            364.592726, 323.313749, 365.615907, 322.290568, 
            365.615907, 322.290568, 364.592726, 322.290568, 
            361.523181, 322.290568, 359.476819, 323.313749, 
            357.430456, 324.336930, 354.360911, 326.383293, 
            352.314548, 327.406475, 349.245004, 328.429656, 
            348.221823, 329.452838, 346.175460, 330.476019, 
            345.152278, 331.499201, 344.129097, 332.522382, 
            340.036371, 333.545564, 340.036371, 333.545564, 
            336.966827, 333.545564, 334.920464, 333.545564, 
            333.897282, 333.545564, 332.874101, 333.545564, 
            331.850919, 332.522382, 331.850919, 330.476019, 
            332.874101, 328.429656, 335.943645, 328.429656, 
            336.966827, 326.383293, 340.036371, 323.313749, 
            344.129097, 321.267386, 347.198641, 320.244205, 
            349.245004, 320.244205, 352.314548, 319.221023, 
            355.384093, 319.221023, 356.407274, 319.221023, 
            359.476819, 319.221023, 361.523181, 319.221023, 
            363.569544, 318.197842, 364.592726, 317.174660, 
            366.639089, 316.151479, 367.662270, 315.128297, 
            369.708633, 314.105116, 369.708633, 313.081934, 
            369.708633, 312.058753, 369.708633, 310.012390, 
            369.708633, 308.989209, 368.685452, 307.966027, 
            367.662270, 306.942846, 364.592726, 306.942846, 
            362.546363, 305.919664, 361.523181, 305.919664, 
            359.476819, 305.919664, 354.360911, 306.942846, 
            349.245004, 306.942846, 347.198641, 306.942846, 
            346.175460, 305.919664, 346.175460, 304.896483, 
            346.175460, 303.873301, 345.152278, 301.826938, 
            345.152278, 300.803757, 345.152278, 295.687850, 
            349.245004, 293.641487, 351.291367, 290.571942, 
            354.360911, 289.548761, 355.384093, 289.548761, 
            356.407274, 288.525580, 358.453637, 288.525580, 
            360.500000, 288.525580, 362.546363, 288.525580, 
            363.569544, 288.525580, 365.615907, 288.525580, 
            368.685452, 286.479217, 370.731815, 286.479217, 
            371.754996, 283.409672, 374.824540, 281.363309, 
            376.870903, 279.316946, 377.894085, 278.293765, 
            378.917266, 276.247402, 378.917266, 274.201039, 
            378.917266, 272.154676, 379.940448, 271.131495, 
            379.940448, 270.108313, 378.917266, 269.085132, 
            378.917266, 269.085132, 376.870903, 267.038769, 
            373.801359, 267.038769, 368.685452, 267.038769, 
            367.662270, 267.038769, 366.639089, 267.038769, 
            364.592726, 266.015588, 363.569544, 264.992406, 
            363.569544, 262.946043, 362.546363, 262.946043, 
            361.523181, 262.946043, 360.500000, 262.946043, 
            358.453637, 263.969225, 357.430456, 264.992406, 
            356.407274, 266.015588, 352.314548, 267.038769, 
            351.291367, 268.061950, 349.245004, 269.085132, 
            347.198641, 270.108313, 345.152278, 270.108313, 
            344.129097, 271.131495, 343.105915, 272.154676, 
            341.059552, 272.154676, 340.036371, 272.154676, 
            337.990008, 272.154676, 336.966827, 272.154676, 
            334.920464, 272.154676, 333.897282, 273.177858, 
            331.850919, 273.177858, 329.804556, 275.224221, 
            325.711831, 276.247402, 323.665468, 276.247402, 
            322.642286, 276.247402, 320.595923, 278.293765, 
            318.549560, 279.316946, 315.480016, 281.363309, 
            313.433653, 281.363309, 312.410472, 281.363309, 
            311.387290, 282.386491, 310.364109, 282.386491, 
