%YAML:1.0
    mask: !!opencv-matrix
        rows: 470
        cols: 2
        dt: f
        data: [ 170.067010, 714.809278, 177.984536, 
            714.809278, 181.943299, 714.809278, 183.262887, 
            714.809278, 184.582474, 713.489691, 191.180412, 
            708.211340, 192.500000, 706.891753, 195.139175, 
            705.572165, 196.458763, 705.572165, 203.056701, 
            705.572165, 205.695876, 704.252577, 209.654639, 
            701.613402, 210.974227, 701.613402, 213.613402, 
            700.293814, 217.572165, 698.974227, 222.850515, 
            697.654639, 229.448454, 696.335052, 237.365979, 
            693.695876, 238.685567, 691.056701, 241.324742, 
            691.056701, 242.644330, 689.737113, 246.603093, 
            688.417526, 247.922680, 688.417526, 254.520619, 
            685.778351, 255.840206, 685.778351, 261.118557, 
            685.778351, 276.953608, 684.458763, 279.592784, 
            684.458763, 287.510309, 689.737113, 291.469072, 
            693.695876, 294.108247, 695.015464, 294.108247, 
            696.335052, 292.788660, 696.335052, 290.149485, 
            701.613402, 288.829897, 704.252577, 287.510309, 
            706.891753, 284.871134, 709.530928, 282.231959, 
            712.170103, 282.231959, 713.489691, 282.231959, 
            714.809278, -1.000000, -1.000000, 940.706186, 
            717.448454, 940.706186, 718.768041, 940.706186, 
            706.891753, 940.706186, 697.654639, 940.706186, 
            689.737113, 940.706186, 688.417526, 939.386598, 
            687.097938, 939.386598, 684.458763, 939.386598, 
            683.139175, 939.386598, 681.819588, 939.386598, 
            680.500000, 938.067010, 676.541237, 938.067010, 
            671.262887, 938.067010, 669.943299, 939.386598, 
            669.943299, 940.706186, 669.943299, 942.025773, 
            669.943299, 943.345361, 669.943299, 948.623711, 
            669.943299, 952.582474, 673.902062, 960.500000, 
            681.819588, 961.819588, 683.139175, 964.458763, 
            684.458763, 964.458763, 685.778351, 967.097938, 
            687.097938, 972.376289, 691.056701, 985.572165, 
            698.974227, 990.850515, 702.932990, 992.170103, 
            705.572165, 996.128866, 706.891753, 1002.726804, 
            706.891753, 1004.046392, 706.891753, 1005.365979, 
            706.891753, 1005.365979, 701.613402, 1005.365979, 
            693.695876, 998.768041, 684.458763, 994.809278, 
            681.819588, 985.572165, 669.943299, 981.613402, 
            667.304124, 977.654639, 664.664948, 972.376289, 
            662.025773, 967.097938, 660.706186, 963.139175, 
            659.386598, 960.500000, 659.386598, 955.221649, 
            656.747423, 947.304124, 652.788660, 942.025773, 
            648.829897, 939.386598, 647.510309, 936.747423, 
            646.190722, 930.149485, 642.231959, 928.829897, 
            640.912371, 926.190722, 639.592784, 923.551546, 
            635.634021, 922.231959, 634.314433, 920.912371, 
            631.675258, 920.912371, 630.355670, 920.912371, 
            629.036082, 920.912371, 627.716495, 920.912371, 
            626.396907, 923.551546, 626.396907, 926.190722, 
            625.077320, 927.510309, 625.077320, 930.149485, 
            623.757732, 942.025773, 619.798969, 944.664948, 
            619.798969, 948.623711, 619.798969, 949.943299, 
            618.479381, 951.262887, 618.479381, 952.582474, 
            615.840206, 952.582474, 613.201031, 952.582474, 
            611.881443, 953.902062, 607.922680, 953.902062, 
            606.603093, 953.902062, 605.283505, 955.221649, 
            603.963918, 955.221649, 601.324742, 956.541237, 
            600.005155, 960.500000, 598.685567, 971.056701, 
            598.685567, 972.376289, 598.685567, 973.695876, 
            598.685567, 975.015464, 598.685567, 978.974227, 
            597.365979, 985.572165, 596.046392, 990.850515, 
            596.046392, 993.489691, 596.046392, 997.448454, 
            596.046392, 1000.087629, 594.726804, 1002.726804, 
            594.726804, 1005.365979, 590.768041, 1013.283505, 
            586.809278, 1014.603093, 585.489691, 1017.242268, 
            584.170103, 1019.881443, 584.170103, 1022.520619, 
            584.170103, 1029.118557, 584.170103, 1037.036082, 
            584.170103, 1040.994845, 584.170103, 1047.592784, 
            586.809278, 1073.984536, 596.046392, 1077.943299, 
            598.685567, 1079.262887, 601.324742, 1085.860825, 
            606.603093, 1089.819588, 609.242268, 1089.819588, 
            610.561856, 1092.458763, 610.561856, 1099.056701, 
            610.561856, 1100.376289, 610.561856, 1101.695876, 
            610.561856, 1104.335052, 613.201031, 1116.211340, 
            625.077320, 1124.128866, 631.675258, 1130.726804, 
            636.953608, 1133.365979, 638.273196, 1134.685567, 
            638.273196, 1134.685567, 639.592784, 1137.324742, 
            640.912371, 1139.963918, 642.231959, 1145.242268, 
            644.871134, 1150.520619, 648.829897, 1158.438144, 
            651.469072, 1161.077320, 654.108247, 1163.716495, 
            655.427835, 1168.994845, 659.386598, 1172.953608, 
            662.025773, 1175.592784, 664.664948, 1179.551546, 
            668.623711, 1182.190722, 671.262887, 1184.829897, 
            675.221649, 1186.149485, 676.541237, 1187.469072, 
            680.500000, 1187.469072, 683.139175, 1188.788660, 
            687.097938, 1191.427835, 689.737113, 1191.427835, 
            693.695876, 1194.067010, 704.252577, 1194.067010, 
            708.211340, 1194.067010, 713.489691, -1.000000, 
            -1.000000, 755.963918, 309.695876, 761.242268, 
            313.654639, 761.242268, 314.974227, 762.561856, 
            316.293814, 763.881443, 317.613402, 765.201031, 
            318.932990, 766.520619, 320.252577, 769.159794, 
            320.252577, 770.479381, 320.252577, 773.118557, 
            320.252577, 779.716495, 317.613402, 782.355670, 
            314.974227, 783.675258, 313.654639, 788.953608, 
            311.015464, 791.592784, 311.015464, 796.871134, 
            311.015464, 799.510309, 311.015464, 802.149485, 
            311.015464, 803.469072, 312.335052, 810.067010, 
            316.293814, 812.706186, 317.613402, 814.025773, 
            321.572165, 819.304124, 325.530928, 820.623711, 
            326.850515, 825.902062, 330.809278, 831.180412, 
            334.768041, 843.056701, 345.324742, 852.293814, 
            351.922680, 853.613402, 353.242268, 854.932990, 
            353.242268, 861.530928, 355.881443, 866.809278, 
            357.201031, 869.448454, 358.520619, 874.726804, 
            362.479381, 877.365979, 365.118557, 881.324742, 
            365.118557, 882.644330, 366.438144, 883.963918, 
            366.438144, 885.283505, 366.438144, 887.922680, 
            366.438144, 891.881443, 365.118557, 894.520619, 
            362.479381, 897.159794, 362.479381, 903.757732, 
            359.840206, 912.994845, 354.561856, 915.634021, 
            351.922680, 919.592784, 349.283505, 922.231959, 
            349.283505, 923.551546, 347.963918, 924.871134, 
            347.963918, 926.190722, 346.644330, 928.829897, 
            346.644330, 931.469072, 345.324742, 939.386598, 
            340.046392, 943.345361, 340.046392, 944.664948, 
            340.046392, 945.984536, 340.046392, 947.304124, 
            338.726804, 948.623711, 338.726804, 951.262887, 
            336.087629, 955.221649, 333.448454, 959.180412, 
            332.128866, 960.500000, 330.809278, 963.139175, 
            329.489691, 964.458763, 326.850515, 965.778351, 
            325.530928, 971.056701, 322.891753, 977.654639, 
            317.613402, 980.293814, 313.654639, 981.613402, 
            312.335052, 984.252577, 304.417526, 985.572165, 
            301.778351, 986.891753, 297.819588, 988.211340, 
            295.180412, 988.211340, 293.860825, 988.211340, 
            289.902062, 986.891753, 281.984536, 981.613402, 
