%YAML:1.0
    mask: !!opencv-matrix
        rows: 358
        cols: 2
        dt: f
        data: [ -1.000000, -1.000000, 1058.981215, 
            667.454436, 1055.911671, 667.454436, 1051.818945, 
            667.454436, 1043.633493, 667.454436, 1029.308953, 
            664.384892, 1025.216227, 663.361711, 1022.146683, 
            662.338529, 1018.053957, 661.315348, 1013.961231, 
            658.245803, 1011.914868, 657.222622, 1006.798961, 
            654.153078, 998.613509, 650.060352, 989.404876, 
            643.921263, 983.265787, 639.828537, 977.126699, 
            635.735811, 975.080336, 634.712630, 974.057154, 
            632.666267, 970.987610, 629.596723, 968.941247, 
            627.550360, 963.825340, 623.457634, 961.778977, 
            621.411271, 960.755795, 621.411271, 957.686251, 
            616.295364, 953.593525, 610.156275, 952.570344, 
            609.133094, 946.431255, 601.970823, 943.361711, 
            597.878098, 940.292166, 590.715827, 937.222622, 
            584.576739, 936.199440, 582.530376, 934.153078, 
            574.344924, 929.037170, 563.089928, 928.013989, 
            555.927658, 924.944444, 545.695843, 924.944444, 
            543.649480, 923.921263, 535.464029, 923.921263, 
            534.440847, 922.898082, 526.255396, 920.851719, 
            517.046763, 918.805356, 510.907674, 917.782174, 
            507.838129, 914.712630, 496.583133, 913.689448, 
            492.490408, 913.689448, 491.467226, 909.596723, 
            484.304956, 908.573541, 481.235412, 907.550360, 
            479.189049, 906.527178, 479.189049, 904.480815, 
            477.142686, 901.411271, 475.096323, 898.341727, 
            474.073141, 894.249001, 474.073141, 886.063549, 
            473.049960, 885.040368, 473.049960, 880.947642, 
            473.049960, 872.762190, 473.049960, 865.599920, 
            473.049960, 855.368106, 469.980416, 853.321743, 
            469.980416, 849.229017, 467.934053, 844.113110, 
            465.887690, 843.089928, 465.887690, 838.997202, 
            463.841327, 834.904476, 460.771783, 832.858114, 
            458.725420, 830.811751, 456.679057, 826.719025, 
            453.609512, 824.672662, 449.516787, 822.626299, 
            446.447242, 820.579936, 444.400879, 818.533573, 
            439.284972, 815.464029, 429.053157, 813.417666, 
            420.867706, 813.417666, 418.821343, 812.394484, 
            414.728617, 811.371303, 404.496803, 810.348122, 
            399.380895, 810.348122, 398.357714, 810.348122, 
            389.149081, 812.394484, 376.870903, 813.417666, 
            372.778177, 813.417666, 371.754996, 815.464029, 
            363.569544, 817.510392, 358.453637, 821.603118, 
            349.245004, 823.649480, 347.198641, 827.742206, 
            341.059552, 831.834932, 335.943645, 832.858114, 
            333.897282, 835.927658, 329.804556, 840.020384, 
            324.688649, 842.066747, 321.619105, 843.089928, 
            319.572742, 845.136291, 318.549560, 846.159472, 
            316.503197, 848.205835, 316.503197, 848.205835, 
            315.480016, 851.275380, 314.456835, 856.391287, 
            310.364109, 861.507194, 308.317746, 861.507194, 
            307.294564, 864.576739, 306.271383, 866.623102, 
            305.248201, 870.715827, 303.201839, 874.808553, 
            302.178657, 875.831735, 302.178657, 879.924460, 
            300.132294, 884.017186, 300.132294, 885.040368, 
            300.132294, 888.109912, 300.132294, 892.202638, 
            300.132294, 895.272182, 300.132294, 898.341727, 
            300.132294, 902.434452, 300.132294, 910.619904, 
            302.178657, 915.735811, 303.201839, 917.782174, 
            304.225020, 923.921263, 305.248201, 932.106715, 
            308.317746, 937.222622, 310.364109, 940.292166, 
            312.410472, 946.431255, 315.480016, 952.570344, 
            318.549560, 956.663070, 320.595923, 957.686251, 
            321.619105, 965.871703, 326.735012, 973.033973, 
            331.850919, 977.126699, 333.897282, 980.196243, 
            337.990008, 981.219424, 337.990008, 988.381695, 
            343.105915, 990.428058, 345.152278, 992.474420, 
            347.198641, 996.567146, 350.268185, 1000.659872, 
            353.337730, 1002.706235, 356.407274, 1003.729416, 
            357.430456, 1006.798961, 360.500000, 1009.868505, 
            364.592726, 1013.961231, 369.708633, 1016.007594, 
            373.801359, 1018.053957, 376.870903, 1018.053957, 
            377.894085, 1020.100320, 381.986811, 1022.146683, 
            386.079536, 1024.193046, 389.149081, 1025.216227, 
            391.195444, 1027.262590, 394.264988, 1028.285771, 
            398.357714, 1030.332134, 403.473621, 1030.332134, 
            404.496803, 1033.401679, 411.659073, 1037.494404, 
            420.867706, 1039.540767, 425.983613, 1043.633493, 
            434.169065, 1044.656675, 435.192246, 1046.703038, 
            441.331335, 1049.772582, 447.470424, 1051.818945, 
            453.609512, 1052.842126, 456.679057, 1052.842126, 
            458.725420, 1053.865308, 459.748601, 1055.911671, 
            463.841327, 1056.934852, 466.910871, 1058.981215, 
            474.073141, 1060.004396, 476.119504, 1060.004396, 
            478.165867, 1062.050759, 484.304956, 1065.120304, 
            489.420863, 1066.143485, 493.513589, 1068.189848, 
            495.559952, 1074.328937, 506.814948, 1078.421663, 
            515.000400, 1081.491207, 520.116307, 1083.537570, 
            526.255396, 1084.560751, 529.324940, 1085.583933, 
            531.371303, 1088.653477, 537.510392, 1089.676659, 
            539.556755, 1091.723022, 545.695843, 1092.746203, 
            548.765388, 1093.769384, 551.834932, 1094.792566, 
            554.904476, 1095.815747, 561.043565, 1096.838929, 
            564.113110, 1097.862110, 565.136291, 1098.885292, 
            570.252198, 1100.931655, 575.368106, 1101.954836, 
            577.414468, 1102.978018, 580.484013, 1102.978018, 
            581.507194, 1102.978018, 585.599920, 1105.024380, 
            589.692646, 1105.024380, 592.762190, 1105.024380, 
            593.785372, 1105.024380, 595.831735, 1105.024380, 
            598.901279, 1106.047562, 602.994005, 1107.070743, 
            607.086731, 1107.070743, 610.156275, 1107.070743, 
            611.179456, 1107.070743, 614.249001, 1108.093925, 
            615.272182, -1.000000, -1.000000, 585.248201, 
            716.567146, 586.271383, 716.567146, 587.294564, 
            715.543965, 588.317746, 713.497602, 593.433653, 
            709.404876, 597.526379, 705.312150, 601.619105, 
            700.196243, 603.665468, 697.126699, 604.688649, 
            697.126699, 605.711831, 695.080336, 606.735012, 
            695.080336, 608.781375, 693.033973, 610.827738, 
            692.010791, 611.850919, 692.010791, 612.874101, 
            689.964428, 613.897282, 689.964428, 615.943645, 
            687.918066, 617.990008, 686.894884, 619.013189, 
            686.894884, 621.059552, 685.871703, 623.105915, 
            685.871703, 625.152278, 684.848521, 627.198641, 
            682.802158, 628.221823, 682.802158, 630.268185, 
            681.778977, 632.314548, 680.755795, 637.430456, 
            680.755795, 640.500000, 679.732614, 642.546363, 
            679.732614, 644.592726, 678.709432, 647.662270, 
            677.686251, 648.685452, 677.686251, 654.824540, 
            677.686251, 658.917266, 676.663070, 659.940448, 
            676.663070, 666.079536, 675.639888, 672.218625, 
            675.639888, 673.241807, 674.616707, 679.380895, 
            673.593525, 681.427258, 671.547162, 684.496803, 
            670.523981, 685.519984, 670.523981, 687.566347, 
            669.500799, 688.589528, 669.500799, 691.659073, 
            668.477618, 692.682254, 667.454436, 694.728617, 
            666.431255, 695.751799, 666.431255, 696.774980, 
            665.408074, 697.798161, 665.408074, 702.914069, 
