%YAML:1.0
    mask: !!opencv-matrix
        rows: 1834
        cols: 2
        dt: f
        data: [ 293.029002, 718.365429, 293.029002, 
            717.375483, 294.018948, 717.375483, 295.008894, 
            717.375483, 295.998840, 716.385538, 297.978732, 
            714.405646, 297.978732, 713.415700, 299.958623, 
            711.435808, 301.938515, 708.465971, 301.938515, 
            706.486079, 303.918407, 702.526295, 305.898299, 
            700.546404, 306.888244, 697.576566, 308.868136, 
            694.606729, 308.868136, 693.616783, 308.868136, 
            692.626837, 309.858082, 690.646945, 309.858082, 
            689.656999, 310.848028, 687.677108, 310.848028, 
            686.687162, 311.837974, 686.687162, 311.837974, 
            684.707270, 311.837974, 683.717324, 311.837974, 
            682.727378, 311.837974, 681.737432, 312.827920, 
            680.747486, 314.807811, 677.777649, 316.787703, 
            675.797757, 317.777649, 674.807811, 318.767595, 
            674.807811, 319.757541, 674.807811, 321.737432, 
            672.827920, 324.707270, 670.848028, 327.677108, 
            667.878190, 330.646945, 666.888244, 333.616783, 
            663.918407, 335.596674, 661.938515, 340.546404, 
            657.978732, 344.506187, 654.018948, 345.496133, 
            653.029002, 350.445862, 648.079273, 354.405646, 
            643.129544, 356.385538, 640.159706, 358.365429, 
            637.189869, 358.365429, 635.209977, 361.335267, 
            634.220031, 363.315159, 633.230085, 364.305104, 
            632.240139, 367.274942, 631.250193, 369.254834, 
            631.250193, 372.224671, 631.250193, 374.204563, 
            631.250193, 377.174401, 631.250193, 380.144238, 
            631.250193, 382.124130, 631.250193, 384.104022, 
            632.240139, 385.093968, 632.240139, 386.083913, 
            633.230085, 387.073859, 633.230085, 388.063805, 
            633.230085, 389.053751, 633.230085, 390.043697, 
            633.230085, 392.023589, 633.230085, 393.013534, 
            633.230085, 394.993426, 631.250193, 395.983372, 
            630.260247, 396.973318, 629.270302, 397.963264, 
            629.270302, 398.953210, 628.280356, 399.943155, 
            628.280356, 399.943155, 627.290410, 401.923047, 
            626.300464, 402.912993, 624.320572, 403.902939, 
            624.320572, 403.902939, 623.330626, 404.892885, 
            622.340681, 404.892885, 621.350735, 405.882831, 
            621.350735, 406.872776, 620.360789, 407.862722, 
            619.370843, 409.842614, 617.390951, 410.832560, 
            616.401005, 412.812452, 615.411060, 413.802398, 
            614.421114, 416.772235, 613.431168, 419.742073, 
            612.441222, 421.721964, 612.441222, 422.711910, 
            611.451276, 423.701856, 611.451276, 424.691802, 
            611.451276, 425.681748, 611.451276, 427.661640, 
            611.451276, 428.651585, 612.441222, 429.641531, 
            615.411060, 430.631477, 616.401005, 431.621423, 
            617.390951, 431.621423, 618.380897, 432.611369, 
            619.370843, 432.611369, 620.360789, 433.601315, 
            620.360789, 434.591261, 620.360789, 435.581206, 
            620.360789, 436.571152, 619.370843, 437.561098, 
            618.380897, 438.551044, 617.390951, 438.551044, 
            616.401005, 439.540990, 616.401005, 440.530936, 
            616.401005, 442.510828, 615.411060, 444.490719, 
            614.421114, 445.480665, 614.421114, 446.470611, 
            614.421114, 447.460557, 614.421114, 449.440449, 
            614.421114, 450.430394, 614.421114, 452.410286, 
            614.421114, 455.380124, 614.421114, 458.349961, 
            614.421114, 459.339907, 614.421114, 461.319799, 
            614.421114, 462.309745, 614.421114, 463.299691, 
            615.411060, 464.289637, 615.411060, 464.289637, 
            616.401005, 464.289637, 617.390951, 464.289637, 
            618.380897, 464.289637, 619.370843, 464.289637, 
            620.360789, 463.299691, 622.340681, 463.299691, 
            623.330626, 463.299691, 624.320572, 463.299691, 
            625.310518, 462.309745, 627.290410, 462.309745, 
            628.280356, 462.309745, 629.270302, 461.319799, 
            630.260247, 460.329853, 631.250193, 460.329853, 
            632.240139, 460.329853, 633.230085, 459.339907, 
            633.230085, 458.349961, 635.209977, 457.360015, 
            637.189869, 457.360015, 638.179814, 455.380124, 
            639.169760, 454.390178, 641.149652, 452.410286, 
            642.139598, 451.420340, 644.119490, 449.440449, 
            646.099381, 446.470611, 648.079273, 443.500773, 
            653.029002, 442.510828, 653.029002, 440.530936, 
            655.998840, 438.551044, 660.948569, 436.571152, 
            667.878190, 436.571152, 669.858082, 436.571152, 
            670.848028, 435.581206, 672.827920, 434.591261, 
            673.817865, 433.601315, 675.797757, 432.611369, 
            676.787703, 430.631477, 678.767595, 429.641531, 
            679.757541, 428.651585, 680.747486, 426.671694, 
            680.747486, 424.691802, 681.737432, 422.711910, 
            682.727378, 421.721964, 683.717324, 420.732019, 
            684.707270, 418.752127, 684.707270, 417.762181, 
            686.687162, 415.782289, 686.687162, 414.792343, 
            688.667053, 413.802398, 689.656999, 411.822506, 
            691.636891, 410.832560, 692.626837, 410.832560, 
            693.616783, 409.842614, 693.616783, 408.852668, 
            694.606729, 408.852668, 695.596674, 407.862722, 
            696.586620, 407.862722, 697.576566, 406.872776, 
            698.566512, 406.872776, 699.556458, 406.872776, 
            700.546404, 406.872776, 701.536350, 406.872776, 
            702.526295, 405.882831, 704.506187, 404.892885, 
            704.506187, 404.892885, 705.496133, 403.902939, 
            707.476025, 403.902939, 708.465971, 403.902939, 
            709.455916, 402.912993, 710.445862, 402.912993, 
            711.435808, 401.923047, 712.425754, 400.933101, 
            713.415700, 400.933101, 714.405646, -1.000000, 
            -1.000000, 616.741299, 717.375483, 615.751353, 
            717.375483, 614.761408, 717.375483, 613.771462, 
            717.375483, 612.781516, 717.375483, 611.791570, 
            717.375483, 608.821732, 717.375483, 607.831787, 
            716.385538, 606.841841, 715.395592, 604.861949, 
            714.405646, 600.902166, 712.425754, 599.912220, 
            710.445862, 598.922274, 709.455916, 597.932328, 
            708.465971, 595.952436, 706.486079, 594.962490, 
            704.506187, 593.972544, 703.516241, 592.982599, 
            702.526295, 592.982599, 701.536350, 592.982599, 
            700.546404, 591.992653, 699.556458, 591.002707, 
            697.576566, 590.012761, 697.576566, 590.012761, 
            696.586620, 589.022815, 695.596674, 589.022815, 
            694.606729, 588.032869, 693.616783, 588.032869, 
            692.626837, 588.032869, 691.636891, 587.042923, 
            690.646945, 586.052978, 688.667053, 585.063032, 
            686.687162, 584.073086, 684.707270, 583.083140, 
            684.707270, 583.083140, 683.717324, 582.093194, 
            682.727378, 581.103248, 681.737432, 580.113302, 
            680.747486, 579.123357, 678.767595, 578.133411, 
            677.777649, 578.133411, 676.787703, 576.153519, 
            674.807811, 575.163573, 673.817865, 575.163573, 
            672.827920, 575.163573, 671.837974, 575.163573, 
            670.848028, 575.163573, 668.868136, 575.163573, 
            667.878190, 575.163573, 666.888244, 575.163573, 
            664.908353, 575.163573, 662.928461, 576.153519, 
            660.948569, 576.153519, 659.958623, 577.143465, 
            658.968677, 577.143465, 657.978732, 577.143465, 
            656.988786, 578.133411, 655.998840, 579.123357, 
            655.998840, 579.123357, 655.008894, 580.113302, 
