%YAML:1.0
    mask: !!opencv-matrix
        rows: 247
        cols: 2
        dt: f
        data: [ -1.000000, -1.000000, 594.974227, 
            713.489691, 600.252577, 709.530928, 606.850515, 
            701.613402, 613.448454, 697.654639, 614.768041, 
            696.335052, 617.407216, 692.376289, 617.407216, 
            689.737113, 620.046392, 688.417526, 621.365979, 
            687.097938, 622.685567, 685.778351, 626.644330, 
            680.500000, 630.603093, 677.860825, 638.520619, 
            676.541237, 641.159794, 675.221649, 653.036082, 
            673.902062, 655.675258, 673.902062, 663.592784, 
            673.902062, 668.871134, 673.902062, 671.510309, 
            673.902062, 675.469072, 673.902062, 678.108247, 
            675.221649, 683.386598, 676.541237, 693.943299, 
            677.860825, 696.582474, 677.860825, 701.860825, 
            679.180412, 708.458763, 681.819588, 716.376289, 
            683.139175, 722.974227, 685.778351, 730.891753, 
            688.417526, 733.530928, 688.417526, 740.128866, 
            688.417526, 745.407216, 688.417526, 757.283505, 
            688.417526, 767.840206, 685.778351, 770.479381, 
            685.778351, 773.118557, 685.778351, 779.716495, 
            685.778351, 781.036082, 685.778351, 787.634021, 
            688.417526, 792.912371, 689.737113, 798.190722, 
            691.056701, 799.510309, 692.376289, 800.829897, 
            693.695876, 803.469072, 696.335052, 806.108247, 
            697.654639, 807.427835, 701.613402, 808.747423, 
            702.932990, 811.386598, 705.572165, 811.386598, 
            708.211340, 812.706186, 708.211340, 812.706186, 
            710.850515, 812.706186, 712.170103, 812.706186, 
            713.489691, 812.706186, 714.809278, -1.000000, 
            -1.000000, 704.500000, 35.221649, 692.623711, 
            35.221649, 687.345361, 35.221649, 679.427835, 
            35.221649, 662.273196, 35.221649, 651.716495, 
            35.221649, 645.118557, 36.541237, 642.479381, 
            37.860825, 641.159794, 39.180412, 639.840206, 
            40.500000, 638.520619, 43.139175, 635.881443, 
            47.097938, 634.561856, 52.376289, 625.324742, 
            61.613402, 612.128866, 78.768041, 608.170103, 
            84.046392, 602.891753, 86.685567, 596.293814, 
            97.242268, 593.654639, 99.881443, 589.695876, 
            106.479381, 584.417526, 115.716495, 580.458763, 
            122.314433, 577.819588, 127.592784, 577.819588, 
            131.551546, 576.500000, 134.190722, 576.500000, 
            138.149485, 576.500000, 144.747423, 576.500000, 
            147.386598, 579.139175, 156.623711, 581.778351, 
            161.902062, 581.778351, 163.221649, 584.417526, 
            168.500000, 585.737113, 168.500000, 585.737113, 
            169.819588, 588.376289, 171.139175, 589.695876, 
            171.139175, 596.293814, 171.139175, 609.489691, 
            171.139175, 613.448454, 171.139175, 621.365979, 
            171.139175, 625.324742, 171.139175, 631.922680, 
            171.139175, 641.159794, 171.139175, 643.798969, 
            171.139175, 647.757732, 169.819588, 658.314433, 
            169.819588, 660.953608, 169.819588, 666.231959, 
            168.500000, 670.190722, 168.500000, 676.788660, 
            167.180412, 686.025773, 164.541237, 688.664948, 
            163.221649, 695.262887, 160.582474, 703.180412, 
            156.623711, 708.458763, 153.984536, 713.737113, 
            151.345361, 717.695876, 147.386598, 720.335052, 
            143.427835, 722.974227, 138.149485, 726.932990, 
            132.871134, 730.891753, 127.592784, 733.530928, 
            123.634021, 737.489691, 114.396907, 740.128866, 
            109.118557, 740.128866, 106.479381, 746.726804, 
            94.603093, 746.726804, 91.963918, 746.726804, 
            89.324742, 746.726804, 82.726804, 746.726804, 
            76.128866, 744.087629, 70.850515, 741.448454, 
            64.252577, 741.448454, 60.293814, 740.128866, 
            57.654639, 740.128866, 56.335052, 730.891753, 
            48.417526, 729.572165, 45.778351, 726.932990, 
            43.139175, 725.613402, 41.819588, 724.293814, 
            37.860825, -1.000000, -1.000000, 284.871134, 
            4.871134, 286.190722, 10.149485, 290.149485, 
            16.747423, 291.469072, 19.386598, 292.788660, 
            23.345361, 298.067010, 32.582474, 305.984536, 
            43.139175, 307.304124, 45.778351, 313.902062, 
            53.695876, 317.860825, 56.335052, 325.778351, 
            65.572165, 335.015464, 76.128866, 338.974227, 
            80.087629, 349.530928, 89.324742, 350.850515, 
            90.644330, 356.128866, 94.603093, 357.448454, 
            97.242268, 364.046392, 99.881443, 369.324742, 
            106.479381, 371.963918, 109.118557, 373.283505, 
            110.438144, 377.242268, 114.396907, 379.881443, 
            117.036082, 383.840206, 120.994845, 387.798969, 
            123.634021, 393.077320, 126.273196, 395.716495, 
            127.592784, 398.355670, 128.912371, 402.314433, 
            130.231959, 406.273196, 131.551546, 406.273196, 
            132.871134, 411.551546, 132.871134, 416.829897, 
            134.190722, 418.149485, 134.190722, 420.788660, 
            134.190722, 423.427835, 134.190722, 426.067010, 
            134.190722, 432.664948, 134.190722, 433.984536, 
            132.871134, 436.623711, 131.551546, 444.541237, 
            126.273196, 447.180412, 123.634021, 449.819588, 
            122.314433, 453.778351, 119.675258, 456.417526, 
            118.355670, 459.056701, 117.036082, 460.376289, 
            117.036082, 465.654639, 117.036082, 468.293814, 
            115.716495, 469.613402, 115.716495, 472.252577, 
            115.716495, 473.572165, 115.716495, 474.891753, 
            115.716495, 477.530928, 113.077320, 481.489691, 
            111.757732, 482.809278, 111.757732, 486.768041, 
            110.438144, 489.407216, 106.479381, 489.407216, 
            105.159794, 489.407216, 103.840206, 489.407216, 
            101.201031, 490.726804, 97.242268, 492.046392, 
            90.644330, 492.046392, 89.324742, 488.087629, 
            88.005155, 485.448454, 88.005155, 485.448454, 
            86.685567, 485.448454, 85.365979, 485.448454, 
            84.046392, 485.448454, 82.726804, 484.128866, 
            81.407216, 481.489691, 77.448454, 477.530928, 
            76.128866, 477.530928, 74.809278, 474.891753, 
            72.170103, 470.932990, 72.170103, 469.613402, 
            70.850515, 466.974227, 69.530928, 464.335052, 
            68.211340, 463.015464, 66.891753, 461.695876, 
            65.572165, 460.376289, 64.252577, 457.737113, 
            61.613402, 457.737113, 60.293814, 456.417526, 
            57.654639, 453.778351, 55.015464, 452.458763, 
            52.376289, 451.139175, 49.737113, 449.819588, 
            45.778351, 445.860825, 40.500000, 443.221649, 
            36.541237, 441.902062, 35.221649, 439.262887, 
            32.582474, 435.304124, 29.943299, 431.345361, 
            25.984536, 427.386598, 23.345361, 424.747423, 
            22.025773, 422.108247, 20.706186, 420.788660, 
            20.706186, 418.149485, 18.067010, 414.190722, 
            16.747423, 408.912371, 14.108247, 407.592784, 
            14.108247, 404.953608, 12.788660, 400.994845, 
            10.149485, 399.675258, 8.829897, 393.077320, 
            6.190722, 389.118557, 3.551546, 385.159794, 
            2.231959, 382.520619, 0.912371]
