%YAML:1.0
    mask: !!opencv-matrix
        rows: 1056
        cols: 2
        dt: f
        data: [ 12.155629, 544.870861, 16.394040, 
            542.751656, 20.632450, 538.513245, 24.870861, 
            536.394040, 29.109272, 532.155629, 33.347682, 
            530.036424, 35.466887, 527.917219, 39.705298, 
            525.798013, 39.705298, 523.678808, 41.824503, 
            523.678808, 46.062914, 519.440397, 46.062914, 
            517.321192, 48.182119, 517.321192, 48.182119, 
            515.201987, 50.301325, 513.082781, 50.301325, 
            510.963576, 52.420530, 510.963576, 54.539735, 
            506.725166, 56.658940, 504.605960, 56.658940, 
            502.486755, 58.778146, 500.367550, 60.897351, 
            498.248344, 65.135762, 489.771523, 65.135762, 
            487.652318, 65.135762, 485.533113, 67.254967, 
            483.413907, 67.254967, 481.294702, 69.374172, 
            481.294702, 71.493377, 477.056291, 73.612583, 
            474.937086, 75.731788, 472.817881, 75.731788, 
            470.698675, 77.850993, 470.698675, 79.970199, 
            468.579470, 82.089404, 468.579470, 84.208609, 
            466.460265, 88.447020, 466.460265, 88.447020, 
            464.341060, 90.566225, 464.341060, 92.685430, 
            464.341060, 94.804636, 462.221854, 99.043046, 
            462.221854, 103.281457, 460.102649, 107.519868, 
            460.102649, 113.877483, 457.983444, 118.115894, 
            457.983444, 124.473510, 457.983444, 126.592715, 
            457.983444, 128.711921, 457.983444, 130.831126, 
            457.983444, 132.950331, 455.864238, 135.069536, 
            453.745033, 137.188742, 453.745033, 139.307947, 
            453.745033, 139.307947, 451.625828, 143.546358, 
            449.506623, 145.665563, 449.506623, 147.784768, 
            449.506623, 149.903974, 449.506623, 154.142384, 
            447.387417, 156.261589, 447.387417, 156.261589, 
            445.268212, 158.380795, 445.268212, 160.500000, 
            443.149007, 162.619205, 443.149007, 162.619205, 
            441.029801, 164.738411, 441.029801, 164.738411, 
            438.910596, 168.976821, 438.910596, 168.976821, 
            436.791391, 171.096026, 436.791391, 171.096026, 
            434.672185, 173.215232, 434.672185, 173.215232, 
            432.552980, 177.453642, 430.433775, 179.572848, 
            428.314570, 181.692053, 426.195364, 183.811258, 
            426.195364, 185.930464, 424.076159, 188.049669, 
            424.076159, 198.645695, 424.076159, 202.884106, 
            424.076159, 207.122517, 426.195364, 211.360927, 
            428.314570, 215.599338, 430.433775, 221.956954, 
            432.552980, 224.076159, 432.552980, 226.195364, 
            434.672185, 228.314570, 436.791391, 232.552980, 
            436.791391, 236.791391, 441.029801, 241.029801, 
            445.268212, 249.506623, 451.625828, 253.745033, 
            453.745033, 255.864238, 455.864238, 257.983444, 
            457.983444, 262.221854, 462.221854, 266.460265, 
            464.341060, 270.698675, 468.579470, 272.817881, 
            470.698675, 274.937086, 470.698675, 274.937086, 
            472.817881, 277.056291, 474.937086, 279.175497, 
            481.294702, 279.175497, 483.413907, 281.294702, 
            487.652318, 281.294702, 489.771523, 281.294702, 
            491.890728, 281.294702, 494.009934, 281.294702, 
            496.129139, 281.294702, 498.248344, 281.294702, 
            500.367550, 281.294702, 502.486755, 281.294702, 
            504.605960, 281.294702, 506.725166, 281.294702, 
            508.844371, 281.294702, 510.963576, 281.294702, 
            513.082781, 281.294702, 515.201987, 281.294702, 
            517.321192, 281.294702, 519.440397, 281.294702, 
            521.559603, 281.294702, 523.678808, 281.294702, 
            525.798013, 281.294702, 527.917219, 281.294702, 
            530.036424, 281.294702, 532.155629, 281.294702, 
            536.394040, 281.294702, 538.513245, 281.294702, 
            540.632450, 281.294702, 542.751656, 281.294702, 
            544.870861, 281.294702, 546.990066, 281.294702, 
            549.109272, 281.294702, 551.228477, 281.294702, 
            553.347682, 281.294702, 555.466887, 279.175497, 
            557.586093, 277.056291, 559.705298, 274.937086, 
            559.705298, 270.698675, 561.824503, 264.341060, 
            561.824503, 251.625828, 563.943709, 245.268212, 
            563.943709, 241.029801, 563.943709, 238.910596, 
            563.943709, 236.791391, 563.943709, 234.672185, 
            563.943709, 232.552980, 561.824503, 232.552980, 
            559.705298, 230.433775, 559.705298, 228.314570, 
            557.586093, 226.195364, 557.586093, 226.195364, 
            555.466887, 221.956954, 553.347682, 221.956954, 
            551.228477, 219.837748, 549.109272, 219.837748, 
            546.990066, 219.837748, 544.870861, 217.718543, 
            542.751656, 215.599338, 538.513245, 213.480132, 
            536.394040, 213.480132, 532.155629, 211.360927, 
            532.155629, 209.241722, 530.036424, 209.241722, 
            527.917219, 207.122517, 527.917219, 207.122517, 
            525.798013, 205.003311, 525.798013, 200.764901, 
            525.798013, 198.645695, 523.678808, 192.288079, 
            521.559603, 181.692053, 519.440397, 179.572848, 
            519.440397, 173.215232, 517.321192, 171.096026, 
            519.440397, 166.857616, 523.678808, 166.857616, 
            525.798013, 164.738411, 530.036424, 164.738411, 
            532.155629, 164.738411, 534.274834, 164.738411, 
            536.394040, 162.619205, 538.513245, 162.619205, 
            540.632450, 160.500000, 542.751656, 160.500000, 
            544.870861, 160.500000, 546.990066, 158.380795, 
            549.109272, 158.380795, 551.228477, 156.261589, 
            553.347682, 154.142384, 557.586093, 154.142384, 
            559.705298, 152.023179, 559.705298, 152.023179, 
            561.824503, 152.023179, 563.943709, 152.023179, 
            566.062914, 152.023179, 568.182119, 152.023179, 
            570.301325, 152.023179, 572.420530, 152.023179, 
            576.658940, 152.023179, 578.778146, 152.023179, 
            580.897351, 152.023179, 583.016556, 152.023179, 
            585.135762, 152.023179, 587.254967, 154.142384, 
            587.254967, 154.142384, 589.374172, 156.261589, 
            589.374172, 156.261589, 593.612583, 158.380795, 
            595.731788, 158.380795, 597.850993, 160.500000, 
            599.970199, 160.500000, 602.089404, 166.857616, 
            604.208609, 166.857616, 606.327815, 168.976821, 
            606.327815, 171.096026, 606.327815, 173.215232, 
            606.327815, 175.334437, 606.327815, 177.453642, 
            606.327815, 179.572848, 606.327815, 181.692053, 
            606.327815, 183.811258, 606.327815, 185.930464, 
            606.327815, 188.049669, 606.327815, 190.168874, 
            604.208609, 192.288079, 602.089404, 194.407285, 
            602.089404, 194.407285, 599.970199, 196.526490, 
            599.970199, 198.645695, 599.970199, 200.764901, 
            599.970199, 200.764901, 597.850993, 202.884106, 
            597.850993, 202.884106, 595.731788, 207.122517, 
            595.731788, 209.241722, 593.612583, 211.360927, 
            593.612583, 213.480132, 591.493377, 217.718543, 
            589.374172, 219.837748, 589.374172, 221.956954, 
            589.374172, 224.076159, 589.374172, 226.195364, 
            587.254967, 228.314570, 587.254967, 230.433775, 
            587.254967, 232.552980, 587.254967, 234.672185, 
            587.254967, 243.149007, 585.135762, 245.268212, 
            585.135762, 249.506623, 583.016556, 251.625828, 
            583.016556, 255.864238, 580.897351, 262.221854, 
            580.897351, 264.341060, 580.897351, 270.698675, 
            578.778146, 272.817881, 578.778146, 272.817881, 
            576.658940, 274.937086, 576.658940, 277.056291, 
