%YAML:1.0
    mask: !!opencv-matrix
        rows: 399
        cols: 2
        dt: f
        data: [ 203.056701, 606.603093, 208.335052, 
            602.644330, 210.974227, 600.005155, 212.293814, 
            597.365979, 214.932990, 594.726804, 216.252577, 
            593.407216, 220.211340, 589.448454, 229.448454, 
            581.530928, 232.087629, 580.211340, 234.726804, 
            577.572165, 237.365979, 576.252577, 245.283505, 
            570.974227, 249.242268, 567.015464, 253.201031, 
            564.376289, 257.159794, 561.737113, 266.396907, 
            552.500000, 271.675258, 548.541237, 276.953608, 
            543.262887, 282.231959, 535.345361, 288.829897, 
            528.747423, 292.788660, 524.788660, 296.747423, 
            519.510309, 300.706186, 515.551546, 302.025773, 
            512.912371, 305.984536, 507.634021, 309.943299, 
            504.994845, 313.902062, 499.716495, 319.180412, 
            495.757732, 325.778351, 490.479381, 328.417526, 
            489.159794, 335.015464, 483.881443, 338.974227, 
            482.561856, 341.613402, 478.603093, 346.891753, 
            475.963918, 354.809278, 468.046392, 360.087629, 
            464.087629, 364.046392, 460.128866, 369.324742, 
            457.489691, 374.603093, 454.850515, 378.561856, 
            450.891753, 382.520619, 448.252577, 391.757732, 
            442.974227, 398.355670, 436.376289, 400.994845, 
            433.737113, 404.953608, 431.097938, 412.871134, 
            427.139175, 418.149485, 424.500000, 430.025773, 
            416.582474, 432.664948, 415.262887, 436.623711, 
            413.943299, 440.582474, 411.304124, 444.541237, 
            409.984536, 449.819588, 407.345361, 453.778351, 
            404.706186, 459.056701, 400.747423, 463.015464, 
            398.108247, 464.335052, 396.788660, 468.293814, 
            392.829897, 469.613402, 390.190722, 472.252577, 
            386.231959, 473.572165, 382.273196, 473.572165, 
            378.314433, 473.572165, 375.675258, 474.891753, 
            374.355670, 476.211340, 373.036082, 476.211340, 
            367.757732, 476.211340, 363.798969, 476.211340, 
            361.159794, 473.572165, 358.520619, 470.932990, 
            355.881443, 463.015464, 354.561856, 460.376289, 
            354.561856, 456.417526, 353.242268, 453.778351, 
            351.922680, 449.819588, 351.922680, 441.902062, 
            349.283505, 439.262887, 347.963918, 435.304124, 
            346.644330, 427.386598, 345.324742, 420.788660, 
            344.005155, 412.871134, 341.365979, 406.273196, 
            340.046392, 397.036082, 338.726804, 390.438144, 
            337.407216, 382.520619, 336.087629, 375.922680, 
            334.768041, 371.963918, 334.768041, 369.324742, 
            334.768041, 362.726804, 333.448454, 357.448454, 
            332.128866, 350.850515, 332.128866, 349.530928, 
            332.128866, 346.891753, 332.128866, 342.932990, 
            332.128866, 338.974227, 332.128866, 328.417526, 
            336.087629, 321.819588, 338.726804, 305.984536, 
            342.685567, 296.747423, 344.005155, 292.788660, 
            344.005155, 282.231959, 346.644330, 274.314433, 
            349.283505, 271.675258, 349.283505, 267.716495, 
            351.922680, 265.077320, 353.242268, 262.438144, 
            354.561856, 258.479381, 357.201031, 257.159794, 
            358.520619, 257.159794, 359.840206, 254.520619, 
            363.798969, 250.561856, 367.757732, 247.922680, 
            373.036082, 243.963918, 376.994845, 240.005155, 
            382.273196, 237.365979, 387.551546, 233.407216, 
            394.149485, 230.768041, 399.427835, 228.128866, 
            403.386598, 224.170103, 411.304124, 220.211340, 
            419.221649, 214.932990, 425.819588, 209.654639, 
            435.056701, 205.695876, 440.335052, 199.097938, 
            450.891753, 193.819588, 457.489691, 187.221649, 
            466.726804, 181.943299, 473.324742, 179.304124, 
            475.963918, 174.025773, 483.881443, 163.469072, 
            494.438144, 155.551546, 502.355670, 144.994845, 
            511.592784, 141.036082, 514.231959, 139.716495, 
            515.551546, 135.757732, 518.190722, 131.798969, 
            522.149485, 126.520619, 527.427835, 126.520619, 
            528.747423, -1.000000, -1.000000, 589.695876, 
            712.170103, 589.695876, 705.572165, 587.056701, 
            697.654639, 585.737113, 689.737113, 583.097938, 
            680.500000, 583.097938, 679.180412, 580.458763, 
            673.902062, 579.139175, 668.623711, 575.180412, 
            663.345361, 573.860825, 660.706186, 572.541237, 
            658.067010, 567.262887, 652.788660, 563.304124, 
            648.829897, 556.706186, 642.231959, 551.427835, 
            635.634021, 546.149485, 630.355670, 539.551546, 
            622.438144, 536.912371, 619.798969, 527.675258, 
            611.881443, 523.716495, 609.242268, 517.118557, 
            598.685567, 513.159794, 593.407216, 513.159794, 
            592.087629, 513.159794, 590.768041, 506.561856, 
            597.365979, 506.561856, 598.685567, 507.881443, 
            598.685567, 509.201031, 598.685567, 510.520619, 
            598.685567, 514.479381, 592.087629, 517.118557, 
            580.211340, 518.438144, 574.932990, 518.438144, 
            573.613402, 518.438144, 570.974227, 518.438144, 
            568.335052, 517.118557, 567.015464, 515.798969, 
            565.695876, 514.479381, 564.376289, 513.159794, 
            564.376289, 511.840206, 564.376289, 510.520619, 
            563.056701, 507.881443, 557.778351, 502.603093, 
            551.180412, 493.365979, 540.623711, 490.726804, 
            537.984536, 488.087629, 536.664948, 486.768041, 
            535.345361, 481.489691, 532.706186, 476.211340, 
            530.067010, 472.252577, 527.427835, 468.293814, 
            524.788660, 453.778351, 512.912371, 451.139175, 
            510.273196, 439.262887, 504.994845, 436.623711, 
            502.355670, 432.664948, 499.716495, 430.025773, 
            497.077320, 427.386598, 494.438144, 424.747423, 
            491.798969, 420.788660, 486.520619, 418.149485, 
            483.881443, 416.829897, 481.242268, 415.510309, 
            474.644330, 414.190722, 470.685567, 414.190722, 
            469.365979, 418.149485, 469.365979, 423.427835, 
            468.046392, 426.067010, 468.046392, 440.582474, 
            470.685567, 445.860825, 472.005155, 453.778351, 
            475.963918, 464.335052, 478.603093, 470.932990, 
            479.922680, 484.128866, 482.561856, 501.283505, 
            482.561856, 506.561856, 479.922680, 517.118557, 
            477.283505, 523.716495, 475.963918, 527.675258, 
            474.644330, 531.634021, 473.324742, 536.912371, 
            468.046392, 539.551546, 465.407216, 542.190722, 
            464.087629, 548.788660, 460.128866, 548.788660, 
            458.809278, 552.747423, 457.489691, 558.025773, 
            453.530928, 563.304124, 449.572165, 577.819588, 
            439.015464, 588.376289, 429.778351, 606.850515, 
            413.943299, 609.489691, 408.664948, 609.489691, 
            407.345361, 612.128866, 403.386598, 613.448454, 
            398.108247, 613.448454, 396.788660, 609.489691, 
            392.829897, 608.170103, 391.510309, 605.530928, 
            390.190722, 602.891753, 387.551546, 600.252577, 
            383.592784, 597.613402, 378.314433, 593.654639, 
            375.675258, 593.654639, 373.036082, 593.654639, 
            367.757732, 594.974227, 358.520619, 597.613402, 
            354.561856, 600.252577, 350.603093, 608.170103, 
            342.685567, 618.726804, 334.768041, 629.283505, 
            325.530928, 635.881443, 322.891753, 643.798969, 
            320.252577, 649.077320, 320.252577, 651.716495, 
            320.252577, 653.036082, 325.530928, 654.355670, 
            333.448454, 656.994845, 338.726804, 658.314433, 
