%YAML:1.0
    mask: !!opencv-matrix
        rows: 276
        cols: 2
        dt: f
        data: [ 539.551546, 712.170103, 539.551546, 
            702.932990, 535.592784, 695.015464, 530.314433, 
            688.417526, 527.675258, 685.778351, 523.716495, 
            683.139175, 522.396907, 683.139175, 518.438144, 
            683.139175, 514.479381, 687.097938, 510.520619, 
            691.056701, 503.922680, 695.015464, 499.963918, 
            697.654639, 484.128866, 704.252577, 478.850515, 
            708.211340, 477.530928, 708.211340, 476.211340, 
            709.530928, 472.252577, 710.850515, 470.932990, 
            710.850515, 468.293814, 710.850515, 466.974227, 
            710.850515, 465.654639, 708.211340, 465.654639, 
            704.252577, 465.654639, 702.932990, 465.654639, 
            685.778351, 468.293814, 679.180412, 473.572165, 
            665.984536, 477.530928, 654.108247, 481.489691, 
            644.871134, 484.128866, 636.953608, 485.448454, 
            634.314433, 485.448454, 629.036082, 485.448454, 
            625.077320, 485.448454, 623.757732, 485.448454, 
            618.479381, 485.448454, 617.159794, 482.809278, 
            613.201031, 480.170103, 613.201031, 474.891753, 
            613.201031, 463.015464, 614.520619, 457.737113, 
            617.159794, 444.541237, 626.396907, 440.582474, 
            629.036082, 430.025773, 635.634021, 418.149485, 
            640.912371, 411.551546, 646.190722, 406.273196, 
            651.469072, 399.675258, 658.067010, 393.077320, 
            662.025773, 387.798969, 664.664948, 381.201031, 
            668.623711, 371.963918, 676.541237, 365.365979, 
            681.819588, 364.046392, 684.458763, 362.726804, 
            688.417526, 360.087629, 692.376289, 357.448454, 
            696.335052, 357.448454, 697.654639, 357.448454, 
            700.293814, 357.448454, 701.613402, 357.448454, 
            702.932990, 357.448454, 704.252577, 356.128866, 
            705.572165, 356.128866, 708.211340, 356.128866, 
            709.530928, 356.128866, 710.850515, -1.000000, 
            -1.000000, 667.551546, 712.170103, 667.551546, 
            704.252577, 668.871134, 685.778351, 670.190722, 
            677.860825, 674.149485, 663.345361, 675.469072, 
            663.345361, 675.469072, 660.706186, 678.108247, 
            658.067010, 678.108247, 655.427835, 679.427835, 
            655.427835, 682.067010, 652.788660, 683.386598, 
            648.829897, 686.025773, 646.190722, 687.345361, 
            646.190722, 688.664948, 647.510309, 695.262887, 
            650.149485, 697.902062, 651.469072, 707.139175, 
            652.788660, 712.417526, 654.108247, 719.015464, 
            656.747423, 730.891753, 663.345361, 740.128866, 
            671.262887, 748.046392, 677.860825, 754.644330, 
            683.139175, 759.922680, 689.737113, 767.840206, 
            695.015464, 773.118557, 698.974227, 774.438144, 
            700.293814, 774.438144, 701.613402, 775.757732, 
            702.932990, 777.077320, 705.572165, 778.396907, 
            709.530928, 778.396907, 712.170103, 778.396907, 
            713.489691, 771.798969, 714.809278, 766.520619, 
            716.128866, 757.283505, 716.128866, 750.685567, 
            716.128866, 741.448454, 716.128866, 728.252577, 
            716.128866, 724.293814, 717.448454, 719.015464, 
            717.448454, 713.737113, 717.448454, 708.458763, 
            717.448454, 705.819588, 717.448454, 703.180412, 
            717.448454, 701.860825, 717.448454, 696.582474, 
            718.768041, 689.984536, 718.768041, -1.000000, 
            -1.000000, 753.324742, 239.757732, 753.324742, 
            247.675258, 753.324742, 255.592784, 753.324742, 
            256.912371, 752.005155, 259.551546, 749.365979, 
            259.551546, 744.087629, 260.871134, 738.809278, 
            262.190722, 732.211340, 263.510309, 730.891753, 
            263.510309, 726.932990, 264.829897, 721.654639, 
            266.149485, 720.335052, 266.149485, 717.695876, 
            267.469072, 709.778351, 270.108247, 708.458763, 
            272.747423, 708.458763, 274.067010, 708.458763, 
            275.386598, 708.458763, 278.025773, 708.458763, 
            281.984536, 709.778351, 283.304124, 713.737113, 
            285.943299, 720.335052, 287.262887, 728.252577, 
            289.902062, 733.530928, 291.221649, 737.489691, 
            292.541237, 740.128866, 295.180412, 742.768041, 
            296.500000, 754.644330, 301.778351, 758.603093, 
            304.417526, 770.479381, 309.695876, 778.396907, 
            317.613402, 783.675258, 322.891753, 795.551546, 
            332.128866, 800.829897, 334.768041, 804.788660, 
            338.726804, 807.427835, 338.726804, 810.067010, 
            340.046392, 811.386598, 340.046392, 812.706186, 
            340.046392, 814.025773, 340.046392, 815.345361, 
            336.087629, 821.943299, 326.850515, 824.582474, 
            322.891753, 827.221649, 318.932990, 829.860825, 
            314.974227, 829.860825, 313.654639, 831.180412, 
            307.056701, 833.819588, 297.819588, 835.139175, 
            293.860825, 841.737113, 278.025773, 841.737113, 
            274.067010, 844.376289, 266.149485, 841.737113, 
            245.036082, 840.417526, 243.716495, 836.458763, 
            239.757732, 832.500000, 235.798969, 828.541237, 
            231.840206, 823.262887, 230.520619, 815.345361, 
            227.881443, 814.025773, 227.881443, 811.386598, 
            227.881443, 807.427835, 227.881443, 798.190722, 
            230.520619, 786.314433, 234.479381, -1.000000, 
            -1.000000, 563.304124, 251.634021, 563.304124, 
            258.231959, 563.304124, 266.149485, 563.304124, 
            275.386598, 563.304124, 279.345361, 563.304124, 
            283.304124, 563.304124, 287.262887, 563.304124, 
            288.582474, 563.304124, 289.902062, 563.304124, 
            291.221649, 564.623711, 292.541237, 565.943299, 
            295.180412, 565.943299, 296.500000, 569.902062, 
            299.139175, 576.500000, 301.778351, 580.458763, 
            304.417526, 587.056701, 308.376289, 591.015464, 
            309.695876, 597.613402, 312.335052, 606.850515, 
            317.613402, 609.489691, 317.613402, 610.809278, 
            318.932990, 614.768041, 320.252577, 616.087629, 
            320.252577, 617.407216, 320.252577, 625.324742, 
            320.252577, 629.283505, 320.252577, 634.561856, 
            320.252577, 638.520619, 318.932990, 641.159794, 
            318.932990, 646.438144, 317.613402, 650.396907, 
            313.654639, 654.355670, 312.335052, 659.634021, 
            309.695876, 667.551546, 305.737113, 670.190722, 
            303.097938, 674.149485, 300.458763, 676.788660, 
            299.139175, 678.108247, 297.819588, 680.747423, 
            297.819588, 680.747423, 296.500000, 680.747423, 
            295.180412, 680.747423, 291.221649, 680.747423, 
            287.262887, 675.469072, 284.623711, 666.231959, 
            279.345361, 664.912371, 278.025773, 659.634021, 
            278.025773, 655.675258, 275.386598, 645.118557, 
            267.469072, 641.159794, 266.149485, 639.840206, 
            266.149485, 635.881443, 263.510309, 634.561856, 
            262.190722, 631.922680, 262.190722, 626.644330, 
            260.871134, 625.324742, 260.871134, 624.005155, 
            259.551546, 622.685567, 259.551546, 622.685567, 
            258.231959, 622.685567, 256.912371, 622.685567, 
            255.592784, 621.365979, 255.592784, 620.046392, 
            255.592784, 617.407216, 255.592784, 610.809278, 
            254.273196, 605.530928, 252.953608, 604.211340, 
            252.953608, 602.891753, 252.953608, 601.572165, 
            250.314433, 601.572165, 248.994845, 605.530928, 
            247.675258, 609.489691, 246.355670, 616.087629, 
            246.355670, 618.726804, 246.355670, 622.685567, 
            246.355670, 626.644330, 246.355670, 630.603093, 
