%YAML:1.0
    mask: !!opencv-matrix
        rows: 559
        cols: 2
        dt: f
        data: [ 92.211340, 564.376289, 98.809278, 
            564.376289, 101.448454, 564.376289, 117.283505, 
            568.335052, 122.561856, 569.654639, 133.118557, 
            573.613402, 151.592784, 585.489691, 156.871134, 
            588.128866, 160.829897, 590.768041, 163.469072, 
            592.087629, 164.788660, 593.407216, 171.386598, 
            598.685567, 174.025773, 598.685567, 176.664948, 
            600.005155, 183.262887, 603.963918, 189.860825, 
            609.242268, 195.139175, 610.561856, 199.097938, 
            613.201031, 200.417526, 613.201031, 204.376289, 
            614.520619, 213.613402, 618.479381, 221.530928, 
            619.798969, 222.850515, 621.118557, 225.489691, 
            622.438144, 226.809278, 622.438144, 229.448454, 
            622.438144, 229.448454, 623.757732, 230.768041, 
            623.757732, 233.407216, 623.757732, 236.046392, 
            623.757732, 245.283505, 623.757732, 247.922680, 
            623.757732, 255.840206, 622.438144, 262.438144, 
            617.159794, 267.716495, 614.520619, 274.314433, 
            611.881443, 282.231959, 609.242268, 288.829897, 
            605.283505, 295.427835, 602.644330, 296.747423, 
            601.324742, 302.025773, 598.685567, 304.664948, 
            594.726804, 307.304124, 593.407216, 308.623711, 
            592.087629, 309.943299, 589.448454, 313.902062, 
            584.170103, 315.221649, 581.530928, 321.819588, 
            578.891753, 325.778351, 576.252577, 329.737113, 
            572.293814, 332.376289, 570.974227, 333.695876, 
            569.654639, 333.695876, 568.335052, 333.695876, 
            567.015464, 333.695876, 568.335052, 335.015464, 
            568.335052, 335.015464, 569.654639, 335.015464, 
            570.974227, 335.015464, 569.654639, 335.015464, 
            568.335052, 336.335052, 568.335052, 340.293814, 
            565.695876, 341.613402, 564.376289, 346.891753, 
            561.737113, 350.850515, 559.097938, 353.489691, 
            557.778351, 357.448454, 557.778351, 358.768041, 
            556.458763, 364.046392, 555.139175, 366.685567, 
            553.819588, 369.324742, 552.500000, 377.242268, 
            549.860825, 378.561856, 548.541237, 383.840206, 
            547.221649, 390.438144, 545.902062, 395.716495, 
            544.582474, 402.314433, 541.943299, 408.912371, 
            539.304124, 414.190722, 539.304124, 416.829897, 
            539.304124, 418.149485, 539.304124, 422.108247, 
            539.304124, 423.427835, 539.304124, 424.747423, 
            539.304124, 426.067010, 537.984536, 428.706186, 
            535.345361, 430.025773, 535.345361, 430.025773, 
            534.025773, 431.345361, 534.025773, 431.345361, 
            532.706186, 431.345361, 531.386598, 431.345361, 
            530.067010, 431.345361, 527.427835, 431.345361, 
            526.108247, 431.345361, 524.788660, 431.345361, 
            523.469072, 431.345361, 522.149485, 430.025773, 
            522.149485, 428.706186, 520.829897, 428.706186, 
            519.510309, 426.067010, 518.190722, 420.788660, 
            516.871134, 414.190722, 514.231959, 410.231959, 
            514.231959, 406.273196, 514.231959, 399.675258, 
            514.231959, 391.757732, 514.231959, 383.840206, 
            514.231959, 374.603093, 514.231959, 361.407216, 
            514.231959, 354.809278, 514.231959, 350.850515, 
            514.231959, 348.211340, 514.231959, 346.891753, 
            514.231959, 344.252577, 514.231959, 338.974227, 
            514.231959, 336.335052, 514.231959, 336.335052, 
            512.912371, 331.056701, 508.953608, 331.056701, 
            506.314433, 328.417526, 497.077320, 328.417526, 
            486.520619, 328.417526, 479.922680, 328.417526, 
            473.324742, 328.417526, 472.005155, 328.417526, 
            469.365979, 331.056701, 464.087629, 332.376289, 
            464.087629, 336.335052, 464.087629, 344.252577, 
            462.768041, 346.891753, 462.768041, 348.211340, 
            462.768041, 350.850515, 462.768041, 353.489691, 
            462.768041, 354.809278, 462.768041, 356.128866, 
            462.768041, 360.087629, 464.087629, 364.046392, 
            466.726804, 365.365979, 468.046392, 369.324742, 
            469.365979, 371.963918, 472.005155, 373.283505, 
            472.005155, 373.283505, 473.324742, 375.922680, 
            473.324742, 381.201031, 475.963918, 383.840206, 
            477.283505, 387.798969, 478.603093, 394.396907, 
            478.603093, 397.036082, 478.603093, 398.355670, 
            478.603093, 400.994845, 478.603093, 402.314433, 
            478.603093, 406.273196, 478.603093, 407.592784, 
            477.283505, 415.510309, 469.365979, 418.149485, 
            468.046392, 426.067010, 466.726804, 428.706186, 
            465.407216, 432.664948, 465.407216, 432.664948, 
            464.087629, 435.304124, 464.087629, 435.304124, 
            462.768041, 436.623711, 458.809278, 436.623711, 
            454.850515, 436.623711, 453.530928, 436.623711, 
            452.211340, 436.623711, 450.891753, 432.664948, 
            448.252577, 426.067010, 442.974227, 423.427835, 
            440.335052, 416.829897, 433.737113, 407.592784, 
            424.500000, 404.953608, 420.541237, 399.675258, 
            415.262887, 397.036082, 411.304124, 389.118557, 
            402.067010, 387.798969, 399.427835, 386.479381, 
            398.108247, 386.479381, 396.788660, 383.840206, 
            396.788660, 383.840206, 395.469072, 382.520619, 
            392.829897, 379.881443, 391.510309, 377.242268, 
            390.190722, 375.922680, 390.190722, 371.963918, 
            388.871134, 370.644330, 388.871134, 362.726804, 
            388.871134, 356.128866, 388.871134, 354.809278, 
            390.190722, 352.170103, 390.190722, 342.932990, 
            392.829897, 336.335052, 392.829897, 329.737113, 
            395.469072, 323.139175, 395.469072, 321.819588, 
            395.469072, 320.500000, 395.469072, 317.860825, 
            396.788660, 309.943299, 396.788660, 305.984536, 
            398.108247, 295.427835, 399.427835, 294.108247, 
            399.427835, 291.469072, 400.747423, 291.469072, 
            402.067010, 288.829897, 402.067010, 284.871134, 
            402.067010, 272.994845, 398.108247, 266.396907, 
            395.469072, 262.438144, 394.149485, 261.118557, 
            394.149485, 259.798969, 394.149485, 258.479381, 
            394.149485, 255.840206, 394.149485, 254.520619, 
            394.149485, 249.242268, 395.469072, 245.283505, 
            398.108247, 238.685567, 402.067010, 230.768041, 
            407.345361, 218.891753, 416.582474, 213.613402, 
            421.860825, 212.293814, 423.180412, 208.335052, 
            428.458763, 205.695876, 431.097938, 201.737113, 
            435.056701, 199.097938, 440.335052, 192.500000, 
            446.932990, 189.860825, 449.572165, 185.902062, 
            456.170103, 183.262887, 458.809278, 180.623711, 
            464.087629, 176.664948, 469.365979, 171.386598, 
            475.963918, 168.747423, 479.922680, 167.427835, 
            482.561856, 160.829897, 490.479381, 158.190722, 
            494.438144, 147.634021, 506.314433, 143.675258, 
            510.273196, 141.036082, 514.231959, 135.757732, 
            519.510309, 134.438144, 520.829897, 133.118557, 
            523.469072, 129.159794, 528.747423, 119.922680, 
            536.664948, -1.000000, -1.000000, 435.304124, 
            710.850515, 435.304124, 705.572165, 435.304124, 
            698.974227, 435.304124, 692.376289, 435.304124, 
            689.737113, 436.623711, 687.097938, 436.623711, 
            685.778351, 436.623711, 684.458763, 437.943299, 
            684.458763, 440.582474, 680.500000, 441.902062, 
            679.180412, 443.221649, 677.860825, 444.541237, 
