%YAML:1.0
    mask: !!opencv-matrix
        rows: 762
        cols: 2
        dt: f
        data: [ 183.811258, 521.559603, 183.811258, 
            523.678808, 183.811258, 527.917219, 181.692053, 
            527.917219, 181.692053, 530.036424, 179.572848, 
            532.155629, 177.453642, 534.274834, 175.334437, 
            538.513245, 175.334437, 540.632450, 173.215232, 
            540.632450, 171.096026, 542.751656, 171.096026, 
            544.870861, 168.976821, 546.990066, 166.857616, 
            549.109272, 164.738411, 549.109272, 162.619205, 
            551.228477, 162.619205, 553.347682, 160.500000, 
            555.466887, 158.380795, 555.466887, 156.261589, 
            559.705298, 154.142384, 559.705298, 154.142384, 
            561.824503, 152.023179, 561.824503, 149.903974, 
            566.062914, 149.903974, 570.301325, 147.784768, 
            572.420530, 145.665563, 574.539735, 141.427152, 
            580.897351, 139.307947, 583.016556, 137.188742, 
            585.135762, 137.188742, 587.254967, 135.069536, 
            591.493377, 132.950331, 595.731788, 132.950331, 
            597.850993, 128.711921, 604.208609, 126.592715, 
            608.447020, 126.592715, 610.566225, 126.592715, 
            614.804636, 124.473510, 619.043046, 124.473510, 
            621.162252, 122.354305, 623.281457, 122.354305, 
            625.400662, 122.354305, 627.519868, 122.354305, 
            631.758278, 122.354305, 633.877483, 120.235099, 
            635.996689, 120.235099, 638.115894, 118.115894, 
            642.354305, 118.115894, 646.592715, 115.996689, 
            646.592715, 115.996689, 648.711921, 113.877483, 
            650.831126, 111.758278, 655.069536, 111.758278, 
            657.188742, 111.758278, 659.307947, 111.758278, 
            661.427152, 111.758278, 663.546358, 111.758278, 
            667.784768, 109.639073, 672.023179, 107.519868, 
            674.142384, 107.519868, 676.261589, 105.400662, 
            678.380795, 103.281457, 682.619205, 101.162252, 
            682.619205, 101.162252, 684.738411, 99.043046, 
            688.976821, 96.923841, 691.096026, 94.804636, 
            691.096026, 94.804636, 693.215232, 92.685430, 
            695.334437, 92.685430, 697.453642, 90.566225, 
            699.572848, 90.566225, 701.692053, 88.447020, 
            701.692053, 86.327815, 703.811258, 86.327815, 
            705.930464, 84.208609, 710.168874, 84.208609, 
            712.288079, 82.089404, 714.407285, 84.208609, 
            714.407285, 88.447020, 714.407285, 90.566225, 
            714.407285, 92.685430, 714.407285, 96.923841, 
            714.407285, 101.162252, 714.407285, 107.519868, 
            714.407285, 113.877483, 714.407285, 118.115894, 
            714.407285, 122.354305, 714.407285, 128.711921, 
            712.288079, 130.831126, 712.288079, 132.950331, 
            712.288079, 135.069536, 710.168874, 137.188742, 
            710.168874, 139.307947, 710.168874, 143.546358, 
            710.168874, 145.665563, 710.168874, 149.903974, 
            710.168874, 154.142384, 710.168874, 160.500000, 
            710.168874, 162.619205, 710.168874, 168.976821, 
            710.168874, 173.215232, 710.168874, 179.572848, 
            710.168874, 185.930464, 710.168874, 190.168874, 
            710.168874, 194.407285, 710.168874, 200.764901, 
            710.168874, 205.003311, 710.168874, 211.360927, 
            710.168874, 213.480132, 710.168874, 215.599338, 
            710.168874, 219.837748, 712.288079, 224.076159, 
            712.288079, 228.314570, 714.407285, 230.433775, 
            716.526490, 232.552980, 716.526490, 234.672185, 
            716.526490, 238.910596, 716.526490, 243.149007, 
            716.526490, 253.745033, 716.526490, 257.983444, 
            716.526490, 260.102649, 716.526490, 262.221854, 
            716.526490, 264.341060, 716.526490, 266.460265, 
            716.526490, 268.579470, 716.526490, 272.817881, 
            716.526490, 277.056291, 716.526490, 279.175497, 
            716.526490, 287.652318, 712.288079, 289.771523, 
            712.288079, 291.890728, 712.288079, 291.890728, 
            710.168874, 294.009934, 710.168874, 294.009934, 
            708.049669, 296.129139, 708.049669, 300.367550, 
            705.930464, 300.367550, 703.811258, 302.486755, 
            703.811258, 304.605960, 703.811258, 306.725166, 
            703.811258, 306.725166, 701.692053, 308.844371, 
            701.692053, 313.082781, 701.692053, 315.201987, 
            699.572848, 317.321192, 699.572848, 319.440397, 
            699.572848, 321.559603, 699.572848, 323.678808, 
            699.572848, 330.036424, 697.453642, 332.155629, 
            697.453642, 334.274834, 697.453642, 336.394040, 
            697.453642, 338.513245, 697.453642, 340.632450, 
            695.334437, 342.751656, 695.334437, 342.751656, 
            693.215232, 344.870861, 693.215232, 346.990066, 
            693.215232, 349.109272, 693.215232, 351.228477, 
            691.096026, 353.347682, 691.096026, 355.466887, 
            688.976821, 357.586093, 688.976821, 359.705298, 
            686.857616, 361.824503, 686.857616, 363.943709, 
            684.738411, 366.062914, 682.619205, 368.182119, 
            682.619205, 370.301325, 680.500000, 372.420530, 
            678.380795, 374.539735, 676.261589, 376.658940, 
            674.142384, 378.778146, 672.023179, 380.897351, 
            669.903974, 380.897351, 667.784768, 380.897351, 
            665.665563, 383.016556, 663.546358, 385.135762, 
            661.427152, 385.135762, 657.188742, 385.135762, 
            655.069536, 387.254967, 652.950331, 389.374172, 
            650.831126, 389.374172, 648.711921, 389.374172, 
            646.592715, 391.493377, 644.473510, 391.493377, 
            642.354305, 391.493377, 640.235099, 391.493377, 
            638.115894, 393.612583, 638.115894, 393.612583, 
            635.996689, 393.612583, 633.877483, 393.612583, 
            631.758278, 393.612583, 629.639073, 393.612583, 
            627.519868, 395.731788, 625.400662, 395.731788, 
            623.281457, 397.850993, 621.162252, 397.850993, 
            619.043046, 397.850993, 616.923841, 397.850993, 
            614.804636, 399.970199, 614.804636, 399.970199, 
            612.685430, 399.970199, 608.447020, 402.089404, 
            608.447020, 402.089404, 606.327815, 402.089404, 
            604.208609, 404.208609, 602.089404, 404.208609, 
            599.970199, 406.327815, 597.850993, 406.327815, 
            595.731788, 406.327815, 593.612583, 406.327815, 
            591.493377, 406.327815, 589.374172, 406.327815, 
            587.254967, 406.327815, 585.135762, 406.327815, 
            583.016556, 406.327815, 580.897351, 406.327815, 
            578.778146, 406.327815, 576.658940, 406.327815, 
            574.539735, 406.327815, 572.420530, 406.327815, 
            570.301325, 406.327815, 568.182119, 406.327815, 
            566.062914, 406.327815, 563.943709, 404.208609, 
            563.943709, 399.970199, 563.943709, 393.612583, 
            561.824503, 387.254967, 561.824503, 376.658940, 
            559.705298, 370.301325, 557.586093, 366.062914, 
            557.586093, 363.943709, 557.586093, 361.824503, 
            557.586093, 359.705298, 557.586093, 357.586093, 
            557.586093, 355.466887, 557.586093, 353.347682, 
            557.586093, 349.109272, 557.586093, 346.990066, 
            559.705298, 344.870861, 559.705298, 340.632450, 
            561.824503, 336.394040, 561.824503, 334.274834, 
            563.943709, 330.036424, 566.062914, 327.917219, 
            566.062914, 323.678808, 568.182119, 321.559603, 
            570.301325, 317.321192, 570.301325, 315.201987, 
            572.420530, 308.844371, 574.539735, 306.725166, 
            574.539735, 304.605960, 574.539735, 300.367550, 
            574.539735, 298.248344, 576.658940, 296.129139, 
            578.778146, 294.009934, 578.778146, 291.890728, 
