%YAML:1.0
    mask: !!opencv-matrix
        rows: 191
        cols: 2
        dt: f
        data: [ -1.000000, -1.000000, -1.000000, 
            -1.000000, 678.108247, 677.860825, 679.427835, 
            665.984536, 689.984536, 651.469072, 696.582474, 
            639.592784, 700.541237, 635.634021, 703.180412, 
            631.675258, 703.180412, 630.355670, 705.819588, 
            625.077320, 705.819588, 622.438144, 707.139175, 
            621.118557, 707.139175, 618.479381, 707.139175, 
            615.840206, 707.139175, 614.520619, 707.139175, 
            613.201031, 704.500000, 611.881443, 703.180412, 
            611.881443, 703.180412, 610.561856, 701.860825, 
            609.242268, 700.541237, 609.242268, 700.541237, 
            607.922680, 699.221649, 606.603093, 697.902062, 
            606.603093, 693.943299, 605.283505, 687.345361, 
            605.283505, 682.067010, 605.283505, 676.788660, 
            605.283505, 672.829897, 606.603093, 672.829897, 
            605.283505, 672.829897, 603.963918, 672.829897, 
            601.324742, 674.149485, 596.046392, 678.108247, 
            592.087629, 682.067010, 589.448454, 687.345361, 
            588.128866, 696.582474, 584.170103, 701.860825, 
            581.530928, 704.500000, 581.530928, 712.417526, 
            581.530928, 716.376289, 581.530928, 726.932990, 
            578.891753, 736.170103, 576.252577, 738.809278, 
            573.613402, 741.448454, 573.613402, 746.726804, 
            572.293814, 750.685567, 572.293814, 757.283505, 
            570.974227, 762.561856, 570.974227, 767.840206, 
            568.335052, 774.438144, 568.335052, 781.036082, 
            567.015464, 786.314433, 565.695876, 792.912371, 
            565.695876, 799.510309, 565.695876, 807.427835, 
            573.613402, 810.067010, 576.252577, 812.706186, 
            580.211340, 817.984536, 584.170103, 817.984536, 
            586.809278, 820.623711, 590.768041, 821.943299, 
            596.046392, 823.262887, 602.644330, 823.262887, 
            607.922680, 823.262887, 614.520619, 823.262887, 
            621.118557, 823.262887, 625.077320, 823.262887, 
            631.675258, 823.262887, 640.912371, 823.262887, 
            648.829897, 821.943299, 655.427835, 819.304124, 
            662.025773, 817.984536, 668.623711, 815.345361, 
            672.582474, 812.706186, 677.860825, 810.067010, 
            684.458763, 810.067010, 687.097938, 803.469072, 
            696.335052, 800.829897, 698.974227, 799.510309, 
            700.293814, 794.231959, 702.932990, 792.912371, 
            704.252577, 791.592784, 705.572165, 781.036082, 
            709.530928, 771.798969, 713.489691, 767.840206, 
            713.489691, 762.561856, 716.128866, 750.685567, 
            717.448454, 746.726804, 718.768041, 741.448454, 
            718.768041, 734.850515, 718.768041, 730.891753, 
            718.768041, 720.335052, 718.768041, 719.015464, 
            718.768041, 715.056701, 718.768041, 713.737113, 
            717.448454, 709.778351, 714.809278, 703.180412, 
            712.170103, 695.262887, 708.211340, 689.984536, 
            705.572165, 684.706186, 701.613402, 678.108247, 
            691.056701, 674.149485, 687.097938, 671.510309, 
            681.819588, 670.190722, 677.860825, 670.190722, 
            672.582474, -1.000000, -1.000000, 493.365979, 
            592.087629, 493.365979, 598.685567, 493.365979, 
            610.561856, 493.365979, 618.479381, 493.365979, 
            625.077320, 493.365979, 632.994845, 496.005155, 
            642.231959, 497.324742, 647.510309, 502.603093, 
            654.108247, 506.561856, 660.706186, 509.201031, 
            663.345361, 517.118557, 669.943299, 526.355670, 
            676.541237, 538.231959, 688.417526, 542.190722, 
            692.376289, 543.510309, 693.695876, 548.788660, 
            697.654639, 554.067010, 701.613402, 556.706186, 
            705.572165, 558.025773, 706.891753, 561.984536, 
            708.211340, 567.262887, 712.170103, 577.819588, 
            716.128866, 583.097938, 716.128866, 587.056701, 
            716.128866, 592.335052, 716.128866, 594.974227, 
            716.128866, 598.932990, 716.128866, 602.891753, 
            716.128866, 605.530928, 716.128866, 613.448454, 
            716.128866, 617.407216, 713.489691, 618.726804, 
            713.489691, 621.365979, 712.170103, 625.324742, 
            708.211340, 629.283505, 705.572165, 630.603093, 
            702.932990, 631.922680, 701.613402, 634.561856, 
            695.015464, 635.881443, 689.737113, 638.520619, 
            685.778351, 641.159794, 680.500000, 642.479381, 
            677.860825, 643.798969, 673.902062, 646.438144, 
            669.943299, 649.077320, 664.664948, 651.716495, 
            663.345361, 653.036082, 662.025773, 653.036082, 
            660.706186, 654.355670, 658.067010, 656.994845, 
            652.788660, 660.953608, 646.190722, 660.953608, 
            642.231959, 660.953608, 640.912371, 660.953608, 
            638.273196, 656.994845, 631.675258, 643.798969, 
            621.118557, 639.840206, 618.479381, 634.561856, 
            614.520619, 627.963918, 606.603093, 624.005155, 
            603.963918, 621.365979, 601.324742, 610.809278, 
            594.726804, 608.170103, 592.087629, 605.530928, 
            589.448454, 601.572165, 588.128866, 592.335052, 
            582.850515, 588.376289, 581.530928, 581.778351, 
            577.572165, 579.139175, 574.932990, 569.902062, 
            573.613402, 567.262887, 573.613402, 556.706186, 
            573.613402, 552.747423, 573.613402, 539.551546, 
            573.613402, 536.912371, 573.613402, 526.355670, 
            573.613402, 519.757732, 573.613402, 511.840206, 
            573.613402, 509.201031, 573.613402, 506.561856, 
            574.932990, 501.283505, 577.572165, 499.963918, 
            580.211340, 498.644330, 581.530928]
