%YAML:1.0
    mask: !!opencv-matrix
        rows: 799
        cols: 2
        dt: f
        data: [ 431.345361, 717.448454, 436.623711, 
            713.489691, 439.262887, 709.530928, 443.221649, 
            705.572165, 447.180412, 701.613402, 448.500000, 
            700.293814, 451.139175, 697.654639, 452.458763, 
            697.654639, 452.458763, 695.015464, 455.097938, 
            692.376289, 456.417526, 689.737113, 457.737113, 
            685.778351, 459.056701, 684.458763, 460.376289, 
            680.500000, 464.335052, 673.902062, 466.974227, 
            669.943299, 470.932990, 663.345361, 473.572165, 
            662.025773, 477.530928, 656.747423, 478.850515, 
            654.108247, 482.809278, 647.510309, 484.128866, 
            646.190722, 484.128866, 643.551546, 488.087629, 
            638.273196, 490.726804, 630.355670, 492.046392, 
            623.757732, 493.365979, 619.798969, 494.685567, 
            615.840206, 496.005155, 613.201031, 497.324742, 
            609.242268, 499.963918, 603.963918, 503.922680, 
            600.005155, 505.242268, 598.685567, 505.242268, 
            597.365979, 506.561856, 597.365979, 509.201031, 
            592.087629, 511.840206, 589.448454, 515.798969, 
            581.530928, 515.798969, 578.891753, 518.438144, 
            574.932990, 518.438144, 572.293814, 519.757732, 
            568.335052, 521.077320, 567.015464, 521.077320, 
            564.376289, 521.077320, 563.056701, 519.757732, 
            563.056701, 513.159794, 564.376289, 507.881443, 
            568.335052, 502.603093, 569.654639, 499.963918, 
            570.974227, 493.365979, 574.932990, 485.448454, 
            580.211340, 480.170103, 584.170103, 476.211340, 
            586.809278, 472.252577, 589.448454, 470.932990, 
            590.768041, 466.974227, 593.407216, 464.335052, 
            593.407216, 463.015464, 594.726804, 460.376289, 
            596.046392, 459.056701, 596.046392, 457.737113, 
            597.365979, 456.417526, 597.365979, 453.778351, 
            597.365979, 451.139175, 594.726804, 449.819588, 
            594.726804, 449.819588, 593.407216, 447.180412, 
            592.087629, 445.860825, 590.768041, 444.541237, 
            586.809278, 443.221649, 584.170103, 441.902062, 
            581.530928, 440.582474, 578.891753, 440.582474, 
            574.932990, 440.582474, 572.293814, 440.582474, 
            570.974227, 440.582474, 569.654639, 440.582474, 
            564.376289, 441.902062, 563.056701, 441.902062, 
            561.737113, 443.221649, 560.417526, 443.221649, 
            557.778351, 444.541237, 556.458763, 444.541237, 
            555.139175, 445.860825, 553.819588, 445.860825, 
            552.500000, 445.860825, 551.180412, 445.860825, 
            549.860825, 445.860825, 547.221649, 452.458763, 
            540.623711, 455.097938, 537.984536, 456.417526, 
            536.664948, 460.376289, 531.386598, 461.695876, 
            528.747423, 463.015464, 524.788660, 464.335052, 
            520.829897, 464.335052, 516.871134, 465.654639, 
            514.231959, 465.654639, 511.592784, 466.974227, 
            507.634021, 468.293814, 504.994845, 468.293814, 
            502.355670, 469.613402, 498.396907, 469.613402, 
            497.077320, 469.613402, 494.438144, 470.932990, 
            491.798969, 470.932990, 490.479381, 470.932990, 
            487.840206, 470.932990, 485.201031, 470.932990, 
            482.561856, 470.932990, 479.922680, 470.932990, 
            478.603093, 470.932990, 477.283505, 470.932990, 
            475.963918, 469.613402, 475.963918, 468.293814, 
            475.963918, 466.974227, 475.963918, 463.015464, 
            477.283505, 461.695876, 478.603093, 457.737113, 
            481.242268, 455.097938, 485.201031, 452.458763, 
            487.840206, 448.500000, 490.479381, 440.582474, 
            494.438144, 436.623711, 497.077320, 435.304124, 
            497.077320, 433.984536, 498.396907, 432.664948, 
            498.396907, 432.664948, 497.077320, 432.664948, 
            494.438144, 431.345361, 493.118557, 431.345361, 
            491.798969, 431.345361, 490.479381, 431.345361, 
            489.159794, 430.025773, 489.159794, 430.025773, 
            487.840206, 428.706186, 487.840206, 427.386598, 
            487.840206, 426.067010, 487.840206, 424.747423, 
            487.840206, 423.427835, 489.159794, 422.108247, 
            489.159794, 419.469072, 490.479381, 418.149485, 
            490.479381, 416.829897, 491.798969, 414.190722, 
            493.118557, 412.871134, 493.118557, 412.871134, 
            494.438144, 411.551546, 495.757732, 407.592784, 
            498.396907, 400.994845, 501.036082, 395.716495, 
            504.994845, 387.798969, 508.953608, 382.520619, 
            511.592784, 378.561856, 512.912371, 373.283505, 
            515.551546, 369.324742, 516.871134, 365.365979, 
            518.190722, 360.087629, 520.829897, 357.448454, 
            523.469072, 356.128866, 523.469072, 352.170103, 
            526.108247, 350.850515, 527.427835, 350.850515, 
            528.747423, 349.530928, 530.067010, 348.211340, 
            531.386598, 345.572165, 535.345361, 342.932990, 
            537.984536, 342.932990, 540.623711, 333.695876, 
            553.819588, 329.737113, 560.417526, 328.417526, 
            564.376289, 327.097938, 565.695876, 324.458763, 
            570.974227, 321.819588, 576.252577, 319.180412, 
            584.170103, 317.860825, 588.128866, 313.902062, 
            594.726804, 313.902062, 597.365979, 309.943299, 
            609.242268, 308.623711, 613.201031, 307.304124, 
            615.840206, 305.984536, 622.438144, 304.664948, 
            625.077320, 304.664948, 626.396907, 302.025773, 
            631.675258, 299.386598, 638.273196, 298.067010, 
            642.231959, 298.067010, 646.190722, 296.747423, 
            650.149485, 295.427835, 652.788660, 295.427835, 
            654.108247, 292.788660, 658.067010, 292.788660, 
            660.706186, 292.788660, 664.664948, 294.108247, 
            669.943299, 304.664948, 687.097938, 307.304124, 
            689.737113, 308.623711, 692.376289, 312.582474, 
            698.974227, 315.221649, 702.932990, 317.860825, 
            706.891753, 320.500000, 709.530928, 321.819588, 
            713.489691, 323.139175, 713.489691, 324.458763, 
            714.809278, 325.778351, 714.809278, 328.417526, 
            716.128866, 329.737113, 717.448454, 331.056701, 
            718.768041, -1.000000, -1.000000, 720.335052, 
            709.530928, 712.417526, 704.252577, 709.778351, 
            700.293814, 703.180412, 693.695876, 701.860825, 
            691.056701, 697.902062, 687.097938, 695.262887, 
            684.458763, 692.623711, 683.139175, 689.984536, 
            680.500000, 688.664948, 677.860825, 684.706186, 
            673.902062, 683.386598, 672.582474, 682.067010, 
            668.623711, 680.747423, 668.623711, 679.427835, 
            665.984536, 678.108247, 663.345361, 675.469072, 
            660.706186, 674.149485, 658.067010, 672.829897, 
            654.108247, 670.190722, 648.829897, 667.551546, 
            640.912371, 666.231959, 639.592784, 666.231959, 
            636.953608, 666.231959, 635.634021, 666.231959, 
            634.314433, 664.912371, 629.036082, 664.912371, 
            625.077320, 664.912371, 621.118557, 664.912371, 
            614.520619, 664.912371, 610.561856, 664.912371, 
            607.922680, 664.912371, 605.283505, 664.912371, 
            603.963918, 664.912371, 600.005155, 666.231959, 
            597.365979, 666.231959, 593.407216, 666.231959, 
            590.768041, 667.551546, 586.809278, 667.551546, 
            582.850515, 667.551546, 577.572165, 667.551546, 
            573.613402, 667.551546, 569.654639, 666.231959, 
            568.335052, 666.231959, 567.015464, 666.231959, 
            564.376289, 666.231959, 561.737113, 666.231959, 
