%YAML:1.0
    mask: !!opencv-matrix
        rows: 333
        cols: 2
        dt: f
        data: [ -1.000000, -1.000000, -1.000000, 
            -1.000000, 753.049960, 276.599121, 752.026779, 
            276.599121, 751.003597, 276.599121, 749.980416, 
            276.599121, 745.887690, 275.575939, 743.841327, 
            274.552758, 740.771783, 273.529576, 737.702238, 
            273.529576, 735.655875, 273.529576, 733.609512, 
            272.506395, 730.539968, 271.483213, 728.493605, 
            270.460032, 726.447242, 270.460032, 723.377698, 
            270.460032, 721.331335, 270.460032, 719.284972, 
            270.460032, 716.215428, 270.460032, 713.145883, 
            270.460032, 711.099520, 270.460032, 708.029976, 
            270.460032, 704.960432, 270.460032, 703.937250, 
            270.460032, 701.890887, 270.460032, 699.844524, 
            271.483213, 697.798161, 271.483213, 695.751799, 
            271.483213, 694.728617, 271.483213, 692.682254, 
            271.483213, 690.635891, 271.483213, 687.566347, 
            272.506395, 684.496803, 272.506395, 680.404077, 
            273.529576, 676.311351, 273.529576, 675.288169, 
            274.552758, 670.172262, 275.575939, 667.102718, 
            275.575939, 663.009992, 277.622302, 660.963629, 
            277.622302, 658.917266, 277.622302, 657.894085, 
            278.645484, 656.870903, 278.645484, 654.824540, 
            279.668665, 653.801359, 279.668665, 652.778177, 
            280.691847, 651.754996, 281.715028, 650.731815, 
            281.715028, 648.685452, 282.738209, 646.639089, 
            284.784572, 643.569544, 285.807754, 641.523181, 
            287.854117, 638.453637, 287.854117, 636.407274, 
            288.877298, 634.360911, 289.900480, 633.337730, 
            290.923661, 631.291367, 291.946843, 630.268185, 
            291.946843, 629.245004, 292.970024, 628.221823, 
            293.993205, 627.198641, 295.016387, 625.152278, 
            296.039568, 624.129097, 298.085931, 623.105915, 
            299.109113, 622.082734, 301.155476, 621.059552, 
            302.178657, 621.059552, 303.201839, 622.082734, 
            304.225020, 624.129097, 305.248201, 626.175460, 
            305.248201, 629.245004, 305.248201, 630.268185, 
            305.248201, 632.314548, 305.248201, 633.337730, 
            306.271383, 633.337730, 307.294564, 633.337730, 
            309.340927, 633.337730, 310.364109, 632.314548, 
            312.410472, 631.291367, 314.456835, 630.268185, 
            315.480016, 628.221823, 317.526379, 627.198641, 
            318.549560, 624.129097, 320.595923, 622.082734, 
            321.619105, 621.059552, 322.642286, 619.013189, 
            323.665468, 617.990008, 323.665468, 617.990008, 
            324.688649, 616.966827, 325.711831, 616.966827, 
            327.758193, 615.943645, 327.758193, 615.943645, 
            329.804556, 615.943645, 330.827738, 615.943645, 
            331.850919, 615.943645, 332.874101, 617.990008, 
            335.943645, 620.036371, 337.990008, 621.059552, 
            337.990008, 623.105915, 340.036371, 626.175460, 
            342.082734, 628.221823, 345.152278, 631.291367, 
            347.198641, 633.337730, 349.245004, 636.407274, 
            351.291367, 639.476819, 354.360911, 641.523181, 
            355.384093, 645.615907, 358.453637, 647.662270, 
            359.476819, 649.708633, 360.500000, 650.731815, 
            361.523181, 652.778177, 363.569544, 653.801359, 
            364.592726, 655.847722, 365.615907, 657.894085, 
            367.662270, 658.917266, 367.662270, 660.963629, 
            370.731815, 664.033173, 371.754996, 666.079536, 
            373.801359, 667.102718, 373.801359, 671.195444, 
            375.847722, 673.241807, 376.870903, 675.288169, 
            377.894085, 678.357714, 378.917266, 682.450440, 
            379.940448, 685.519984, 379.940448, 686.543165, 
            379.940448, 687.566347, 379.940448, 690.635891, 
            379.940448, 694.728617, 378.917266, 696.774980, 
            378.917266, 697.798161, 378.917266, 701.890887, 
            378.917266, 704.960432, 377.894085, 708.029976, 
            375.847722, 710.076339, 375.847722, 710.076339, 
            374.824540, 713.145883, 373.801359, 716.215428, 
            373.801359, 719.284972, 372.778177, 722.354516, 
            372.778177, 724.400879, 370.731815, 727.470424, 
            370.731815, 727.470424, 369.708633, 730.539968, 
            368.685452, 732.586331, 367.662270, 734.632694, 
            365.615907, 736.679057, 362.546363, 739.748601, 
            360.500000, 741.794964, 357.430456, 742.818145, 
            355.384093, 742.818145, 354.360911, 743.841327, 
            351.291367, 745.887690, 347.198641, 747.934053, 
            343.105915, 748.957234, 339.013189, 749.980416, 
            334.920464, 752.026779, 330.827738, 753.049960, 
            328.781375, 753.049960, 327.758193, 755.096323, 
            325.711831, 755.096323, 323.665468, 757.142686, 
            321.619105, 758.165867, 318.549560, 760.212230, 
            315.480016, 762.258593, 311.387290, 763.281775, 
            308.317746, 764.304956, 306.271383, 764.304956, 
            305.248201, -1.000000, -1.000000, 243.505596, 
            268.413669, 241.459233, 269.436851, 239.412870, 
            272.506395, 236.343325, 274.552758, 233.273781, 
            278.645484, 230.204237, 282.738209, 228.157874, 
            286.830935, 226.111511, 291.946843, 224.065148, 
            295.016387, 222.018785, 300.132294, 220.995604, 
            304.225020, 219.972422, 309.340927, 219.972422, 
            312.410472, 219.972422, 316.503197, 219.972422, 
            322.642286, 219.972422, 326.735012, 219.972422, 
            329.804556, 219.972422, 333.897282, 219.972422, 
            336.966827, 219.972422, 343.105915, 219.972422, 
            346.175460, 220.995604, 349.245004, 220.995604, 
            352.314548, 220.995604, 357.430456, 222.018785, 
            363.569544, 224.065148, 369.708633, 226.111511, 
            374.824540, 228.157874, 378.917266, 229.181055, 
            381.986811, 231.227418, 388.125899, 233.273781, 
            391.195444, 234.296962, 394.264988, 236.343325, 
            398.357714, 238.389688, 401.427258, 239.412870, 
            403.473621, 243.505596, 407.566347, 246.575140, 
            410.635891, 248.621503, 412.682254, 253.737410, 
            416.774980, 256.806954, 418.821343, 260.899680, 
            420.867706, 266.015588, 422.914069, 274.201039, 
            425.983613, 278.293765, 425.983613, 281.363309, 
            427.006795, 286.479217, 428.029976, 289.548761, 
            428.029976, 293.641487, 428.029976, 297.734213, 
            427.006795, 300.803757, 427.006795, 302.850120, 
            424.960432, 304.896483, 423.937250, 305.919664, 
            423.937250, 307.966027, 421.890887, 310.012390, 
            420.867706, 313.081934, 417.798161, 315.128297, 
            414.728617, 319.221023, 410.635891, 320.244205, 
            408.589528, 322.290568, 405.519984, 323.313749, 
            403.473621, 323.313749, 401.427258, 324.336930, 
            399.380895, 324.336930, 398.357714, 324.336930, 
            396.311351, 324.336930, 393.241807, 324.336930, 
            389.149081, 322.290568, 385.056355, 321.267386, 
            379.940448, 319.221023, 375.847722, 318.197842, 
            373.801359, 316.151479, 370.731815, 313.081934, 
            368.685452, 311.035572, 365.615907, 308.989209, 
            362.546363, 307.966027, 359.476819, 304.896483, 
            352.314548, 303.873301, 346.175460, 303.873301, 
            344.129097, 303.873301, 342.082734, 303.873301, 
            340.036371, 303.873301, 339.013189, 303.873301, 
            337.990008, 305.919664, 335.943645, 308.989209, 
            335.943645, 314.105116, 336.966827, 318.197842, 
            337.990008, 325.360112, 341.059552, 331.499201, 
            343.105915, 334.568745, 344.129097, 338.661471, 
