%YAML:1.0
    mask: !!opencv-matrix
        rows: 505
        cols: 2
        dt: f
        data: [ -1.000000, -1.000000, 720.335052, 
            713.489691, 720.335052, 708.211340, 720.335052, 
            691.056701, 717.695876, 669.943299, 716.376289, 
            642.231959, 716.376289, 627.716495, 716.376289, 
            621.118557, 716.376289, 610.561856, 716.376289, 
            607.922680, 715.056701, 605.283505, 707.139175, 
            588.128866, 701.860825, 580.211340, 701.860825, 
            574.932990, 701.860825, 569.654639, 700.541237, 
            561.737113, 700.541237, 555.139175, 700.541237, 
            552.500000, 700.541237, 547.221649, 700.541237, 
            541.943299, 700.541237, 534.025773, 700.541237, 
            530.067010, 701.860825, 524.788660, 701.860825, 
            523.469072, 701.860825, 515.551546, 704.500000, 
            511.592784, 707.139175, 510.273196, 715.056701, 
            507.634021, 726.932990, 507.634021, 729.572165, 
            506.314433, 734.850515, 506.314433, 745.407216, 
            507.634021, 748.046392, 510.273196, 750.685567, 
            511.592784, 752.005155, 514.231959, 753.324742, 
            515.551546, 770.479381, 531.386598, 771.798969, 
            532.706186, 773.118557, 536.664948, 775.757732, 
            539.304124, 775.757732, 540.623711, 777.077320, 
            540.623711, 781.036082, 541.943299, 782.355670, 
            544.582474, 783.675258, 544.582474, 783.675258, 
            545.902062, 788.953608, 547.221649, 790.273196, 
            547.221649, 803.469072, 547.221649, 814.025773, 
            541.943299, 836.458763, 535.345361, 845.695876, 
            531.386598, 852.293814, 528.747423, 854.932990, 
            527.427835, 858.891753, 526.108247, 860.211340, 
            526.108247, 862.850515, 524.788660, 869.448454, 
            519.510309, 872.087629, 518.190722, 876.046392, 
            516.871134, 881.324742, 516.871134, 885.283505, 
            516.871134, 890.561856, 516.871134, 893.201031, 
            516.871134, 898.479381, 519.510309, 910.355670, 
            528.747423, 920.912371, 534.025773, 936.747423, 
            543.262887, 943.345361, 547.221649, 951.262887, 
            552.500000, 971.056701, 561.737113, 996.128866, 
            573.613402, 1005.365979, 576.252577, 1008.005155, 
            577.572165, 1009.324742, 577.572165, 1017.242268, 
            580.211340, 1030.438144, 589.448454, 1044.953608, 
            600.005155, 1052.871134, 605.283505, 1055.510309, 
            606.603093, 1064.747423, 611.881443, 1070.025773, 
            614.520619, 1072.664948, 615.840206, 1079.262887, 
            618.479381, 1081.902062, 619.798969, 1099.056701, 
            630.355670, 1108.293814, 635.634021, 1112.252577, 
            638.273196, 1112.252577, 639.592784, 1113.572165, 
            644.871134, 1118.850515, 667.304124, 1122.809278, 
            683.139175, 1122.809278, 692.376289, 1122.809278, 
            696.335052, 1122.809278, 700.293814, 1122.809278, 
            701.613402, 1122.809278, 702.932990, 1122.809278, 
            704.252577, 1122.809278, 705.572165, 1122.809278, 
            708.211340, 1122.809278, 709.530928, 1122.809278, 
            714.809278, 1122.809278, 716.128866, 1122.809278, 
            718.768041, -1.000000, -1.000000, 543.510309, 
            354.561856, 543.510309, 359.840206, 543.510309, 
            363.798969, 543.510309, 370.396907, 543.510309, 
            373.036082, 543.510309, 376.994845, 543.510309, 
            380.953608, 543.510309, 382.273196, 546.149485, 
            388.871134, 548.788660, 392.829897, 550.108247, 
            394.149485, 554.067010, 395.469072, 556.706186, 
            395.469072, 564.623711, 395.469072, 565.943299, 
            395.469072, 565.943299, 398.108247, 567.262887, 
            398.108247, 569.902062, 399.427835, 575.180412, 
            404.706186, 576.500000, 407.345361, 576.500000, 
            408.664948, 577.819588, 408.664948, 584.417526, 
            408.664948, 589.695876, 409.984536, 592.335052, 
            409.984536, 594.974227, 408.664948, 613.448454, 
            395.469072, 616.087629, 392.829897, 625.324742, 
            386.231959, 630.603093, 384.912371, 631.922680, 
            384.912371, 631.922680, 386.231959, 631.922680, 
            394.149485, 627.963918, 400.747423, 622.685567, 
            406.025773, 621.365979, 409.984536, 621.365979, 
            411.304124, 621.365979, 417.902062, 622.685567, 
            417.902062, 627.963918, 417.902062, 634.561856, 
            417.902062, 635.881443, 417.902062, 642.479381, 
            413.943299, 643.798969, 412.623711, 649.077320, 
            408.664948, 655.675258, 402.067010, 659.634021, 
            396.788660, 663.592784, 390.190722, 664.912371, 
            387.551546, 670.190722, 379.634021, 678.108247, 
            370.396907, 680.747423, 367.757732, 683.386598, 
            365.118557, 687.345361, 361.159794, 692.623711, 
            355.881443, 695.262887, 353.242268, 703.180412, 
            340.046392, 703.180412, 341.365979, 703.180412, 
            340.046392, 703.180412, 328.170103, 704.500000, 
            318.932990, 705.819588, 300.458763, 705.819588, 
            284.623711, 707.139175, 279.345361, 707.139175, 
            275.386598, 708.458763, 271.427835, 709.778351, 
            267.469072, 713.737113, 264.829897, 716.376289, 
            260.871134, 717.695876, 259.551546, 719.015464, 
            250.314433, 717.695876, 248.994845, 709.778351, 
            237.118557, 703.180412, 229.201031, 700.541237, 
            226.561856, 696.582474, 225.242268, 691.304124, 
            221.283505, 686.025773, 217.324742, 682.067010, 
            212.046392, 680.747423, 210.726804, 672.829897, 
            205.448454, 671.510309, 205.448454, 671.510309, 
            204.128866, 670.190722, 204.128866, 662.273196, 
            197.530928, 659.634021, 194.891753, 658.314433, 
            192.252577, 656.994845, 190.932990, 655.675258, 
            190.932990, 653.036082, 190.932990, 645.118557, 
            189.613402, 643.798969, 189.613402, 637.201031, 
            189.613402, 634.561856, 189.613402, 629.283505, 
            189.613402, 626.644330, 189.613402, 620.046392, 
            192.252577, 616.087629, 193.572165, 614.768041, 
            193.572165, 612.128866, 194.891753, 604.211340, 
            197.530928, 600.252577, 200.170103, 594.974227, 
            201.489691, 587.056701, 201.489691, 585.737113, 
            202.809278, 584.417526, 202.809278, 583.097938, 
            202.809278, 581.778351, 202.809278, 577.819588, 
            201.489691, 571.221649, 200.170103, 567.262887, 
            200.170103, 565.943299, 200.170103, 560.664948, 
            205.448454, 556.706186, 206.768041, 555.386598, 
            206.768041, 550.108247, 212.046392, 543.510309, 
            213.365979, 540.871134, 214.685567, 540.871134, 
            216.005155, 539.551546, 217.324742, 532.953608, 
            221.283505, 528.994845, 222.603093, 525.036082, 
            223.922680, 522.396907, 225.242268, 518.438144, 
            226.561856, 514.479381, 229.201031, 509.201031, 
            231.840206, 506.561856, 235.798969, 505.242268, 
            237.118557, 505.242268, 239.757732, 502.603093, 
            245.036082, 499.963918, 247.675258, 496.005155, 
            252.953608, 496.005155, 254.273196, 497.324742, 
            255.592784, 501.283505, 256.912371, 507.881443, 
            260.871134, 510.520619, 263.510309, 515.798969, 
            266.149485, 519.757732, 267.469072, 522.396907, 
            267.469072, 527.675258, 267.469072, 535.592784, 
            267.469072, 555.386598, 260.871134, 556.706186, 
            259.551546, 558.025773, 259.551546, 559.345361, 
            258.231959, 560.664948, 256.912371, 563.304124, 
            255.592784, 563.304124, 254.273196, 565.943299, 
            252.953608, 571.221649, 251.634021, 571.221649, 
