%YAML:1.0
    mask: !!opencv-matrix
        rows: 531
        cols: 2
        dt: f
        data: [ 137.077320, 706.891753, 142.355670, 
            700.293814, 146.314433, 695.015464, 151.592784, 
            685.778351, 155.551546, 681.819588, 168.747423, 
            671.262887, 168.747423, 669.943299, 176.664948, 
            660.706186, 179.304124, 658.067010, 180.623711, 
            655.427835, 187.221649, 647.510309, 188.541237, 
            646.190722, 192.500000, 642.231959, 196.458763, 
            636.953608, 199.097938, 634.314433, 209.654639, 
            626.396907, 213.613402, 622.438144, 216.252577, 
            619.798969, 220.211340, 614.520619, 225.489691, 
            610.561856, 229.448454, 607.922680, 232.087629, 
            606.603093, 233.407216, 605.283505, 241.324742, 
            598.685567, 243.963918, 594.726804, 247.922680, 
            590.768041, 249.242268, 590.768041, 253.201031, 
            586.809278, 255.840206, 581.530928, 255.840206, 
            580.211340, 257.159794, 577.572165, 259.798969, 
            574.932990, 261.118557, 573.613402, 265.077320, 
            570.974227, 270.355670, 567.015464, 274.314433, 
            565.695876, 280.912371, 565.695876, 292.788660, 
            565.695876, 296.747423, 565.695876, 299.386598, 
            565.695876, 303.345361, 565.695876, 304.664948, 
            565.695876, 304.664948, 567.015464, 305.984536, 
            568.335052, 307.304124, 570.974227, 307.304124, 
            574.932990, 307.304124, 581.530928, 299.386598, 
            631.675258, 299.386598, 635.634021, 299.386598, 
            643.551546, 299.386598, 656.747423, 299.386598, 
            659.386598, 299.386598, 667.304124, 299.386598, 
            671.262887, 300.706186, 673.902062, 300.706186, 
            676.541237, 300.706186, 677.860825, 302.025773, 
            677.860825, 303.345361, 680.500000, 304.664948, 
            681.819588, 474.891753, 685.778351, 474.891753, 
            689.737113, 452.458763, 712.170103, 451.139175, 
            713.489691, 449.819588, 713.489691, 448.500000, 
            714.809278, 443.221649, 714.809278, 439.262887, 
            716.128866, 436.623711, 716.128866, 433.984536, 
            716.128866, 431.345361, 716.128866, 426.067010, 
            716.128866, 423.427835, 716.128866, 420.788660, 
            716.128866, 416.829897, 716.128866, 410.231959, 
            716.128866, 391.757732, 714.809278, 371.963918, 
            714.809278, 365.365979, 714.809278, 358.768041, 
            714.809278, 352.170103, 714.809278, 346.891753, 
            714.809278, 331.056701, 714.809278, 312.582474, 
            714.809278, 304.664948, 714.809278, 290.149485, 
            714.809278, 272.994845, 714.809278, 266.396907, 
            714.809278, 257.159794, 716.128866, 246.603093, 
            717.448454, 237.365979, 717.448454, 225.489691, 
            718.768041, 150.273196, 718.768041, 146.314433, 
            716.128866, 143.675258, 714.809278, -1.000000, 
            -1.000000, 605.530928, 718.768041, 598.932990, 
            710.850515, 594.974227, 706.891753, 591.015464, 
            702.932990, 589.695876, 701.613402, 587.056701, 
            697.654639, 585.737113, 696.335052, 584.417526, 
            695.015464, 581.778351, 693.695876, 577.819588, 
            691.056701, 572.541237, 687.097938, 571.221649, 
            685.778351, 565.943299, 683.139175, 560.664948, 
            679.180412, 559.345361, 679.180412, 556.706186, 
            676.541237, 550.108247, 673.902062, 546.149485, 
            671.262887, 542.190722, 667.304124, 534.273196, 
            664.664948, 532.953608, 663.345361, 530.314433, 
            662.025773, 528.994845, 659.386598, 527.675258, 
            658.067010, 525.036082, 655.427835, 523.716495, 
            650.149485, 523.716495, 648.829897, 522.396907, 
            642.231959, 522.396907, 640.912371, 522.396907, 
            636.953608, 523.716495, 632.994845, 525.036082, 
            630.355670, 527.675258, 626.396907, 530.314433, 
            625.077320, 531.634021, 623.757732, 534.273196, 
            623.757732, 539.551546, 622.438144, 546.149485, 
            621.118557, 550.108247, 621.118557, 561.984536, 
            622.438144, 568.582474, 623.757732, 571.221649, 
            623.757732, 577.819588, 625.077320, 583.097938, 
            626.396907, 589.695876, 627.716495, 597.613402, 
            631.675258, 602.891753, 632.994845, 606.850515, 
            634.314433, 610.809278, 635.634021, 618.726804, 
            638.273196, 620.046392, 638.273196, 626.644330, 
            640.912371, 635.881443, 644.871134, 638.520619, 
            647.510309, 641.159794, 648.829897, 645.118557, 
            651.469072, 647.757732, 651.469072, 650.396907, 
            652.788660, 651.716495, 654.108247, 659.634021, 
            658.067010, 662.273196, 659.386598, 663.592784, 
            660.706186, 664.912371, 660.706186, 666.231959, 
            658.067010, 666.231959, 656.747423, 668.871134, 
            654.108247, 672.829897, 646.190722, 672.829897, 
            643.551546, 671.510309, 643.551546, 670.190722, 
            642.231959, 666.231959, 642.231959, 662.273196, 
            642.231959, 658.314433, 640.912371, 653.036082, 
            640.912371, 649.077320, 639.592784, 647.757732, 
            639.592784, 645.118557, 638.273196, 639.840206, 
            631.675258, 637.201031, 629.036082, 635.881443, 
            629.036082, 635.881443, 627.716495, 635.881443, 
            626.396907, 637.201031, 617.159794, 639.840206, 
            611.881443, 641.159794, 610.561856, 643.798969, 
            609.242268, 643.798969, 607.922680, 645.118557, 
            607.922680, 645.118557, 606.603093, 643.798969, 
            606.603093, 641.159794, 606.603093, 638.520619, 
            605.283505, 634.561856, 603.963918, 629.283505, 
            601.324742, 625.324742, 600.005155, 624.005155, 
            600.005155, 622.685567, 597.365979, 622.685567, 
            596.046392, 622.685567, 594.726804, 622.685567, 
            590.768041, 622.685567, 588.128866, 622.685567, 
            586.809278, 624.005155, 585.489691, 622.685567, 
            585.489691, 621.365979, 585.489691, 620.046392, 
            584.170103, 620.046392, 582.850515, 618.726804, 
            581.530928, 617.407216, 580.211340, 616.087629, 
            580.211340, 614.768041, 578.891753, 613.448454, 
            577.572165, 612.128866, 576.252577, 609.489691, 
            574.932990, 608.170103, 574.932990, 606.850515, 
            573.613402, 604.211340, 569.654639, 602.891753, 
            568.335052, 602.891753, 567.015464, 602.891753, 
            565.695876, 602.891753, 564.376289, 602.891753, 
            560.417526, 602.891753, 555.139175, 602.891753, 
            551.180412, 602.891753, 549.860825, 602.891753, 
            548.541237, 600.252577, 544.582474, 597.613402, 
            541.943299, 596.293814, 539.304124, 596.293814, 
            537.984536, 596.293814, 534.025773, 598.932990, 
            528.747423, 600.252577, 526.108247, 601.572165, 
            522.149485, 605.530928, 518.190722, 610.809278, 
            512.912371, 613.448454, 510.273196, 616.087629, 
            508.953608, 618.726804, 507.634021, 618.726804, 
            506.314433, 620.046392, 506.314433, 621.365979, 
            504.994845, 624.005155, 503.675258, 630.603093, 
            502.355670, 631.922680, 502.355670, 634.561856, 
            502.355670, 641.159794, 502.355670, 643.798969, 
            503.675258, 647.757732, 504.994845, 650.396907, 
            506.314433, 656.994845, 508.953608, 662.273196, 
            511.592784, 674.149485, 514.231959, 679.427835, 
            515.551546, 683.386598, 518.190722, 691.304124, 
            520.829897, 699.221649, 523.469072, 707.139175, 
            526.108247, 708.458763, 527.427835, 715.056701, 
            530.067010, 720.335052, 531.386598, 726.932990, 
