%YAML:1.0
    mask: !!opencv-matrix
        rows: 495
        cols: 2
        dt: f
        data: [ 47.054756, 716.567146, 47.054756, 
            715.543965, 47.054756, 710.428058, 47.054756, 
            707.358513, 48.077938, 701.219424, 48.077938, 
            700.196243, 49.101119, 698.149880, 49.101119, 
            696.103517, 49.101119, 693.033973, 50.124301, 
            689.964428, 50.124301, 687.918066, 52.170663, 
            685.871703, 53.193845, 682.802158, 53.193845, 
            681.778977, 55.240208, 680.755795, 55.240208, 
            679.732614, 57.286571, 675.639888, 58.309752, 
            673.593525, 58.309752, 672.570344, 61.379297, 
            670.523981, 61.379297, 668.477618, 63.425659, 
            665.408074, 64.448841, 664.384892, 65.472022, 
            661.315348, 66.495204, 661.315348, 68.541567, 
            658.245803, 69.564748, 656.199440, 71.611111, 
            654.153078, 72.634293, 653.129896, 74.680655, 
            651.083533, 75.703837, 649.037170, 77.750200, 
            644.944444, 79.796563, 641.874900, 79.796563, 
            640.851719, 80.819744, 640.851719, 80.819744, 
            638.805356, 81.842926, 637.782174, 82.866107, 
            634.712630, 83.889289, 632.666267, 83.889289, 
            631.643086, 84.912470, 628.573541, 86.958833, 
            626.527178, 86.958833, 625.503997, 86.958833, 
            624.480815, 89.005196, 622.434452, 89.005196, 
            621.411271, 91.051559, 616.295364, 93.097922, 
            612.202638, 94.121103, 609.133094, 94.121103, 
            608.109912, 96.167466, 606.063549, 96.167466, 
            602.994005, 97.190647, 600.947642, 99.237010, 
            599.924460, 99.237010, 597.878098, 100.260192, 
            594.808553, 101.283373, 592.762190, 102.306555, 
            591.739009, 103.329736, 589.692646, 104.352918, 
            588.669464, 105.376099, 585.599920, 105.376099, 
            584.576739, 106.399281, 583.553557, 107.422462, 
            581.507194, 108.445643, 579.460831, 109.468825, 
            578.437650, 112.538369, 575.368106, 114.584732, 
            571.275380, 116.631095, 570.252198, 117.654277, 
            569.229017, 118.677458, 568.205835, 121.747002, 
            567.182654, 124.816547, 567.182654, 125.839728, 
            565.136291, 126.862910, 565.136291, 129.932454, 
            565.136291, 133.001998, 565.136291, 136.071543, 
            565.136291, 140.164269, 565.136291, 142.210631, 
            564.113110, 144.256994, 564.113110, 146.303357, 
            564.113110, 147.326539, 564.113110, 150.396083, 
            562.066747, 154.488809, 561.043565, 158.581535, 
            560.020384, 161.651079, 558.997202, 168.813349, 
            556.950839, 172.906075, 555.927658, 175.975620, 
            554.904476, 178.021982, 554.904476, 181.091527, 
            554.904476, 182.114708, 553.881295, 183.137890, 
            553.881295, 186.207434, 552.858114, 188.253797, 
            552.858114, 189.276978, 552.858114, 192.346523, 
            551.834932, 193.369704, 551.834932, 196.439249, 
            550.811751, 200.531974, 548.765388, 203.601519, 
            548.765388, 205.647882, 547.742206, 206.671063, 
            546.719025, 208.717426, 545.695843, 211.786970, 
            544.672662, 212.810152, 543.649480, 213.833333, 
            543.649480, 215.879696, 542.626299, 215.879696, 
            541.603118, 216.902878, 541.603118, 217.926059, 
            541.603118, 219.972422, 540.579936, 220.995604, 
            540.579936, 222.018785, 539.556755, 224.065148, 
            538.533573, 225.088329, 538.533573, 225.088329, 
            537.510392, 226.111511, 537.510392, 227.134692, 
            538.533573, 227.134692, 540.579936, 227.134692, 
            542.626299, 227.134692, 548.765388, 227.134692, 
            552.858114, 227.134692, 555.927658, 227.134692, 
            557.974021, 227.134692, 560.020384, 227.134692, 
            561.043565, 227.134692, 562.066747, 227.134692, 
            563.089928, 228.157874, 564.113110, 230.204237, 
            564.113110, 234.296962, 564.113110, 238.389688, 
            564.113110, 241.459233, 564.113110, 244.528777, 
            564.113110, 246.575140, 564.113110, 250.667866, 
            564.113110, 255.783773, 564.113110, 258.853317, 
            564.113110, 260.899680, 563.089928, 263.969225, 
            562.066747, 266.015588, 560.020384, 269.085132, 
            557.974021, 271.131495, 554.904476, 273.177858, 
            553.881295, 274.201039, 552.858114, 274.201039, 
            551.834932, 277.270584, 549.788569, 279.316946, 
            548.765388, 280.340128, 547.742206, 281.363309, 
            546.719025, 282.386491, 546.719025, 285.456035, 
            544.672662, 286.479217, 543.649480, 287.502398, 
            543.649480, 288.525580, 543.649480, 289.548761, 
            543.649480, 290.571942, 546.719025, 290.571942, 
            547.742206, 292.618305, 551.834932, 292.618305, 
            554.904476, 292.618305, 556.950839, 292.618305, 
            558.997202, 292.618305, 561.043565, 293.641487, 
            563.089928, 293.641487, 566.159472, 294.664668, 
            567.182654, 295.687850, 568.205835, 295.687850, 
            569.229017, 296.711031, 571.275380, 296.711031, 
            572.298561, 296.711031, 574.344924, 297.734213, 
            576.391287, 298.757394, 577.414468, 298.757394, 
            578.437650, 298.757394, 579.460831, 299.780576, 
            580.484013, 299.780576, 581.507194, 299.780576, 
            583.553557, 300.803757, 583.553557, 300.803757, 
            585.599920, 300.803757, 586.623102, 300.803757, 
            588.669464, 300.803757, 590.715827, 300.803757, 
            592.762190, 301.826938, 593.785372, 301.826938, 
            595.831735, 301.826938, 596.854916, 301.826938, 
            598.901279, 301.826938, 600.947642, 301.826938, 
            601.970823, 301.826938, 604.017186, 301.826938, 
            605.040368, 301.826938, 609.133094, 300.803757, 
            612.202638, 300.803757, 614.249001, 299.780576, 
            617.318545, 299.780576, 620.388090, 298.757394, 
            621.411271, 297.734213, 624.480815, 295.687850, 
            627.550360, 294.664668, 630.619904, 292.618305, 
            633.689448, 291.595124, 637.782174, 290.571942, 
            640.851719, 288.525580, 644.944444, 288.525580, 
            645.967626, 286.479217, 649.037170, 286.479217, 
            652.106715, 284.432854, 655.176259, 284.432854, 
            657.222622, 284.432854, 660.292166, 283.409672, 
            663.361711, 283.409672, 666.431255, 283.409672, 
            667.454436, 283.409672, 671.547162, 282.386491, 
            672.570344, 282.386491, 675.639888, 282.386491, 
            678.709432, 282.386491, 679.732614, 282.386491, 
            681.778977, 282.386491, 685.871703, 282.386491, 
            687.918066, 282.386491, 689.964428, 283.409672, 
            693.033973, 284.432854, 698.149880, 285.456035, 
            703.265787, 286.479217, 706.335332, 287.502398, 
            707.358513, 287.502398, 709.404876, 288.525580, 
            710.428058, 288.525580, 712.474420, 289.548761, 
            713.497602, 289.548761, 716.567146, 289.548761, 
            717.590328, 290.571942, 717.590328, 290.571942, 
            719.636691, -1.000000, -1.000000, 626.175460, 
            718.613509, 627.198641, 717.590328, 628.221823, 
            715.543965, 631.291367, 713.497602, 631.291367, 
            712.474420, 637.430456, 708.381695, 639.476819, 
            707.358513, 641.523181, 705.312150, 643.569544, 
            704.288969, 645.615907, 702.242606, 646.639089, 
            702.242606, 648.685452, 701.219424, 648.685452, 
            700.196243, 651.754996, 698.149880, 652.778177, 
            697.126699, 654.824540, 696.103517, 655.847722, 
            695.080336, 656.870903, 693.033973, 657.894085, 
            693.033973, 657.894085, 692.010791, 658.917266, 
