%YAML:1.0
    mask: !!opencv-matrix
        rows: 298
        cols: 2
        dt: f
        data: [ -1.000000, -1.000000, -1.000000, 
            -1.000000, 733.530928, 376.994845, 728.252577, 
            379.634021, 725.613402, 380.953608, 724.293814, 
            382.273196, 720.335052, 384.912371, 719.015464, 
            384.912371, 719.015464, 386.231959, 719.015464, 
            387.551546, 719.015464, 388.871134, 719.015464, 
            390.190722, 720.335052, 390.190722, 720.335052, 
            391.510309, 722.974227, 391.510309, 725.613402, 
            391.510309, 726.932990, 391.510309, 728.252577, 
            391.510309, 730.891753, 391.510309, 732.211340, 
            391.510309, 732.211340, 392.829897, 732.211340, 
            394.149485, 732.211340, 395.469072, 732.211340, 
            399.427835, 730.891753, 399.427835, 728.252577, 
            402.067010, 725.613402, 404.706186, 724.293814, 
            404.706186, 724.293814, 407.345361, 722.974227, 
            409.984536, 721.654639, 411.304124, 720.335052, 
            412.623711, 720.335052, 413.943299, 719.015464, 
            416.582474, 719.015464, 417.902062, 719.015464, 
            419.221649, 720.335052, 421.860825, 720.335052, 
            423.180412, 722.974227, 424.500000, 722.974227, 
            425.819588, 722.974227, 427.139175, 724.293814, 
            428.458763, 728.252577, 428.458763, 730.891753, 
            428.458763, 732.211340, 428.458763, 734.850515, 
            428.458763, 737.489691, 428.458763, 738.809278, 
            429.778351, 742.768041, 432.417526, 748.046392, 
            436.376289, 752.005155, 439.015464, 757.283505, 
            442.974227, 761.242268, 444.293814, 769.159794, 
            449.572165, 774.438144, 452.211340, 777.077320, 
            453.530928, 779.716495, 454.850515, 786.314433, 
            458.809278, 790.273196, 458.809278, 792.912371, 
            458.809278, 794.231959, 458.809278, 795.551546, 
            458.809278, 796.871134, 458.809278, 798.190722, 
            458.809278, 802.149485, 458.809278, 804.788660, 
            458.809278, 806.108247, 457.489691, 807.427835, 
            456.170103, 808.747423, 453.530928, 808.747423, 
            452.211340, 811.386598, 450.891753, 811.386598, 
            449.572165, 812.706186, 449.572165, 814.025773, 
            449.572165, 815.345361, 449.572165, 819.304124, 
            452.211340, 823.262887, 454.850515, 824.582474, 
            454.850515, 824.582474, 456.170103, 827.221649, 
            456.170103, 829.860825, 456.170103, 832.500000, 
            454.850515, 835.139175, 452.211340, 836.458763, 
            450.891753, 837.778351, 446.932990, 839.097938, 
            445.613402, 841.737113, 442.974227, 845.695876, 
            437.695876, 847.015464, 437.695876, 848.335052, 
            435.056701, 852.293814, 431.097938, 854.932990, 
            425.819588, 860.211340, 420.541237, 861.530928, 
            419.221649, 864.170103, 416.582474, 864.170103, 
            413.943299, 864.170103, 411.304124, 864.170103, 
            409.984536, 864.170103, 408.664948, 864.170103, 
            406.025773, 864.170103, 403.386598, 861.530928, 
            395.469072, 861.530928, 392.829897, 857.572165, 
            388.871134, 852.293814, 383.592784, 849.654639, 
            379.634021, 848.335052, 375.675258, 844.376289, 
            371.716495, 841.737113, 366.438144, 840.417526, 
            365.118557, 837.778351, 361.159794, 836.458763, 
            359.840206, 835.139175, 358.520619, 833.819588, 
            357.201031, 831.180412, 355.881443, 829.860825, 
            354.561856, 828.541237, 354.561856, 823.262887, 
            353.242268, 816.664948, 353.242268, 808.747423, 
            354.561856, 807.427835, 354.561856, 803.469072, 
            354.561856, 802.149485, 354.561856, 799.510309, 
            354.561856, 795.551546, 353.242268, 794.231959, 
            353.242268, 791.592784, 353.242268, 787.634021, 
            351.922680, 786.314433, 351.922680, 782.355670, 
            351.922680, 775.757732, 351.922680, 771.798969, 
            351.922680, 767.840206, 351.922680, 759.922680, 
            353.242268, 758.603093, 354.561856, 757.283505, 
            354.561856, 746.726804, 357.201031, 745.407216, 
            357.201031, 745.407216, 358.520619, 744.087629, 
            358.520619, 744.087629, 359.840206, 742.768041, 
            361.159794, -1.000000, -1.000000, 573.860825, 
            403.386598, 580.458763, 409.984536, 581.778351, 
            412.623711, 583.097938, 413.943299, 587.056701, 
            417.902062, 591.015464, 420.541237, 593.654639, 
            421.860825, 596.293814, 424.500000, 597.613402, 
            425.819588, 598.932990, 427.139175, 604.211340, 
            429.778351, 606.850515, 431.097938, 616.087629, 
            433.737113, 620.046392, 435.056701, 626.644330, 
            437.695876, 630.603093, 439.015464, 633.242268, 
            439.015464, 634.561856, 439.015464, 635.881443, 
            439.015464, 637.201031, 439.015464, 638.520619, 
            439.015464, 639.840206, 439.015464, 639.840206, 
            436.376289, 639.840206, 435.056701, 639.840206, 
            433.737113, 639.840206, 429.778351, 639.840206, 
            428.458763, 639.840206, 427.139175, 641.159794, 
            420.541237, 645.118557, 415.262887, 646.438144, 
            413.943299, 646.438144, 412.623711, 647.757732, 
            412.623711, 649.077320, 412.623711, 650.396907, 
            412.623711, 653.036082, 412.623711, 654.355670, 
            415.262887, 654.355670, 416.582474, 655.675258, 
            417.902062, 655.675258, 420.541237, 655.675258, 
            424.500000, 655.675258, 425.819588, 655.675258, 
            428.458763, 655.675258, 432.417526, 655.675258, 
            433.737113, 656.994845, 435.056701, 656.994845, 
            436.376289, 656.994845, 437.695876, 658.314433, 
            439.015464, 658.314433, 440.335052, 659.634021, 
            440.335052, 660.953608, 440.335052, 663.592784, 
            440.335052, 670.190722, 440.335052, 672.829897, 
            437.695876, 676.788660, 433.737113, 678.108247, 
            432.417526, 679.427835, 429.778351, 682.067010, 
            427.139175, 683.386598, 425.819588, 686.025773, 
            423.180412, 688.664948, 421.860825, 691.304124, 
            419.221649, 693.943299, 416.582474, 697.902062, 
            412.623711, 699.221649, 412.623711, 700.541237, 
            409.984536, 703.180412, 407.345361, 704.500000, 
            404.706186, 705.819588, 403.386598, 707.139175, 
            402.067010, 707.139175, 400.747423, 709.778351, 
            399.427835, 711.097938, 398.108247, 712.417526, 
            396.788660, 712.417526, 395.469072, 713.737113, 
            395.469072, 713.737113, 394.149485, 713.737113, 
            392.829897, 716.376289, 384.912371, 716.376289, 
            382.273196, 716.376289, 379.634021, 716.376289, 
            378.314433, 716.376289, 376.994845, 717.695876, 
            376.994845, 719.015464, 375.675258, 719.015464, 
            374.355670, 721.654639, 374.355670, 721.654639, 
            373.036082, 722.974227, 373.036082, 724.293814, 
            373.036082, 728.252577, 371.716495, 730.891753, 
            371.716495, 730.891753, 370.396907, 730.891753, 
            369.077320, 730.891753, 367.757732, 729.572165, 
            366.438144, 729.572165, 365.118557, 725.613402, 
            361.159794, 724.293814, 359.840206, 720.335052, 
            358.520619, 717.695876, 357.201031, 716.376289, 
            357.201031, 715.056701, 357.201031, 705.819588, 
            355.881443, 700.541237, 354.561856, 697.902062, 
            353.242268, 696.582474, 353.242268, 691.304124, 
            351.922680, 687.345361, 350.603093, 684.706186, 
            350.603093, 680.747423, 349.283505, 678.108247, 
            346.644330, 676.788660, 346.644330, 672.829897, 
            344.005155, 670.190722, 342.685567, 667.551546, 
