%YAML:1.0
    mask: !!opencv-matrix
        rows: 296
        cols: 2
        dt: f
        data: [ -1.000000, -1.000000, -1.000000, 
            -1.000000, 704.500000, 320.252577, 699.221649, 
            320.252577, 696.582474, 320.252577, 691.304124, 
            320.252577, 688.664948, 320.252577, 686.025773, 
            320.252577, 682.067010, 322.891753, 680.747423, 
            324.211340, 678.108247, 325.530928, 675.469072, 
            328.170103, 668.871134, 332.128866, 667.551546, 
            334.768041, 664.912371, 337.407216, 663.592784, 
            340.046392, 663.592784, 341.365979, 660.953608, 
            342.685567, 659.634021, 344.005155, 658.314433, 
            345.324742, 658.314433, 346.644330, 656.994845, 
            347.963918, 655.675258, 347.963918, 655.675258, 
            349.283505, 655.675258, 350.603093, 656.994845, 
            350.603093, 660.953608, 351.922680, 664.912371, 
            353.242268, 666.231959, 354.561856, 670.190722, 
            355.881443, 672.829897, 357.201031, 675.469072, 
            358.520619, 680.747423, 358.520619, 687.345361, 
            358.520619, 688.664948, 358.520619, 689.984536, 
            359.840206, 691.304124, 359.840206, 692.623711, 
            359.840206, 699.221649, 361.159794, 700.541237, 
            362.479381, 700.541237, 363.798969, 699.221649, 
            363.798969, 697.902062, 366.438144, 696.582474, 
            366.438144, 693.943299, 369.077320, 692.623711, 
            369.077320, 689.984536, 370.396907, 687.345361, 
            371.716495, 686.025773, 374.355670, 678.108247, 
            375.675258, 676.788660, 375.675258, 674.149485, 
            376.994845, 671.510309, 378.314433, 666.231959, 
            379.634021, 664.912371, 380.953608, 659.634021, 
            382.273196, 656.994845, 383.592784, 654.355670, 
            383.592784, 653.036082, 383.592784, 642.479381, 
            383.592784, 635.881443, 383.592784, 630.603093, 
            383.592784, 627.963918, 383.592784, 626.644330, 
            383.592784, 625.324742, 383.592784, 624.005155, 
            384.912371, 622.685567, 384.912371, 621.365979, 
            387.551546, 620.046392, 388.871134, 618.726804, 
            390.190722, 618.726804, 394.149485, 618.726804, 
            395.469072, 617.407216, 398.108247, 614.768041, 
            400.747423, 614.768041, 402.067010, 612.128866, 
            403.386598, 608.170103, 407.345361, 605.530928, 
            407.345361, 601.572165, 408.664948, 593.654639, 
            411.304124, 592.335052, 411.304124, 591.015464, 
            411.304124, 589.695876, 411.304124, 589.695876, 
            412.623711, 588.376289, 413.943299, 588.376289, 
            415.262887, 589.695876, 416.582474, 591.015464, 
            416.582474, 591.015464, 417.902062, 592.335052, 
            419.221649, 594.974227, 423.180412, 596.293814, 
            423.180412, 598.932990, 424.500000, 601.572165, 
            425.819588, 604.211340, 427.139175, 605.530928, 
            428.458763, 608.170103, 429.778351, 612.128866, 
            432.417526, 614.768041, 432.417526, 616.087629, 
            432.417526, 621.365979, 432.417526, 624.005155, 
            432.417526, 630.603093, 432.417526, 637.201031, 
            432.417526, 645.118557, 432.417526, 651.716495, 
            432.417526, 662.273196, 432.417526, 670.190722, 
            432.417526, 679.427835, 432.417526, 683.386598, 
            432.417526, 684.706186, 432.417526, 687.345361, 
            432.417526, 691.304124, 432.417526, 697.902062, 
            431.097938, 701.860825, 429.778351, 704.500000, 
            428.458763, 707.139175, 428.458763, 708.458763, 
            428.458763, 709.778351, 425.819588, 711.097938, 
            425.819588, 712.417526, 424.500000, 715.056701, 
            420.541237, 716.376289, 420.541237, 716.376289, 
            417.902062, 717.695876, 413.943299, 720.335052, 
            408.664948, 721.654639, 403.386598, 722.974227, 
            403.386598, 722.974227, 400.747423, 725.613402, 
            387.551546, 725.613402, 386.231959, 725.613402, 
            383.592784, 725.613402, 382.273196, 726.932990, 
            378.314433, 726.932990, 375.675258, 728.252577, 
            373.036082, 728.252577, 369.077320, 730.891753, 
            357.201031, 733.530928, 354.561856, 734.850515, 
            350.603093, 736.170103, 346.644330, 736.170103, 
            345.324742, 738.809278, 334.768041, 741.448454, 
            328.170103, 742.768041, 325.530928, -1.000000, 
            -1.000000, 472.252577, 329.489691, 470.932990, 
            334.768041, 469.613402, 340.046392, 469.613402, 
            341.365979, 468.293814, 342.685567, 465.654639, 
            346.644330, 465.654639, 347.963918, 460.376289, 
            351.922680, 459.056701, 355.881443, 459.056701, 
            357.201031, 455.097938, 362.479381, 455.097938, 
            363.798969, 455.097938, 365.118557, 453.778351, 
            366.438144, 453.778351, 369.077320, 453.778351, 
            371.716495, 453.778351, 375.675258, 453.778351, 
            378.314433, 453.778351, 382.273196, 453.778351, 
            386.231959, 453.778351, 391.510309, 453.778351, 
            392.829897, 453.778351, 395.469072, 453.778351, 
            400.747423, 453.778351, 402.067010, 453.778351, 
            403.386598, 459.056701, 412.623711, 460.376289, 
            417.902062, 461.695876, 419.221649, 463.015464, 
            419.221649, 465.654639, 423.180412, 472.252577, 
            428.458763, 473.572165, 429.778351, 478.850515, 
            431.097938, 482.809278, 433.737113, 488.087629, 
            436.376289, 490.726804, 437.695876, 492.046392, 
            437.695876, 498.644330, 439.015464, 498.644330, 
            440.335052, 499.963918, 440.335052, 503.922680, 
            440.335052, 505.242268, 440.335052, 507.881443, 
            440.335052, 510.520619, 440.335052, 514.479381, 
            441.654639, 517.118557, 441.654639, 519.757732, 
            441.654639, 522.396907, 441.654639, 523.716495, 
            441.654639, 526.355670, 441.654639, 528.994845, 
            441.654639, 530.314433, 441.654639, 531.634021, 
            441.654639, 536.912371, 439.015464, 538.231959, 
            437.695876, 540.871134, 435.056701, 542.190722, 
            435.056701, 544.829897, 432.417526, 547.469072, 
            429.778351, 548.788660, 428.458763, 552.747423, 
            425.819588, 556.706186, 423.180412, 558.025773, 
            421.860825, 559.345361, 421.860825, 565.943299, 
            417.902062, 569.902062, 415.262887, 571.221649, 
            415.262887, 572.541237, 413.943299, 576.500000, 
            409.984536, 579.139175, 408.664948, 580.458763, 
            408.664948, 581.778351, 407.345361, 583.097938, 
            407.345361, 583.097938, 406.025773, 584.417526, 
            406.025773, 588.376289, 404.706186, 589.695876, 
            403.386598, 589.695876, 402.067010, 589.695876, 
            400.747423, 588.376289, 400.747423, 583.097938, 
            400.747423, 575.180412, 398.108247, 568.582474, 
            395.469072, 564.623711, 395.469072, 560.664948, 
            395.469072, 558.025773, 394.149485, 555.386598, 
            394.149485, 550.108247, 394.149485, 547.469072, 
            391.510309, 543.510309, 390.190722, 542.190722, 
            390.190722, 536.912371, 390.190722, 535.592784, 
            388.871134, 528.994845, 387.551546, 526.355670, 
            386.231959, 521.077320, 384.912371, 518.438144, 
            383.592784, 515.798969, 383.592784, 514.479381, 
            380.953608, 511.840206, 380.953608, 510.520619, 
            380.953608, 509.201031, 379.634021, 505.242268, 
            376.994845, 501.283505, 373.036082, 499.963918, 
            370.396907, 499.963918, 367.757732, 498.644330, 
            363.798969, 498.644330, 362.479381, 498.644330, 
            361.159794, 498.644330, 359.840206, 498.644330, 
            358.520619, 498.644330, 354.561856, 499.963918, 
