%YAML:1.0
    mask: !!opencv-matrix
        rows: 577
        cols: 2
        dt: f
        data: [ 2.479381, 590.768041, 7.757732, 
            586.809278, 9.077320, 585.489691, 10.396907, 
            585.489691, 13.036082, 584.170103, 16.994845, 
            582.850515, 22.273196, 581.530928, 30.190722, 
            581.530928, 39.427835, 581.530928, 47.345361, 
            581.530928, 49.984536, 581.530928, 53.943299, 
            581.530928, 64.500000, 584.170103, 75.056701, 
            586.809278, 84.293814, 590.768041, 94.850515, 
            594.726804, 98.809278, 594.726804, 100.128866, 
            596.046392, 101.448454, 596.046392, 110.685567, 
            600.005155, 115.963918, 602.644330, 122.561856, 
            605.283505, 127.840206, 606.603093, 137.077320, 
            610.561856, 138.396907, 610.561856, 142.355670, 
            613.201031, 151.592784, 615.840206, 154.231959, 
            617.159794, 156.871134, 617.159794, 162.149485, 
            618.479381, 166.108247, 618.479381, 170.067010, 
            619.798969, 176.664948, 621.118557, 177.984536, 
            621.118557, 179.304124, 621.118557, 183.262887, 
            622.438144, 185.902062, 622.438144, 188.541237, 
            622.438144, 192.500000, 622.438144, 196.458763, 
            622.438144, 201.737113, 622.438144, 205.695876, 
            622.438144, 208.335052, 621.118557, 209.654639, 
            621.118557, 209.654639, 618.479381, 209.654639, 
            617.159794, 209.654639, 615.840206, 208.335052, 
            609.242268, 208.335052, 607.922680, 203.056701, 
            600.005155, 200.417526, 596.046392, 197.778351, 
            593.407216, 193.819588, 590.768041, 191.180412, 
            589.448454, 187.221649, 588.128866, 185.902062, 
            586.809278, 174.025773, 580.211340, 172.706186, 
            580.211340, 167.427835, 577.572165, 162.149485, 
            574.932990, 154.231959, 570.974227, 143.675258, 
            565.695876, 134.438144, 560.417526, 133.118557, 
            559.097938, 129.159794, 557.778351, 129.159794, 
            556.458763, 126.520619, 555.139175, 122.561856, 
            552.500000, 117.283505, 549.860825, 115.963918, 
            548.541237, 110.685567, 544.582474, 100.128866, 
            540.623711, 92.211340, 540.623711, 88.252577, 
            537.984536, 81.654639, 535.345361, 76.376289, 
            534.025773, 68.458763, 530.067010, 64.500000, 
            528.747423, 59.221649, 526.108247, 56.582474, 
            526.108247, 55.262887, 526.108247, 53.943299, 
            524.788660, 52.623711, 524.788660, 49.984536, 
            523.469072, 48.664948, 523.469072, 47.345361, 
            522.149485, 46.025773, 522.149485, 44.706186, 
            522.149485, 44.706186, 520.829897, 43.386598, 
            520.829897, 42.067010, 520.829897, 40.747423, 
            519.510309, 38.108247, 518.190722, 36.788660, 
            518.190722, 36.788660, 516.871134, 35.469072, 
            516.871134, 34.149485, 516.871134, 34.149485, 
            515.551546, 32.829897, 515.551546, 31.510309, 
            514.231959, 30.190722, 512.912371, 30.190722, 
            511.592784, 30.190722, 508.953608, 30.190722, 
            506.314433, 30.190722, 501.036082, 30.190722, 
            499.716495, 31.510309, 498.396907, 32.829897, 
            495.757732, 36.788660, 491.798969, 38.108247, 
            490.479381, 40.747423, 489.159794, 46.025773, 
            485.201031, 49.984536, 482.561856, 51.304124, 
            482.561856, 52.623711, 482.561856, 53.943299, 
            482.561856, 55.262887, 482.561856, 60.541237, 
            483.881443, 63.180412, 485.201031, 65.819588, 
            486.520619, 69.778351, 491.798969, 76.376289, 
            497.077320, 77.695876, 498.396907, 84.293814, 
            502.355670, 86.932990, 503.675258, 92.211340, 
            504.994845, 94.850515, 504.994845, 102.768041, 
            499.716495, 104.087629, 498.396907, 106.726804, 
            497.077320, 108.046392, 494.438144, 110.685567, 
            493.118557, 113.324742, 493.118557, 114.644330, 
            491.798969, 115.963918, 491.798969, 117.283505, 
            491.798969, 119.922680, 491.798969, 123.881443, 
            493.118557, 126.520619, 495.757732, 131.798969, 
            499.716495, 137.077320, 502.355670, 148.953608, 
            512.912371, 160.829897, 522.149485, 163.469072, 
            524.788660, 170.067010, 528.747423, 176.664948, 
            534.025773, 177.984536, 535.345361, 181.943299, 
            537.984536, 185.902062, 537.984536, 192.500000, 
            537.984536, 193.819588, 537.984536, 195.139175, 
            537.984536, 195.139175, 536.664948, 197.778351, 
            532.706186, 199.097938, 527.427835, 200.417526, 
            526.108247, 201.737113, 516.871134, 201.737113, 
            510.273196, 199.097938, 503.675258, 196.458763, 
            499.716495, 191.180412, 493.118557, 189.860825, 
            491.798969, 184.582474, 486.520619, 183.262887, 
            485.201031, 180.623711, 483.881443, 175.345361, 
            479.922680, 167.427835, 474.644330, 162.149485, 
            470.685567, 158.190722, 469.365979, 150.273196, 
            462.768041, 137.077320, 453.530928, 133.118557, 
            449.572165, 129.159794, 446.932990, 127.840206, 
            444.293814, 125.201031, 442.974227, 119.922680, 
            436.376289, 115.963918, 429.778351, 112.005155, 
            425.819588, 109.365979, 423.180412, 104.087629, 
            417.902062, 100.128866, 415.262887, 94.850515, 
            412.623711, 89.572165, 409.984536, 86.932990, 
            409.984536, 84.293814, 409.984536, 80.335052, 
            409.984536, 73.737113, 409.984536, 71.097938, 
            409.984536, 68.458763, 409.984536, 64.500000, 
            408.664948, 57.902062, 404.706186, 47.345361, 
            400.747423, 39.427835, 396.788660, 35.469072, 
            395.469072, 34.149485, 394.149485, 31.510309, 
            391.510309, 30.190722, 390.190722, 26.231959, 
            388.871134, 23.592784, 387.551546, 13.036082, 
            384.912371, 11.716495, 384.912371, 9.077320, 
            384.912371, 7.757732, 384.912371, 6.438144, 
            384.912371, 5.118557, 384.912371, -1.000000, 
            -1.000000, 810.067010, 713.489691, 807.427835, 
            708.211340, 802.149485, 704.252577, 796.871134, 
            701.613402, 790.273196, 698.974227, 783.675258, 
            697.654639, 774.438144, 697.654639, 762.561856, 
            700.293814, 758.603093, 701.613402, 749.365979, 
            705.572165, 742.768041, 706.891753, 738.809278, 
            708.211340, 734.850515, 710.850515, 726.932990, 
            713.489691, 720.335052, 713.489691, 717.695876, 
            713.489691, 716.376289, 713.489691, 711.097938, 
            713.489691, 697.902062, 713.489691, 689.984536, 
            713.489691, 687.345361, 713.489691, 680.747423, 
            713.489691, 675.469072, 713.489691, 662.273196, 
            710.850515, 658.314433, 710.850515, 658.314433, 
            709.530928, 656.994845, 705.572165, 656.994845, 
            700.293814, 659.634021, 691.056701, 662.273196, 
            687.097938, 663.592784, 684.458763, 664.912371, 
            683.139175, 664.912371, 681.819588, 667.551546, 
            677.860825, 675.469072, 671.262887, 678.108247, 
            669.943299, 682.067010, 665.984536, 687.345361, 
            659.386598, 691.304124, 654.108247, 696.582474, 
            648.829897, 703.180412, 643.551546, 720.335052, 
            630.355670, 728.252577, 623.757732, 730.891753, 
            621.118557, 733.530928, 619.798969, 737.489691, 
            615.840206, 745.407216, 610.561856, 749.365979, 
            607.922680, 752.005155, 605.283505, 754.644330, 
            603.963918, 757.283505, 601.324742, 762.561856, 
            598.685567, 777.077320, 586.809278, 778.396907, 
            584.170103, 781.036082, 578.891753, 782.355670, 
