%YAML:1.0
    mask: !!opencv-matrix
        rows: 603
        cols: 2
        dt: f
        data: [ -1.000000, -1.000000, 609.771523, 
            708.049669, 611.890728, 708.049669, 616.129139, 
            708.049669, 618.248344, 708.049669, 620.367550, 
            705.930464, 624.605960, 703.811258, 628.844371, 
            701.692053, 633.082781, 699.572848, 635.201987, 
            697.453642, 639.440397, 695.334437, 641.559603, 
            693.215232, 643.678808, 693.215232, 645.798013, 
            693.215232, 647.917219, 691.096026, 650.036424, 
            688.976821, 652.155629, 686.857616, 656.394040, 
            684.738411, 656.394040, 682.619205, 658.513245, 
            682.619205, 660.632450, 680.500000, 662.751656, 
            680.500000, 666.990066, 678.380795, 669.109272, 
            676.261589, 673.347682, 674.142384, 675.466887, 
            672.023179, 675.466887, 669.903974, 679.705298, 
            669.903974, 679.705298, 667.784768, 683.943709, 
            667.784768, 683.943709, 665.665563, 686.062914, 
            665.665563, 688.182119, 663.546358, 690.301325, 
            663.546358, 692.420530, 661.427152, 696.658940, 
            659.307947, 696.658940, 657.188742, 698.778146, 
            657.188742, 700.897351, 655.069536, 703.016556, 
            655.069536, 705.135762, 652.950331, 707.254967, 
            652.950331, 711.493377, 650.831126, 713.612583, 
            648.711921, 715.731788, 646.592715, 717.850993, 
            646.592715, 722.089404, 644.473510, 726.327815, 
            640.235099, 728.447020, 640.235099, 732.685430, 
            640.235099, 732.685430, 638.115894, 734.804636, 
            638.115894, 739.043046, 638.115894, 741.162252, 
            638.115894, 747.519868, 638.115894, 749.639073, 
            638.115894, 755.996689, 635.996689, 762.354305, 
            635.996689, 768.711921, 633.877483, 772.950331, 
            633.877483, 777.188742, 633.877483, 783.546358, 
            633.877483, 785.665563, 633.877483, 789.903974, 
            633.877483, 792.023179, 633.877483, 794.142384, 
            633.877483, 796.261589, 633.877483, 800.500000, 
            633.877483, 802.619205, 633.877483, 804.738411, 
            633.877483, 811.096026, 633.877483, 815.334437, 
            633.877483, 817.453642, 635.996689, 821.692053, 
            638.115894, 825.930464, 642.354305, 830.168874, 
            644.473510, 832.288079, 648.711921, 838.645695, 
            650.831126, 840.764901, 655.069536, 845.003311, 
            657.188742, 849.241722, 661.427152, 851.360927, 
            663.546358, 855.599338, 665.665563, 857.718543, 
            667.784768, 859.837748, 669.903974, 866.195364, 
            672.023179, 870.433775, 674.142384, 874.672185, 
            676.261589, 881.029801, 678.380795, 885.268212, 
            680.500000, 891.625828, 682.619205, 893.745033, 
            682.619205, 895.864238, 684.738411, 897.983444, 
            684.738411, 900.102649, 684.738411, 904.341060, 
            686.857616, 906.460265, 686.857616, 908.579470, 
            686.857616, 910.698675, 686.857616, 912.817881, 
            688.976821, 917.056291, 688.976821, 919.175497, 
            691.096026, 921.294702, 691.096026, 923.413907, 
            693.215232, 925.533113, 693.215232, 925.533113, 
            695.334437, 925.533113, 697.453642, 925.533113, 
            699.572848, 925.533113, 703.811258, 925.533113, 
            705.930464, 925.533113, 708.049669, 925.533113, 
            710.168874, 925.533113, 712.288079, 925.533113, 
            714.407285, 925.533113, 716.526490, 925.533113, 
            718.645695, 923.413907, 718.645695, 777.188742, 
            718.645695, 768.711921, 718.645695, 762.354305, 
            718.645695, 755.996689, 718.645695, 749.639073, 
            718.645695, 745.400662, 718.645695, 743.281457, 
            718.645695, 741.162252, 718.645695, 739.043046, 
            718.645695, 734.804636, 718.645695, 730.566225, 
            718.645695, 728.447020, 718.645695, 724.208609, 
            718.645695, 722.089404, 718.645695, 717.850993, 
            718.645695, 713.612583, 718.645695, 709.374172, 
            718.645695, 705.135762, 718.645695, 698.778146, 
            718.645695, 692.420530, 718.645695, 683.943709, 
            718.645695, 677.586093, 718.645695, 671.228477, 
            718.645695, 662.751656, 718.645695, 656.394040, 
            718.645695, 650.036424, 718.645695, 643.678808, 
            718.645695, 639.440397, 718.645695, 633.082781, 
            718.645695, 626.725166, 718.645695, 620.367550, 
            718.645695, 616.129139, 718.645695, 614.009934, 
            718.645695, 609.771523, 718.645695, 607.652318, 
            718.645695, 603.413907, 718.645695, 601.294702, 
            718.645695, -1.000000, -1.000000, 859.837748, 
            178.248344, 859.837748, 182.486755, 857.718543, 
            186.725166, 855.599338, 188.844371, 853.480132, 
            190.963576, 849.241722, 193.082781, 849.241722, 
            195.201987, 845.003311, 197.321192, 845.003311, 
            199.440397, 842.884106, 199.440397, 840.764901, 
            201.559603, 838.645695, 203.678808, 838.645695, 
            205.798013, 836.526490, 205.798013, 836.526490, 
            207.917219, 836.526490, 212.155629, 834.407285, 
            212.155629, 832.288079, 216.394040, 830.168874, 
            220.632450, 828.049669, 222.751656, 828.049669, 
            224.870861, 828.049669, 226.990066, 825.930464, 
            231.228477, 825.930464, 233.347682, 823.811258, 
            235.466887, 823.811258, 237.586093, 823.811258, 
            239.705298, 823.811258, 241.824503, 823.811258, 
            243.943709, 823.811258, 246.062914, 823.811258, 
            248.182119, 825.930464, 250.301325, 825.930464, 
            252.420530, 828.049669, 252.420530, 830.168874, 
            252.420530, 832.288079, 252.420530, 834.407285, 
            252.420530, 838.645695, 252.420530, 842.884106, 
            250.301325, 849.241722, 248.182119, 859.837748, 
            243.943709, 864.076159, 241.824503, 866.195364, 
            239.705298, 868.314570, 239.705298, 870.433775, 
            237.586093, 872.552980, 235.466887, 874.672185, 
            235.466887, 876.791391, 235.466887, 878.910596, 
            233.347682, 881.029801, 231.228477, 885.268212, 
            231.228477, 889.506623, 231.228477, 891.625828, 
            229.109272, 893.745033, 229.109272, 895.864238, 
            229.109272, 897.983444, 229.109272, 902.221854, 
            229.109272, 904.341060, 229.109272, 906.460265, 
            229.109272, 908.579470, 233.347682, 908.579470, 
            235.466887, 908.579470, 237.586093, 908.579470, 
            239.705298, 908.579470, 241.824503, 908.579470, 
            243.943709, 908.579470, 246.062914, 908.579470, 
            248.182119, 908.579470, 250.301325, 906.460265, 
            250.301325, 906.460265, 252.420530, 906.460265, 
            256.658940, 904.341060, 256.658940, 904.341060, 
            258.778146, 902.221854, 260.897351, 900.102649, 
            263.016556, 900.102649, 265.135762, 897.983444, 
            267.254967, 895.864238, 271.493377, 893.745033, 
            273.612583, 891.625828, 273.612583, 891.625828, 
            275.731788, 889.506623, 275.731788, 889.506623, 
            279.970199, 889.506623, 282.089404, 887.387417, 
            282.089404, 887.387417, 284.208609, 885.268212, 
            286.327815, 885.268212, 288.447020, 885.268212, 
            292.685430, 885.268212, 294.804636, 887.387417, 
            296.923841, 889.506623, 299.043046, 893.745033, 
            299.043046, 895.864238, 301.162252, 895.864238, 
            303.281457, 900.102649, 303.281457, 904.341060, 
            305.400662, 906.460265, 305.400662, 908.579470, 
            307.519868, 910.698675, 307.519868, 912.817881, 
            307.519868, 912.817881, 309.639073, 914.937086, 
