%YAML:1.0
    mask: !!opencv-matrix
        rows: 541
        cols: 2
        dt: f
        data: [ -1.000000, -1.000000, 937.483759, 
            532.255607, 936.493813, 532.255607, 934.513921, 
            531.265661, 928.574246, 527.305878, 927.584300, 
            527.305878, 922.634571, 521.366203, 917.684841, 
            519.386311, 915.704950, 517.406419, 914.715004, 
            516.416473, 912.735112, 514.436582, 911.745166, 
            513.446636, 908.775329, 513.446636, 905.805491, 
            511.466744, 904.815545, 511.466744, 903.825599, 
            511.466744, 899.865816, 508.496906, 897.885924, 
            508.496906, 892.936195, 507.506961, 891.946249, 
            506.517015, 885.016628, 504.537123, 884.026682, 
            503.547177, 881.056845, 501.567285, 880.066899, 
            500.577340, 880.066899, 499.587394, 879.076953, 
            499.587394, 878.087007, 499.587394, 875.117169, 
            496.617556, 871.157386, 494.637664, 867.197602, 
            490.677881, 866.207657, 489.687935, 860.267981, 
            486.718097, 858.288090, 484.738206, 856.308198, 
            484.738206, 854.328306, 481.768368, 853.338360, 
            481.768368, 850.368523, 479.788476, 846.408739, 
            476.818639, 845.418794, 475.828693, 843.438902, 
            474.838747, 841.459010, 472.858855, 839.479118, 
            471.868910, 838.489172, 471.868910, 836.509281, 
            468.899072, 835.519335, 467.909126, 830.569606, 
            464.939288, 826.609822, 460.979505, 825.619876, 
            459.989559, 823.639985, 457.019722, 822.650039, 
            457.019722, 821.660093, 456.029776, 820.670147, 
            455.039830, 818.690255, 452.069992, 814.730472, 
            449.100155, 813.740526, 449.100155, 811.760634, 
            447.120263, 810.770688, 447.120263, 805.820959, 
            442.170534, 804.831013, 440.190642, 798.891338, 
            436.230858, 794.931555, 432.271075, 793.941609, 
            432.271075, 793.941609, 431.281129, 792.951663, 
            430.291183, 789.981825, 425.341454, 787.011988, 
            421.381671, 787.011988, 420.391725, 784.042150, 
            415.441995, 782.062258, 412.472158, 778.102475, 
            406.532483, 774.142691, 403.562645, 774.142691, 
            402.572699, 773.152746, 401.582753, 771.172854, 
            399.602862, 770.182908, 399.602862, 769.192962, 
            398.612916, 769.192962, 397.622970, 768.203016, 
            396.633024, 766.223125, 394.653132, 763.253287, 
            389.703403, 763.253287, 388.713457, 761.273395, 
            388.713457, 760.283449, 386.733565, 758.303558, 
            385.743619, 758.303558, 384.753674, 757.313612, 
            381.783836, 757.313612, 380.793890, 757.313612, 
            379.803944, 756.323666, 379.803944, 756.323666, 
            376.834107, 756.323666, 372.874323, 756.323666, 
            370.894432, 756.323666, 368.914540, 757.313612, 
            366.934648, 758.303558, 364.954756, 759.293503, 
            364.954756, 759.293503, 363.964811, 762.263341, 
            361.984919, 763.253287, 361.984919, 767.213070, 
            361.984919, 773.152746, 363.964811, 778.102475, 
            365.944702, 779.092421, 365.944702, 781.072312, 
            368.914540, 783.052204, 369.904486, 784.042150, 
            370.894432, 785.032096, 370.894432, 786.022042, 
            370.894432, 787.011988, 371.884377, 789.981825, 
            373.864269, 790.971771, 374.854215, 794.931555, 
            377.824053, 794.931555, 378.813998, 794.931555, 
            379.803944, 795.921500, 379.803944, 797.901392, 
            380.793890, 805.820959, 381.783836, 806.810905, 
            381.783836, 813.740526, 382.773782, 816.710363, 
            384.753674, 817.700309, 384.753674, 825.619876, 
            385.743619, 830.569606, 386.733565, 837.499227, 
            386.733565, 838.489172, 386.733565, 840.469064, 
            386.733565, 842.448956, 386.733565, 842.448956, 
            385.743619, 842.448956, 384.753674, 842.448956, 
            383.763728, 841.459010, 380.793890, 840.469064, 
            378.813998, 838.489172, 377.824053, 835.519335, 
            375.844161, 834.529389, 375.844161, 829.579660, 
            373.864269, 828.589714, 373.864269, 826.609822, 
            372.874323, 825.619876, 372.874323, 823.639985, 
            370.894432, 822.650039, 370.894432, 822.650039, 
            369.904486, 821.660093, 369.904486, 821.660093, 
            368.914540, 820.670147, 368.914540, 818.690255, 
            367.924594, 817.700309, 367.924594, 816.710363, 
            365.944702, 815.720418, 365.944702, 812.750580, 
            364.954756, 806.810905, 363.964811, 801.861176, 
            362.974865, 800.871230, 362.974865, 796.911446, 
            362.974865, 792.951663, 361.984919, 791.961717, 
            361.984919, 790.971771, 361.984919, 788.991879, 
            360.994973, 788.001933, 360.994973, 784.042150, 
            360.994973, 781.072312, 360.005027, 780.082367, 
            360.005027, 778.102475, 359.015081, 776.122583, 
            359.015081, 773.152746, 358.025135, 771.172854, 
            358.025135, 769.192962, 356.045244, 767.213070, 
            356.045244, 766.223125, 355.055298, 764.243233, 
            354.065352, 764.243233, 353.075406, 763.253287, 
            353.075406, 762.263341, 352.085460, 761.273395, 
            352.085460, 761.273395, 350.105568, 761.273395, 
            349.115623, 761.273395, 348.125677, 761.273395, 
            347.135731, 761.273395, 345.155839, 761.273395, 
            344.165893, 763.253287, 343.175947, 763.253287, 
            341.196056, 764.243233, 341.196056, 765.233179, 
            339.216164, 767.213070, 337.236272, 767.213070, 
            336.246326, 768.203016, 336.246326, 769.192962, 
            336.246326, 772.162800, 333.276489, 773.152746, 
            332.286543, 773.152746, 331.296597, 776.122583, 
            329.316705, 777.112529, 328.326759, 777.112529, 
            326.346868, 778.102475, 326.346868, 779.092421, 
            324.366976, 780.082367, 323.377030, 783.052204, 
            321.397138, 783.052204, 320.407193, 784.042150, 
            319.417247, 785.032096, 318.427301, 785.032096, 
            316.447409, 788.001933, 313.477572, 788.991879, 
            311.497680, 789.981825, 311.497680, 789.981825, 
            309.517788, 790.971771, 309.517788, 792.951663, 
            308.527842, 794.931555, 306.547951, 795.921500, 
            306.547951, 796.911446, 305.558005, 797.901392, 
            304.568059, 798.891338, 304.568059, 800.871230, 
            302.588167, 804.831013, 301.598221, 808.790797, 
            300.608275, 810.770688, 299.618329, 812.750580, 
            298.628384, 814.730472, 296.648492, 815.720418, 
            296.648492, 819.680201, 294.668600, 826.609822, 
            293.678654, 828.589714, 292.688708, 829.579660, 
            291.698763, 830.569606, 291.698763, 831.559551, 
            291.698763, 831.559551, 290.708817, 836.509281, 
            289.718871, 841.459010, 289.718871, 842.448956, 
            289.718871, 847.398685, 289.718871, 853.338360, 
            290.708817, 855.318252, 290.708817, 861.257927, 
            291.698763, 863.237819, 292.688708, 870.167440, 
            294.668600, 877.097061, 295.658546, 878.087007, 
            295.658546, 881.056845, 295.658546, 882.046790, 
            295.658546, 888.976411, 296.648492, 890.956303, 
            296.648492, 895.906032, 297.638438, 896.895978, 
            297.638438, 900.855762, 297.638438, 900.855762, 
            298.628384, 908.775329, 298.628384, 909.765275, 
            298.628384, 910.755220, 298.628384, 913.725058, 
            299.618329, 916.694896, 301.598221, 918.674787, 
            301.598221, 919.664733, 301.598221, 921.644625, 
            303.578113, 922.634571, 303.578113, 923.624517, 
            304.568059, 926.594354, 306.547951, 927.584300, 
