%YAML:1.0
    mask: !!opencv-matrix
        rows: 256
        cols: 2
        dt: f
        data: [ -1.000000, -1.000000, -1.000000, 
            -1.000000, 719.015464, 326.850515, 711.097938, 
            332.128866, 707.139175, 333.448454, 703.180412, 
            336.087629, 696.582474, 338.726804, 693.943299, 
            340.046392, 691.304124, 341.365979, 688.664948, 
            342.685567, 679.427835, 347.963918, 678.108247, 
            347.963918, 672.829897, 350.603093, 668.871134, 
            351.922680, 668.871134, 353.242268, 666.231959, 
            353.242268, 664.912371, 354.561856, 662.273196, 
            355.881443, 660.953608, 355.881443, 658.314433, 
            357.201031, 656.994845, 358.520619, 651.716495, 
            361.159794, 650.396907, 361.159794, 645.118557, 
            363.798969, 642.479381, 365.118557, 637.201031, 
            366.438144, 635.881443, 367.757732, 634.561856, 
            369.077320, 631.922680, 370.396907, 629.283505, 
            373.036082, 627.963918, 373.036082, 627.963918, 
            374.355670, 624.005155, 376.994845, 624.005155, 
            378.314433, 622.685567, 379.634021, 621.365979, 
            379.634021, 621.365979, 382.273196, 621.365979, 
            383.592784, 621.365979, 384.912371, 621.365979, 
            386.231959, 621.365979, 387.551546, 621.365979, 
            388.871134, 622.685567, 388.871134, 622.685567, 
            390.190722, 624.005155, 391.510309, 625.324742, 
            392.829897, 625.324742, 394.149485, 627.963918, 
            398.108247, 629.283505, 399.427835, 630.603093, 
            400.747423, 631.922680, 400.747423, 633.242268, 
            400.747423, 634.561856, 400.747423, 637.201031, 
            400.747423, 639.840206, 400.747423, 641.159794, 
            400.747423, 642.479381, 400.747423, 643.798969, 
            400.747423, 645.118557, 399.427835, 645.118557, 
            398.108247, 650.396907, 396.788660, 651.716495, 
            396.788660, 653.036082, 396.788660, 654.355670, 
            396.788660, 658.314433, 396.788660, 660.953608, 
            396.788660, 663.592784, 398.108247, 664.912371, 
            398.108247, 664.912371, 399.427835, 666.231959, 
            400.747423, 668.871134, 400.747423, 670.190722, 
            400.747423, 671.510309, 400.747423, 674.149485, 
            402.067010, 675.469072, 402.067010, 676.788660, 
            402.067010, 678.108247, 402.067010, 679.427835, 
            402.067010, 682.067010, 402.067010, 688.664948, 
            400.747423, 691.304124, 399.427835, 696.582474, 
            398.108247, 701.860825, 395.469072, 705.819588, 
            394.149485, 707.139175, 394.149485, 711.097938, 
            392.829897, 717.695876, 391.510309, 721.654639, 
            390.190722, 722.974227, 390.190722, 726.932990, 
            387.551546, 729.572165, 386.231959, 730.891753, 
            386.231959, 737.489691, 383.592784, 741.448454, 
            382.273196, 744.087629, 382.273196, 746.726804, 
            380.953608, 748.046392, 379.634021, 753.324742, 
            376.994845, 757.283505, 375.675258, 759.922680, 
            374.355670, 763.881443, 371.716495, 766.520619, 
            369.077320, 767.840206, 366.438144, 771.798969, 
            363.798969, 775.757732, 361.159794, 775.757732, 
            359.840206, 777.077320, 358.520619, 778.396907, 
            354.561856, 781.036082, 351.922680, 781.036082, 
            350.603093, 782.355670, 347.963918, 782.355670, 
            345.324742, 782.355670, 344.005155, 782.355670, 
            342.685567, 782.355670, 340.046392, 781.036082, 
            332.128866, 781.036082, 330.809278, 779.716495, 
            328.170103, 777.077320, 326.850515, 771.798969, 
            321.572165, 770.479381, 321.572165, 765.201031, 
            320.252577, 762.561856, 320.252577, 759.922680, 
            320.252577, 757.283505, 320.252577, 755.963918, 
            320.252577, 753.324742, 320.252577, -1.000000, 
            -1.000000, 511.840206, 259.551546, 506.561856, 
            260.871134, 505.242268, 263.510309, 503.922680, 
            264.829897, 501.283505, 267.469072, 499.963918, 
            268.788660, 499.963918, 271.427835, 498.644330, 
            272.747423, 498.644330, 275.386598, 497.324742, 
            276.706186, 497.324742, 279.345361, 496.005155, 
            280.664948, 494.685567, 284.623711, 494.685567, 
            285.943299, 494.685567, 287.262887, 493.365979, 
            291.221649, 493.365979, 292.541237, 493.365979, 
            296.500000, 493.365979, 299.139175, 493.365979, 
            300.458763, 493.365979, 301.778351, 493.365979, 
            304.417526, 493.365979, 307.056701, 493.365979, 
            309.695876, 493.365979, 314.974227, 494.685567, 
            317.613402, 496.005155, 322.891753, 498.644330, 
            329.489691, 499.963918, 330.809278, 503.922680, 
            337.407216, 505.242268, 340.046392, 506.561856, 
            342.685567, 511.840206, 350.603093, 511.840206, 
            351.922680, 513.159794, 353.242268, 514.479381, 
            354.561856, 517.118557, 358.520619, 518.438144, 
            359.840206, 521.077320, 362.479381, 523.716495, 
            365.118557, 528.994845, 370.396907, 531.634021, 
            373.036082, 532.953608, 374.355670, 532.953608, 
            375.675258, 534.273196, 376.994845, 536.912371, 
            378.314433, 540.871134, 379.634021, 542.190722, 
            379.634021, 546.149485, 380.953608, 547.469072, 
            380.953608, 550.108247, 380.953608, 552.747423, 
            380.953608, 556.706186, 380.953608, 559.345361, 
            380.953608, 563.304124, 382.273196, 564.623711, 
            382.273196, 568.582474, 382.273196, 572.541237, 
            384.912371, 575.180412, 384.912371, 577.819588, 
            386.231959, 581.778351, 386.231959, 584.417526, 
            387.551546, 588.376289, 387.551546, 593.654639, 
            387.551546, 594.974227, 387.551546, 596.293814, 
            387.551546, 597.613402, 387.551546, 600.252577, 
            384.912371, 601.572165, 380.953608, 602.891753, 
            379.634021, 604.211340, 379.634021, 609.489691, 
            376.994845, 610.809278, 376.994845, 612.128866, 
            374.355670, 614.768041, 373.036082, 616.087629, 
            371.716495, 617.407216, 370.396907, 620.046392, 
            370.396907, 621.365979, 369.077320, 621.365979, 
            367.757732, 622.685567, 366.438144, 622.685567, 
            363.798969, 622.685567, 357.201031, 622.685567, 
            355.881443, 622.685567, 354.561856, 622.685567, 
            351.922680, 620.046392, 349.283505, 617.407216, 
            344.005155, 616.087629, 342.685567, 613.448454, 
            338.726804, 610.809278, 336.087629, 608.170103, 
            332.128866, 605.530928, 328.170103, 601.572165, 
            324.211340, 600.252577, 321.572165, 598.932990, 
            318.932990, 596.293814, 314.974227, 596.293814, 
            313.654639, 594.974227, 313.654639, 592.335052, 
            309.695876, 592.335052, 308.376289, 591.015464, 
            305.737113, 591.015464, 304.417526, 589.695876, 
            301.778351, 588.376289, 297.819588, 584.417526, 
            291.221649, 581.778351, 287.262887, 580.458763, 
            284.623711, 579.139175, 281.984536, 576.500000, 
            278.025773, 575.180412, 275.386598, 572.541237, 
            270.108247, 571.221649, 267.469072, 571.221649, 
            266.149485, 568.582474, 263.510309, 567.262887, 
            260.871134, 565.943299, 260.871134, 564.623711, 
            259.551546, 558.025773, 258.231959, 556.706186, 
            256.912371, 555.386598, 256.912371, 551.427835, 
            255.592784, 544.829897, 252.953608, 543.510309, 
            252.953608, 542.190722, 252.953608, 540.871134, 
            252.953608, 538.231959, 251.634021, 536.912371, 
            251.634021]
