%YAML:1.0
    mask: !!opencv-matrix
        rows: 1225
        cols: 2
        dt: f
        data: [ 219.630435, 719.456522, 219.630435, 
            718.065217, 221.021739, 716.673913, 222.413043, 
            713.891304, 223.804348, 712.500000, 223.804348, 
            711.108696, 223.804348, 709.717391, 223.804348, 
            708.326087, 225.195652, 708.326087, 225.195652, 
            706.934783, 226.586957, 706.934783, 226.586957, 
            705.543478, 227.978261, 705.543478, 229.369565, 
            704.152174, 229.369565, 702.760870, 230.760870, 
            702.760870, 230.760870, 701.369565, 233.543478, 
            699.978261, 233.543478, 698.586957, 234.934783, 
            698.586957, 234.934783, 697.195652, 237.717391, 
            695.804348, 237.717391, 694.413043, 239.108696, 
            694.413043, 240.500000, 693.021739, 241.891304, 
            691.630435, 243.282609, 690.239130, 243.282609, 
            688.847826, 244.673913, 687.456522, 246.065217, 
            687.456522, 246.065217, 686.065217, 247.456522, 
            686.065217, 248.847826, 684.673913, 248.847826, 
            683.282609, 250.239130, 683.282609, 251.630435, 
            681.891304, 253.021739, 680.500000, 253.021739, 
            679.108696, 255.804348, 677.717391, 255.804348, 
            676.326087, 257.195652, 674.934783, 258.586957, 
            673.543478, 258.586957, 672.152174, 258.586957, 
            670.760870, 259.978261, 670.760870, 261.369565, 
            667.978261, 261.369565, 666.586957, 262.760870, 
            665.195652, 264.152174, 663.804348, 265.543478, 
            662.413043, 266.934783, 661.021739, 268.326087, 
            661.021739, 268.326087, 659.630435, 269.717391, 
            658.239130, 271.108696, 656.847826, 272.500000, 
            656.847826, 273.891304, 655.456522, 275.282609, 
            654.065217, 276.673913, 654.065217, 278.065217, 
            652.673913, 279.456522, 652.673913, 280.847826, 
            651.282609, 280.847826, 649.891304, 282.239130, 
            649.891304, 283.630435, 648.500000, 285.021739, 
            645.717391, 287.804348, 645.717391, 289.195652, 
            644.326087, 290.586957, 644.326087, 291.978261, 
            644.326087, 291.978261, 642.934783, 293.369565, 
            642.934783, 293.369565, 641.543478, 294.760870, 
            640.152174, 294.760870, 638.760870, 294.760870, 
            637.369565, 296.152174, 637.369565, 308.673913, 
            658.239130, 308.673913, 659.630435, 310.065217, 
            659.630435, 311.456522, 661.021739, 312.847826, 
            663.804348, 314.239130, 665.195652, 314.239130, 
            666.586957, 314.239130, 667.978261, 315.630435, 
            669.369565, 317.021739, 670.760870, 317.021739, 
            672.152174, 317.021739, 673.543478, 317.021739, 
            674.934783, 317.021739, 676.326087, 318.413043, 
            677.717391, 318.413043, 679.108696, 318.413043, 
            680.500000, 318.413043, 681.891304, 318.413043, 
            683.282609, 318.413043, 684.673913, 318.413043, 
            686.065217, 318.413043, 688.847826, 318.413043, 
            690.239130, 319.804348, 691.630435, 319.804348, 
            693.021739, 319.804348, 694.413043, 319.804348, 
            697.195652, 319.804348, 698.586957, 321.195652, 
            701.369565, 321.195652, 702.760870, 322.586957, 
            705.543478, 322.586957, 706.934783, 322.586957, 
            709.717391, 323.978261, 711.108696, 325.369565, 
            713.891304, 326.760870, 715.282609, 326.760870, 
            716.673913, 326.760870, 718.065217, 329.543478, 
            719.456522, 414.413043, 719.456522, 415.804348, 
            719.456522, 417.195652, 718.065217, 417.195652, 
            716.673913, 418.586957, 716.673913, 419.978261, 
            716.673913, 421.369565, 715.282609, 422.760870, 
            713.891304, 424.152174, 712.500000, 425.543478, 
            712.500000, 426.934783, 711.108696, 428.326087, 
            711.108696, 428.326087, 709.717391, 429.717391, 
            709.717391, 431.108696, 708.326087, 432.500000, 
            708.326087, 433.891304, 708.326087, 435.282609, 
            706.934783, 436.673913, 706.934783, 438.065217, 
            706.934783, 438.065217, 705.543478, 439.456522, 
            704.152174, 440.847826, 704.152174, 442.239130, 
            704.152174, 443.630435, 704.152174, 445.021739, 
            701.369565, 446.413043, 701.369565, 447.804348, 
            701.369565, 449.195652, 701.369565, 450.586957, 
            699.978261, 451.978261, 699.978261, 454.760870, 
            699.978261, 456.152174, 697.195652, 457.543478, 
            697.195652, 460.326087, 697.195652, 461.717391, 
            695.804348, 463.108696, 695.804348, 464.500000, 
            695.804348, 464.500000, 694.413043, 465.891304, 
            694.413043, 467.282609, 694.413043, 468.673913, 
            694.413043, 470.065217, 694.413043, 471.456522, 
            694.413043, 472.847826, 694.413043, 474.239130, 
            694.413043, 475.630435, 694.413043, 477.021739, 
            694.413043, 478.413043, 694.413043, 479.804348, 
            694.413043, 481.195652, 694.413043, 482.586957, 
            694.413043, 485.369565, 695.804348, 485.369565, 
            697.195652, 488.152174, 697.195652, 488.152174, 
            698.586957, 488.152174, 699.978261, 489.543478, 
            699.978261, 489.543478, 701.369565, 489.543478, 
            704.152174, 489.543478, 705.543478, 490.934783, 
            705.543478, 490.934783, 706.934783, 490.934783, 
            708.326087, 490.934783, 709.717391, 490.934783, 
            711.108696, 490.934783, 712.500000, 490.934783, 
            713.891304, 490.934783, 715.282609, 490.934783, 
            716.673913, 490.934783, 718.065217, 490.934783, 
            719.456522, -1.000000, -1.000000, 674.586957, 
            716.673913, 673.195652, 715.282609, 673.195652, 
            713.891304, 671.804348, 711.108696, 670.413043, 
            709.717391, 669.021739, 706.934783, 667.630435, 
            705.543478, 666.239130, 705.543478, 663.456522, 
            705.543478, 662.065217, 705.543478, 659.282609, 
            705.543478, 657.891304, 705.543478, 656.500000, 
            705.543478, 655.108696, 705.543478, 653.717391, 
            705.543478, 652.326087, 705.543478, 650.934783, 
            705.543478, 649.543478, 705.543478, 648.152174, 
            705.543478, 646.760870, 705.543478, 645.369565, 
            705.543478, 643.978261, 705.543478, 642.586957, 
            705.543478, 641.195652, 705.543478, 639.804348, 
            705.543478, 638.413043, 705.543478, 637.021739, 
            705.543478, 635.630435, 705.543478, 634.239130, 
            706.934783, 632.847826, 706.934783, 631.456522, 
            706.934783, 630.065217, 706.934783, 627.282609, 
            706.934783, 625.891304, 706.934783, 623.108696, 
            706.934783, 621.717391, 706.934783, 620.326087, 
            708.326087, 618.934783, 708.326087, 617.543478, 
            708.326087, 616.152174, 708.326087, 614.760870, 
            708.326087, 613.369565, 708.326087, 611.978261, 
            708.326087, 610.586957, 708.326087, 609.195652, 
            708.326087, 607.804348, 708.326087, 606.413043, 
            708.326087, 605.021739, 708.326087, 603.630435, 
            708.326087, 602.239130, 708.326087, 600.847826, 
            708.326087, 599.456522, 708.326087, 598.065217, 
            708.326087, 596.673913, 708.326087, 593.891304, 
            708.326087, 592.500000, 708.326087, 589.717391, 
            706.934783, 586.934783, 705.543478, 585.543478, 
            705.543478, 581.369565, 704.152174, 579.978261, 
            704.152174, 578.586957, 704.152174, 577.195652, 
            704.152174, 575.804348, 704.152174, 574.413043, 
            702.760870, 571.630435, 701.369565, 570.239130, 
            701.369565, 568.847826, 701.369565, 567.456522, 
