%YAML:1.0
    mask: !!opencv-matrix
        rows: 415
        cols: 2
        dt: f
        data: [ -1.000000, -1.000000, -1.000000, 
            -1.000000, 772.162800, 170.925367, 768.203016, 
            171.915313, 763.253287, 174.885151, 762.263341, 
            174.885151, 759.293503, 175.875097, 751.373937, 
            178.844934, 740.484532, 180.824826, 739.494586, 
            180.824826, 725.635344, 182.804718, 719.695669, 
            182.804718, 718.705723, 182.804718, 715.735886, 
            183.794664, 713.755994, 184.784609, 710.786156, 
            186.764501, 707.816319, 190.724285, 704.846481, 
            192.704176, 703.856535, 192.704176, 696.926914, 
            196.663960, 695.936968, 197.653906, 691.977185, 
            198.643852, 689.997293, 203.593581, 687.027456, 
            205.573473, 684.057618, 209.533256, 684.057618, 
            210.523202, 680.097834, 213.493039, 672.178268, 
            219.432715, 666.238592, 222.402552, 665.248647, 
            222.402552, 662.278809, 225.372390, 659.308971, 
            230.322119, 659.308971, 231.312065, 657.329080, 
            234.281903, 655.349188, 238.241686, 655.349188, 
            240.221578, 655.349188, 243.191415, 655.349188, 
            246.161253, 655.349188, 247.151199, 656.339134, 
            251.110982, 657.329080, 256.060712, 659.308971, 
            258.040603, 661.288863, 259.030549, 663.268755, 
            259.030549, 664.258701, 259.030549, 666.238592, 
            262.000387, 668.218484, 262.990333, 668.218484, 
            263.980278, 669.208430, 264.970224, 669.208430, 
            265.960170, 671.188322, 265.960170, 671.188322, 
            266.950116, 671.188322, 267.940062, 673.168213, 
            268.930008, 674.158159, 269.919954, 676.138051, 
            270.909899, 676.138051, 271.899845, 681.087780, 
            275.859629, 684.057618, 277.839520, 686.037510, 
            279.819412, 686.037510, 280.809358, 686.037510, 
            282.789250, 689.007347, 284.769142, 689.007347, 
            285.759087, 689.997293, 287.738979, 690.987239, 
            287.738979, 693.957077, 288.728925, 696.926914, 
            288.728925, 696.926914, 287.738979, 698.906806, 
            286.749033, 703.856535, 285.759087, 704.846481, 
            285.759087, 705.836427, 285.759087, 709.796210, 
            284.769142, 711.776102, 284.769142, 713.755994, 
            280.809358, 714.745940, 279.819412, 714.745940, 
            278.829466, 715.735886, 277.839520, 716.725831, 
            275.859629, 717.715777, 273.879737, 717.715777, 
            272.889791, 719.695669, 272.889791, 720.685615, 
            271.899845, 721.675561, 271.899845, 721.675561, 
            270.909899, 722.665507, 270.909899, 723.655452, 
            270.909899, 725.635344, 270.909899, 726.625290, 
            270.909899, 727.615236, 272.889791, 728.605182, 
            273.879737, 728.605182, 274.869683, 728.605182, 
            275.859629, 729.595128, 275.859629, 729.595128, 
            276.849575, 729.595128, 277.839520, 731.575019, 
            279.819412, 731.575019, 280.809358, 733.554911, 
            284.769142, 734.544857, 286.749033, 735.534803, 
            287.738979, 736.524749, 287.738979, 736.524749, 
            288.728925, 736.524749, 289.718871, 739.494586, 
            293.678654, 739.494586, 294.668600, 739.494586, 
            295.658546, 740.484532, 295.658546, 741.474478, 
            295.658546, 742.464424, 295.658546, 745.434261, 
            296.648492, 745.434261, 297.638438, 749.394045, 
            297.638438, 751.373937, 297.638438, 753.353828, 
            299.618329, 754.343774, 299.618329, 756.323666, 
            299.618329, 757.313612, 299.618329, 760.283449, 
            299.618329, 761.273395, 299.618329, 764.243233, 
            300.608275, 765.233179, 300.608275, 769.192962, 
            300.608275, 772.162800, 300.608275, 773.152746, 
            299.618329, 774.142691, 298.628384, 775.132637, 
            296.648492, 776.122583, 292.688708, 776.122583, 
            291.698763, 776.122583, 288.728925, 776.122583, 
            287.738979, 777.112529, 286.749033, 779.092421, 
            283.779196, 779.092421, 282.789250, 781.072312, 
            281.799304, 781.072312, 280.809358, 787.011988, 
            280.809358, 788.001933, 280.809358, 791.961717, 
            280.809358, 792.951663, 280.809358, 793.941609, 
            280.809358, 794.931555, 282.789250, 795.921500, 
            282.789250, 796.911446, 283.779196, 797.901392, 
            285.759087, 797.901392, 286.749033, 798.891338, 
            287.738979, 799.881284, 287.738979, 799.881284, 
            289.718871, 799.881284, 290.708817, 799.881284, 
            291.698763, 799.881284, 293.678654, 799.881284, 
            294.668600, 799.881284, 295.658546, 801.861176, 
            297.638438, 803.841067, 297.638438, 808.790797, 
            297.638438, 809.780742, 297.638438, 815.720418, 
            295.658546, 816.710363, 295.658546, 817.700309, 
            294.668600, 817.700309, 293.678654, 817.700309, 
            292.688708, 818.690255, 292.688708, 818.690255, 
            291.698763, 819.680201, 290.708817, 819.680201, 
            289.718871, 820.670147, 289.718871, 820.670147, 
            288.728925, 820.670147, 287.738979, 820.670147, 
            286.749033, 822.650039, 283.779196, 823.639985, 
            283.779196, 824.629930, 282.789250, 826.609822, 
            279.819412, 828.589714, 279.819412, 830.569606, 
            276.849575, 830.569606, 275.859629, 832.549497, 
            274.869683, 833.539443, 272.889791, 834.529389, 
            269.919954, 835.519335, 268.930008, 837.499227, 
            265.960170, 839.479118, 262.990333, 839.479118, 
            262.000387, 840.469064, 259.030549, 841.459010, 
            257.050657, 842.448956, 257.050657, 842.448956, 
            256.060712, 843.438902, 256.060712, 845.418794, 
            251.110982, 847.398685, 245.171307, 847.398685, 
            241.211524, 848.388631, 234.281903, 848.388631, 
            229.332173, 850.368523, 223.392498, 850.368523, 
            220.422660, 850.368523, 219.432715, 850.368523, 
            213.493039, 849.378577, 212.503094, 849.378577, 
            209.533256, 848.388631, 208.543310, 847.398685, 
            202.603635, 846.408739, 199.633797, 846.408739, 
            198.643852, 843.438902, 192.704176, 841.459010, 
            190.724285, 841.459010, 189.734339, 840.469064, 
            189.734339, 833.539443, 187.754447, 827.599768, 
            185.774555, 819.680201, 182.804718, 818.690255, 
            182.804718, 806.810905, 179.834880, 805.820959, 
            178.844934, 795.921500, 172.905259, 794.931555, 
            172.905259, 793.941609, 172.905259, 786.022042, 
            172.905259, 786.022042, 171.915313, 782.062258, 
            171.915313, 778.102475, 170.925367, 777.112529, 
            169.935422, 776.122583, 169.935422, -1.000000, 
            -1.000000, 414.792343, 149.146558, 412.812452, 
            152.116396, 410.832560, 155.086234, 409.842614, 
            156.076179, 408.852668, 159.046017, 404.892885, 
            163.005800, 403.902939, 163.995746, 401.923047, 
            167.955530, 401.923047, 168.945476, 394.993426, 
            174.885151, 393.013534, 179.834880, 390.043697, 
            183.794664, 387.073859, 189.734339, 386.083913, 
            190.724285, 383.114076, 194.684068, 382.124130, 
            195.674014, 379.154292, 198.643852, 379.154292, 
            199.633797, 377.174401, 203.593581, 377.174401, 
            204.583527, 376.184455, 208.543310, 375.194509, 
            209.533256, 374.204563, 215.472931, 374.204563, 
            216.462877, 375.194509, 220.422660, 376.184455, 
            221.412606, 376.184455, 226.362336, 376.184455, 
            227.352282, 376.184455, 231.312065, 376.184455, 
            232.302011, 376.184455, 237.251740, 376.184455, 
            242.201469, 376.184455, 243.191415, 377.174401, 
