%YAML:1.0
    mask: !!opencv-matrix
        rows: 116
        cols: 2
        dt: f
        data: [ -1.000000, -1.000000, -1.000000, 
            -1.000000, -1.000000, -1.000000, 463.015464, 
            185.654639, 464.335052, 193.572165, 472.252577, 
            204.128866, 478.850515, 213.365979, 482.809278, 
            217.324742, 494.685567, 234.479381, 497.324742, 
            238.438144, 501.283505, 243.716495, 502.603093, 
            245.036082, 503.922680, 247.675258, 507.881443, 
            254.273196, 509.201031, 256.912371, 511.840206, 
            262.190722, 513.159794, 264.829897, 515.798969, 
            268.788660, 517.118557, 270.108247, 519.757732, 
            272.747423, 525.036082, 276.706186, 525.036082, 
            278.025773, 527.675258, 278.025773, 528.994845, 
            278.025773, 530.314433, 278.025773, 531.634021, 
            278.025773, 532.953608, 278.025773, 534.273196, 
            278.025773, 535.592784, 278.025773, 535.592784, 
            276.706186, 535.592784, 275.386598, 532.953608, 
            262.190722, 530.314433, 252.953608, 530.314433, 
            250.314433, 527.675258, 243.716495, 527.675258, 
            239.757732, 527.675258, 237.118557, 527.675258, 
            234.479381, 539.551546, 233.159794, 542.190722, 
            233.159794, 546.149485, 235.798969, 547.469072, 
            238.438144, 548.788660, 238.438144, 551.427835, 
            242.396907, 555.386598, 247.675258, 564.623711, 
            256.912371, 565.943299, 259.551546, 568.582474, 
            268.788660, 572.541237, 276.706186, 572.541237, 
            279.345361, 572.541237, 284.623711, 573.860825, 
            287.262887, 573.860825, 291.221649, 575.180412, 
            292.541237, 577.819588, 300.458763, 580.458763, 
            303.097938, 583.097938, 304.417526, 584.417526, 
            304.417526, 593.654639, 305.737113, 598.932990, 
            305.737113, 601.572165, 305.737113, 604.211340, 
            305.737113, 618.726804, 305.737113, 620.046392, 
            305.737113, 622.685567, 304.417526, 624.005155, 
            303.097938, 625.324742, 301.778351, 626.644330, 
            299.139175, 627.963918, 297.819588, 629.283505, 
            295.180412, 629.283505, 289.902062, 629.283505, 
            283.304124, 629.283505, 275.386598, 626.644330, 
            266.149485, 622.685567, 259.551546, 620.046392, 
            251.634021, 618.726804, 248.994845, 617.407216, 
            242.396907, 606.850515, 226.561856, 605.530928, 
            222.603093, 604.211340, 219.963918, 604.211340, 
            218.644330, 604.211340, 217.324742, 601.572165, 
            214.685567, 597.613402, 210.726804, 594.974227, 
            208.087629, 589.695876, 201.489691, 585.737113, 
            193.572165, 585.737113, 190.932990, 584.417526, 
            188.293814, 583.097938, 185.654639, 580.458763, 
            183.015464, 579.139175, 180.376289, 575.180412, 
            173.778351, 568.582474, 169.819588, 567.262887, 
            168.500000, 565.943299, 167.180412, 563.304124, 
            164.541237, 556.706186, 161.902062, 554.067010, 
            161.902062, 550.108247, 161.902062, 547.469072, 
            160.582474, 540.871134, 160.582474, 536.912371, 
            160.582474, 532.953608, 160.582474, 531.634021, 
            160.582474, 527.675258, 160.582474, 526.355670, 
            160.582474, 521.077320, 160.582474, 518.438144, 
            160.582474, 514.479381, 160.582474, 511.840206, 
            160.582474, 507.881443, 160.582474, 506.561856, 
            160.582474, 505.242268, 161.902062, 502.603093, 
            163.221649]
