%YAML:1.0
    mask: !!opencv-matrix
        rows: 491
        cols: 2
        dt: f
        data: [ -1.000000, -1.000000, -1.000000, 
            -1.000000, 742.818145, 409.612710, 741.794964, 
            409.612710, 739.748601, 411.659073, 734.632694, 
            414.728617, 732.586331, 415.751799, 730.539968, 
            417.798161, 728.493605, 419.844524, 726.447242, 
            420.867706, 724.400879, 420.867706, 720.308153, 
            424.960432, 718.261791, 425.983613, 717.238609, 
            427.006795, 716.215428, 427.006795, 711.099520, 
            431.099520, 709.053157, 434.169065, 707.006795, 
            435.192246, 707.006795, 436.215428, 705.983613, 
            437.238609, 704.960432, 438.261791, 704.960432, 
            440.308153, 702.914069, 442.354516, 700.867706, 
            444.400879, 699.844524, 446.447242, 696.774980, 
            449.516787, 694.728617, 451.563149, 690.635891, 
            453.609512, 689.612710, 455.655875, 687.566347, 
            456.679057, 685.519984, 458.725420, 683.473621, 
            461.794964, 681.427258, 463.841327, 680.404077, 
            465.887690, 678.357714, 468.957234, 677.334532, 
            469.980416, 675.288169, 472.026779, 674.264988, 
            474.073141, 674.264988, 475.096323, 674.264988, 
            476.119504, 673.241807, 478.165867, 671.195444, 
            480.212230, 671.195444, 482.258593, 669.149081, 
            485.328137, 667.102718, 487.374500, 665.056355, 
            490.444045, 664.033173, 492.490408, 663.009992, 
            493.513589, 663.009992, 495.559952, 663.009992, 
            497.606315, 663.009992, 498.629496, 663.009992, 
            500.675859, 665.056355, 500.675859, 671.195444, 
            496.583133, 678.357714, 494.536771, 681.427258, 
            493.513589, 684.496803, 492.490408, 688.589528, 
            489.420863, 690.635891, 487.374500, 691.659073, 
            487.374500, 694.728617, 485.328137, 695.751799, 
            484.304956, 696.774980, 484.304956, 700.867706, 
            480.212230, 704.960432, 478.165867, 705.983613, 
            478.165867, 709.053157, 477.142686, 710.076339, 
            477.142686, 715.192246, 476.119504, 719.284972, 
            476.119504, 720.308153, 476.119504, 721.331335, 
            477.142686, 721.331335, 478.165867, 721.331335, 
            484.304956, 722.354516, 489.420863, 722.354516, 
            496.583133, 722.354516, 502.722222, 722.354516, 
            509.884492, 722.354516, 515.000400, 721.331335, 
            518.069944, 721.331335, 522.162670, 720.308153, 
            524.209033, 720.308153, 526.255396, 720.308153, 
            529.324940, 720.308153, 530.348122, 720.308153, 
            534.440847, 720.308153, 536.487210, 720.308153, 
            539.556755, 720.308153, 541.603118, 720.308153, 
            545.695843, 721.331335, 548.765388, 721.331335, 
            550.811751, 721.331335, 554.904476, 722.354516, 
            556.950839, 723.377698, 558.997202, 723.377698, 
            562.066747, 724.400879, 563.089928, 725.424061, 
            565.136291, 726.447242, 566.159472, 728.493605, 
            568.205835, 729.516787, 569.229017, 730.539968, 
            569.229017, 731.563149, 567.182654, 732.586331, 
            566.159472, 734.632694, 563.089928, 734.632694, 
            561.043565, 736.679057, 555.927658, 737.702238, 
            550.811751, 740.771783, 544.672662, 741.794964, 
            541.603118, 742.818145, 539.556755, 743.841327, 
            536.487210, 745.887690, 533.417666, 746.910871, 
            529.324940, 747.934053, 527.278577, 748.957234, 
            525.232214, 748.957234, 524.209033, 749.980416, 
            522.162670, 751.003597, 521.139488, 752.026779, 
            520.116307, 752.026779, 519.093125, 753.049960, 
            519.093125, 754.073141, 520.116307, 755.096323, 
            521.139488, 756.119504, 525.232214, 757.142686, 
            529.324940, 758.165867, 530.348122, 759.189049, 
            534.440847, 760.212230, 539.556755, 761.235412, 
            543.649480, 761.235412, 547.742206, 761.235412, 
            548.765388, 761.235412, 553.881295, 761.235412, 
            558.997202, 761.235412, 560.020384, 761.235412, 
            565.136291, 761.235412, 566.159472, 761.235412, 
            567.182654, 761.235412, 570.252198, 761.235412, 
            573.321743, 762.258593, 573.321743, 762.258593, 
            574.344924, 762.258593, 575.368106, 763.281775, 
            576.391287, 764.304956, 576.391287, 765.328137, 
            576.391287, 766.351319, 576.391287, 767.374500, 
            576.391287, 769.420863, 576.391287, 770.444045, 
            576.391287, 770.444045, 577.414468, 772.490408, 
            577.414468, 773.513589, 577.414468, 774.536771, 
            575.368106, 775.559952, 575.368106, 775.559952, 
            574.344924, 776.583133, 573.321743, 779.652678, 
            570.252198, 780.675859, 569.229017, 780.675859, 
            567.182654, 780.675859, 566.159472, 781.699041, 
            563.089928, 781.699041, 562.066747, 781.699041, 
            560.020384, 781.699041, 558.997202, 782.722222, 
            556.950839, 783.745404, 552.858114, 783.745404, 
            551.834932, 784.768585, 546.719025, 784.768585, 
            544.672662, 785.791767, 542.626299, 786.814948, 
            540.579936, 786.814948, 539.556755, 786.814948, 
            537.510392, 786.814948, 536.487210, 787.838129, 
            533.417666, 788.861311, 533.417666, 788.861311, 
            531.371303, 789.884492, 531.371303, 790.907674, 
            534.440847, 791.930855, 540.579936, 795.000400, 
            545.695843, 798.069944, 551.834932, 799.093125, 
            555.927658, 801.139488, 557.974021, 801.139488, 
            562.066747, 802.162670, 565.136291, 804.209033, 
            568.205835, 804.209033, 569.229017, 804.209033, 
            570.252198, 805.232214, 570.252198, 806.255396, 
            570.252198, 807.278577, 570.252198, 808.301759, 
            570.252198, 809.324940, 570.252198, 810.348122, 
            569.229017, 811.371303, 569.229017, 812.394484, 
            568.205835, 814.440847, 567.182654, 814.440847, 
            566.159472, 815.464029, 565.136291, 815.464029, 
            564.113110, 815.464029, 563.089928, 815.464029, 
            562.066747, 816.487210, 560.020384, 816.487210, 
            557.974021, 816.487210, 556.950839, 816.487210, 
            555.927658, 816.487210, 553.881295, 816.487210, 
            551.834932, 816.487210, 550.811751, 817.510392, 
            546.719025, 818.533573, 542.626299, 819.556755, 
            538.533573, 819.556755, 537.510392, 820.579936, 
            533.417666, 820.579936, 531.371303, 820.579936, 
            529.324940, 820.579936, 528.301759, 820.579936, 
            527.278577, 820.579936, 526.255396, 820.579936, 
            525.232214, 819.556755, 524.209033, 819.556755, 
            523.185851, 819.556755, 522.162670, 820.579936, 
            522.162670, 822.626299, 522.162670, 824.672662, 
            523.185851, 828.765388, 524.209033, 829.788569, 
            525.232214, 831.834932, 528.301759, 835.927658, 
            531.371303, 838.997202, 534.440847, 844.113110, 
            539.556755, 845.136291, 541.603118, 846.159472, 
            542.626299, 848.205835, 544.672662, 849.229017, 
            547.742206, 851.275380, 548.765388, 853.321743, 
            548.765388, 854.344924, 548.765388, 856.391287, 
            546.719025, 858.437650, 545.695843, 858.437650, 
            543.649480, 859.460831, 542.626299, 859.460831, 
            541.603118, 859.460831, 540.579936, 859.460831, 
            539.556755, 859.460831, 536.487210, 859.460831, 
            535.464029, 859.460831, 534.440847, 858.437650, 
            532.394484, 858.437650, 531.371303, 857.414468, 
            529.324940, 857.414468, 527.278577, 856.391287, 
            526.255396, 856.391287, 521.139488, 855.368106, 
