%YAML:1.0
    mask: !!opencv-matrix
        rows: 1156
        cols: 2
        dt: f
        data: [ 413.353717, 561.043565, 414.376898, 
            561.043565, 416.423261, 558.997202, 418.469624, 
            556.950839, 420.515987, 554.904476, 423.585532, 
            549.788569, 426.655076, 545.695843, 428.701439, 
            545.695843, 430.747802, 542.626299, 433.817346, 
            537.510392, 436.886890, 533.417666, 438.933253, 
            531.371303, 439.956435, 529.324940, 442.002798, 
            527.278577, 442.002798, 525.232214, 443.025979, 
            524.209033, 444.049161, 522.162670, 445.072342, 
            520.116307, 446.095524, 517.046763, 448.141886, 
            515.000400, 448.141886, 513.977218, 449.165068, 
            511.930855, 452.234612, 505.791767, 454.280975, 
            500.675859, 456.327338, 496.583133, 457.350520, 
            494.536771, 459.396882, 492.490408, 459.396882, 
            491.467226, 461.443245, 488.397682, 461.443245, 
            487.374500, 462.466427, 485.328137, 464.512790, 
            483.281775, 465.535971, 480.212230, 465.535971, 
            479.189049, 465.535971, 477.142686, 469.628697, 
            474.073141, 470.651878, 471.003597, 472.698241, 
            467.934053, 474.744604, 465.887690, 475.767786, 
            463.841327, 477.814149, 461.794964, 478.837330, 
            459.748601, 479.860512, 457.702238, 480.883693, 
            455.655875, 481.906875, 454.632694, 481.906875, 
            453.609512, 482.930056, 451.563149, 483.953237, 
            449.516787, 484.976419, 446.447242, 485.999600, 
            443.377698, 487.022782, 441.331335, 488.045963, 
            440.308153, 490.092326, 437.238609, 492.138689, 
            432.122702, 494.185052, 428.029976, 498.277778, 
            421.890887, 501.347322, 416.774980, 501.347322, 
            415.751799, 503.393685, 412.682254, 505.440048, 
            409.612710, 506.463229, 407.566347, 507.486411, 
            404.496803, 508.509592, 403.473621, 509.532774, 
            402.450440, 510.555955, 401.427258, 511.579137, 
            400.404077, 513.625500, 398.357714, 515.671863, 
            397.334532, 517.718225, 396.311351, 518.741407, 
            395.288169, 521.810951, 394.264988, 523.857314, 
            393.241807, 525.903677, 390.172262, 527.950040, 
            389.149081, 528.973221, 388.125899, 529.996403, 
            387.102718, 531.019584, 387.102718, 532.042766, 
            386.079536, 535.112310, 386.079536, 536.135492, 
            385.056355, 537.158673, 384.033173, 538.181855, 
            384.033173, 539.205036, 383.009992, 541.251399, 
            380.963629, 543.297762, 379.940448, 545.344125, 
            378.917266, 548.413669, 377.894085, 550.460032, 
            376.870903, 551.483213, 376.870903, 552.506395, 
            376.870903, 553.529576, 375.847722, 554.552758, 
            375.847722, 556.599121, 374.824540, 558.645484, 
            374.824540, 560.691847, 374.824540, 563.761391, 
            374.824540, 564.784572, 374.824540, 566.830935, 
            374.824540, 567.854117, 375.847722, 570.923661, 
            375.847722, 570.923661, 376.870903, 572.970024, 
            377.894085, 576.039568, 379.940448, 577.062750, 
            380.963629, 578.085931, 381.986811, 580.132294, 
            383.009992, 581.155476, 384.033173, 584.225020, 
            386.079536, 586.271383, 388.125899, 588.317746, 
            389.149081, 590.364109, 390.172262, 593.433653, 
            392.218625, 594.456835, 393.241807, 596.503197, 
            395.288169, 599.572742, 397.334532, 600.595923, 
            398.357714, 604.688649, 401.427258, 606.735012, 
            403.473621, 607.758193, 403.473621, 609.804556, 
            404.496803, 610.827738, 406.543165, 612.874101, 
            407.566347, 613.897282, 408.589528, 615.943645, 
            410.635891, 617.990008, 413.705436, 621.059552, 
            416.774980, 623.105915, 419.844524, 624.129097, 
            420.867706, 624.129097, 421.890887, 625.152278, 
            423.937250, 627.198641, 425.983613, 628.221823, 
            428.029976, 629.245004, 428.029976, 630.268185, 
            430.076339, 631.291367, 432.122702, 632.314548, 
            433.145883, 633.337730, 434.169065, 633.337730, 
            435.192246, 634.360911, 436.215428, 634.360911, 
            438.261791, 635.384093, 439.284972, 635.384093, 
            441.331335, 635.384093, 442.354516, 635.384093, 
            443.377698, 633.337730, 444.400879, 632.314548, 
            445.424061, 629.245004, 445.424061, 626.175460, 
            446.447242, 624.129097, 447.470424, 622.082734, 
            447.470424, 620.036371, 447.470424, 616.966827, 
            447.470424, 613.897282, 448.493605, 612.874101, 
            449.516787, 609.804556, 449.516787, 607.758193, 
            450.539968, 604.688649, 451.563149, 603.665468, 
            452.586331, 600.595923, 453.609512, 598.549560, 
            455.655875, 596.503197, 456.679057, 594.456835, 
            457.702238, 591.387290, 459.748601, 590.364109, 
            461.794964, 587.294564, 464.864508, 587.294564, 
            465.887690, 586.271383, 466.910871, 586.271383, 
            467.934053, 585.248201, 469.980416, 585.248201, 
            473.049960, 584.225020, 474.073141, 584.225020, 
            475.096323, 584.225020, 477.142686, 584.225020, 
            478.165867, 582.178657, 480.212230, 582.178657, 
            481.235412, 581.155476, 483.281775, 581.155476, 
            485.328137, 581.155476, 486.351319, 580.132294, 
            487.374500, 579.109113, 490.444045, 578.085931, 
            492.490408, 578.085931, 495.559952, 577.062750, 
            496.583133, 577.062750, 497.606315, 577.062750, 
            500.675859, 577.062750, 502.722222, 577.062750, 
            505.791767, 577.062750, 506.814948, 577.062750, 
            508.861311, 579.109113, 508.861311, 579.109113, 
            509.884492, 580.132294, 510.907674, 581.155476, 
            511.930855, 582.178657, 512.954037, 584.225020, 
            515.000400, 585.248201, 516.023581, 586.271383, 
            516.023581, 587.294564, 518.069944, 588.317746, 
            519.093125, 589.340927, 521.139488, 590.364109, 
            521.139488, 591.387290, 521.139488, 592.410472, 
            521.139488, 593.433653, 520.116307, 594.456835, 
            519.093125, 596.503197, 517.046763, 597.526379, 
            516.023581, 599.572742, 515.000400, 600.595923, 
            513.977218, 602.642286, 513.977218, 605.711831, 
            512.954037, 606.735012, 511.930855, 608.781375, 
            511.930855, 609.804556, 510.907674, 611.850919, 
            509.884492, 612.874101, 509.884492, 614.920464, 
            508.861311, 615.943645, 507.838129, 617.990008, 
            507.838129, 621.059552, 506.814948, 623.105915, 
            505.791767, 625.152278, 504.768585, 626.175460, 
            503.745404, 628.221823, 502.722222, 629.245004, 
            502.722222, 632.314548, 501.699041, 635.384093, 
            500.675859, 637.430456, 500.675859, 638.453637, 
            499.652678, 639.476819, 499.652678, 641.523181, 
            497.606315, 644.592726, 496.583133, 647.662270, 
            496.583133, 649.708633, 494.536771, 651.754996, 
            494.536771, 652.778177, 492.490408, 654.824540, 
            492.490408, 656.870903, 491.467226, 658.917266, 
            491.467226, 659.940448, 491.467226, 660.963629, 
            491.467226, 664.033173, 489.420863, 666.079536, 
            489.420863, 668.125899, 489.420863, 669.149081, 
            489.420863, 670.172262, 489.420863, 670.172262, 
            490.444045, 672.218625, 491.467226, 673.241807, 
            491.467226, 673.241807, 493.513589, 675.288169, 
            495.559952, 675.288169, 496.583133, 675.288169, 
            497.606315, 675.288169, 499.652678, 675.288169, 
            500.675859, 674.264988, 502.722222, 672.218625, 
