%YAML:1.0
    mask: !!opencv-matrix
        rows: 1335
        cols: 2
        dt: f
        data: [ 1.559603, 415.599338, 3.678808, 
            413.480132, 7.917219, 413.480132, 10.036424, 
            411.360927, 14.274834, 409.241722, 16.394040, 
            409.241722, 18.513245, 407.122517, 20.632450, 
            405.003311, 22.751656, 405.003311, 24.870861, 
            402.884106, 29.109272, 402.884106, 31.228477, 
            400.764901, 33.347682, 400.764901, 35.466887, 
            400.764901, 37.586093, 398.645695, 48.182119, 
            396.526490, 52.420530, 396.526490, 58.778146, 
            396.526490, 60.897351, 394.407285, 63.016556, 
            394.407285, 67.254967, 394.407285, 69.374172, 
            394.407285, 71.493377, 394.407285, 73.612583, 
            394.407285, 77.850993, 394.407285, 79.970199, 
            394.407285, 84.208609, 392.288079, 92.685430, 
            392.288079, 99.043046, 392.288079, 101.162252, 
            392.288079, 103.281457, 392.288079, 105.400662, 
            392.288079, 107.519868, 392.288079, 109.639073, 
            392.288079, 113.877483, 392.288079, 115.996689, 
            392.288079, 118.115894, 392.288079, 120.235099, 
            392.288079, 122.354305, 392.288079, 124.473510, 
            392.288079, 126.592715, 392.288079, 128.711921, 
            392.288079, 130.831126, 392.288079, 132.950331, 
            392.288079, 135.069536, 392.288079, 137.188742, 
            392.288079, 139.307947, 392.288079, 141.427152, 
            392.288079, 143.546358, 392.288079, 145.665563, 
            392.288079, 147.784768, 392.288079, 149.903974, 
            394.407285, 154.142384, 394.407285, 156.261589, 
            394.407285, 160.500000, 394.407285, 164.738411, 
            394.407285, 168.976821, 396.526490, 171.096026, 
            398.645695, 173.215232, 398.645695, 177.453642, 
            400.764901, 179.572848, 402.884106, 181.692053, 
            405.003311, 183.811258, 405.003311, 185.930464, 
            405.003311, 188.049669, 405.003311, 188.049669, 
            407.122517, 190.168874, 407.122517, 192.288079, 
            407.122517, 194.407285, 409.241722, 196.526490, 
            409.241722, 198.645695, 411.360927, 200.764901, 
            411.360927, 202.884106, 411.360927, 205.003311, 
            411.360927, 207.122517, 413.480132, 209.241722, 
            413.480132, 211.360927, 413.480132, 213.480132, 
            413.480132, 217.718543, 413.480132, 219.837748, 
            413.480132, 224.076159, 413.480132, 226.195364, 
            413.480132, 230.433775, 415.599338, 234.672185, 
            415.599338, 238.910596, 417.718543, 243.149007, 
            417.718543, 249.506623, 421.956954, 253.745033, 
            421.956954, 255.864238, 426.195364, 260.102649, 
            426.195364, 262.221854, 426.195364, 264.341060, 
            428.314570, 266.460265, 428.314570, 268.579470, 
            430.433775, 270.698675, 432.552980, 274.937086, 
            432.552980, 277.056291, 434.672185, 281.294702, 
            436.791391, 285.533113, 438.910596, 287.652318, 
            438.910596, 289.771523, 441.029801, 294.009934, 
            443.149007, 296.129139, 443.149007, 298.248344, 
            445.268212, 300.367550, 445.268212, 302.486755, 
            447.387417, 304.605960, 447.387417, 306.725166, 
            447.387417, 308.844371, 449.506623, 310.963576, 
            451.625828, 313.082781, 451.625828, 315.201987, 
            453.745033, 317.321192, 453.745033, 319.440397, 
            453.745033, 319.440397, 455.864238, 323.678808, 
            457.983444, 327.917219, 457.983444, 327.917219, 
            460.102649, 330.036424, 460.102649, 330.036424, 
            462.221854, 334.274834, 464.341060, 336.394040, 
            466.460265, 338.513245, 468.579470, 340.632450, 
            470.698675, 342.751656, 472.817881, 344.870861, 
            474.937086, 346.990066, 474.937086, 346.990066, 
            477.056291, 349.109272, 479.175497, 351.228477, 
            481.294702, 355.466887, 483.413907, 355.466887, 
            485.533113, 357.586093, 485.533113, 359.705298, 
            487.652318, 361.824503, 489.771523, 363.943709, 
            489.771523, 366.062914, 491.890728, 366.062914, 
            494.009934, 368.182119, 494.009934, 368.182119, 
            496.129139, 370.301325, 496.129139, 372.420530, 
            498.248344, 374.539735, 500.367550, 374.539735, 
            502.486755, 374.539735, 504.605960, 374.539735, 
            506.725166, 374.539735, 508.844371, 376.658940, 
            510.963576, 376.658940, 513.082781, 376.658940, 
            515.201987, 376.658940, 517.321192, 376.658940, 
            519.440397, 376.658940, 521.559603, 374.539735, 
            521.559603, 374.539735, 523.678808, 372.420530, 
            523.678808, 370.301325, 525.798013, 368.182119, 
            527.917219, 366.062914, 527.917219, 363.943709, 
            530.036424, 361.824503, 530.036424, 359.705298, 
            530.036424, 357.586093, 530.036424, 355.466887, 
            530.036424, 353.347682, 532.155629, 351.228477, 
            532.155629, 349.109272, 532.155629, 346.990066, 
            532.155629, 342.751656, 532.155629, 340.632450, 
            532.155629, 338.513245, 532.155629, 336.394040, 
            532.155629, 334.274834, 532.155629, 330.036424, 
            530.036424, 325.798013, 527.917219, 323.678808, 
            527.917219, 321.559603, 527.917219, 319.440397, 
            527.917219, 317.321192, 525.798013, 315.201987, 
            525.798013, 313.082781, 525.798013, 310.963576, 
            525.798013, 308.844371, 523.678808, 306.725166, 
            523.678808, 304.605960, 521.559603, 302.486755, 
            521.559603, 300.367550, 521.559603, 298.248344, 
            521.559603, 296.129139, 521.559603, 296.129139, 
            519.440397, 294.009934, 519.440397, 291.890728, 
            519.440397, 287.652318, 517.321192, 285.533113, 
            517.321192, 283.413907, 517.321192, 281.294702, 
            515.201987, 279.175497, 515.201987, 277.056291, 
            515.201987, 274.937086, 515.201987, 270.698675, 
            515.201987, 268.579470, 515.201987, 266.460265, 
            515.201987, 264.341060, 515.201987, 260.102649, 
            515.201987, 257.983444, 513.082781, 255.864238, 
            513.082781, 253.745033, 513.082781, 249.506623, 
            510.963576, 247.387417, 510.963576, 245.268212, 
            510.963576, 243.149007, 510.963576, 241.029801, 
            510.963576, 238.910596, 510.963576, 236.791391, 
            510.963576, 234.672185, 510.963576, 232.552980, 
            510.963576, 228.314570, 510.963576, 226.195364, 
            510.963576, 221.956954, 510.963576, 219.837748, 
            510.963576, 215.599338, 510.963576, 213.480132, 
            510.963576, 211.360927, 510.963576, 209.241722, 
            510.963576, 207.122517, 510.963576, 205.003311, 
            510.963576, 202.884106, 510.963576, 198.645695, 
            513.082781, 196.526490, 513.082781, 194.407285, 
            513.082781, 192.288079, 513.082781, 192.288079, 
            515.201987, 190.168874, 515.201987, 188.049669, 
            517.321192, 185.930464, 517.321192, 185.930464, 
            519.440397, 183.811258, 519.440397, 181.692053, 
            519.440397, 179.572848, 519.440397, 177.453642, 
            521.559603, 175.334437, 521.559603, 171.096026, 
            523.678808, 166.857616, 523.678808, 166.857616, 
            525.798013, 164.738411, 525.798013, 162.619205, 
            525.798013, 160.500000, 525.798013, 158.380795, 
            527.917219, 156.261589, 527.917219, 154.142384, 
            527.917219, 152.023179, 530.036424, 149.903974, 
            530.036424, 147.784768, 532.155629, 145.665563, 
            532.155629, 141.427152, 534.274834, 139.307947, 
            534.274834, 139.307947, 536.394040, 135.069536, 
            538.513245, 135.069536, 540.632450, 137.188742, 
