%YAML:1.0
    mask: !!opencv-matrix
        rows: 580
        cols: 2
        dt: f
        data: [ -1.000000, -1.000000, 741.474478, 
            719.355375, 741.474478, 718.365429, 740.484532, 
            715.395592, 739.494586, 715.395592, 738.504640, 
            715.395592, 738.504640, 714.405646, 737.514695, 
            714.405646, 737.514695, 712.425754, 736.524749, 
            712.425754, 735.534803, 708.465971, 733.554911, 
            705.496133, 733.554911, 704.506187, 730.585073, 
            700.546404, 729.595128, 697.576566, 728.605182, 
            695.596674, 727.615236, 695.596674, 725.635344, 
            690.646945, 723.655452, 687.677108, 722.665507, 
            687.677108, 722.665507, 686.687162, 721.675561, 
            684.707270, 720.685615, 682.727378, 719.695669, 
            679.757541, 719.695669, 674.807811, 719.695669, 
            669.858082, 718.705723, 664.908353, 718.705723, 
            663.918407, 718.705723, 662.928461, 718.705723, 
            661.938515, 719.695669, 659.958623, 719.695669, 
            657.978732, 720.685615, 657.978732, 720.685615, 
            656.988786, 720.685615, 655.998840, 721.675561, 
            655.008894, 721.675561, 654.018948, 722.665507, 
            654.018948, 722.665507, 653.029002, 723.655452, 
            653.029002, 724.645398, 653.029002, 724.645398, 
            652.039056, 725.635344, 652.039056, 732.564965, 
            652.039056, 735.534803, 652.039056, 736.524749, 
            652.039056, 737.514695, 652.039056, 740.484532, 
            654.018948, 741.474478, 654.018948, 742.464424, 
            654.018948, 743.454370, 654.018948, 745.434261, 
            654.018948, 748.404099, 655.008894, 750.383991, 
            655.008894, 751.373937, 655.008894, 752.363882, 
            655.998840, 756.323666, 657.978732, 760.283449, 
            658.968677, 760.283449, 659.958623, 762.263341, 
            660.948569, 765.233179, 662.928461, 767.213070, 
            665.898299, 767.213070, 666.888244, 770.182908, 
            672.827920, 774.142691, 677.777649, 776.122583, 
            679.757541, 776.122583, 680.747486, 778.102475, 
            682.727378, 779.092421, 684.707270, 780.082367, 
            684.707270, 780.082367, 685.697216, 781.072312, 
            687.677108, 782.062258, 688.667053, 783.052204, 
            690.646945, 784.042150, 692.626837, 786.022042, 
            696.586620, 787.011988, 697.576566, 788.001933, 
            700.546404, 788.991879, 701.536350, 788.991879, 
            702.526295, 789.981825, 704.506187, 789.981825, 
            705.496133, 790.971771, 705.496133, 796.911446, 
            710.445862, 798.891338, 713.415700, 798.891338, 
            714.405646, 800.871230, 715.395592, 801.861176, 
            715.395592, 801.861176, 714.405646, 801.861176, 
            711.435808, 801.861176, 710.445862, 801.861176, 
            709.455916, 801.861176, 708.465971, 814.730472, 
            708.465971, 816.710363, 708.465971, 824.629930, 
            708.465971, 825.619876, 708.465971, 828.589714, 
            708.465971, 829.579660, 708.465971, 832.549497, 
            708.465971, 833.539443, 708.465971, 839.479118, 
            706.486079, 840.469064, 705.496133, 842.448956, 
            705.496133, 843.438902, 704.506187, 844.428848, 
            704.506187, 844.428848, 703.516241, 845.418794, 
            702.526295, 846.408739, 701.536350, 844.428848, 
            698.566512, 843.438902, 697.576566, 840.469064, 
            696.586620, 838.489172, 695.596674, 833.539443, 
            694.606729, 824.629930, 694.606729, 823.639985, 
            694.606729, 818.690255, 693.616783, 815.720418, 
            693.616783, 814.730472, 693.616783, 813.740526, 
            693.616783, 812.750580, 693.616783, 811.760634, 
            693.616783, 809.780742, 693.616783, 808.790797, 
            693.616783, 808.790797, 692.626837, 806.810905, 
            692.626837, 805.820959, 692.626837, 804.831013, 
            692.626837, 801.861176, 692.626837, 800.871230, 
            692.626837, 799.881284, 692.626837, 797.901392, 
            691.636891, 796.911446, 690.646945, 795.921500, 
            690.646945, 795.921500, 689.656999, 795.921500, 
            688.667053, 795.921500, 687.677108, 793.941609, 
            687.677108, 792.951663, 687.677108, 791.961717, 
            684.707270, 790.971771, 683.717324, 788.991879, 
            680.747486, 788.991879, 679.757541, 788.001933, 
            678.767595, 787.011988, 675.797757, 787.011988, 
            674.807811, 786.022042, 674.807811, 786.022042, 
            672.827920, 787.011988, 669.858082, 788.991879, 
            667.878190, 788.991879, 666.888244, 789.981825, 
            665.898299, 792.951663, 665.898299, 796.911446, 
            664.908353, 798.891338, 664.908353, 799.881284, 
            664.908353, 799.881284, 663.918407, 801.861176, 
            662.928461, 802.851121, 662.928461, 802.851121, 
            661.938515, 803.841067, 661.938515, 804.831013, 
            661.938515, 804.831013, 659.958623, 805.820959, 
            657.978732, 806.810905, 657.978732, 806.810905, 
            656.988786, 809.780742, 655.008894, 809.780742, 
            653.029002, 810.770688, 653.029002, 810.770688, 
            651.049111, 806.810905, 649.069219, 802.851121, 
            648.079273, 797.901392, 646.099381, 796.911446, 
            646.099381, 788.991879, 644.119490, 788.001933, 
            644.119490, 787.011988, 643.129544, 786.022042, 
            643.129544, 785.032096, 643.129544, 781.072312, 
            642.139598, 780.082367, 642.139598, 776.122583, 
            642.139598, 774.142691, 641.149652, 773.152746, 
            641.149652, 770.182908, 640.159706, 769.192962, 
            640.159706, 764.243233, 639.169760, 764.243233, 
            638.179814, 761.273395, 637.189869, 760.283449, 
            637.189869, 759.293503, 636.199923, 759.293503, 
            635.209977, 759.293503, 634.220031, 760.283449, 
            631.250193, 760.283449, 630.260247, 761.273395, 
            629.270302, 763.253287, 627.290410, 763.253287, 
            626.300464, 763.253287, 625.310518, 763.253287, 
            624.320572, 764.243233, 621.350735, 765.233179, 
            621.350735, 765.233179, 620.360789, 766.223125, 
            619.370843, 767.213070, 618.380897, 771.172854, 
            618.380897, 772.162800, 618.380897, 774.142691, 
            618.380897, 775.132637, 618.380897, 776.122583, 
            618.380897, 777.112529, 618.380897, 781.072312, 
            618.380897, 784.042150, 617.390951, 785.032096, 
            617.390951, 791.961717, 617.390951, 792.951663, 
            617.390951, 793.941609, 617.390951, 795.921500, 
            615.411060, 796.911446, 615.411060, 798.891338, 
            613.431168, 798.891338, 611.451276, 799.881284, 
            611.451276, 800.871230, 604.521655, 800.871230, 
            603.531709, 800.871230, 602.541763, 800.871230, 
            601.551817, 800.871230, 600.561872, 800.871230, 
            599.571926, 799.881284, 598.581980, 799.881284, 
            595.612142, 799.881284, 593.632251, 798.891338, 
            593.632251, 798.891338, 592.642305, 798.891338, 
            591.652359, 798.891338, 590.662413, 797.901392, 
            590.662413, 797.901392, 588.682521, 797.901392, 
            587.692575, 797.901392, 586.702630, 797.901392, 
            585.712684, 797.901392, 584.722738, 797.901392, 
            582.742846, 798.891338, 582.742846, 798.891338, 
            581.752900, 799.881284, 580.762954, 801.861176, 
            579.773009, 808.790797, 579.773009, 809.780742, 
            579.773009, 813.740526, 578.783063, 814.730472, 
            578.783063, 817.700309, 578.783063, 819.680201, 
            578.783063, 820.670147, 578.783063, 824.629930, 
            578.783063, 825.619876, 578.783063, 838.489172, 
            581.752900, 841.459010, 582.742846, 844.428848, 
