%YAML:1.0
    mask: !!opencv-matrix
        rows: 1233
        cols: 2
        dt: f
        data: [ 312.058753, 707.358513, 313.081934, 
            707.358513, 314.105116, 705.312150, 316.151479, 
            703.265787, 317.174660, 702.242606, 319.221023, 
            699.173062, 321.267386, 696.103517, 323.313749, 
            695.080336, 324.336930, 694.057154, 325.360112, 
            694.057154, 326.383293, 693.033973, 327.406475, 
            693.033973, 330.476019, 690.987610, 332.522382, 
            688.941247, 333.545564, 687.918066, 334.568745, 
            687.918066, 337.638289, 687.918066, 341.731015, 
            686.894884, 344.800560, 685.871703, 345.823741, 
            685.871703, 347.870104, 685.871703, 348.893285, 
            685.871703, 349.916467, 685.871703, 351.962830, 
            684.848521, 352.986011, 684.848521, 354.009193, 
            682.802158, 355.032374, 682.802158, 357.078737, 
            679.732614, 361.171463, 676.663070, 364.241007, 
            674.616707, 367.310552, 672.570344, 368.333733, 
            671.547162, 370.380096, 669.500799, 372.426459, 
            668.477618, 374.472822, 667.454436, 376.519185, 
            666.431255, 378.565548, 665.408074, 379.588729, 
            664.384892, 382.658273, 663.361711, 385.727818, 
            662.338529, 388.797362, 661.315348, 390.843725, 
            661.315348, 391.866906, 660.292166, 394.936451, 
            660.292166, 395.959632, 660.292166, 398.005995, 
            660.292166, 400.052358, 660.292166, 403.121902, 
            660.292166, 405.168265, 660.292166, 408.237810, 
            660.292166, 411.307354, 661.315348, 412.330536, 
            661.315348, 413.353717, 660.292166, 415.400080, 
            660.292166, 416.423261, 660.292166, 418.469624, 
            659.268985, 420.515987, 658.245803, 422.562350, 
            657.222622, 425.631894, 655.176259, 427.678257, 
            654.153078, 429.724620, 653.129896, 430.747802, 
            653.129896, 432.794165, 651.083533, 434.840528, 
            651.083533, 436.886890, 651.083533, 436.886890, 
            650.060352, 438.933253, 650.060352, 439.956435, 
            650.060352, 442.002798, 648.013989, 443.025979, 
            648.013989, 444.049161, 648.013989, 447.118705, 
            648.013989, 450.188249, 648.013989, 451.211431, 
            648.013989, 455.304157, 648.013989, 459.396882, 
            649.037170, 463.489608, 649.037170, 465.535971, 
            651.083533, 468.605516, 652.106715, 471.675060, 
            653.129896, 474.744604, 655.176259, 480.883693, 
            658.245803, 484.976419, 659.268985, 487.022782, 
            660.292166, 489.069145, 661.315348, 490.092326, 
            662.338529, 493.161871, 662.338529, 495.208233, 
            663.361711, 496.231415, 663.361711, 498.277778, 
            664.384892, 500.324141, 665.408074, 501.347322, 
            666.431255, 502.370504, 666.431255, 503.393685, 
            666.431255, 504.416867, 667.454436, 505.440048, 
            668.477618, 506.463229, 669.500799, 506.463229, 
            670.523981, 507.486411, 671.547162, 508.509592, 
            673.593525, 509.532774, 675.639888, 510.555955, 
            676.663070, 511.579137, 678.709432, 511.579137, 
            679.732614, 511.579137, 680.755795, 511.579137, 
            681.778977, 511.579137, 683.825340, 511.579137, 
            684.848521, 510.555955, 684.848521, 510.555955, 
            685.871703, 510.555955, 687.918066, 510.555955, 
            688.941247, 511.579137, 688.941247, 512.602318, 
            690.987610, 513.625500, 690.987610, 514.648681, 
            692.010791, 517.718225, 693.033973, 520.787770, 
            696.103517, 523.857314, 696.103517, 525.903677, 
            697.126699, 527.950040, 698.149880, 532.042766, 
            699.173062, 534.089129, 700.196243, 535.112310, 
            700.196243, 537.158673, 701.219424, 540.228217, 
            702.242606, 542.274580, 703.265787, 544.320943, 
            705.312150, 545.344125, 705.312150, 545.344125, 
            706.335332, 545.344125, 707.358513, 545.344125, 
            708.381695, 546.367306, 708.381695, 546.367306, 
            709.404876, 546.367306, 710.428058, 546.367306, 
            711.451239, 546.367306, 712.474420, 546.367306, 
            713.497602, 546.367306, 714.520783, 546.367306, 
            715.543965, 547.390488, 716.567146, -1.000000, 
            -1.000000, 735.655875, 710.428058, 734.632694, 
            710.428058, 733.609512, 710.428058, 731.563149, 
            709.404876, 729.516787, 707.358513, 725.424061, 
            704.288969, 723.377698, 702.242606, 720.308153, 
            699.173062, 716.215428, 697.126699, 714.169065, 
            695.080336, 711.099520, 692.010791, 709.053157, 
            690.987610, 707.006795, 687.918066, 705.983613, 
            684.848521, 702.914069, 680.755795, 701.890887, 
            678.709432, 699.844524, 675.639888, 696.774980, 
            671.547162, 692.682254, 668.477618, 690.635891, 
            665.408074, 686.543165, 662.338529, 685.519984, 
            661.315348, 682.450440, 658.245803, 678.357714, 
            655.176259, 676.311351, 653.129896, 674.264988, 
            652.106715, 671.195444, 649.037170, 667.102718, 
            645.967626, 665.056355, 643.921263, 661.986811, 
            642.898082, 656.870903, 641.874900, 653.801359, 
            639.828537, 651.754996, 637.782174, 649.708633, 
            636.758993, 645.615907, 635.735811, 643.569544, 
            634.712630, 640.500000, 634.712630, 637.430456, 
            633.689448, 632.314548, 633.689448, 627.198641, 
            632.666267, 623.105915, 631.643086, 620.036371, 
            631.643086, 616.966827, 630.619904, 612.874101, 
            629.596723, 608.781375, 628.573541, 605.711831, 
            627.550360, 603.665468, 627.550360, 601.619105, 
            625.503997, 597.526379, 624.480815, 596.503197, 
            623.457634, 593.433653, 622.434452, 590.364109, 
            620.388090, 587.294564, 618.341727, 587.294564, 
            617.318545, 585.248201, 616.295364, 583.201839, 
            614.249001, 582.178657, 612.202638, 582.178657, 
            611.179456, 581.155476, 608.109912, 581.155476, 
            607.086731, 581.155476, 604.017186, 581.155476, 
            602.994005, 581.155476, 601.970823, 582.178657, 
            598.901279, 584.225020, 597.878098, 586.271383, 
            595.831735, 589.340927, 593.785372, 591.387290, 
            592.762190, 595.480016, 590.715827, 598.549560, 
            589.692646, 601.619105, 589.692646, 604.688649, 
            588.669464, 606.735012, 588.669464, 610.827738, 
            587.646283, 612.874101, 586.623102, 617.990008, 
            585.599920, 620.036371, 585.599920, 622.082734, 
            585.599920, 624.129097, 585.599920, 627.198641, 
            585.599920, 628.221823, 585.599920, 629.245004, 
            585.599920, 631.291367, 585.599920, 633.337730, 
            585.599920, 635.384093, 585.599920, 636.407274, 
            585.599920, 637.430456, 585.599920, 638.453637, 
            585.599920, 639.476819, 585.599920, 640.500000, 
            585.599920, 642.546363, 584.576739, 644.592726, 
            584.576739, 646.639089, 583.553557, 648.685452, 
            583.553557, 651.754996, 582.530376, 653.801359, 
            580.484013, 654.824540, 579.460831, 657.894085, 
            577.414468, 658.917266, 575.368106, 660.963629, 
            573.321743, 661.986811, 572.298561, 664.033173, 
            571.275380, 668.125899, 570.252198, 671.195444, 
            568.205835, 675.288169, 566.159472, 679.380895, 
            564.113110, 682.450440, 563.089928, 686.543165, 
            562.066747, 688.589528, 560.020384, 690.635891, 
            558.997202, 692.682254, 556.950839, 694.728617, 
            555.927658, 695.751799, 552.858114, 696.774980, 
            549.788569, 696.774980, 548.765388, 696.774980, 
