%YAML:1.0
    mask: !!opencv-matrix
        rows: 395
        cols: 2
        dt: f
        data: [ 461.695876, 714.809278, 466.974227, 
            712.170103, 470.932990, 709.530928, 477.530928, 
            704.252577, 482.809278, 701.613402, 492.046392, 
            695.015464, 496.005155, 691.056701, 502.603093, 
            687.097938, 506.561856, 683.139175, 515.798969, 
            676.541237, 522.396907, 669.943299, 525.036082, 
            664.664948, 528.994845, 660.706186, 530.314433, 
            659.386598, 531.634021, 654.108247, 532.953608, 
            648.829897, 535.592784, 642.231959, 535.592784, 
            638.273196, 536.912371, 634.314433, 536.912371, 
            632.994845, 536.912371, 631.675258, 535.592784, 
            630.355670, 534.273196, 629.036082, 531.634021, 
            627.716495, 530.314433, 626.396907, 525.036082, 
            626.396907, 509.201031, 631.675258, 494.685567, 
            638.273196, 485.448454, 643.551546, 480.170103, 
            647.510309, 476.211340, 648.829897, 476.211340, 
            650.149485, 472.252577, 650.149485, 465.654639, 
            650.149485, 460.376289, 651.469072, 457.737113, 
            651.469072, 456.417526, 650.149485, 455.097938, 
            646.190722, 455.097938, 643.551546, 452.458763, 
            639.592784, 451.139175, 632.994845, 448.500000, 
            625.077320, 441.902062, 613.201031, 439.262887, 
            606.603093, 436.623711, 597.365979, 432.664948, 
            588.128866, 430.025773, 581.530928, 427.386598, 
            574.932990, 426.067010, 573.613402, 424.747423, 
            569.654639, 424.747423, 565.695876, 423.427835, 
            560.417526, 422.108247, 552.500000, 419.469072, 
            545.902062, 419.469072, 540.623711, 418.149485, 
            535.345361, 418.149485, 531.386598, 418.149485, 
            524.788660, 418.149485, 519.510309, 418.149485, 
            515.551546, 418.149485, 514.231959, 418.149485, 
            510.273196, 418.149485, 507.634021, 418.149485, 
            504.994845, 416.829897, 503.675258, 415.510309, 
            503.675258, 414.190722, 503.675258, 408.912371, 
            503.675258, 404.953608, 504.994845, 398.355670, 
            508.953608, 394.396907, 512.912371, 391.757732, 
            516.871134, 387.798969, 524.788660, 386.479381, 
            531.386598, 386.479381, 532.706186, 385.159794, 
            536.664948, 385.159794, 539.304124, 382.520619, 
            551.180412, 382.520619, 552.500000, 381.201031, 
            553.819588, 379.881443, 553.819588, 378.561856, 
            553.819588, 375.922680, 553.819588, 374.603093, 
            553.819588, 373.283505, 553.819588, 369.324742, 
            553.819588, 366.685567, 552.500000, 365.365979, 
            544.582474, 365.365979, 532.706186, 365.365979, 
            526.108247, 365.365979, 524.788660, 365.365979, 
            523.469072, 358.768041, 523.469072, 356.128866, 
            523.469072, 348.211340, 523.469072, 345.572165, 
            524.788660, 342.932990, 528.747423, 338.974227, 
            534.025773, 333.695876, 543.262887, 329.737113, 
            552.500000, 327.097938, 557.778351, 325.778351, 
            561.737113, 324.458763, 564.376289, 323.139175, 
            565.695876, 321.819588, 565.695876, 320.500000, 
            565.695876, 317.860825, 565.695876, 315.221649, 
            564.376289, 312.582474, 564.376289, 309.943299, 
            563.056701, 305.984536, 563.056701, 304.664948, 
            563.056701, 298.067010, 565.695876, 288.829897, 
            576.252577, 284.871134, 582.850515, 283.551546, 
            586.809278, 282.231959, 592.087629, 279.592784, 
            598.685567, 276.953608, 605.283505, 275.634021, 
            611.881443, 274.314433, 617.159794, 270.355670, 
            622.438144, 267.716495, 630.355670, 265.077320, 
            638.273196, 265.077320, 642.231959, 263.757732, 
            647.510309, 262.438144, 656.747423, 261.118557, 
            663.345361, 258.479381, 671.262887, 257.159794, 
            677.860825, 255.840206, 687.097938, 254.520619, 
            696.335052, 254.520619, 700.293814, 254.520619, 
            702.932990, 254.520619, 706.891753, 254.520619, 
            709.530928, 254.520619, 710.850515, 254.520619, 
            712.170103, 255.840206, 712.170103, 255.840206, 
            713.489691, 255.840206, 714.809278, -1.000000, 
            -1.000000, 719.015464, 716.128866, 720.335052, 
            710.850515, 720.335052, 706.891753, 720.335052, 
            702.932990, 720.335052, 698.974227, 720.335052, 
            697.654639, 720.335052, 696.335052, 717.695876, 
            691.056701, 717.695876, 688.417526, 716.376289, 
            679.180412, 719.015464, 673.902062, 724.293814, 
            665.984536, 726.932990, 662.025773, 729.572165, 
            659.386598, 734.850515, 655.427835, 744.087629, 
            650.149485, 746.726804, 648.829897, 750.685567, 
            646.190722, 753.324742, 646.190722, 759.922680, 
            643.551546, 766.520619, 642.231959, 771.798969, 
            639.592784, 778.396907, 636.953608, 782.355670, 
            634.314433, 784.994845, 634.314433, 786.314433, 
            634.314433, 787.634021, 634.314433, 788.953608, 
            634.314433, 790.273196, 634.314433, 791.592784, 
            634.314433, 792.912371, 634.314433, 792.912371, 
            635.634021, 794.231959, 635.634021, 795.551546, 
            636.953608, 796.871134, 638.273196, 800.829897, 
            642.231959, 803.469072, 644.871134, 807.427835, 
            648.829897, 812.706186, 655.427835, 815.345361, 
            660.706186, 817.984536, 667.304124, 823.262887, 
            676.541237, 825.902062, 680.500000, 828.541237, 
            681.819588, 831.180412, 683.139175, 833.819588, 
            684.458763, 839.097938, 688.417526, 841.737113, 
            689.737113, 844.376289, 692.376289, 847.015464, 
            696.335052, 850.974227, 704.252577, 854.932990, 
            708.211340, 856.252577, 710.850515, 858.891753, 
            712.170103, 860.211340, 713.489691, 861.530928, 
            714.809278, 861.530928, 716.128866, 862.850515, 
            716.128866, 862.850515, 717.448454, 862.850515, 
            718.768041, 864.170103, 718.768041, -1.000000, 
            -1.000000, 783.675258, 412.623711, 777.077320, 
            412.623711, 771.798969, 413.943299, 767.840206, 
            415.262887, 763.881443, 415.262887, 757.283505, 
            416.582474, 753.324742, 416.582474, 750.685567, 
            417.902062, 745.407216, 419.221649, 740.128866, 
            420.541237, 732.211340, 424.500000, 728.252577, 
            427.139175, 720.335052, 431.097938, 719.015464, 
            432.417526, 716.376289, 433.737113, 713.737113, 
            435.056701, 712.417526, 436.376289, 707.139175, 
            440.335052, 697.902062, 444.293814, 693.943299, 
            446.932990, 692.623711, 448.252577, 692.623711, 
            449.572165, 689.984536, 450.891753, 687.345361, 
            453.530928, 686.025773, 456.170103, 686.025773, 
            457.489691, 687.345361, 458.809278, 688.664948, 
            458.809278, 691.304124, 460.128866, 693.943299, 
            461.448454, 703.180412, 462.768041, 711.097938, 
            464.087629, 711.097938, 465.407216, 712.417526, 
            466.726804, 712.417526, 469.365979, 712.417526, 
            474.644330, 709.778351, 479.922680, 705.819588, 
            486.520619, 703.180412, 490.479381, 701.860825, 
            494.438144, 700.541237, 498.396907, 697.902062, 
            502.355670, 696.582474, 503.675258, 696.582474, 
            506.314433, 696.582474, 510.273196, 695.262887, 
            514.231959, 695.262887, 518.190722, 695.262887, 
            526.108247, 695.262887, 534.025773, 696.582474, 
            539.304124, 697.902062, 541.943299, 700.541237, 
            544.582474, 704.500000, 547.221649, 709.778351, 
