%YAML:1.0
    mask: !!opencv-matrix
        rows: 457
        cols: 2
        dt: f
        data: [ -1.000000, -1.000000, -1.000000, 
            -1.000000, 997.586093, 345.665563, 995.466887, 
            345.665563, 991.228477, 345.665563, 989.109272, 
            345.665563, 986.990066, 345.665563, 984.870861, 
            345.665563, 982.751656, 345.665563, 978.513245, 
            345.665563, 976.394040, 343.546358, 974.274834, 
            343.546358, 970.036424, 341.427152, 965.798013, 
            339.307947, 961.559603, 337.188742, 959.440397, 
            337.188742, 957.321192, 337.188742, 955.201987, 
            337.188742, 953.082781, 337.188742, 950.963576, 
            337.188742, 950.963576, 335.069536, 948.844371, 
            335.069536, 946.725166, 335.069536, 944.605960, 
            335.069536, 942.486755, 335.069536, 940.367550, 
            335.069536, 938.248344, 335.069536, 936.129139, 
            335.069536, 934.009934, 335.069536, 929.771523, 
            335.069536, 921.294702, 335.069536, 917.056291, 
            335.069536, 914.937086, 335.069536, 910.698675, 
            335.069536, 908.579470, 335.069536, 906.460265, 
            335.069536, 904.341060, 335.069536, 902.221854, 
            335.069536, 900.102649, 335.069536, 897.983444, 
            335.069536, 893.745033, 335.069536, 889.506623, 
            335.069536, 885.268212, 335.069536, 878.910596, 
            335.069536, 868.314570, 335.069536, 866.195364, 
            335.069536, 864.076159, 335.069536, 861.956954, 
            335.069536, 859.837748, 335.069536, 857.718543, 
            335.069536, 857.718543, 337.188742, 855.599338, 
            339.307947, 853.480132, 341.427152, 853.480132, 
            343.546358, 849.241722, 345.665563, 849.241722, 
            347.784768, 847.122517, 347.784768, 847.122517, 
            349.903974, 845.003311, 349.903974, 842.884106, 
            349.903974, 842.884106, 352.023179, 840.764901, 
            354.142384, 836.526490, 354.142384, 834.407285, 
            356.261589, 832.288079, 356.261589, 830.168874, 
            358.380795, 828.049669, 358.380795, 825.930464, 
            358.380795, 823.811258, 358.380795, 821.692053, 
            360.500000, 819.572848, 360.500000, 817.453642, 
            360.500000, 815.334437, 362.619205, 815.334437, 
            364.738411, 815.334437, 366.857616, 813.215232, 
            371.096026, 811.096026, 371.096026, 811.096026, 
            373.215232, 811.096026, 375.334437, 808.976821, 
            377.453642, 808.976821, 379.572848, 806.857616, 
            381.692053, 806.857616, 385.930464, 806.857616, 
            388.049669, 806.857616, 390.168874, 806.857616, 
            392.288079, 806.857616, 394.407285, 806.857616, 
            396.526490, 806.857616, 398.645695, 808.976821, 
            402.884106, 811.096026, 407.122517, 811.096026, 
            409.241722, 813.215232, 409.241722, 813.215232, 
            413.480132, 815.334437, 413.480132, 815.334437, 
            415.599338, 817.453642, 415.599338, 817.453642, 
            417.718543, 817.453642, 419.837748, 819.572848, 
            421.956954, 821.692053, 424.076159, 823.811258, 
            424.076159, 823.811258, 426.195364, 825.930464, 
            426.195364, 825.930464, 428.314570, 828.049669, 
            430.433775, 830.168874, 432.552980, 832.288079, 
            432.552980, 834.407285, 432.552980, 838.645695, 
            432.552980, 840.764901, 434.672185, 842.884106, 
            434.672185, 845.003311, 434.672185, 847.122517, 
            436.791391, 849.241722, 436.791391, 851.360927, 
            436.791391, 853.480132, 438.910596, 855.599338, 
            438.910596, 857.718543, 438.910596, 859.837748, 
            438.910596, 861.956954, 441.029801, 864.076159, 
            441.029801, 866.195364, 443.149007, 868.314570, 
            445.268212, 870.433775, 447.387417, 872.552980, 
            447.387417, 876.791391, 451.625828, 878.910596, 
            451.625828, 878.910596, 453.745033, 883.149007, 
            453.745033, 883.149007, 455.864238, 885.268212, 
            455.864238, 887.387417, 455.864238, 887.387417, 
            457.983444, 889.506623, 460.102649, 891.625828, 
            460.102649, 893.745033, 462.221854, 897.983444, 
            464.341060, 902.221854, 466.460265, 904.341060, 
            468.579470, 906.460265, 468.579470, 908.579470, 
            468.579470, 910.698675, 470.698675, 914.937086, 
            472.817881, 927.652318, 479.175497, 929.771523, 
            479.175497, 931.890728, 479.175497, 936.129139, 
            479.175497, 938.248344, 479.175497, 942.486755, 
            479.175497, 946.725166, 479.175497, 955.201987, 
            479.175497, 959.440397, 477.056291, 961.559603, 
            477.056291, 965.798013, 477.056291, 965.798013, 
            474.937086, 967.917219, 474.937086, 970.036424, 
            470.698675, 978.513245, 464.341060, 978.513245, 
            462.221854, 982.751656, 457.983444, 984.870861, 
            455.864238, 986.990066, 455.864238, 986.990066, 
            453.745033, 989.109272, 453.745033, 989.109272, 
            451.625828, 989.109272, 449.506623, 991.228477, 
            447.387417, 991.228477, 445.268212, 993.347682, 
            443.149007, 995.466887, 441.029801, 995.466887, 
            438.910596, 997.586093, 438.910596, 999.705298, 
            434.672185, 1001.824503, 432.552980, 1001.824503, 
            430.433775, 1001.824503, 428.314570, 1003.943709, 
            426.195364, 1003.943709, 424.076159, 1003.943709, 
            419.837748, 1003.943709, 417.718543, 1003.943709, 
            415.599338, 1003.943709, 413.480132, 1003.943709, 
            411.360927, 1003.943709, 409.241722, 1003.943709, 
            407.122517, 1003.943709, 405.003311, 1003.943709, 
            402.884106, 1003.943709, 400.764901, 1003.943709, 
            398.645695, 1003.943709, 396.526490, 1003.943709, 
            394.407285, 1003.943709, 392.288079, 1003.943709, 
            390.168874, 1003.943709, 388.049669, 1003.943709, 
            385.930464, 1003.943709, 383.811258, 1003.943709, 
            381.692053, 1003.943709, 379.572848, 1003.943709, 
            377.453642, 1003.943709, 375.334437, 1003.943709, 
            373.215232, 1003.943709, 371.096026, 1003.943709, 
            368.976821, 1003.943709, 366.857616, 1003.943709, 
            364.738411, 1001.824503, 362.619205, 1001.824503, 
            360.500000, 1001.824503, 358.380795, 999.705298, 
            356.261589, 997.586093, 356.261589, 997.586093, 
            354.142384, 995.466887, 352.023179, 993.347682, 
            352.023179, -1.000000, -1.000000, 427.519868, 
            434.672185, 427.519868, 436.791391, 427.519868, 
            438.910596, 427.519868, 441.029801, 429.639073, 
            443.149007, 429.639073, 445.268212, 431.758278, 
            445.268212, 433.877483, 449.506623, 435.996689, 
            451.625828, 438.115894, 453.745033, 440.235099, 
            455.864238, 442.354305, 457.983444, 444.473510, 
            457.983444, 444.473510, 460.102649, 448.711921, 
            460.102649, 450.831126, 462.221854, 450.831126, 
            464.341060, 452.950331, 464.341060, 455.069536, 
            464.341060, 457.188742, 464.341060, 461.427152, 
            464.341060, 463.546358, 464.341060, 467.784768, 
            464.341060, 469.903974, 464.341060, 472.023179, 
            464.341060, 476.261589, 464.341060, 478.380795, 
            464.341060, 480.500000, 464.341060, 480.500000, 
            462.221854, 482.619205, 462.221854, 486.857616, 
            462.221854, 488.976821, 462.221854, 491.096026, 
            462.221854, 491.096026, 460.102649, 493.215232, 
            460.102649, 495.334437, 460.102649, 497.453642, 
            460.102649, 499.572848, 460.102649, 499.572848, 
            457.983444, 501.692053, 457.983444, 505.930464, 
            455.864238, 508.049669, 455.864238, 510.168874, 
