%YAML:1.0
    mask: !!opencv-matrix
        rows: 345
        cols: 2
        dt: f
        data: [ -1.000000, -1.000000, 784.994845, 
            714.809278, 784.994845, 709.530928, 786.314433, 
            706.891753, 787.634021, 704.252577, 788.953608, 
            702.932990, 791.592784, 701.613402, 792.912371, 
            700.293814, 794.231959, 700.293814, 795.551546, 
            698.974227, 798.190722, 698.974227, 799.510309, 
            698.974227, 802.149485, 698.974227, 806.108247, 
            698.974227, 811.386598, 698.974227, 814.025773, 
            698.974227, 816.664948, 698.974227, 819.304124, 
            698.974227, 821.943299, 700.293814, 823.262887, 
            700.293814, 824.582474, 700.293814, 825.902062, 
            700.293814, 827.221649, 700.293814, 828.541237, 
            700.293814, 828.541237, 698.974227, 828.541237, 
            697.654639, 828.541237, 696.335052, 828.541237, 
            695.015464, 827.221649, 693.695876, 824.582474, 
            693.695876, 824.582474, 692.376289, 823.262887, 
            691.056701, 821.943299, 691.056701, 820.623711, 
            689.737113, 814.025773, 683.139175, 811.386598, 
            680.500000, 810.067010, 677.860825, 810.067010, 
            676.541237, 810.067010, 675.221649, 810.067010, 
            673.902062, 810.067010, 672.582474, 811.386598, 
            671.262887, 816.664948, 667.304124, 820.623711, 
            664.664948, 823.262887, 663.345361, 824.582474, 
            662.025773, 827.221649, 662.025773, 836.458763, 
            658.067010, 848.335052, 654.108247, 853.613402, 
            651.469072, 858.891753, 650.149485, 865.489691, 
            647.510309, 873.407216, 644.871134, 876.046392, 
            644.871134, 880.005155, 643.551546, 883.963918, 
            643.551546, 886.603093, 642.231959, 891.881443, 
            640.912371, 895.840206, 640.912371, 899.798969, 
            640.912371, 907.716495, 640.912371, 918.273196, 
            643.551546, 924.871134, 648.829897, 927.510309, 
            651.469072, 930.149485, 652.788660, 932.788660, 
            655.427835, 935.427835, 656.747423, 943.345361, 
            662.025773, 949.943299, 664.664948, 955.221649, 
            667.304124, 957.860825, 671.262887, 965.778351, 
            676.541237, 968.417526, 676.541237, 975.015464, 
            684.458763, 982.932990, 689.737113, 990.850515, 
            695.015464, 992.170103, 696.335052, 997.448454, 
            700.293814, 997.448454, 701.613402, 998.768041, 
            704.252577, 1000.087629, 704.252577, 1000.087629, 
            705.572165, 1001.407216, 708.211340, 1001.407216, 
            709.530928, 1001.407216, 710.850515, 1001.407216, 
            712.170103, 1002.726804, 712.170103, 1002.726804, 
            713.489691, -1.000000, -1.000000, 548.788660, 
            6.190722, 548.788660, 12.788660, 548.788660, 
            22.025773, 548.788660, 27.304124, 548.788660, 
            32.582474, 548.788660, 36.541237, 548.788660, 
            39.180412, 548.788660, 40.500000, 548.788660, 
            41.819588, 550.108247, 44.458763, 550.108247, 
            45.778351, 550.108247, 47.097938, 550.108247, 
            48.417526, 550.108247, 49.737113, 551.427835, 
            52.376289, 551.427835, 56.335052, 551.427835, 
            57.654639, 552.747423, 61.613402, 552.747423, 
            65.572165, 555.386598, 69.530928, 556.706186, 
            74.809278, 558.025773, 77.448454, 559.345361, 
            80.087629, 560.664948, 85.365979, 561.984536, 
            86.685567, 564.623711, 90.644330, 565.943299, 
            94.603093, 567.262887, 95.922680, 568.582474, 
            99.881443, 569.902062, 101.201031, 571.221649, 
            101.201031, 572.541237, 105.159794, 573.860825, 
            109.118557, 575.180412, 110.438144, 576.500000, 
            113.077320, 579.139175, 119.675258, 579.139175, 
            120.994845, 581.778351, 122.314433, 584.417526, 
            132.871134, 587.056701, 139.469072, 589.695876, 
            140.788660, 589.695876, 142.108247, 592.335052, 
            144.747423, 593.654639, 146.067010, 597.613402, 
            148.706186, 600.252577, 151.345361, 601.572165, 
            151.345361, 601.572165, 152.664948, 601.572165, 
            153.984536, 601.572165, 157.943299, 604.211340, 
            160.582474, 605.530928, 161.902062, 606.850515, 
            161.902062, 608.170103, 161.902062, 616.087629, 
            155.304124, 620.046392, 153.984536, 624.005155, 
            151.345361, 625.324742, 150.025773, 626.644330, 
            148.706186, 634.561856, 143.427835, 638.520619, 
            140.788660, 638.520619, 138.149485, 639.840206, 
            135.510309, 641.159794, 132.871134, 641.159794, 
            126.273196, 641.159794, 120.994845, 641.159794, 
            118.355670, 641.159794, 114.396907, 642.479381, 
            111.757732, 643.798969, 105.159794, 646.438144, 
            97.242268, 647.757732, 91.963918, 647.757732, 
            90.644330, 650.396907, 77.448454, 650.396907, 
            76.128866, 651.716495, 65.572165, 651.716495, 
            61.613402, 653.036082, 60.293814, 653.036082, 
            58.974227, 654.355670, 52.376289, 655.675258, 
            45.778351, 655.675258, 44.458763, 655.675258, 
            43.139175, 653.036082, 41.819588, 649.077320, 
            39.180412, 647.757732, 37.860825, 645.118557, 
            35.221649, 642.479381, 33.902062, 641.159794, 
            32.582474, 639.840206, 31.262887, 637.201031, 
            28.623711, 633.242268, 25.984536, 631.922680, 
            24.664948, 627.963918, 22.025773, 625.324742, 
            20.706186, 622.685567, 19.386598, 617.407216, 
            18.067010, 614.768041, 16.747423, 612.128866, 
            16.747423, 609.489691, 16.747423, 602.891753, 
            16.747423, 597.613402, 16.747423, 594.974227, 
            16.747423, 591.015464, 16.747423, 589.695876, 
            18.067010, 588.376289, 18.067010, 588.376289, 
            16.747423, 587.056701, 14.108247, 587.056701, 
            12.788660, 585.737113, 10.149485, 584.417526, 
            8.829897, 577.819588, 6.190722, 576.500000, 
            6.190722, 575.180412, 6.190722, -1.000000, 
            -1.000000, 357.448454, 185.654639, 357.448454, 
            190.932990, 358.768041, 193.572165, 362.726804, 
            201.489691, 364.046392, 205.448454, 365.365979, 
            210.726804, 366.685567, 213.365979, 368.005155, 
            216.005155, 373.283505, 219.963918, 375.922680, 
            221.283505, 377.242268, 225.242268, 386.479381, 
            230.520619, 389.118557, 233.159794, 390.438144, 
            235.798969, 395.716495, 239.757732, 399.675258, 
            246.355670, 403.634021, 250.314433, 406.273196, 
            252.953608, 408.912371, 259.551546, 412.871134, 
            262.190722, 415.510309, 264.829897, 416.829897, 
            264.829897, 416.829897, 266.149485, 418.149485, 
            266.149485, 418.149485, 267.469072, 420.788660, 
            267.469072, 422.108247, 267.469072, 424.747423, 
            268.788660, 426.067010, 268.788660, 427.386598, 
            268.788660, 431.345361, 266.149485, 432.664948, 
            266.149485, 433.984536, 264.829897, 436.623711, 
            264.829897, 437.943299, 264.829897, 440.582474, 
            264.829897, 443.221649, 267.469072, 444.541237, 
            267.469072, 445.860825, 267.469072, 447.180412, 
            267.469072, 449.819588, 268.788660, 453.778351, 
            270.108247, 457.737113, 272.747423, 459.056701, 
            272.747423, 461.695876, 272.747423, 466.974227, 
            274.067010, 468.293814, 274.067010, 469.613402, 
            274.067010, 470.932990, 274.067010, 473.572165, 
            274.067010, 478.850515, 274.067010, 485.448454, 
            272.747423, 488.087629, 272.747423, 489.407216, 
            272.747423, 492.046392, 271.427835, 493.365979, 
            271.427835, 494.685567, 271.427835, 497.324742, 
