%YAML:1.0
    mask: !!opencv-matrix
        rows: 890
        cols: 2
        dt: f
        data: [ -1.000000, -1.000000, -1.000000, 
            -1.000000, 683.722749, 440.120853, 683.722749, 
            441.637441, 682.206161, 441.637441, 682.206161, 
            443.154028, 680.689573, 443.154028, 679.172986, 
            443.154028, 676.139810, 443.154028, 676.139810, 
            444.670616, 674.623223, 444.670616, 673.106635, 
            444.670616, 671.590047, 444.670616, 671.590047, 
            446.187204, 670.073460, 446.187204, 670.073460, 
            447.703791, 670.073460, 449.220379, 670.073460, 
            450.736967, 670.073460, 453.770142, 670.073460, 
            455.286730, 670.073460, 456.803318, 670.073460, 
            458.319905, 670.073460, 459.836493, 670.073460, 
            461.353081, 670.073460, 462.869668, 670.073460, 
            464.386256, 670.073460, 465.902844, 670.073460, 
            467.419431, 670.073460, 468.936019, 670.073460, 
            470.452607, 670.073460, 471.969194, 670.073460, 
            473.485782, 670.073460, 475.002370, 668.556872, 
            476.518957, 668.556872, 478.035545, 668.556872, 
            479.552133, 668.556872, 481.068720, 668.556872, 
            482.585308, 668.556872, 484.101896, 668.556872, 
            485.618483, 668.556872, 487.135071, 668.556872, 
            488.651659, 668.556872, 490.168246, 668.556872, 
            493.201422, 668.556872, 494.718009, 668.556872, 
            496.234597, 668.556872, 497.751185, 668.556872, 
            499.267773, 668.556872, 500.784360, 668.556872, 
            502.300948, 668.556872, 503.817536, 668.556872, 
            505.334123, 668.556872, 506.850711, 671.590047, 
            508.367299, 674.623223, 508.367299, 677.656398, 
            508.367299, 680.689573, 509.883886, 682.206161, 
            511.400474, 683.722749, 511.400474, 683.722749, 
            512.917062, 685.239336, 512.917062, 685.239336, 
            514.433649, 688.272512, 514.433649, 688.272512, 
            515.950237, 689.789100, 515.950237, 691.305687, 
            515.950237, 694.338863, 515.950237, 695.855450, 
            515.950237, 697.372038, 515.950237, 700.405213, 
            515.950237, 700.405213, 517.466825, 701.921801, 
            517.466825, 703.438389, 517.466825, 706.471564, 
            518.983412, 707.988152, 518.983412, 709.504739, 
            518.983412, 709.504739, 520.500000, 712.537915, 
            520.500000, 714.054502, 520.500000, 715.571090, 
            520.500000, 717.087678, 520.500000, 718.604265, 
            520.500000, 720.120853, 522.016588, 721.637441, 
            523.533175, 723.154028, 523.533175, 724.670616, 
            523.533175, 726.187204, 523.533175, 727.703791, 
            523.533175, 730.736967, 523.533175, 733.770142, 
            525.049763, 736.803318, 525.049763, 739.836493, 
            526.566351, 742.869668, 526.566351, 744.386256, 
            528.082938, 747.419431, 529.599526, 748.936019, 
            529.599526, 750.452607, 529.599526, 751.969194, 
            529.599526, 753.485782, 529.599526, 756.518957, 
            529.599526, 759.552133, 531.116114, 761.068720, 
            531.116114, 761.068720, 532.632701, 762.585308, 
            532.632701, 764.101896, 532.632701, 765.618483, 
            534.149289, 767.135071, 534.149289, 768.651659, 
            534.149289, 770.168246, 534.149289, 771.684834, 
            534.149289, 773.201422, 534.149289, 774.718009, 
            535.665877, 777.751185, 535.665877, 779.267773, 
            535.665877, 780.784360, 535.665877, 783.817536, 
            535.665877, 788.367299, 537.182464, 789.883886, 
            537.182464, 792.917062, 537.182464, 794.433649, 
            537.182464, 795.950237, 537.182464, 798.983412, 
            537.182464, 800.500000, 537.182464, 802.016588, 
            537.182464, 803.533175, 537.182464, 805.049763, 
            537.182464, 806.566351, 537.182464, 808.082938, 
            537.182464, 809.599526, 537.182464, 812.632701, 
            537.182464, 814.149289, 537.182464, 815.665877, 
            537.182464, 817.182464, 537.182464, 821.732227, 
            537.182464, 823.248815, 538.699052, 824.765403, 
            538.699052, 827.798578, 538.699052, 829.315166, 
            538.699052, 830.831754, 538.699052, 832.348341, 
            538.699052, 833.864929, 538.699052, 836.898104, 
            538.699052, 838.414692, 538.699052, 839.931280, 
            538.699052, 841.447867, 538.699052, 842.964455, 
            538.699052, 842.964455, 537.182464, 844.481043, 
            537.182464, 845.997630, 535.665877, 847.514218, 
            535.665877, 849.030806, 535.665877, 850.547393, 
            532.632701, 852.063981, 531.116114, 855.097156, 
            531.116114, 855.097156, 529.599526, 856.613744, 
            529.599526, 858.130332, 529.599526, 859.646919, 
            528.082938, 859.646919, 526.566351, 861.163507, 
            526.566351, 862.680095, 525.049763, 862.680095, 
            523.533175, 864.196682, 523.533175, 865.713270, 
            522.016588, 865.713270, 520.500000, 867.229858, 
            518.983412, 870.263033, 518.983412, 870.263033, 
            517.466825, 870.263033, 515.950237, 871.779621, 
            515.950237, 873.296209, 515.950237, 874.812796, 
            514.433649, 874.812796, 512.917062, 874.812796, 
            509.883886, 876.329384, 508.367299, 877.845972, 
            508.367299, 879.362559, 508.367299, 880.879147, 
            508.367299, 882.395735, 506.850711, 882.395735, 
            505.334123, 883.912322, 503.817536, 885.428910, 
            503.817536, 885.428910, 502.300948, 885.428910, 
            500.784360, 886.945498, 500.784360, 886.945498, 
            499.267773, 888.462085, 499.267773, 888.462085, 
            497.751185, 889.978673, 497.751185, 889.978673, 
            496.234597, 889.978673, 494.718009, 889.978673, 
            493.201422, 889.978673, 491.684834, 889.978673, 
            490.168246, 889.978673, 488.651659, 889.978673, 
            487.135071, 889.978673, 485.618483, 889.978673, 
            484.101896, 891.495261, 482.585308, 891.495261, 
            481.068720, 891.495261, 479.552133, 891.495261, 
            478.035545, 891.495261, 476.518957, 891.495261, 
            475.002370, 891.495261, 471.969194, 891.495261, 
            470.452607, 891.495261, 467.419431, 891.495261, 
            465.902844, 891.495261, 462.869668, 891.495261, 
            461.353081, 891.495261, 459.836493, 891.495261, 
            458.319905, 891.495261, 456.803318, 891.495261, 
            453.770142, 889.978673, 450.736967, 889.978673, 
            449.220379, 889.978673, 447.703791, 889.978673, 
            446.187204, 889.978673, 444.670616, 889.978673, 
            443.154028, 889.978673, 441.637441, 889.978673, 
            440.120853, 889.978673, 437.087678, 889.978673, 
            435.571090, 889.978673, 434.054502, 888.462085, 
            434.054502, 888.462085, 429.504739, 885.428910, 
            427.988152, 885.428910, 426.471564, 885.428910, 
            424.954976, 885.428910, 423.438389, 883.912322, 
            421.921801, 882.395735, 420.405213, 882.395735, 
            417.372038, 882.395735, 415.855450, 882.395735, 
            412.822275, 880.879147, 411.305687, 880.879147, 
            409.789100, 879.362559, 409.789100, 877.845972, 
            408.272512, 877.845972, 406.755924, 877.845972, 
            405.239336, 876.329384, 405.239336, 874.812796, 
            403.722749, 874.812796, 402.206161, 873.296209, 
            402.206161, 870.263033, 402.206161, 868.746445, 
            402.206161, 867.229858, 400.689573, 865.713270, 
            399.172986, 864.196682, 399.172986, 862.680095, 
            399.172986, 861.163507, 399.172986, 861.163507, 
            397.656398, 858.130332, 397.656398, 856.613744, 
            397.656398, 855.097156, 397.656398, 853.580569, 
