%YAML:1.0
    mask: !!opencv-matrix
        rows: 576
        cols: 2
        dt: f
        data: [ -1.000000, -1.000000, 1145.951639, 
            719.636691, 1144.928457, 719.636691, 1142.882094, 
            718.613509, 1141.858913, 718.613509, 1139.812550, 
            716.567146, 1135.719824, 715.543965, 1129.580735, 
            715.543965, 1125.488010, 715.543965, 1120.372102, 
            713.497602, 1116.279376, 713.497602, 1113.209832, 
            713.497602, 1109.117106, 711.451239, 1104.001199, 
            711.451239, 1100.931655, 710.428058, 1096.838929, 
            710.428058, 1092.746203, 709.404876, 1087.630296, 
            709.404876, 1082.514388, 708.381695, 1080.468026, 
            708.381695, 1077.398481, 708.381695, 1072.282574, 
            708.381695, 1068.189848, 708.381695, 1064.097122, 
            708.381695, 1057.958034, 708.381695, 1053.865308, 
            708.381695, 1047.726219, 707.358513, 1042.610312, 
            705.312150, 1037.494404, 703.265787, 1034.424860, 
            702.242606, 1031.355316, 701.219424, 1027.262590, 
            701.219424, 1024.193046, 700.196243, 1022.146683, 
            700.196243, 1019.077138, 699.173062, 1016.007594, 
            699.173062, 1013.961231, 699.173062, 1012.938050, 
            699.173062, 1010.891687, 699.173062, 1010.891687, 
            701.219424, 1010.891687, 702.242606, 1010.891687, 
            703.265787, 1011.914868, 705.312150, 1013.961231, 
            707.358513, 1014.984412, 709.404876, 1016.007594, 
            712.474420, 1018.053957, 714.520783, 1019.077138, 
            714.520783, 1020.100320, 714.520783, 1021.123501, 
            714.520783, 1022.146683, 714.520783, 1023.169864, 
            714.520783, -1.000000, -1.000000, 1038.517586, 
            342.082734, 1038.517586, 345.152278, 1037.494404, 
            348.221823, 1035.448042, 353.337730, 1033.401679, 
            357.430456, 1032.378497, 359.476819, 1030.332134, 
            361.523181, 1029.308953, 363.569544, 1028.285771, 
            365.615907, 1027.262590, 366.639089, 1027.262590, 
            368.685452, 1025.216227, 370.731815, 1024.193046, 
            372.778177, 1022.146683, 376.870903, 1021.123501, 
            378.917266, 1019.077138, 384.033173, 1017.030775, 
            387.102718, 1014.984412, 390.172262, 1013.961231, 
            392.218625, 1011.914868, 395.288169, 1011.914868, 
            397.334532, 1010.891687, 399.380895, 1009.868505, 
            401.427258, 1009.868505, 402.450440, 1008.845324, 
            404.496803, 1008.845324, 405.519984, 1007.822142, 
            407.566347, 1005.775779, 411.659073, 1004.752598, 
            414.728617, 1002.706235, 416.774980, 1002.706235, 
            418.821343, 1000.659872, 423.937250, 995.543965, 
            431.099520, 994.520783, 433.145883, 993.497602, 
            435.192246, 992.474420, 437.238609, 990.428058, 
            441.331335, 989.404876, 443.377698, 989.404876, 
            445.424061, 987.358513, 448.493605, 985.312150, 
            452.586331, 984.288969, 453.609512, 980.196243, 
            458.725420, 975.080336, 463.841327, 973.033973, 
            466.910871, 970.987610, 469.980416, 967.918066, 
            472.026779, 965.871703, 475.096323, 962.802158, 
            477.142686, 958.709432, 481.235412, 955.639888, 
            484.304956, 951.547162, 487.374500, 948.477618, 
            490.444045, 945.408074, 492.490408, 943.361711, 
            495.559952, 941.315348, 497.606315, 938.245803, 
            499.652678, 937.222622, 501.699041, 934.153078, 
            502.722222, 931.083533, 505.791767, 929.037170, 
            507.838129, 926.990807, 508.861311, 925.967626, 
            508.861311, 924.944444, 508.861311, 923.921263, 
            508.861311, 922.898082, 508.861311, 920.851719, 
            508.861311, 920.851719, 507.838129, 919.828537, 
            505.791767, 919.828537, 501.699041, 920.851719, 
            498.629496, 921.874900, 495.559952, 922.898082, 
            494.536771, 923.921263, 492.490408, 924.944444, 
            489.420863, 926.990807, 486.351319, 926.990807, 
            484.304956, 929.037170, 482.258593, 931.083533, 
            480.212230, 932.106715, 477.142686, 934.153078, 
            475.096323, 936.199440, 472.026779, 937.222622, 
            468.957234, 940.292166, 465.887690, 940.292166, 
            463.841327, 942.338529, 459.748601, 945.408074, 
            456.679057, 946.431255, 452.586331, 948.477618, 
            449.516787, 950.523981, 446.447242, 951.547162, 
            442.354516, 952.570344, 440.308153, 953.593525, 
            438.261791, 955.639888, 434.169065, 956.663070, 
            432.122702, 957.686251, 429.053157, 957.686251, 
            428.029976, 958.709432, 424.960432, 961.778977, 
            417.798161, 961.778977, 414.728617, 961.778977, 
            413.705436, 961.778977, 412.682254, 961.778977, 
            411.659073, 960.755795, 411.659073, 958.709432, 
            411.659073, 956.663070, 412.682254, 955.639888, 
            412.682254, 953.593525, 413.705436, 952.570344, 
            415.751799, 951.547162, 418.821343, 950.523981, 
            420.867706, 948.477618, 424.960432, 945.408074, 
            429.053157, 944.384892, 433.145883, 941.315348, 
            439.284972, 939.268985, 442.354516, 934.153078, 
            447.470424, 932.106715, 452.586331, 931.083533, 
            453.609512, 929.037170, 456.679057, 925.967626, 
            459.748601, 924.944444, 463.841327, 923.921263, 
            463.841327, 923.921263, 466.910871, 921.874900, 
            469.980416, 920.851719, 474.073141, 919.828537, 
            477.142686, 916.758993, 481.235412, 915.735811, 
            485.328137, 914.712630, 487.374500, 913.689448, 
            489.420863, 913.689448, 491.467226, 912.666267, 
            493.513589, 912.666267, 495.559952, 912.666267, 
            496.583133, 911.643086, 498.629496, 911.643086, 
            499.652678, 910.619904, 501.699041, 909.596723, 
            502.722222, 907.550360, 504.768585, 906.527178, 
            504.768585, 904.480815, 504.768585, 903.457634, 
            504.768585, 901.411271, 504.768585, 898.341727, 
            504.768585, 896.295364, 504.768585, 895.272182, 
            502.722222, 893.225819, 501.699041, 892.202638, 
            498.629496, 892.202638, 495.559952, 892.202638, 
            492.490408, 891.179456, 488.397682, 891.179456, 
            482.258593, 892.202638, 478.165867, 893.225819, 
            474.073141, 893.225819, 469.980416, 893.225819, 
            465.887690, 893.225819, 464.864508, 893.225819, 
            463.841327, 893.225819, 460.771783, 893.225819, 
            459.748601, 892.202638, 459.748601, 891.179456, 
            459.748601, 891.179456, 460.771783, 890.156275, 
            461.794964, 888.109912, 463.841327, 888.109912, 
            464.864508, 886.063549, 466.910871, 885.040368, 
            468.957234, 884.017186, 472.026779, 881.970823, 
            474.073141, 878.901279, 478.165867, 878.901279, 
            480.212230, 878.901279, 481.235412, 878.901279, 
            483.281775, 877.878098, 484.304956, 876.854916, 
            486.351319, 876.854916, 488.397682, 875.831735, 
            490.444045, 875.831735, 491.467226, 874.808553, 
            493.513589, 872.762190, 494.536771, 871.739009, 
            495.559952, 869.692646, 496.583133, 868.669464, 
            496.583133, 867.646283, 496.583133, 865.599920, 
            497.606315, 864.576739, 497.606315, 863.553557, 
            496.583133, 861.507194, 496.583133, 858.437650, 
            495.559952, 857.414468, 494.536771, 854.344924, 
            493.513589, 852.298561, 492.490408, 851.275380, 
            491.467226, 850.252198, 489.420863, 850.252198, 
            488.397682, 848.205835, 485.328137, 846.159472, 
            482.258593, 846.159472, 481.235412, 845.136291, 
            480.212230, 845.136291, 479.189049, 843.089928, 
