%YAML:1.0
    mask: !!opencv-matrix
        rows: 513
        cols: 2
        dt: f
        data: [ 221.956954, 718.645695, 221.956954, 
            716.526490, 224.076159, 714.407285, 226.195364, 
            712.288079, 228.314570, 710.168874, 230.433775, 
            708.049669, 232.552980, 703.811258, 236.791391, 
            701.692053, 236.791391, 699.572848, 238.910596, 
            697.453642, 241.029801, 695.334437, 243.149007, 
            695.334437, 243.149007, 693.215232, 245.268212, 
            693.215232, 247.387417, 691.096026, 249.506623, 
            688.976821, 251.625828, 686.857616, 255.864238, 
            682.619205, 257.983444, 680.500000, 260.102649, 
            680.500000, 262.221854, 678.380795, 264.341060, 
            676.261589, 264.341060, 672.023179, 270.698675, 
            667.784768, 272.817881, 665.665563, 272.817881, 
            663.546358, 272.817881, 661.427152, 274.937086, 
            659.307947, 277.056291, 657.188742, 277.056291, 
            655.069536, 279.175497, 655.069536, 279.175497, 
            652.950331, 279.175497, 650.831126, 281.294702, 
            648.711921, 283.413907, 648.711921, 283.413907, 
            646.592715, 285.533113, 646.592715, 285.533113, 
            642.354305, 287.652318, 640.235099, 287.652318, 
            638.115894, 289.771523, 638.115894, 289.771523, 
            635.996689, 289.771523, 633.877483, 291.890728, 
            631.758278, 291.890728, 629.639073, 294.009934, 
            627.519868, 296.129139, 625.400662, 296.129139, 
            623.281457, 296.129139, 619.043046, 298.248344, 
            616.923841, 298.248344, 614.804636, 300.367550, 
            612.685430, 300.367550, 610.566225, 302.486755, 
            610.566225, 302.486755, 608.447020, 302.486755, 
            606.327815, 304.605960, 606.327815, 304.605960, 
            604.208609, 306.725166, 604.208609, 310.963576, 
            597.850993, 315.201987, 595.731788, 317.321192, 
            595.731788, 317.321192, 593.612583, 319.440397, 
            591.493377, 321.559603, 587.254967, 323.678808, 
            585.135762, 323.678808, 580.897351, 325.798013, 
            580.897351, 325.798013, 578.778146, 327.917219, 
            574.539735, 327.917219, 572.420530, 330.036424, 
            568.182119, 332.155629, 563.943709, 332.155629, 
            561.824503, 332.155629, 559.705298, 334.274834, 
            557.586093, 334.274834, 555.466887, 336.394040, 
            551.228477, 338.513245, 546.990066, 338.513245, 
            544.870861, 340.632450, 542.751656, 340.632450, 
            540.632450, 342.751656, 536.394040, 342.751656, 
            534.274834, 344.870861, 534.274834, 344.870861, 
            530.036424, 346.990066, 527.917219, 346.990066, 
            525.798013, 346.990066, 523.678808, 349.109272, 
            521.559603, 349.109272, 519.440397, 349.109272, 
            517.321192, 351.228477, 515.201987, 353.347682, 
            513.082781, 353.347682, 510.963576, 353.347682, 
            506.725166, 355.466887, 504.605960, 355.466887, 
            502.486755, 355.466887, 498.248344, 357.586093, 
            498.248344, 357.586093, 496.129139, 359.705298, 
            496.129139, 359.705298, 494.009934, 359.705298, 
            491.890728, 359.705298, 489.771523, 359.705298, 
            487.652318, 361.824503, 485.533113, 361.824503, 
            483.413907, 363.943709, 481.294702, 366.062914, 
            477.056291, 366.062914, 474.937086, 368.182119, 
            472.817881, 370.301325, 470.698675, 370.301325, 
            468.579470, 372.420530, 466.460265, 374.539735, 
            464.341060, 376.658940, 464.341060, 376.658940, 
            460.102649, 378.778146, 457.983444, 378.778146, 
            455.864238, 380.897351, 455.864238, 383.016556, 
            453.745033, 385.135762, 451.625828, 387.254967, 
            449.506623, 389.374172, 449.506623, 389.374172, 
            447.387417, 391.493377, 447.387417, 393.612583, 
            445.268212, 397.850993, 443.149007, 412.685430, 
            438.910596, 421.162252, 434.672185, 444.473510, 
            430.433775, 446.592715, 430.433775, 448.711921, 
            428.314570, 452.950331, 426.195364, 459.307947, 
            424.076159, 463.546358, 421.956954, 472.023179, 
            419.837748, 478.380795, 417.718543, 480.500000, 
            417.718543, 482.619205, 417.718543, 484.738411, 
            415.599338, 486.857616, 413.480132, 491.096026, 
            411.360927, 493.215232, 411.360927, 495.334437, 
            411.360927, 497.453642, 411.360927, 497.453642, 
            409.241722, 501.692053, 409.241722, 516.526490, 
            407.122517, 520.764901, 407.122517, 520.764901, 
            405.003311, 522.884106, 405.003311, 531.360927, 
            405.003311, 535.599338, 405.003311, 537.718543, 
            405.003311, 539.837748, 405.003311, 541.956954, 
            405.003311, 544.076159, 405.003311, 546.195364, 
            409.241722, 546.195364, 411.360927, 546.195364, 
            413.480132, 546.195364, 415.599338, 546.195364, 
            417.718543, 548.314570, 417.718543, 554.672185, 
            419.837748, 561.029801, 421.956954, 565.268212, 
            421.956954, 569.506623, 421.956954, 571.625828, 
            421.956954, 573.745033, 421.956954, 580.102649, 
            424.076159, 597.056291, 428.314570, 601.294702, 
            430.433775, 616.129139, 432.552980, 618.248344, 
            432.552980, 620.367550, 434.672185, 622.486755, 
            436.791391, 626.725166, 438.910596, 630.963576, 
            443.149007, 637.321192, 443.149007, 641.559603, 
            447.387417, 645.798013, 449.506623, 647.917219, 
            451.625828, 647.917219, 453.745033, 650.036424, 
            453.745033, 650.036424, 455.864238, 654.274834, 
            457.983444, 656.394040, 460.102649, 660.632450, 
            460.102649, 662.751656, 464.341060, 664.870861, 
            464.341060, 669.109272, 466.460265, 671.228477, 
            468.579470, 671.228477, 470.698675, 673.347682, 
            472.817881, 673.347682, 474.937086, 675.466887, 
            477.056291, 675.466887, 479.175497, 675.466887, 
            481.294702, 675.466887, 483.413907, 675.466887, 
            485.533113, 675.466887, 487.652318, 673.347682, 
            489.771523, 671.228477, 491.890728, 669.109272, 
            494.009934, 664.870861, 494.009934, 662.751656, 
            494.009934, 654.274834, 494.009934, 650.036424, 
            494.009934, 645.798013, 494.009934, 643.678808, 
            494.009934, 639.440397, 494.009934, 637.321192, 
            494.009934, 635.201987, 494.009934, 633.082781, 
            494.009934, 630.963576, 494.009934, 628.844371, 
            494.009934, 626.725166, 494.009934, 624.605960, 
            494.009934, 622.486755, 494.009934, 620.367550, 
            494.009934, 618.248344, 494.009934, 616.129139, 
            494.009934, 614.009934, 494.009934, 611.890728, 
            494.009934, 609.771523, 491.890728, 607.652318, 
            491.890728, 605.533113, 491.890728, 603.413907, 
            489.771523, 601.294702, 489.771523, 599.175497, 
            489.771523, 597.056291, 489.771523, 594.937086, 
            487.652318, 592.817881, 487.652318, 590.698675, 
            487.652318, 588.579470, 487.652318, 582.221854, 
            489.771523, 577.983444, 489.771523, 577.983444, 
            491.890728, 571.625828, 496.129139, 571.625828, 
            498.248344, 571.625828, 500.367550, 569.506623, 
            502.486755, 569.506623, 504.605960, 569.506623, 
            506.725166, 567.387417, 508.844371, 567.387417, 
            510.963576, 567.387417, 513.082781, 567.387417, 
            515.201987, 567.387417, 517.321192, 565.268212, 
            519.440397, 565.268212, 521.559603, 565.268212, 
            523.678808, 563.149007, 525.798013, 563.149007, 
            527.917219, 563.149007, 530.036424, 563.149007, 
