%YAML:1.0
    mask: !!opencv-matrix
        rows: 298
        cols: 2
        dt: f
        data: [ 324.458763, 716.128866, 329.737113, 
            710.850515, 338.974227, 701.613402, 346.891753, 
            696.335052, 354.809278, 691.056701, 365.365979, 
            683.139175, 373.283505, 679.180412, 378.561856, 
            673.902062, 386.479381, 667.304124, 391.757732, 
            664.664948, 393.077320, 662.025773, 394.396907, 
            662.025773, 399.675258, 656.747423, 404.953608, 
            652.788660, 407.592784, 650.149485, 407.592784, 
            647.510309, 408.912371, 646.190722, 408.912371, 
            644.871134, 408.912371, 643.551546, 404.953608, 
            640.912371, 402.314433, 639.592784, 398.355670, 
            636.953608, 394.396907, 636.953608, 387.798969, 
            636.953608, 382.520619, 636.953608, 379.881443, 
            636.953608, 373.283505, 636.953608, 362.726804, 
            636.953608, 361.407216, 636.953608, 358.768041, 
            638.273196, 350.850515, 639.592784, 348.211340, 
            640.912371, 336.335052, 644.871134, 323.139175, 
            648.829897, 319.180412, 651.469072, 311.262887, 
            656.747423, 300.706186, 664.664948, 291.469072, 
            671.262887, 278.273196, 683.139175, 276.953608, 
            684.458763, 272.994845, 688.417526, 269.036082, 
            691.056701, 261.118557, 695.015464, 255.840206, 
            697.654639, 253.201031, 700.293814, 249.242268, 
            700.293814, 246.603093, 700.293814, 246.603093, 
            698.974227, 246.603093, 697.654639, 246.603093, 
            696.335052, 246.603093, 693.695876, 246.603093, 
            691.056701, 247.922680, 679.180412, 255.840206, 
            671.262887, 263.757732, 660.706186, 271.675258, 
            654.108247, 276.953608, 650.149485, 279.592784, 
            647.510309, 288.829897, 643.551546, 302.025773, 
            639.592784, 308.623711, 638.273196, 317.860825, 
            638.273196, 323.139175, 638.273196, 327.097938, 
            636.953608, 333.695876, 636.953608, 345.572165, 
            634.314433, 348.211340, 632.994845, 354.809278, 
            630.355670, 362.726804, 627.716495, 364.046392, 
            626.396907, 365.365979, 626.396907, 365.365979, 
            625.077320, 365.365979, 623.757732, 365.365979, 
            621.118557, 365.365979, 617.159794, 362.726804, 
            614.520619, 358.768041, 611.881443, 358.768041, 
            609.242268, 357.448454, 607.922680, 354.809278, 
            605.283505, 352.170103, 601.324742, 349.530928, 
            600.005155, 346.891753, 600.005155, 344.252577, 
            600.005155, 332.376289, 600.005155, 324.458763, 
            600.005155, 315.221649, 600.005155, 305.984536, 
            600.005155, 282.231959, 600.005155, 274.314433, 
            600.005155, 266.396907, 601.324742, 266.396907, 
            600.005155, 267.716495, 596.046392, 271.675258, 
            590.768041, 274.314433, 585.489691, 274.314433, 
            584.170103, 271.675258, 581.530928, 265.077320, 
            577.572165, 255.840206, 574.932990, 243.963918, 
            572.293814, 242.644330, 572.293814, 238.685567, 
            572.293814, 229.448454, 573.613402, 204.376289, 
            588.128866, 201.737113, 589.448454, 192.500000, 
            600.005155, 184.582474, 605.283505, 180.623711, 
            609.242268, 170.067010, 614.520619, 159.510309, 
            622.438144, 151.592784, 627.716495, 148.953608, 
            631.675258, 142.355670, 638.273196, 137.077320, 
            642.231959, 125.201031, 654.108247, 115.963918, 
            662.025773, 112.005155, 667.304124, 106.726804, 
            672.582474, 104.087629, 675.221649, 97.489691, 
            685.778351, 96.170103, 689.737113, 92.211340, 
            697.654639, 88.252577, 705.572165, 88.252577, 
            709.530928, 86.932990, 712.170103, 86.932990, 
            713.489691, 86.932990, 714.809278, 86.932990, 
            716.128866, 86.932990, 717.448454, -1.000000, 
            -1.000000, 624.005155, 716.128866, 616.087629, 
            716.128866, 612.128866, 716.128866, 604.211340, 
            714.809278, 602.891753, 713.489691, 602.891753, 
            712.170103, 601.572165, 710.850515, 600.252577, 
            704.252577, 598.932990, 700.293814, 598.932990, 
            698.974227, 598.932990, 695.015464, 598.932990, 
            691.056701, 602.891753, 685.778351, 612.128866, 
            677.860825, 614.768041, 676.541237, 617.407216, 
            676.541237, 624.005155, 676.541237, 631.922680, 
            676.541237, 635.881443, 676.541237, 643.798969, 
            676.541237, 653.036082, 676.541237, 658.314433, 
            676.541237, 659.634021, 676.541237, 663.592784, 
            677.860825, 672.829897, 681.819588, 684.706186, 
            689.737113, 689.984536, 692.376289, 699.221649, 
            698.974227, 703.180412, 700.293814, 705.819588, 
            702.932990, 713.737113, 706.891753, 724.293814, 
            713.489691, 728.252577, 716.128866, 729.572165, 
            716.128866, 729.572165, 714.809278, 729.572165, 
            712.170103, 724.293814, 702.932990, 720.335052, 
            696.335052, 704.500000, 673.902062, 703.180412, 
            669.943299, 700.541237, 667.304124, 691.304124, 
            659.386598, 687.345361, 656.747423, 674.149485, 
            647.510309, 667.551546, 643.551546, 664.912371, 
            639.592784, 655.675258, 632.994845, 651.716495, 
            630.355670, 647.757732, 626.396907, 643.798969, 
            621.118557, 641.159794, 617.159794, 642.479381, 
            617.159794, 646.438144, 615.840206, 655.675258, 
            615.840206, 663.592784, 615.840206, 686.025773, 
            615.840206, 688.664948, 615.840206, 697.902062, 
            615.840206, 707.139175, 615.840206, 713.737113, 
            615.840206, 726.932990, 615.840206, 740.128866, 
            617.159794, 749.365979, 619.798969, 759.922680, 
            622.438144, 762.561856, 623.757732, 770.479381, 
            625.077320, 779.716495, 627.716495, 796.871134, 
            635.634021, 802.149485, 635.634021, 803.469072, 
            636.953608, 804.788660, 636.953608, 810.067010, 
            640.912371, 812.706186, 642.231959, 833.819588, 
            654.108247, 840.417526, 658.067010, 840.417526, 
            659.386598, 841.737113, 659.386598, 845.695876, 
            663.345361, 852.293814, 671.262887, 856.252577, 
            675.221649, 862.850515, 680.500000, 866.809278, 
            685.778351, 869.448454, 687.097938, 873.407216, 
            691.056701, 874.726804, 693.695876, 877.365979, 
            701.613402, 880.005155, 705.572165, 880.005155, 
            706.891753, 881.324742, 710.850515, 881.324742, 
            713.489691, 881.324742, 714.809278, -1.000000, 
            -1.000000, 515.798969, 4.871134, 514.479381, 
            11.469072, 513.159794, 19.386598, 510.520619, 
            24.664948, 510.520619, 32.582474, 509.201031, 
            36.541237, 507.881443, 44.458763, 506.561856, 
            47.097938, 506.561856, 48.417526, 506.561856, 
            51.056701, 506.561856, 56.335052, 506.561856, 
            62.932990, 507.881443, 66.891753, 511.840206, 
            68.211340, 519.757732, 72.170103, 523.716495, 
            73.489691, 532.953608, 76.128866, 535.592784, 
            76.128866, 543.510309, 76.128866, 544.829897, 
            76.128866, 546.149485, 76.128866, 547.469072, 
            76.128866, 554.067010, 74.809278, 555.386598, 
            74.809278, 561.984536, 74.809278, 567.262887, 
            78.768041, 572.541237, 82.726804, 573.860825, 
            84.046392, 575.180412, 86.685567, 576.500000, 
            88.005155, 579.139175, 90.644330, 580.458763, 
            94.603093, 581.778351, 94.603093, 583.097938, 
            94.603093, 587.056701, 94.603093, 588.376289, 
            94.603093, 589.695876, 94.603093, 593.654639, 
