%YAML:1.0
    mask: !!opencv-matrix
        rows: 464
        cols: 2
        dt: f
        data: [ -1.000000, -1.000000, -1.000000, 
            -1.000000, 927.510309, 491.798969, 920.912371, 
            491.798969, 918.273196, 491.798969, 914.314433, 
            491.798969, 910.355670, 491.798969, 906.396907, 
            491.798969, 903.757732, 493.118557, 899.798969, 
            495.757732, 894.520619, 498.396907, 893.201031, 
            499.716495, 891.881443, 502.355670, 886.603093, 
            504.994845, 878.685567, 508.953608, 874.726804, 
            511.592784, 870.768041, 512.912371, 868.128866, 
            514.231959, 866.809278, 514.231959, 864.170103, 
            516.871134, 864.170103, 518.190722, 856.252577, 
            523.469072, 854.932990, 524.788660, 852.293814, 
            526.108247, 849.654639, 528.747423, 845.695876, 
            531.386598, 839.097938, 535.345361, 836.458763, 
            537.984536, 835.139175, 537.984536, 832.500000, 
            539.304124, 831.180412, 540.623711, 823.262887, 
            545.902062, 821.943299, 547.221649, 820.623711, 
            549.860825, 817.984536, 551.180412, 812.706186, 
            557.778351, 810.067010, 561.737113, 807.427835, 
            564.376289, 806.108247, 565.695876, 806.108247, 
            567.015464, 806.108247, 568.335052, 806.108247, 
            569.654639, 806.108247, 574.932990, 806.108247, 
            580.211340, 806.108247, 581.530928, 806.108247, 
            582.850515, 807.427835, 582.850515, 811.386598, 
            582.850515, 812.706186, 582.850515, 814.025773, 
            582.850515, 817.984536, 582.850515, 821.943299, 
            581.530928, 821.943299, 580.211340, 824.582474, 
            580.211340, 825.902062, 580.211340, 825.902062, 
            578.891753, 828.541237, 578.891753, 829.860825, 
            577.572165, 831.180412, 577.572165, 835.139175, 
            576.252577, 839.097938, 574.932990, 841.737113, 
            573.613402, 843.056701, 573.613402, 845.695876, 
            572.293814, 850.974227, 570.974227, 856.252577, 
            568.335052, 861.530928, 565.695876, 862.850515, 
            565.695876, 864.170103, 565.695876, 864.170103, 
            567.015464, 864.170103, 569.654639, 861.530928, 
            577.572165, 860.211340, 581.530928, 858.891753, 
            586.809278, 856.252577, 590.768041, 854.932990, 
            596.046392, 853.613402, 602.644330, 849.654639, 
            611.881443, 847.015464, 617.159794, 847.015464, 
            621.118557, 845.695876, 623.757732, 844.376289, 
            626.396907, 843.056701, 627.716495, 843.056701, 
            629.036082, 843.056701, 632.994845, 843.056701, 
            636.953608, 843.056701, 639.592784, 843.056701, 
            642.231959, 843.056701, 646.190722, 843.056701, 
            648.829897, 845.695876, 650.149485, 850.974227, 
            652.788660, 853.613402, 654.108247, 854.932990, 
            654.108247, 857.572165, 651.469072, 858.891753, 
            648.829897, 861.530928, 642.231959, 862.850515, 
            640.912371, 862.850515, 639.592784, 865.489691, 
            635.634021, 865.489691, 634.314433, 868.128866, 
            630.355670, 869.448454, 627.716495, 869.448454, 
            626.396907, 870.768041, 625.077320, 873.407216, 
            619.798969, 874.726804, 618.479381, 876.046392, 
            617.159794, 877.365979, 613.201031, 883.963918, 
            603.963918, 886.603093, 598.685567, 889.242268, 
            594.726804, 893.201031, 588.128866, 901.118557, 
            580.211340, 905.077320, 576.252577, 916.953608, 
            561.737113, 920.912371, 557.778351, 923.551546, 
            555.139175, 924.871134, 553.819588, 924.871134, 
            555.139175, 923.551546, 557.778351, 915.634021, 
            565.695876, 911.675258, 570.974227, 909.036082, 
            578.891753, 905.077320, 585.489691, 901.118557, 
            590.768041, 898.479381, 597.365979, 894.520619, 
            602.644330, 893.201031, 606.603093, 891.881443, 
            607.922680, 890.561856, 610.561856, 887.922680, 
            614.520619, 886.603093, 617.159794, 883.963918, 
            621.118557, 882.644330, 625.077320, 878.685567, 
            632.994845, 876.046392, 635.634021, 874.726804, 
            638.273196, 874.726804, 639.592784, 873.407216, 
            640.912371, 872.087629, 643.551546, 872.087629, 
            644.871134, 872.087629, 647.510309, 872.087629, 
            648.829897, 873.407216, 654.108247, 873.407216, 
            655.427835, 874.726804, 656.747423, 876.046392, 
            658.067010, 877.365979, 658.067010, 881.324742, 
            659.386598, 886.603093, 659.386598, 889.242268, 
            659.386598, 893.201031, 659.386598, 897.159794, 
            655.427835, 905.077320, 648.829897, 909.036082, 
            647.510309, 922.231959, 640.912371, 923.551546, 
            640.912371, 928.829897, 640.912371, 934.108247, 
            640.912371, 938.067010, 640.912371, 943.345361, 
            643.551546, 945.984536, 643.551546, 948.623711, 
            644.871134, 949.943299, 644.871134, 953.902062, 
            647.510309, 957.860825, 648.829897, 960.500000, 
            651.469072, 963.139175, 652.788660, 964.458763, 
            652.788660, 971.056701, 654.108247, 975.015464, 
            654.108247, 978.974227, 654.108247, 985.572165, 
            654.108247, 986.891753, 654.108247, 988.211340, 
            654.108247, 989.530928, 654.108247, 993.489691, 
            654.108247, 994.809278, 652.788660, 1000.087629, 
            648.829897, 1001.407216, 646.190722, 1004.046392, 
            643.551546, 1009.324742, 632.994845, 1013.283505, 
            627.716495, 1014.603093, 625.077320, 1017.242268, 
            621.118557, 1017.242268, 618.479381, 1019.881443, 
            617.159794, 1021.201031, 614.520619, 1022.520619, 
            613.201031, 1023.840206, 611.881443, 1025.159794, 
            609.242268, 1026.479381, 607.922680, 1026.479381, 
            606.603093, 1027.798969, 602.644330, 1029.118557, 
            600.005155, 1030.438144, 594.726804, 1030.438144, 
            592.087629, 1033.077320, 589.448454, 1033.077320, 
            588.128866, 1033.077320, 586.809278, 1033.077320, 
            584.170103, 1035.716495, 577.572165, 1037.036082, 
            570.974227, 1037.036082, 569.654639, 1037.036082, 
            567.015464, 1037.036082, 565.695876, 1037.036082, 
            564.376289, 1037.036082, 555.139175, 1035.716495, 
            552.500000, 1035.716495, 549.860825, 1031.757732, 
            541.943299, 1029.118557, 535.345361, 1027.798969, 
            531.386598, 1027.798969, 527.427835, 1026.479381, 
            524.788660, 1026.479381, 523.469072, 1025.159794, 
            520.829897, 1018.561856, 512.912371, 1014.603093, 
            510.273196, 1011.963918, 508.953608, 1005.365979, 
            504.994845, 1000.087629, 502.355670, 992.170103, 
            498.396907, 989.530928, 495.757732, 978.974227, 
            490.479381, 976.335052, 489.159794, 972.376289, 
            489.159794, 955.221649, 489.159794, 953.902062, 
            489.159794, 949.943299, 489.159794, -1.000000, 
            -1.000000, 331.056701, 392.829897, 328.417526, 
            398.108247, 327.097938, 400.747423, 319.180412, 
            412.623711, 317.860825, 416.582474, 312.582474, 
            424.500000, 311.262887, 429.778351, 309.943299, 
            433.737113, 304.664948, 446.932990, 304.664948, 
            448.252577, 303.345361, 462.768041, 303.345361, 
            469.365979, 303.345361, 474.644330, 303.345361, 
            478.603093, 303.345361, 481.242268, 303.345361, 
            483.881443, 304.664948, 489.159794, 308.623711, 
            497.077320, 308.623711, 498.396907, 312.582474, 
            503.675258, 313.902062, 506.314433, 316.541237, 
            508.953608, 316.541237, 510.273196, 317.860825, 
            511.592784, 319.180412, 512.912371, 320.500000, 
