%YAML:1.0
    mask: !!opencv-matrix
        rows: 1678
        cols: 2
        dt: f
        data: [ 4.291469, 670.642180, 5.808057, 
            670.642180, 7.324645, 670.642180, 8.841232, 
            670.642180, 11.874408, 667.609005, 11.874408, 
            664.575829, 14.907583, 663.059242, 17.940758, 
            660.026066, 19.457346, 660.026066, 20.973934, 
            658.509479, 24.007109, 656.992891, 25.523697, 
            656.992891, 27.040284, 655.476303, 28.556872, 
            653.959716, 30.073460, 653.959716, 30.073460, 
            652.443128, 30.073460, 650.926540, 30.073460, 
            649.409953, 30.073460, 647.893365, 30.073460, 
            644.860190, 31.590047, 644.860190, 31.590047, 
            641.827014, 33.106635, 638.793839, 34.623223, 
            635.760664, 34.623223, 634.244076, 36.139810, 
            631.210900, 37.656398, 629.694313, 39.172986, 
            628.177725, 39.172986, 626.661137, 39.172986, 
            625.144550, 40.689573, 625.144550, 40.689573, 
            623.627962, 42.206161, 622.111374, 43.722749, 
            620.594787, 45.239336, 619.078199, 46.755924, 
            617.561611, 46.755924, 616.045024, 48.272512, 
            616.045024, 49.789100, 614.528436, 51.305687, 
            613.011848, 52.822275, 611.495261, 54.338863, 
            609.978673, 55.855450, 608.462085, 57.372038, 
            606.945498, 58.888626, 605.428910, 60.405213, 
            605.428910, 61.921801, 605.428910, 63.438389, 
            603.912322, 63.438389, 602.395735, 64.954976, 
            602.395735, 66.471564, 600.879147, 67.988152, 
            600.879147, 69.504739, 599.362559, 72.537915, 
            597.845972, 74.054502, 596.329384, 77.087678, 
            594.812796, 80.120853, 594.812796, 83.154028, 
            593.296209, 84.670616, 591.779621, 84.670616, 
            590.263033, 87.703791, 588.746445, 89.220379, 
            585.713270, 92.253555, 582.680095, 95.286730, 
            579.646919, 96.803318, 578.130332, 99.836493, 
            576.613744, 102.869668, 573.580569, 104.386256, 
            572.063981, 107.419431, 570.547393, 108.936019, 
            570.547393, 111.969194, 569.030806, 113.485782, 
            567.514218, 113.485782, 565.997630, 115.002370, 
            565.997630, 116.518957, 565.997630, 118.035545, 
            564.481043, 118.035545, 562.964455, 119.552133, 
            559.931280, 121.068720, 558.414692, 122.585308, 
            558.414692, 122.585308, 556.898104, 124.101896, 
            555.381517, 125.618483, 555.381517, 127.135071, 
            555.381517, 128.651659, 555.381517, 130.168246, 
            555.381517, 133.201422, 553.864929, 136.234597, 
            553.864929, 139.267773, 552.348341, 142.300948, 
            552.348341, 145.334123, 550.831754, 146.850711, 
            550.831754, 148.367299, 550.831754, 149.883886, 
            550.831754, 149.883886, 549.315166, 151.400474, 
            549.315166, 152.917062, 549.315166, 154.433649, 
            549.315166, 155.950237, 549.315166, 157.466825, 
            547.798578, 158.983412, 547.798578, 160.500000, 
            547.798578, 162.016588, 547.798578, 163.533175, 
            547.798578, 165.049763, 547.798578, 166.566351, 
            547.798578, 168.082938, 547.798578, 169.599526, 
            547.798578, 171.116114, 547.798578, 172.632701, 
            549.315166, 174.149289, 550.831754, 175.665877, 
            552.348341, 177.182464, 553.864929, 177.182464, 
            555.381517, 178.699052, 556.898104, 178.699052, 
            558.414692, 178.699052, 559.931280, 178.699052, 
            561.447867, 178.699052, 562.964455, 178.699052, 
            564.481043, 178.699052, 567.514218, 178.699052, 
            569.030806, 178.699052, 570.547393, 178.699052, 
            572.063981, 178.699052, 573.580569, 178.699052, 
            575.097156, 178.699052, 576.613744, 178.699052, 
            578.130332, 178.699052, 581.163507, 178.699052, 
            582.680095, 178.699052, 584.196682, 178.699052, 
            587.229858, 178.699052, 590.263033, 178.699052, 
            591.779621, 178.699052, 593.296209, 178.699052, 
            594.812796, 178.699052, 596.329384, 178.699052, 
            597.845972, 178.699052, 599.362559, 178.699052, 
            602.395735, 178.699052, 605.428910, 178.699052, 
            606.945498, 180.215640, 609.978673, 180.215640, 
            611.495261, 181.732227, 613.011848, 181.732227, 
            614.528436, 181.732227, 616.045024, 181.732227, 
            617.561611, 183.248815, 620.594787, 184.765403, 
            623.627962, 186.281991, 626.661137, 186.281991, 
            628.177725, 187.798578, 629.694313, 187.798578, 
            632.727488, 187.798578, 634.244076, 187.798578, 
            635.760664, 187.798578, 637.277251, 187.798578, 
            640.310427, 187.798578, 641.827014, 187.798578, 
            644.860190, 187.798578, 646.376777, 187.798578, 
            647.893365, 187.798578, 649.409953, 187.798578, 
            650.926540, 187.798578, 653.959716, 187.798578, 
            655.476303, 187.798578, 656.992891, 187.798578, 
            658.509479, 189.315166, 658.509479, 190.831754, 
            658.509479, 192.348341, 658.509479, 193.864929, 
            658.509479, 195.381517, 658.509479, 196.898104, 
            658.509479, 199.931280, 658.509479, 201.447867, 
            658.509479, 204.481043, 658.509479, 205.997630, 
            658.509479, 207.514218, 658.509479, 210.547393, 
            658.509479, 212.063981, 658.509479, 213.580569, 
            658.509479, 215.097156, 658.509479, 216.613744, 
            658.509479, 218.130332, 658.509479, 219.646919, 
            658.509479, 221.163507, 658.509479, 222.680095, 
            658.509479, 224.196682, 658.509479, 227.229858, 
            658.509479, 228.746445, 658.509479, 230.263033, 
            658.509479, 233.296209, 660.026066, 234.812796, 
            660.026066, 236.329384, 660.026066, 237.845972, 
            660.026066, 239.362559, 660.026066, 242.395735, 
            660.026066, 243.912322, 660.026066, 246.945498, 
            660.026066, 248.462085, 660.026066, 249.978673, 
            660.026066, 253.011848, 660.026066, 254.528436, 
            660.026066, 257.561611, 660.026066, 260.594787, 
            660.026066, 262.111374, 660.026066, 265.144550, 
            660.026066, 268.177725, 660.026066, 271.210900, 
            660.026066, 274.244076, 660.026066, 275.760664, 
            660.026066, 277.277251, 660.026066, 280.310427, 
            660.026066, 281.827014, 660.026066, 283.343602, 
            660.026066, 284.860190, 660.026066, 287.893365, 
            660.026066, 289.409953, 660.026066, 290.926540, 
            660.026066, 292.443128, 658.509479, 293.959716, 
            658.509479, 295.476303, 658.509479, 298.509479, 
            658.509479, 300.026066, 658.509479, 301.542654, 
            658.509479, 304.575829, 656.992891, 306.092417, 
            656.992891, 307.609005, 656.992891, 310.642180, 
            656.992891, 313.675355, 656.992891, 316.708531, 
            656.992891, 318.225118, 656.992891, 321.258294, 
            656.992891, 322.774882, 656.992891, 325.808057, 
            656.992891, 328.841232, 656.992891, 330.357820, 
            656.992891, 331.874408, 656.992891, 334.907583, 
            656.992891, 337.940758, 656.992891, 339.457346, 
            656.992891, 340.973934, 656.992891, 342.490521, 
            655.476303, 344.007109, 655.476303, 345.523697, 
            655.476303, 347.040284, 655.476303, 348.556872, 
            655.476303, 350.073460, 655.476303, 351.590047, 
            655.476303, 353.106635, 655.476303, 354.623223, 
            655.476303, 356.139810, 655.476303, 357.656398, 
            655.476303, 359.172986, 655.476303, 360.689573, 
            656.992891, 362.206161, 656.992891, 362.206161, 
            658.509479, 363.722749, 660.026066, 363.722749, 
            661.542654, 365.239336, 661.542654, 365.239336, 
