%YAML:1.0
    mask: !!opencv-matrix
        rows: 439
        cols: 2
        dt: f
        data: [ 310.963576, 623.281457, 308.844371, 
            623.281457, 296.129139, 633.877483, 291.890728, 
            635.996689, 291.890728, 638.115894, 289.771523, 
            638.115894, 287.652318, 640.235099, 285.533113, 
            640.235099, 283.413907, 642.354305, 279.175497, 
            644.473510, 277.056291, 646.592715, 272.817881, 
            646.592715, 270.698675, 646.592715, 270.698675, 
            648.711921, 268.579470, 648.711921, 266.460265, 
            650.831126, 266.460265, 652.950331, 264.341060, 
            652.950331, 264.341060, 655.069536, 260.102649, 
            655.069536, 260.102649, 657.188742, 257.983444, 
            659.307947, 253.745033, 661.427152, 251.625828, 
            663.546358, 249.506623, 663.546358, 247.387417, 
            665.665563, 245.268212, 667.784768, 243.149007, 
            669.903974, 241.029801, 669.903974, 238.910596, 
            672.023179, 236.791391, 674.142384, 234.672185, 
            676.261589, 232.552980, 678.380795, 232.552980, 
            680.500000, 230.433775, 682.619205, 228.314570, 
            686.857616, 228.314570, 688.976821, 226.195364, 
            693.215232, 226.195364, 695.334437, 226.195364, 
            697.453642, 226.195364, 699.572848, 226.195364, 
            701.692053, 226.195364, 703.811258, 228.314570, 
            708.049669, 228.314570, 710.168874, 230.433775, 
            710.168874, 230.433775, 712.288079, 232.552980, 
            714.407285, 234.672185, 714.407285, 236.791391, 
            716.526490, 236.791391, 718.645695, 296.129139, 
            718.645695, 298.248344, 718.645695, 300.367550, 
            716.526490, 302.486755, 716.526490, 304.605960, 
            716.526490, 304.605960, 714.407285, 308.844371, 
            714.407285, 317.321192, 712.288079, 317.321192, 
            710.168874, 319.440397, 708.049669, 321.559603, 
            705.930464, 323.678808, 703.811258, 327.917219, 
            701.692053, 330.036424, 697.453642, 330.036424, 
            695.334437, 332.155629, 691.096026, 332.155629, 
            686.857616, 332.155629, 684.738411, 332.155629, 
            680.500000, 332.155629, 676.261589, 332.155629, 
            674.142384, 332.155629, 672.023179, 332.155629, 
            669.903974, 332.155629, 667.784768, 332.155629, 
            663.546358, 332.155629, 661.427152, 332.155629, 
            657.188742, 330.036424, 655.069536, 330.036424, 
            652.950331, 330.036424, 650.831126, 327.917219, 
            644.473510, 325.798013, 642.354305, 325.798013, 
            640.235099, 323.678808, 635.996689, 321.559603, 
            633.877483, 321.559603, 631.758278, 319.440397, 
            629.639073, 317.321192, 629.639073, 317.321192, 
            627.519868, 315.201987, 625.400662, 315.201987, 
            623.281457, 313.082781, 623.281457, -1.000000, 
            -1.000000, 633.082781, 678.380795, 635.201987, 
            678.380795, 639.440397, 676.261589, 643.678808, 
            676.261589, 652.155629, 674.142384, 658.513245, 
            674.142384, 666.990066, 672.023179, 671.228477, 
            672.023179, 677.586093, 672.023179, 681.824503, 
            672.023179, 686.062914, 672.023179, 686.062914, 
            669.903974, 688.182119, 669.903974, 690.301325, 
            669.903974, 692.420530, 669.903974, 694.539735, 
            667.784768, 696.658940, 667.784768, 698.778146, 
            667.784768, 700.897351, 667.784768, 703.016556, 
            667.784768, 707.254967, 667.784768, 711.493377, 
            667.784768, 713.612583, 667.784768, 715.731788, 
            667.784768, 717.850993, 667.784768, 719.970199, 
            667.784768, 722.089404, 667.784768, 724.208609, 
            667.784768, 724.208609, 669.903974, 726.327815, 
            672.023179, 730.566225, 674.142384, 734.804636, 
            676.261589, 739.043046, 680.500000, 741.162252, 
            680.500000, 743.281457, 682.619205, 745.400662, 
            684.738411, 747.519868, 686.857616, 749.639073, 
            686.857616, 751.758278, 688.976821, 753.877483, 
            691.096026, 753.877483, 693.215232, 755.996689, 
            693.215232, 758.115894, 695.334437, 760.235099, 
            695.334437, 760.235099, 697.453642, 762.354305, 
            697.453642, 764.473510, 699.572848, 766.592715, 
            701.692053, 775.069536, 705.930464, 779.307947, 
            708.049669, 779.307947, 710.168874, 781.427152, 
            710.168874, 785.665563, 710.168874, 789.903974, 
            712.288079, 792.023179, 712.288079, 794.142384, 
            714.407285, 796.261589, 714.407285, 798.380795, 
            714.407285, 800.500000, 714.407285, 802.619205, 
            714.407285, 804.738411, 714.407285, 806.857616, 
            714.407285, 811.096026, 714.407285, 813.215232, 
            716.526490, 815.334437, 716.526490, 815.334437, 
            718.645695, 726.327815, 718.645695, 724.208609, 
            718.645695, 722.089404, 718.645695, 719.970199, 
            718.645695, 715.731788, 716.526490, 709.374172, 
            714.407285, 703.016556, 714.407285, 696.658940, 
            712.288079, 692.420530, 710.168874, 686.062914, 
            708.049669, 681.824503, 708.049669, 679.705298, 
            705.930464, 677.586093, 703.811258, 675.466887, 
            703.811258, 673.347682, 701.692053, 666.990066, 
            697.453642, 660.632450, 691.096026, 658.513245, 
            688.976821, 658.513245, 686.857616, 656.394040, 
            686.857616, 656.394040, 684.738411, 654.274834, 
            684.738411, 652.155629, 682.619205, 650.036424, 
            682.619205, 647.917219, 682.619205, -1.000000, 
            -1.000000, 594.937086, 243.943709, 599.175497, 
            243.943709, 601.294702, 243.943709, 607.652318, 
            241.824503, 618.248344, 239.705298, 622.486755, 
            239.705298, 630.963576, 235.466887, 635.201987, 
            235.466887, 637.321192, 233.347682, 641.559603, 
            233.347682, 643.678808, 231.228477, 645.798013, 
            231.228477, 647.917219, 231.228477, 652.155629, 
            231.228477, 654.274834, 231.228477, 656.394040, 
            231.228477, 658.513245, 231.228477, 660.632450, 
            231.228477, 662.751656, 233.347682, 664.870861, 
            235.466887, 669.109272, 237.586093, 671.228477, 
            241.824503, 673.347682, 241.824503, 675.466887, 
            243.943709, 677.586093, 246.062914, 677.586093, 
            248.182119, 679.705298, 250.301325, 681.824503, 
            250.301325, 681.824503, 252.420530, 683.943709, 
            254.539735, 683.943709, 256.658940, 683.943709, 
            258.778146, 686.062914, 260.897351, 686.062914, 
            263.016556, 686.062914, 265.135762, 686.062914, 
            267.254967, 686.062914, 269.374172, 686.062914, 
            271.493377, 686.062914, 273.612583, 686.062914, 
            277.850993, 683.943709, 277.850993, 681.824503, 
            279.970199, 681.824503, 282.089404, 679.705298, 
            284.208609, 679.705298, 286.327815, 677.586093, 
            286.327815, 677.586093, 288.447020, 675.466887, 
            290.566225, 675.466887, 292.685430, 673.347682, 
            294.804636, 673.347682, 296.923841, 671.228477, 
            296.923841, 669.109272, 299.043046, 669.109272, 
            303.281457, 666.990066, 305.400662, 666.990066, 
            307.519868, 666.990066, 309.639073, 664.870861, 
            311.758278, 662.751656, 313.877483, 660.632450, 
            315.996689, 660.632450, 318.115894, 658.513245, 
            320.235099, 656.394040, 322.354305, 654.274834, 
            324.473510, 652.155629, 326.592715, 650.036424, 
            326.592715, 645.798013, 328.711921, 643.678808, 
            328.711921, 641.559603, 330.831126, 639.440397, 
            330.831126, 635.201987, 330.831126, 624.605960, 
