%YAML:1.0
    mask: !!opencv-matrix
        rows: 453
        cols: 2
        dt: f
        data: [ 212.293814, 718.768041, 212.293814, 
            712.170103, 216.252577, 708.211340, 220.211340, 
            702.932990, 221.530928, 700.293814, 225.489691, 
            695.015464, 228.128866, 689.737113, 228.128866, 
            688.417526, 229.448454, 685.778351, 230.768041, 
            684.458763, 236.046392, 676.541237, 237.365979, 
            673.902062, 238.685567, 672.582474, 238.685567, 
            671.262887, 240.005155, 669.943299, 240.005155, 
            668.623711, 240.005155, 667.304124, 240.005155, 
            664.664948, 240.005155, 663.345361, 240.005155, 
            662.025773, 238.685567, 662.025773, 237.365979, 
            662.025773, 236.046392, 662.025773, 233.407216, 
            662.025773, 220.211340, 665.984536, 213.613402, 
            668.623711, 210.974227, 671.262887, 205.695876, 
            673.902062, 193.819588, 677.860825, 187.221649, 
            680.500000, 176.664948, 683.139175, 171.386598, 
            684.458763, 166.108247, 687.097938, 162.149485, 
            688.417526, 159.510309, 689.737113, 155.551546, 
            689.737113, 152.912371, 692.376289, 150.273196, 
            693.695876, 146.314433, 695.015464, 144.994845, 
            696.335052, 143.675258, 697.654639, 142.355670, 
            700.293814, 141.036082, 701.613402, 141.036082, 
            702.932990, 141.036082, 704.252577, 141.036082, 
            709.530928, 141.036082, 716.128866, 141.036082, 
            718.768041, -1.000000, -1.000000, 749.365979, 
            700.293814, 744.087629, 700.293814, 738.809278, 
            700.293814, 728.252577, 700.293814, 726.932990, 
            700.293814, 725.613402, 700.293814, 724.293814, 
            698.974227, 721.654639, 697.654639, 719.015464, 
            696.335052, 715.056701, 693.695876, 713.737113, 
            692.376289, 704.500000, 688.417526, 701.860825, 
            687.097938, 697.902062, 684.458763, 695.262887, 
            683.139175, 692.623711, 681.819588, 691.304124, 
            681.819588, 678.108247, 676.541237, 670.190722, 
            672.582474, 662.273196, 669.943299, 659.634021, 
            668.623711, 655.675258, 667.304124, 653.036082, 
            667.304124, 650.396907, 665.984536, 646.438144, 
            664.664948, 642.479381, 663.345361, 641.159794, 
            662.025773, 638.520619, 660.706186, 635.881443, 
            660.706186, 634.561856, 659.386598, 631.922680, 
            658.067010, 630.603093, 658.067010, 630.603093, 
            655.427835, 627.963918, 652.788660, 627.963918, 
            651.469072, 627.963918, 650.149485, 625.324742, 
            648.829897, 625.324742, 647.510309, 624.005155, 
            647.510309, 624.005155, 646.190722, 624.005155, 
            644.871134, 624.005155, 643.551546, 624.005155, 
            642.231959, 624.005155, 639.592784, 624.005155, 
            638.273196, 625.324742, 632.994845, 626.644330, 
            631.675258, 629.283505, 630.355670, 631.922680, 
            627.716495, 635.881443, 626.396907, 639.840206, 
            626.396907, 643.798969, 626.396907, 649.077320, 
            626.396907, 655.675258, 626.396907, 658.314433, 
            626.396907, 660.953608, 625.077320, 663.592784, 
            623.757732, 668.871134, 622.438144, 670.190722, 
            622.438144, 676.788660, 619.798969, 680.747423, 
            618.479381, 682.067010, 618.479381, 683.386598, 
            617.159794, 684.706186, 615.840206, 686.025773, 
            613.201031, 686.025773, 607.922680, 686.025773, 
            602.644330, 684.706186, 601.324742, 683.386598, 
            596.046392, 682.067010, 593.407216, 680.747423, 
            590.768041, 679.427835, 588.128866, 678.108247, 
            585.489691, 678.108247, 582.850515, 676.788660, 
            581.530928, 675.469072, 578.891753, 674.149485, 
            578.891753, 671.510309, 574.932990, 667.551546, 
            570.974227, 667.551546, 569.654639, 666.231959, 
            569.654639, 664.912371, 567.015464, 660.953608, 
            561.737113, 658.314433, 559.097938, 656.994845, 
            557.778351, 654.355670, 555.139175, 649.077320, 
            549.860825, 647.757732, 548.541237, 643.798969, 
            544.582474, 639.840206, 541.943299, 637.201031, 
            540.623711, 634.561856, 539.304124, 631.922680, 
            537.984536, 629.283505, 532.706186, 629.283505, 
            530.067010, 634.561856, 527.427835, 642.479381, 
            523.469072, 645.118557, 523.469072, 647.757732, 
            522.149485, 647.757732, 520.829897, 649.077320, 
            516.871134, 647.757732, 514.231959, 646.438144, 
            512.912371, 645.118557, 510.273196, 645.118557, 
            508.953608, 643.798969, 506.314433, 643.798969, 
            504.994845, 643.798969, 502.355670, 643.798969, 
            501.036082, 645.118557, 499.716495, 645.118557, 
            498.396907, 649.077320, 497.077320, 650.396907, 
            495.757732, 655.675258, 495.757732, 664.912371, 
            495.757732, 668.871134, 498.396907, 670.190722, 
            498.396907, 674.149485, 499.716495, 680.747423, 
            501.036082, 682.067010, 501.036082, 683.386598, 
            502.355670, 688.664948, 504.994845, 692.623711, 
            506.314433, 700.541237, 510.273196, 703.180412, 
            511.592784, 708.458763, 512.912371, 709.778351, 
            514.231959, 712.417526, 515.551546, 716.376289, 
            516.871134, 720.335052, 518.190722, 724.293814, 
            520.829897, 730.891753, 522.149485, 734.850515, 
            524.788660, 738.809278, 526.108247, 741.448454, 
            528.747423, 748.046392, 531.386598, 752.005155, 
            532.706186, 753.324742, 532.706186, 755.963918, 
            535.345361, 758.603093, 536.664948, 763.881443, 
            540.623711, 765.201031, 540.623711, 769.159794, 
            544.582474, 770.479381, 545.902062, 773.118557, 
            547.221649, 774.438144, 548.541237, 775.757732, 
            551.180412, 778.396907, 552.500000, 779.716495, 
            553.819588, 783.675258, 557.778351, 784.994845, 
            559.097938, 790.273196, 564.376289, 794.231959, 
            568.335052, 796.871134, 572.293814, 798.190722, 
            573.613402, 800.829897, 574.932990, 807.427835, 
            581.530928, 810.067010, 584.170103, 816.664948, 
            592.087629, 819.304124, 593.407216, 825.902062, 
            600.005155, 829.860825, 603.963918, 832.500000, 
            606.603093, 833.819588, 610.561856, 837.778351, 
            613.201031, 839.097938, 615.840206, 840.417526, 
            617.159794, 843.056701, 621.118557, 844.376289, 
            622.438144, 845.695876, 622.438144, 845.695876, 
            623.757732, 847.015464, 623.757732, 847.015464, 
            625.077320, 845.695876, 625.077320, 844.376289, 
            625.077320, 832.500000, 629.036082, 827.221649, 
            630.355670, 806.108247, 638.273196, 803.469072, 
            639.592784, 799.510309, 642.231959, 795.551546, 
            643.551546, 792.912371, 647.510309, 783.675258, 
            656.747423, 781.036082, 658.067010, 779.716495, 
            660.706186, -1.000000, -1.000000, 672.829897, 
            281.984536, 671.510309, 288.582474, 670.190722, 
            292.541237, 668.871134, 295.180412, 667.551546, 
            300.458763, 666.231959, 303.097938, 666.231959, 
            304.417526, 666.231959, 307.056701, 667.551546, 
            309.695876, 668.871134, 311.015464, 671.510309, 
            312.335052, 680.747423, 312.335052, 692.623711, 
            309.695876, 695.262887, 308.376289, 700.541237, 
            307.056701, 707.139175, 307.056701, 713.737113, 
            305.737113, 715.056701, 305.737113, 721.654639, 
            303.097938, 724.293814, 301.778351, 729.572165, 
            301.778351, 732.211340, 300.458763, 741.448454, 
