%YAML:1.0
    mask: !!opencv-matrix
        rows: 816
        cols: 2
        dt: f
        data: [ -1.000000, -1.000000, 705.135762, 
            718.645695, 705.135762, 712.288079, 707.254967, 
            705.930464, 709.374172, 701.692053, 711.493377, 
            697.453642, 713.612583, 695.334437, 715.731788, 
            693.215232, 715.731788, 691.096026, 715.731788, 
            688.976821, 717.850993, 688.976821, 717.850993, 
            686.857616, 719.970199, 684.738411, 722.089404, 
            682.619205, 722.089404, 680.500000, 722.089404, 
            678.380795, 722.089404, 676.261589, 722.089404, 
            674.142384, 722.089404, 672.023179, 719.970199, 
            672.023179, 717.850993, 672.023179, 715.731788, 
            669.903974, 715.731788, 667.784768, 713.612583, 
            667.784768, 711.493377, 667.784768, 709.374172, 
            667.784768, 707.254967, 667.784768, 705.135762, 
            667.784768, 703.016556, 667.784768, 700.897351, 
            667.784768, 698.778146, 667.784768, 696.658940, 
            667.784768, 694.539735, 667.784768, 692.420530, 
            667.784768, 690.301325, 667.784768, 688.182119, 
            667.784768, 686.062914, 667.784768, 683.943709, 
            667.784768, 681.824503, 667.784768, 679.705298, 
            667.784768, 675.466887, 667.784768, 673.347682, 
            667.784768, 671.228477, 665.665563, 669.109272, 
            663.546358, 669.109272, 661.427152, 666.990066, 
            659.307947, 666.990066, 655.069536, 666.990066, 
            652.950331, 666.990066, 650.831126, 666.990066, 
            648.711921, 666.990066, 646.592715, 666.990066, 
            644.473510, 669.109272, 642.354305, 671.228477, 
            640.235099, 671.228477, 638.115894, 673.347682, 
            638.115894, 673.347682, 635.996689, 677.586093, 
            633.877483, 679.705298, 633.877483, 679.705298, 
            631.758278, 681.824503, 631.758278, 683.943709, 
            629.639073, 686.062914, 629.639073, 686.062914, 
            627.519868, 688.182119, 625.400662, 690.301325, 
            625.400662, 690.301325, 623.281457, 690.301325, 
            621.162252, 690.301325, 619.043046, 690.301325, 
            616.923841, 688.182119, 616.923841, 686.062914, 
            614.804636, 683.943709, 614.804636, 681.824503, 
            612.685430, 681.824503, 610.566225, 679.705298, 
            610.566225, 677.586093, 610.566225, 675.466887, 
            608.447020, 673.347682, 606.327815, 673.347682, 
            604.208609, 671.228477, 602.089404, 671.228477, 
            599.970199, 671.228477, 597.850993, 671.228477, 
            595.731788, 671.228477, 593.612583, 671.228477, 
            591.493377, 671.228477, 589.374172, 671.228477, 
            587.254967, 673.347682, 585.135762, 675.466887, 
            583.016556, 675.466887, 580.897351, 677.586093, 
            580.897351, 679.705298, 578.778146, 681.824503, 
            576.658940, 683.943709, 576.658940, 688.182119, 
            574.539735, 692.420530, 572.420530, 694.539735, 
            572.420530, 696.658940, 572.420530, 698.778146, 
            572.420530, 700.897351, 572.420530, 703.016556, 
            572.420530, 705.135762, 572.420530, 707.254967, 
            572.420530, 709.374172, 572.420530, 711.493377, 
            572.420530, 713.612583, 572.420530, 717.850993, 
            572.420530, 724.208609, 572.420530, 726.327815, 
            572.420530, 728.447020, 572.420530, 730.566225, 
            572.420530, 732.685430, 572.420530, 734.804636, 
            572.420530, 736.923841, 572.420530, 739.043046, 
            572.420530, 741.162252, 572.420530, 743.281457, 
            570.301325, 745.400662, 570.301325, 747.519868, 
            570.301325, 749.639073, 570.301325, 751.758278, 
            570.301325, 758.115894, 570.301325, 760.235099, 
            568.182119, 762.354305, 568.182119, 764.473510, 
            568.182119, 768.711921, 566.062914, 770.831126, 
            566.062914, 772.950331, 566.062914, 775.069536, 
            566.062914, 777.188742, 566.062914, 779.307947, 
            566.062914, 781.427152, 566.062914, 781.427152, 
            563.943709, 783.546358, 563.943709, 785.665563, 
            563.943709, 787.784768, 563.943709, 789.903974, 
            563.943709, 789.903974, 561.824503, 792.023179, 
            561.824503, 794.142384, 561.824503, 794.142384, 
            559.705298, 796.261589, 557.586093, 796.261589, 
            555.466887, 796.261589, 553.347682, 794.142384, 
            553.347682, 792.023179, 551.228477, 792.023179, 
            549.109272, 789.903974, 549.109272, 789.903974, 
            546.990066, 785.665563, 544.870861, 785.665563, 
            542.751656, 783.546358, 542.751656, 783.546358, 
            540.632450, 781.427152, 540.632450, 781.427152, 
            538.513245, 779.307947, 538.513245, 777.188742, 
            536.394040, 777.188742, 534.274834, 775.069536, 
            534.274834, 775.069536, 532.155629, 772.950331, 
            532.155629, 772.950331, 530.036424, 770.831126, 
            530.036424, 768.711921, 527.917219, 766.592715, 
            525.798013, 766.592715, 521.559603, 764.473510, 
            521.559603, 764.473510, 519.440397, 762.354305, 
            519.440397, 760.235099, 517.321192, 758.115894, 
            515.201987, 755.996689, 513.082781, 753.877483, 
            510.963576, 751.758278, 508.844371, 749.639073, 
            508.844371, 749.639073, 506.725166, 747.519868, 
            504.605960, 745.400662, 504.605960, 743.281457, 
            502.486755, 741.162252, 502.486755, 741.162252, 
            500.367550, 739.043046, 498.248344, 736.923841, 
            498.248344, 734.804636, 496.129139, 732.685430, 
            494.009934, 728.447020, 489.771523, 726.327815, 
            487.652318, 724.208609, 485.533113, 722.089404, 
            483.413907, 719.970199, 481.294702, 717.850993, 
            479.175497, 713.612583, 474.937086, 711.493377, 
            472.817881, 709.374172, 470.698675, 707.254967, 
            468.579470, 707.254967, 466.460265, 707.254967, 
            464.341060, 705.135762, 462.221854, 705.135762, 
            460.102649, 705.135762, 457.983444, 705.135762, 
            453.745033, 705.135762, 451.625828, 705.135762, 
            449.506623, 705.135762, 447.387417, 705.135762, 
            445.268212, 705.135762, 443.149007, 707.254967, 
            441.029801, 707.254967, 438.910596, 707.254967, 
            436.791391, 709.374172, 434.672185, 711.493377, 
            432.552980, 715.731788, 430.433775, 717.850993, 
            430.433775, 719.970199, 430.433775, 722.089404, 
            430.433775, 724.208609, 430.433775, 724.208609, 
            432.552980, 726.327815, 432.552980, 726.327815, 
            434.672185, 728.447020, 436.791391, 730.566225, 
            436.791391, 732.685430, 438.910596, 734.804636, 
            438.910596, 736.923841, 441.029801, 739.043046, 
            441.029801, 741.162252, 443.149007, 741.162252, 
            445.268212, 743.281457, 445.268212, 745.400662, 
            445.268212, 747.519868, 447.387417, 749.639073, 
            449.506623, 751.758278, 449.506623, 753.877483, 
            451.625828, 753.877483, 453.745033, 755.996689, 
            453.745033, 758.115894, 455.864238, 760.235099, 
            455.864238, 762.354305, 457.983444, 764.473510, 
            460.102649, 770.831126, 464.341060, 772.950331, 
            466.460265, 779.307947, 468.579470, 783.546358, 
            470.698675, 785.665563, 472.817881, 785.665563, 
            474.937086, 789.903974, 477.056291, 794.142384, 
            479.175497, 798.380795, 481.294702, 798.380795, 
            483.413907, 800.500000, 483.413907, 802.619205, 
            485.533113, 804.738411, 485.533113, 804.738411, 
            487.652318, 808.976821, 489.771523, 811.096026, 
            491.890728, 813.215232, 491.890728, 815.334437, 
