%YAML:1.0
    mask: !!opencv-matrix
        rows: 669
        cols: 2
        dt: f
        data: [ 188.541237, 717.448454, 195.139175, 
            713.489691, 199.097938, 713.489691, 203.056701, 
            712.170103, 210.974227, 708.211340, 216.252577, 
            706.891753, 222.850515, 704.252577, 225.489691, 
            702.932990, 226.809278, 701.613402, 228.128866, 
            701.613402, 229.448454, 700.293814, 230.768041, 
            697.654639, 233.407216, 695.015464, 237.365979, 
            688.417526, 238.685567, 683.139175, 240.005155, 
            676.541237, 240.005155, 668.623711, 240.005155, 
            662.025773, 241.324742, 660.706186, 241.324742, 
            659.386598, 242.644330, 656.747423, 246.603093, 
            654.108247, 251.881443, 654.108247, 255.840206, 
            654.108247, 257.159794, 654.108247, 259.798969, 
            654.108247, 262.438144, 654.108247, 266.396907, 
            656.747423, 267.716495, 656.747423, 270.355670, 
            658.067010, 272.994845, 662.025773, 274.314433, 
            664.664948, 278.273196, 669.943299, 278.273196, 
            671.262887, 280.912371, 677.860825, 280.912371, 
            679.180412, 280.912371, 681.819588, 282.231959, 
            683.139175, 283.551546, 685.778351, 290.149485, 
            691.056701, 291.469072, 692.376289, 299.386598, 
            693.695876, 304.664948, 695.015464, 305.984536, 
            695.015464, 308.623711, 695.015464, 308.623711, 
            693.695876, 311.262887, 692.376289, 311.262887, 
            691.056701, 311.262887, 689.737113, 312.582474, 
            684.458763, 315.221649, 675.221649, 315.221649, 
            669.943299, 315.221649, 667.304124, 316.541237, 
            663.345361, 316.541237, 662.025773, 316.541237, 
            660.706186, 320.500000, 658.067010, 323.139175, 
            658.067010, 328.417526, 655.427835, 333.695876, 
            654.108247, 338.974227, 651.469072, 345.572165, 
            648.829897, 352.170103, 646.190722, 360.087629, 
            642.231959, 362.726804, 640.912371, 369.324742, 
            636.953608, 369.324742, 635.634021, 371.963918, 
            634.314433, 374.603093, 631.675258, 378.561856, 
            629.036082, 385.159794, 623.757732, 389.118557, 
            621.118557, 391.757732, 618.479381, 393.077320, 
            617.159794, 394.396907, 613.201031, 395.716495, 
            611.881443, 394.396907, 611.881443, 389.118557, 
            611.881443, 378.561856, 611.881443, 373.283505, 
            611.881443, 365.365979, 613.201031, 344.252577, 
            615.840206, 331.056701, 617.159794, 324.458763, 
            617.159794, 321.819588, 617.159794, 320.500000, 
            617.159794, 317.860825, 617.159794, 316.541237, 
            617.159794, 302.025773, 610.561856, 288.829897, 
            603.963918, 286.190722, 602.644330, 280.912371, 
            597.365979, 276.953608, 592.087629, 275.634021, 
            590.768041, 272.994845, 589.448454, 269.036082, 
            585.489691, 265.077320, 581.530928, 258.479381, 
            577.572165, 255.840206, 574.932990, 250.561856, 
            572.293814, 247.922680, 570.974227, 243.963918, 
            568.335052, 236.046392, 561.737113, 233.407216, 
            559.097938, 232.087629, 557.778351, 230.768041, 
            555.139175, 226.809278, 552.500000, 225.489691, 
            549.860825, 222.850515, 548.541237, 220.211340, 
            545.902062, 216.252577, 543.262887, 213.613402, 
            543.262887, 210.974227, 541.943299, 199.097938, 
            541.943299, 191.180412, 541.943299, 184.582474, 
            543.262887, 177.984536, 543.262887, 174.025773, 
            543.262887, 171.386598, 543.262887, 167.427835, 
            541.943299, 164.788660, 541.943299, 163.469072, 
            540.623711, 160.829897, 540.623711, 147.634021, 
            540.623711, 144.994845, 540.623711, 142.355670, 
            541.943299, 137.077320, 543.262887, 133.118557, 
            544.582474, 129.159794, 545.902062, 123.881443, 
            547.221649, 119.922680, 548.541237, 112.005155, 
            549.860825, 106.726804, 551.180412, 101.448454, 
            553.819588, 96.170103, 555.139175, 88.252577, 
            557.778351, 79.015464, 561.737113, 72.417526, 
            564.376289, 67.139175, 565.695876, 60.541237, 
            569.654639, 53.943299, 572.293814, 40.747423, 
            578.891753, 36.788660, 580.211340, 30.190722, 
            582.850515, 27.551546, 584.170103, 22.273196, 
            585.489691, 16.994845, 588.128866, 10.396907, 
            590.768041, 9.077320, 590.768041, 7.757732, 
            592.087629, 6.438144, 596.046392, 6.438144, 
            597.365979, 5.118557, 605.283505, 2.479381, 
            614.520619, 1.159794, 619.798969, 1.159794, 
            683.139175, 2.479381, 688.417526, 3.798969, 
            693.695876, 3.798969, 696.335052, 3.798969, 
            702.932990, 5.118557, 704.252577, 5.118557, 
            705.572165, 6.438144, 708.211340, 6.438144, 
            709.530928, 7.757732, 710.850515, 7.757732, 
            712.170103, -1.000000, -1.000000, 555.386598, 
            717.448454, 561.984536, 712.170103, 567.262887, 
            708.211340, 569.902062, 706.891753, 575.180412, 
            701.613402, 579.139175, 696.335052, 581.778351, 
            693.695876, 584.417526, 691.056701, 588.376289, 
            688.417526, 589.695876, 685.778351, 591.015464, 
            685.778351, 591.015464, 684.458763, 591.015464, 
            680.500000, 591.015464, 676.541237, 588.376289, 
            673.902062, 584.417526, 665.984536, 584.417526, 
            664.664948, 584.417526, 662.025773, 583.097938, 
            659.386598, 583.097938, 658.067010, 583.097938, 
            656.747423, 583.097938, 650.149485, 584.417526, 
            646.190722, 589.695876, 639.592784, 592.335052, 
            636.953608, 602.891753, 630.355670, 633.242268, 
            609.242268, 639.840206, 603.963918, 645.118557, 
            600.005155, 650.396907, 596.046392, 653.036082, 
            594.726804, 659.634021, 592.087629, 660.953608, 
            592.087629, 664.912371, 590.768041, 672.829897, 
            589.448454, 678.108247, 588.128866, 684.706186, 
            586.809278, 688.664948, 586.809278, 692.623711, 
            586.809278, 705.819588, 590.768041, 709.778351, 
            592.087629, 715.056701, 593.407216, 726.932990, 
            594.726804, 736.170103, 593.407216, 742.768041, 
            592.087629, 745.407216, 592.087629, 749.365979, 
            590.768041, 757.283505, 590.768041, 770.479381, 
            590.768041, 775.757732, 590.768041, 792.912371, 
            594.726804, 804.788660, 600.005155, 814.025773, 
            605.283505, 829.860825, 610.561856, 836.458763, 
            613.201031, 849.654639, 617.159794, 860.211340, 
            621.118557, 872.087629, 626.396907, 893.201031, 
            632.994845, 910.355670, 638.273196, 923.551546, 
            643.551546, 928.829897, 646.190722, 940.706186, 
            648.829897, 964.458763, 658.067010, 968.417526, 
            659.386598, 986.891753, 664.664948, 1006.685567, 
            671.262887, 1014.603093, 675.221649, 1027.798969, 
            679.180412, 1035.716495, 683.139175, 1050.231959, 
            689.737113, 1054.190722, 691.056701, 1062.108247, 
            695.015464, 1067.386598, 697.654639, 1072.664948, 
            700.293814, 1085.860825, 705.572165, 1093.778351, 
            710.850515, 1097.737113, 713.489691, 1104.335052, 
            717.448454, -1.000000, -1.000000, 573.860825, 
            259.551546, 568.582474, 258.231959, 565.943299, 
            258.231959, 559.345361, 256.912371, 546.149485, 
            254.273196, 539.551546, 252.953608, 535.592784, 
            251.634021, 523.716495, 250.314433, 513.159794, 
            248.994845, 490.726804, 247.675258, 472.252577, 
            245.036082, 439.262887, 243.716495, 435.304124, 
