%YAML:1.0
    mask: !!opencv-matrix
        rows: 816
        cols: 2
        dt: f
        data: [ -1.000000, -1.000000, 908.573541, 
            713.497602, 906.527178, 711.451239, 905.503997, 
            711.451239, 904.480815, 711.451239, 903.457634, 
            711.451239, 900.388090, 710.428058, 897.318545, 
            709.404876, 894.249001, 707.358513, 891.179456, 
            705.312150, 887.086731, 702.242606, 885.040368, 
            701.219424, 882.994005, 698.149880, 879.924460, 
            697.126699, 879.924460, 696.103517, 878.901279, 
            695.080336, 876.854916, 694.057154, 875.831735, 
            694.057154, 874.808553, 694.057154, 872.762190, 
            694.057154, 871.739009, 694.057154, 870.715827, 
            694.057154, 868.669464, 695.080336, 868.669464, 
            696.103517, 867.646283, 697.126699, 867.646283, 
            698.149880, 867.646283, 699.173062, 867.646283, 
            700.196243, 867.646283, 701.219424, 866.623102, 
            703.265787, 866.623102, 705.312150, 865.599920, 
            707.358513, 865.599920, 710.428058, 865.599920, 
            712.474420, 866.623102, 713.497602, 866.623102, 
            714.520783, 866.623102, 715.543965, 866.623102, 
            716.567146, 866.623102, 717.590328, 866.623102, 
            718.613509, 865.599920, 718.613509, 862.530376, 
            717.590328, 860.484013, 715.543965, 858.437650, 
            714.520783, 855.368106, 710.428058, 851.275380, 
            707.358513, 849.229017, 703.265787, 847.182654, 
            701.219424, 846.159472, 700.196243, 845.136291, 
            699.173062, 844.113110, 699.173062, 842.066747, 
            698.149880, 840.020384, 697.126699, 838.997202, 
            697.126699, 834.904476, 696.103517, 830.811751, 
            693.033973, 828.765388, 692.010791, 827.742206, 
            689.964428, 825.695843, 688.941247, 824.672662, 
            686.894884, 822.626299, 685.871703, 821.603118, 
            685.871703, 819.556755, 683.825340, 816.487210, 
            682.802158, 815.464029, 682.802158, 813.417666, 
            680.755795, 810.348122, 680.755795, 808.301759, 
            680.755795, 807.278577, 680.755795, 806.255396, 
            680.755795, 804.209033, 679.732614, 803.185851, 
            679.732614, 802.162670, 679.732614, 801.139488, 
            679.732614, 800.116307, 679.732614, 800.116307, 
            680.755795, 798.069944, 680.755795, 798.069944, 
            681.778977, 798.069944, 682.802158, 797.046763, 
            683.825340, 797.046763, 684.848521, 795.000400, 
            686.894884, 795.000400, 687.918066, 795.000400, 
            688.941247, 793.977218, 689.964428, 793.977218, 
            690.987610, 792.954037, 692.010791, 791.930855, 
            693.033973, 790.907674, 693.033973, 789.884492, 
            693.033973, 788.861311, 692.010791, 787.838129, 
            692.010791, 787.838129, 690.987610, 786.814948, 
            690.987610, 784.768585, 688.941247, 781.699041, 
            687.918066, 780.675859, 687.918066, 779.652678, 
            687.918066, 778.629496, 687.918066, 777.606315, 
            687.918066, 776.583133, 687.918066, 775.559952, 
            687.918066, 774.536771, 687.918066, 773.513589, 
            687.918066, 772.490408, 687.918066, 771.467226, 
            686.894884, 770.444045, 686.894884, 770.444045, 
            685.871703, 769.420863, 685.871703, 767.374500, 
            685.871703, 766.351319, 685.871703, 764.304956, 
            685.871703, 763.281775, 685.871703, 762.258593, 
            685.871703, 761.235412, 685.871703, 760.212230, 
            685.871703, 760.212230, 686.894884, 759.189049, 
            686.894884, 759.189049, 687.918066, 758.165867, 
            688.941247, 757.142686, 690.987610, 757.142686, 
            692.010791, 757.142686, 694.057154, 757.142686, 
            697.126699, 757.142686, 698.149880, 757.142686, 
            699.173062, 758.165867, 702.242606, 759.189049, 
            704.288969, 759.189049, 705.312150, 760.212230, 
            707.358513, 762.258593, 708.381695, 763.281775, 
            709.404876, 763.281775, 710.428058, 767.374500, 
            712.474420, 768.397682, 714.520783, 769.420863, 
            716.567146, 770.444045, 717.590328, 771.467226, 
            719.636691, -1.000000, -1.000000, 652.778177, 
            359.476819, 651.754996, 359.476819, 650.731815, 
            359.476819, 648.685452, 361.523181, 646.639089, 
            362.546363, 643.569544, 364.592726, 642.546363, 
            365.615907, 640.500000, 367.662270, 639.476819, 
            367.662270, 639.476819, 368.685452, 637.430456, 
            370.731815, 636.407274, 370.731815, 634.360911, 
            371.754996, 631.291367, 371.754996, 627.198641, 
            373.801359, 625.152278, 373.801359, 624.129097, 
            373.801359, 621.059552, 374.824540, 615.943645, 
            375.847722, 610.827738, 376.870903, 606.735012, 
            377.894085, 603.665468, 377.894085, 602.642286, 
            378.917266, 600.595923, 378.917266, 598.549560, 
            378.917266, 597.526379, 379.940448, 596.503197, 
            379.940448, 595.480016, 380.963629, 592.410472, 
            380.963629, 591.387290, 381.986811, 588.317746, 
            383.009992, 585.248201, 384.033173, 582.178657, 
            384.033173, 579.109113, 386.079536, 577.062750, 
            387.102718, 573.993205, 388.125899, 569.900480, 
            390.172262, 568.877298, 391.195444, 567.854117, 
            391.195444, 567.854117, 394.264988, 566.830935, 
            395.288169, 566.830935, 398.357714, 565.807754, 
            401.427258, 564.784572, 404.496803, 564.784572, 
            406.543165, 563.761391, 408.589528, 561.715028, 
            413.705436, 560.691847, 414.728617, 559.668665, 
            415.751799, 558.645484, 418.821343, 556.599121, 
            421.890887, 556.599121, 424.960432, 555.575939, 
            427.006795, 554.552758, 429.053157, 553.529576, 
            431.099520, 553.529576, 432.122702, 552.506395, 
            434.169065, 549.436851, 436.215428, 547.390488, 
            438.261791, 546.367306, 439.284972, 545.344125, 
            440.308153, 544.320943, 441.331335, 543.297762, 
            442.354516, 542.274580, 443.377698, 541.251399, 
            443.377698, 541.251399, 442.354516, 540.228217, 
            440.308153, 540.228217, 438.261791, 540.228217, 
            435.192246, 540.228217, 434.169065, 539.205036, 
            432.122702, 539.205036, 430.076339, 539.205036, 
            429.053157, 539.205036, 428.029976, 539.205036, 
            427.006795, 539.205036, 425.983613, 539.205036, 
            423.937250, 539.205036, 422.914069, 539.205036, 
            420.867706, 538.181855, 419.844524, 537.158673, 
            417.798161, 537.158673, 414.728617, 537.158673, 
            411.659073, 537.158673, 409.612710, 537.158673, 
            408.589528, 537.158673, 403.473621, 537.158673, 
            400.404077, 537.158673, 397.334532, 537.158673, 
            394.264988, 537.158673, 393.241807, 538.181855, 
            391.195444, 538.181855, 388.125899, 539.205036, 
            386.079536, 539.205036, 385.056355, 539.205036, 
            386.079536, 537.158673, 388.125899, 536.135492, 
            390.172262, 535.112310, 392.218625, 534.089129, 
            393.241807, 532.042766, 395.288169, 531.019584, 
            398.357714, 529.996403, 399.380895, 529.996403, 
            400.404077, 529.996403, 401.427258, 529.996403, 
            402.450440, 528.973221, 406.543165, 528.973221, 
            408.589528, 529.996403, 409.612710, 531.019584, 
            412.682254, 533.065947, 414.728617, 535.112310, 
            417.798161, 535.112310, 420.867706, 536.135492, 
            424.960432, 536.135492, 428.029976, 537.158673, 
            430.076339, 537.158673, 433.145883, 537.158673, 
            434.169065, 537.158673, 440.308153, 535.112310, 
