%YAML:1.0
    mask: !!opencv-matrix
        rows: 387
        cols: 2
        dt: f
        data: [ -1.000000, -1.000000, 1050.231959, 
            716.128866, 1055.510309, 712.170103, 1059.469072, 
            709.530928, 1066.067010, 705.572165, 1070.025773, 
            704.252577, 1072.664948, 702.932990, 1075.304124, 
            701.613402, 1077.943299, 700.293814, 1080.582474, 
            698.974227, 1081.902062, 698.974227, 1084.541237, 
            697.654639, 1088.500000, 696.335052, 1089.819588, 
            696.335052, 1091.139175, 696.335052, 1092.458763, 
            695.015464, 1093.778351, 695.015464, 1095.097938, 
            695.015464, 1096.417526, 695.015464, 1097.737113, 
            695.015464, 1100.376289, 693.695876, 1112.252577, 
            692.376289, 1120.170103, 692.376289, 1124.128866, 
            691.056701, 1126.768041, 691.056701, 1133.365979, 
            691.056701, 1137.324742, 691.056701, 1141.283505, 
            691.056701, 1143.922680, 691.056701, 1145.242268, 
            691.056701, 1146.561856, 691.056701, 1149.201031, 
            691.056701, 1150.520619, 691.056701, 1151.840206, 
            691.056701, 1153.159794, 691.056701, 1155.798969, 
            691.056701, 1157.118557, 692.376289, 1159.757732, 
            692.376289, 1159.757732, 693.695876, 1162.396907, 
            693.695876, 1163.716495, 693.695876, 1165.036082, 
            695.015464, 1166.355670, 695.015464, 1168.994845, 
            696.335052, 1170.314433, 696.335052, 1171.634021, 
            697.654639, 1174.273196, 698.974227, 1175.592784, 
            698.974227, 1178.231959, 700.293814, 1179.551546, 
            702.932990, 1180.871134, 704.252577, 1182.190722, 
            704.252577, 1184.829897, 706.891753, 1186.149485, 
            708.211340, 1187.469072, 708.211340, 1188.788660, 
            709.530928, 1190.108247, 709.530928, 1191.427835, 
            710.850515, 1191.427835, 712.170103, 1192.747423, 
            712.170103, 1194.067010, 712.170103, 1194.067010, 
            713.489691, 1195.386598, 713.489691, 1196.706186, 
            713.489691, -1.000000, -1.000000, 802.149485, 
            332.128866, 796.871134, 334.768041, 794.231959, 
            334.768041, 790.273196, 336.087629, 788.953608, 
            336.087629, 786.314433, 337.407216, 783.675258, 
            337.407216, 782.355670, 337.407216, 778.396907, 
            337.407216, 777.077320, 337.407216, 775.757732, 
            337.407216, 773.118557, 337.407216, 771.798969, 
            337.407216, 769.159794, 337.407216, 765.201031, 
            337.407216, 761.242268, 337.407216, 759.922680, 
            338.726804, 757.283505, 338.726804, 755.963918, 
            338.726804, 753.324742, 338.726804, 752.005155, 
            340.046392, 749.365979, 341.365979, 748.046392, 
            342.685567, 746.726804, 342.685567, 745.407216, 
            342.685567, 744.087629, 344.005155, 744.087629, 
            345.324742, 744.087629, 346.644330, 745.407216, 
            347.963918, 748.046392, 350.603093, 750.685567, 
            351.922680, 754.644330, 353.242268, 754.644330, 
            354.561856, 755.963918, 354.561856, 765.201031, 
            354.561856, 773.118557, 354.561856, 779.716495, 
            354.561856, 782.355670, 354.561856, 794.231959, 
            353.242268, 794.231959, 354.561856, 794.231959, 
            355.881443, 794.231959, 357.201031, 791.592784, 
            359.840206, 791.592784, 361.159794, 788.953608, 
            363.798969, 788.953608, 365.118557, 786.314433, 
            367.757732, 782.355670, 369.077320, 779.716495, 
            371.716495, 775.757732, 374.355670, 770.479381, 
            378.314433, 769.159794, 379.634021, 767.840206, 
            380.953608, 766.520619, 382.273196, 762.561856, 
            386.231959, 759.922680, 387.551546, 759.922680, 
            388.871134, 758.603093, 390.190722, 755.963918, 
            394.149485, 754.644330, 394.149485, 753.324742, 
            396.788660, 752.005155, 398.108247, 752.005155, 
            399.427835, 750.685567, 399.427835, 749.365979, 
            400.747423, 748.046392, 402.067010, 748.046392, 
            403.386598, 746.726804, 404.706186, 745.407216, 
            404.706186, 745.407216, 407.345361, 745.407216, 
            408.664948, 745.407216, 409.984536, 746.726804, 
            411.304124, 748.046392, 412.623711, 749.365979, 
            412.623711, 750.685567, 413.943299, 752.005155, 
            413.943299, 753.324742, 413.943299, 754.644330, 
            415.262887, 755.963918, 415.262887, 757.283505, 
            416.582474, 759.922680, 416.582474, 761.242268, 
            417.902062, 762.561856, 417.902062, 765.201031, 
            417.902062, 766.520619, 419.221649, 770.479381, 
            420.541237, 774.438144, 423.180412, 775.757732, 
            424.500000, 782.355670, 428.458763, 786.314433, 
            431.097938, 788.953608, 432.417526, 791.592784, 
            435.056701, 794.231959, 436.376289, 796.871134, 
            437.695876, 798.190722, 439.015464, 804.788660, 
            442.974227, 806.108247, 444.293814, 807.427835, 
            445.613402, 810.067010, 445.613402, 811.386598, 
            445.613402, 814.025773, 446.932990, 816.664948, 
            446.932990, 819.304124, 446.932990, 823.262887, 
            446.932990, 827.221649, 446.932990, 828.541237, 
            446.932990, 832.500000, 446.932990, 835.139175, 
            446.932990, 840.417526, 446.932990, 843.056701, 
            446.932990, 844.376289, 446.932990, 845.695876, 
            446.932990, 849.654639, 445.613402, 850.974227, 
            445.613402, 852.293814, 444.293814, 857.572165, 
            442.974227, 858.891753, 441.654639, 860.211340, 
            440.335052, 862.850515, 439.015464, 864.170103, 
            439.015464, 868.128866, 436.376289, 870.768041, 
            435.056701, 872.087629, 433.737113, 873.407216, 
            433.737113, 876.046392, 431.097938, 877.365979, 
            431.097938, 880.005155, 428.458763, 881.324742, 
            425.819588, 882.644330, 424.500000, 882.644330, 
            423.180412, 883.963918, 420.541237, 885.283505, 
            415.262887, 886.603093, 412.623711, 887.922680, 
            409.984536, 889.242268, 406.025773, 889.242268, 
            403.386598, 889.242268, 402.067010, 889.242268, 
            399.427835, 889.242268, 398.108247, 889.242268, 
            394.149485, 890.561856, 391.510309, 890.561856, 
            387.551546, 890.561856, 384.912371, 890.561856, 
            382.273196, 889.242268, 376.994845, 885.283505, 
            371.716495, 883.963918, 370.396907, 882.644330, 
            366.438144, 880.005155, 363.798969, 876.046392, 
            359.840206, 874.726804, 358.520619, 873.407216, 
            357.201031, 866.809278, 351.922680, 864.170103, 
            350.603093, 861.530928, 346.644330, 860.211340, 
            346.644330, 857.572165, 344.005155, 854.932990, 
            342.685567, 853.613402, 341.365979, 849.654639, 
            340.046392, 848.335052, 338.726804, 845.695876, 
            337.407216, 844.376289, 337.407216, 841.737113, 
            336.087629, -1.000000, -1.000000, 477.530928, 
            340.046392, 478.850515, 346.644330, 480.170103, 
            349.283505, 481.489691, 355.881443, 484.128866, 
            361.159794, 484.128866, 366.438144, 486.768041, 
            373.036082, 489.407216, 378.314433, 490.726804, 
            383.592784, 492.046392, 384.912371, 493.365979, 
            388.871134, 497.324742, 394.149485, 501.283505, 
            398.108247, 505.242268, 400.747423, 509.201031, 
            404.706186, 513.159794, 407.345361, 518.438144, 
            412.623711, 519.757732, 415.262887, 523.716495, 
            417.902062, 526.355670, 420.541237, 530.314433, 
            423.180412, 532.953608, 424.500000, 535.592784, 
            427.139175, 538.231959, 428.458763, 546.149485, 
