%YAML:1.0
    mask: !!opencv-matrix
        rows: 779
        cols: 2
        dt: f
        data: [ 259.798969, 600.005155, 265.077320, 
            603.963918, 266.396907, 605.283505, 269.036082, 
            606.603093, 278.273196, 614.520619, 287.510309, 
            627.716495, 291.469072, 631.675258, 292.788660, 
            634.314433, 298.067010, 639.592784, 303.345361, 
            647.510309, 307.304124, 651.469072, 309.943299, 
            655.427835, 313.902062, 658.067010, 315.221649, 
            660.706186, 320.500000, 664.664948, 323.139175, 
            668.623711, 327.097938, 672.582474, 328.417526, 
            673.902062, 329.737113, 675.221649, 331.056701, 
            676.541237, 332.376289, 679.180412, 333.695876, 
            680.500000, 336.335052, 683.139175, 337.654639, 
            684.458763, 338.974227, 685.778351, 341.613402, 
            685.778351, 344.252577, 687.097938, 345.572165, 
            687.097938, 348.211340, 687.097938, 350.850515, 
            687.097938, 357.448454, 687.097938, 362.726804, 
            684.458763, 366.685567, 683.139175, 368.005155, 
            681.819588, 371.963918, 679.180412, 374.603093, 
            676.541237, 377.242268, 675.221649, 379.881443, 
            672.582474, 381.201031, 669.943299, 385.159794, 
            665.984536, 386.479381, 664.664948, 391.757732, 
            659.386598, 395.716495, 654.108247, 398.355670, 
            651.469072, 402.314433, 646.190722, 404.953608, 
            643.551546, 408.912371, 638.273196, 410.231959, 
            636.953608, 411.551546, 631.675258, 414.190722, 
            629.036082, 415.510309, 625.077320, 415.510309, 
            623.757732, 416.829897, 621.118557, 422.108247, 
            614.520619, 424.747423, 611.881443, 426.067010, 
            610.561856, 428.706186, 606.603093, 432.664948, 
            602.644330, 436.623711, 596.046392, 439.262887, 
            592.087629, 441.902062, 586.809278, 443.221649, 
            581.530928, 445.860825, 577.572165, 447.180412, 
            574.932990, 448.500000, 572.293814, 451.139175, 
            565.695876, 453.778351, 559.097938, 456.417526, 
            553.819588, 457.737113, 548.541237, 459.056701, 
            545.902062, 460.376289, 541.943299, 461.695876, 
            537.984536, 463.015464, 534.025773, 463.015464, 
            532.706186, 464.335052, 530.067010, 464.335052, 
            527.427835, 464.335052, 526.108247, 465.654639, 
            523.469072, 465.654639, 520.829897, 466.974227, 
            518.190722, 466.974227, 515.551546, 468.293814, 
            510.273196, 469.613402, 508.953608, 469.613402, 
            506.314433, 469.613402, 504.994845, 468.293814, 
            504.994845, 466.974227, 504.994845, 456.417526, 
            511.592784, 449.819588, 516.871134, 443.221649, 
            520.829897, 441.902062, 522.149485, 436.623711, 
            526.108247, 428.706186, 531.386598, 426.067010, 
            534.025773, 419.469072, 537.984536, 416.829897, 
            540.623711, 415.510309, 541.943299, 412.871134, 
            543.262887, 407.592784, 547.221649, 404.953608, 
            548.541237, 402.314433, 548.541237, 399.675258, 
            544.582474, 394.396907, 537.984536, 390.438144, 
            534.025773, 389.118557, 532.706186, 386.479381, 
            532.706186, 386.479381, 531.386598, 385.159794, 
            528.747423, 385.159794, 526.108247, 385.159794, 
            522.149485, 386.479381, 518.190722, 387.798969, 
            515.551546, 391.757732, 512.912371, 395.716495, 
            510.273196, 397.036082, 507.634021, 397.036082, 
            504.994845, 398.355670, 503.675258, 397.036082, 
            503.675258, 397.036082, 502.355670, 397.036082, 
            501.036082, 398.355670, 498.396907, 403.634021, 
            491.798969, 406.273196, 487.840206, 410.231959, 
            482.561856, 411.551546, 479.922680, 414.190722, 
            475.963918, 416.829897, 473.324742, 418.149485, 
            472.005155, 419.469072, 468.046392, 420.788660, 
            465.407216, 423.427835, 462.768041, 423.427835, 
            460.128866, 423.427835, 457.489691, 424.747423, 
            454.850515, 424.747423, 448.252577, 422.108247, 
            442.974227, 420.788660, 437.695876, 419.469072, 
            435.056701, 418.149485, 432.417526, 418.149485, 
            431.097938, 416.829897, 429.778351, 415.510309, 
            429.778351, 415.510309, 428.458763, 414.190722, 
            428.458763, 411.551546, 429.778351, 408.912371, 
            432.417526, 406.273196, 435.056701, 400.994845, 
            440.335052, 393.077320, 445.613402, 389.118557, 
            448.252577, 382.520619, 452.211340, 375.922680, 
            456.170103, 374.603093, 457.489691, 371.963918, 
            458.809278, 370.644330, 458.809278, 369.324742, 
            457.489691, 369.324742, 452.211340, 369.324742, 
            450.891753, 369.324742, 449.572165, 368.005155, 
            449.572165, 364.046392, 452.211340, 358.768041, 
            454.850515, 357.448454, 456.170103, 356.128866, 
            456.170103, 356.128866, 457.489691, 354.809278, 
            458.809278, 353.489691, 458.809278, 346.891753, 
            462.768041, 338.974227, 465.407216, 333.695876, 
            466.726804, 329.737113, 468.046392, 327.097938, 
            469.365979, 324.458763, 470.685567, 319.180412, 
            473.324742, 313.902062, 477.283505, 309.943299, 
            479.922680, 305.984536, 483.881443, 302.025773, 
            487.840206, 300.706186, 489.159794, 299.386598, 
            490.479381, 299.386598, 493.118557, 298.067010, 
            494.438144, 295.427835, 499.716495, 294.108247, 
            501.036082, 291.469072, 504.994845, 288.829897, 
            508.953608, 283.551546, 515.551546, 282.231959, 
            519.510309, 275.634021, 530.067010, 269.036082, 
            540.623711, 263.757732, 552.500000, 257.159794, 
            560.417526, 253.201031, 569.654639, 251.881443, 
            574.932990, 249.242268, 580.211340, 247.922680, 
            584.170103, -1.000000, -1.000000, 688.664948, 
            684.458763, 696.582474, 679.180412, 705.819588, 
            672.582474, 717.695876, 665.984536, 734.850515, 
            658.067010, 742.768041, 655.427835, 749.365979, 
            652.788660, 757.283505, 648.829897, 761.242268, 
            646.190722, 763.881443, 644.871134, 769.159794, 
            642.231959, 775.757732, 638.273196, 777.077320, 
            638.273196, 778.396907, 636.953608, 779.716495, 
            635.634021, 781.036082, 635.634021, 782.355670, 
            632.994845, 787.634021, 627.716495, 788.953608, 
            625.077320, 788.953608, 623.757732, 788.953608, 
            622.438144, 790.273196, 619.798969, 790.273196, 
            610.561856, 791.592784, 602.644330, 791.592784, 
            600.005155, 791.592784, 597.365979, 791.592784, 
            593.407216, 791.592784, 590.768041, 791.592784, 
            584.170103, 791.592784, 581.530928, 792.912371, 
            576.252577, 792.912371, 573.613402, 792.912371, 
            568.335052, 792.912371, 564.376289, 792.912371, 
            555.139175, 792.912371, 551.180412, 792.912371, 
            547.221649, 792.912371, 544.582474, 792.912371, 
            540.623711, 794.231959, 537.984536, 795.551546, 
            532.706186, 795.551546, 528.747423, 796.871134, 
            523.469072, 796.871134, 519.510309, 796.871134, 
            516.871134, 798.190722, 514.231959, 798.190722, 
            510.273196, 798.190722, 508.953608, 798.190722, 
            504.994845, 798.190722, 502.355670, 798.190722, 
            497.077320, 798.190722, 495.757732, 798.190722, 
            490.479381, 796.871134, 487.840206, 795.551546, 
            485.201031, 794.231959, 485.201031, 792.912371, 
            485.201031, 790.273196, 483.881443, 787.634021, 
            483.881443, 781.036082, 483.881443, 779.716495, 
