%YAML:1.0
    mask: !!opencv-matrix
        rows: 455
        cols: 2
        dt: f
        data: [ -1.000000, -1.000000, -1.000000, 
            -1.000000, 594.937086, 136.923841, 594.937086, 
            134.804636, 597.056291, 134.804636, 597.056291, 
            132.685430, 601.294702, 130.566225, 603.413907, 
            130.566225, 603.413907, 128.447020, 605.533113, 
            128.447020, 607.652318, 126.327815, 609.771523, 
            126.327815, 609.771523, 124.208609, 611.890728, 
            122.089404, 614.009934, 119.970199, 616.129139, 
            119.970199, 616.129139, 117.850993, 618.248344, 
            115.731788, 618.248344, 113.612583, 620.367550, 
            111.493377, 620.367550, 109.374172, 622.486755, 
            107.254967, 624.605960, 105.135762, 624.605960, 
            103.016556, 624.605960, 100.897351, 624.605960, 
            98.778146, 626.725166, 98.778146, 626.725166, 
            96.658940, 628.844371, 94.539735, 630.963576, 
            92.420530, 630.963576, 90.301325, 633.082781, 
            90.301325, 635.201987, 90.301325, 637.321192, 
            90.301325, 639.440397, 90.301325, 641.559603, 
            90.301325, 643.678808, 90.301325, 647.917219, 
            90.301325, 650.036424, 90.301325, 652.155629, 
            90.301325, 656.394040, 90.301325, 658.513245, 
            90.301325, 660.632450, 90.301325, 662.751656, 
            90.301325, 664.870861, 90.301325, 666.990066, 
            90.301325, 669.109272, 90.301325, 671.228477, 
            90.301325, 673.347682, 90.301325, 675.466887, 
            90.301325, 677.586093, 90.301325, 679.705298, 
            90.301325, 681.824503, 90.301325, 683.943709, 
            90.301325, 686.062914, 90.301325, 688.182119, 
            90.301325, 690.301325, 90.301325, 692.420530, 
            90.301325, 694.539735, 90.301325, 696.658940, 
            90.301325, 698.778146, 90.301325, 698.778146, 
            92.420530, 700.897351, 92.420530, 700.897351, 
            94.539735, 703.016556, 96.658940, 705.135762, 
            96.658940, 705.135762, 98.778146, 705.135762, 
            100.897351, 707.254967, 100.897351, 707.254967, 
            103.016556, 707.254967, 105.135762, 707.254967, 
            107.254967, 709.374172, 107.254967, 709.374172, 
            109.374172, 709.374172, 111.493377, 709.374172, 
            113.612583, 709.374172, 115.731788, 709.374172, 
            117.850993, 709.374172, 119.970199, 709.374172, 
            122.089404, 709.374172, 124.208609, 709.374172, 
            126.327815, 709.374172, 130.566225, 709.374172, 
            132.685430, 709.374172, 134.804636, 709.374172, 
            136.923841, 709.374172, 139.043046, 709.374172, 
            141.162252, 709.374172, 143.281457, 709.374172, 
            145.400662, 709.374172, 147.519868, 709.374172, 
            149.639073, 709.374172, 151.758278, 709.374172, 
            153.877483, 709.374172, 155.996689, 709.374172, 
            158.115894, 707.254967, 160.235099, 707.254967, 
            162.354305, 705.135762, 164.473510, 703.016556, 
            164.473510, 703.016556, 166.592715, 700.897351, 
            166.592715, 700.897351, 168.711921, 698.778146, 
            170.831126, 696.658940, 172.950331, 694.539735, 
            175.069536, 694.539735, 177.188742, 692.420530, 
            179.307947, 690.301325, 181.427152, 688.182119, 
            183.546358, 686.062914, 185.665563, 686.062914, 
            187.784768, 683.943709, 189.903974, 681.824503, 
            192.023179, 679.705298, 194.142384, 679.705298, 
            196.261589, 677.586093, 198.380795, 675.466887, 
            200.500000, 673.347682, 202.619205, 671.228477, 
            202.619205, 669.109272, 204.738411, 666.990066, 
            204.738411, 666.990066, 206.857616, 664.870861, 
            206.857616, 662.751656, 206.857616, 660.632450, 
            206.857616, 658.513245, 206.857616, 656.394040, 
            206.857616, 654.274834, 206.857616, 652.155629, 
            206.857616, 650.036424, 206.857616, 647.917219, 
            206.857616, 645.798013, 206.857616, 643.678808, 
            206.857616, 641.559603, 206.857616, 639.440397, 
            206.857616, 637.321192, 206.857616, 635.201987, 
            206.857616, 633.082781, 206.857616, 630.963576, 
            206.857616, 628.844371, 206.857616, 626.725166, 
            206.857616, 624.605960, 206.857616, 622.486755, 
            206.857616, 620.367550, 204.738411, 618.248344, 
            204.738411, 616.129139, 204.738411, 611.890728, 
            202.619205, 609.771523, 202.619205, 607.652318, 
            202.619205, 605.533113, 200.500000, 603.413907, 
            200.500000, 601.294702, 200.500000, 599.175497, 
            198.380795, 594.937086, 196.261589, 592.817881, 
            196.261589, 590.698675, 194.142384, 588.579470, 
            194.142384, 586.460265, 194.142384, 582.221854, 
            192.023179, 580.102649, 192.023179, 577.983444, 
            192.023179, 575.864238, 192.023179, 573.745033, 
            189.903974, 571.625828, 189.903974, 571.625828, 
            187.784768, 569.506623, 187.784768, 567.387417, 
            187.784768, 567.387417, 185.665563, 565.268212, 
            185.665563, 563.149007, 183.546358, 563.149007, 
            181.427152, 563.149007, 179.307947, 563.149007, 
            177.188742, 563.149007, 175.069536, 563.149007, 
            172.950331, 563.149007, 170.831126, 563.149007, 
            168.711921, 563.149007, 166.592715, 563.149007, 
            164.473510, 563.149007, 162.354305, 563.149007, 
            160.235099, 565.268212, 158.115894, 565.268212, 
            155.996689, 567.387417, 155.996689, 569.506623, 
            155.996689, 571.625828, 155.996689, 573.745033, 
            155.996689, 575.864238, 155.996689, 577.983444, 
            155.996689, 580.102649, 155.996689, 582.221854, 
            155.996689, 584.341060, 155.996689, 586.460265, 
            155.996689, 588.579470, 155.996689, 590.698675, 
            155.996689, 592.817881, 155.996689, 594.937086, 
            155.996689, 599.175497, 155.996689, 603.413907, 
            153.877483, 605.533113, 153.877483, 607.652318, 
            153.877483, 609.771523, 153.877483, 611.890728, 
            151.758278, 614.009934, 151.758278, 616.129139, 
            149.639073, 618.248344, 149.639073, 620.367550, 
            147.519868, 622.486755, 147.519868, 624.605960, 
            147.519868, 626.725166, 145.400662, 628.844371, 
            145.400662, 630.963576, 145.400662, 635.201987, 
            143.281457, 637.321192, 141.162252, 639.440397, 
            141.162252, 641.559603, 139.043046, 641.559603, 
            136.923841, 643.678808, 136.923841, 643.678808, 
            134.804636, 643.678808, 132.685430, 643.678808, 
            130.566225, 643.678808, 128.447020, 643.678808, 
            126.327815, 643.678808, 124.208609, 641.559603, 
            124.208609, 639.440397, 124.208609, 637.321192, 
            124.208609, 635.201987, 126.327815, 633.082781, 
            126.327815, 630.963576, 128.447020, 628.844371, 
            128.447020, 626.725166, 130.566225, 624.605960, 
            132.685430, 622.486755, 132.685430, 622.486755, 
            134.804636, 620.367550, 134.804636, 620.367550, 
            136.923841, 618.248344, 136.923841, 616.129139, 
            139.043046, 614.009934, 139.043046, 611.890728, 
            141.162252, 611.890728, 143.281457, 609.771523, 
            143.281457, 607.652318, 143.281457, 605.533113, 
            143.281457, 603.413907, 143.281457, 601.294702, 
            143.281457, 599.175497, 143.281457, 597.056291, 
            143.281457, 594.937086, 143.281457, 592.817881, 
            141.162252, 590.698675, 141.162252, 590.698675, 
            139.043046, 590.698675, 136.923841, 592.817881, 
            136.923841, 592.817881, 134.804636, 594.937086, 
            132.685430, -1.000000, -1.000000, 383.016556, 
