%YAML:1.0
    mask: !!opencv-matrix
        rows: 656
        cols: 2
        dt: f
        data: [ 241.029801, 690.036424, 243.149007, 
            692.155629, 243.149007, 694.274834, 241.029801, 
            696.394040, 241.029801, 698.513245, 238.910596, 
            700.632450, 236.791391, 702.751656, 234.672185, 
            704.870861, 234.672185, 706.990066, 232.552980, 
            709.109272, 230.433775, 711.228477, 228.314570, 
            711.228477, 228.314570, 713.347682, 226.195364, 
            715.466887, 226.195364, 717.586093, 257.983444, 
            719.705298, 257.983444, 717.586093, 257.983444, 
            715.466887, 257.983444, 713.347682, 255.864238, 
            713.347682, 255.864238, 711.228477, 253.745033, 
            709.109272, 253.745033, 706.990066, 253.745033, 
            704.870861, 251.625828, 702.751656, 251.625828, 
            700.632450, 249.506623, 700.632450, 247.387417, 
            698.513245, 247.387417, 696.394040, -1.000000, 
            -1.000000, 361.824503, 528.976821, 359.705298, 
            531.096026, 357.586093, 531.096026, 357.586093, 
            526.857616, 357.586093, 524.738411, 357.586093, 
            522.619205, 357.586093, 520.500000, 355.466887, 
            518.380795, 355.466887, 516.261589, 355.466887, 
            514.142384, 355.466887, 512.023179, 355.466887, 
            509.903974, 353.347682, 507.784768, 353.347682, 
            505.665563, 353.347682, 503.546358, 353.347682, 
            501.427152, 353.347682, 499.307947, 353.347682, 
            497.188742, 353.347682, 495.069536, 353.347682, 
            492.950331, 353.347682, 490.831126, 353.347682, 
            488.711921, 353.347682, 486.592715, 353.347682, 
            484.473510, 353.347682, 482.354305, 353.347682, 
            480.235099, 353.347682, 478.115894, 353.347682, 
            475.996689, 355.466887, 473.877483, 355.466887, 
            471.758278, 357.586093, 469.639073, 357.586093, 
            467.519868, 359.705298, 465.400662, 361.824503, 
            465.400662, 361.824503, 463.281457, 363.943709, 
            461.162252, 363.943709, 459.043046, 366.062914, 
            456.923841, 366.062914, 454.804636, 368.182119, 
            454.804636, 370.301325, 452.685430, 370.301325, 
            450.566225, 372.420530, 450.566225, 372.420530, 
            448.447020, 374.539735, 448.447020, 376.658940, 
            448.447020, 378.778146, 444.208609, 383.016556, 
            442.089404, 385.135762, 442.089404, 387.254967, 
            439.970199, 389.374172, 437.850993, 389.374172, 
            435.731788, 391.493377, 435.731788, 393.612583, 
            433.612583, 395.731788, 433.612583, 395.731788, 
            431.493377, 397.850993, 431.493377, 397.850993, 
            429.374172, 402.089404, 427.254967, 404.208609, 
            427.254967, 406.327815, 427.254967, 408.447020, 
            427.254967, 410.566225, 427.254967, 412.685430, 
            425.135762, 414.804636, 425.135762, 416.923841, 
            425.135762, 419.043046, 423.016556, 421.162252, 
            423.016556, 421.162252, 420.897351, 423.281457, 
            418.778146, 425.400662, 418.778146, 425.400662, 
            416.658940, 427.519868, 416.658940, 427.519868, 
            414.539735, 429.639073, 414.539735, 431.758278, 
            412.420530, 433.877483, 412.420530, 435.996689, 
            412.420530, 438.115894, 412.420530, 442.354305, 
            412.420530, 446.592715, 412.420530, 448.711921, 
            412.420530, 450.831126, 412.420530, 452.950331, 
            412.420530, 455.069536, 412.420530, 457.188742, 
            412.420530, 459.307947, 412.420530, 461.427152, 
            414.539735, 465.665563, 414.539735, 467.784768, 
            414.539735, 467.784768, 416.658940, 469.903974, 
            416.658940, 472.023179, 416.658940, 474.142384, 
            418.778146, 476.261589, 420.897351, 478.380795, 
            423.016556, 482.619205, 425.135762, 484.738411, 
            429.374172, 484.738411, 431.493377, 484.738411, 
            433.612583, 486.857616, 435.731788, 486.857616, 
            437.850993, 488.976821, 442.089404, 491.096026, 
            442.089404, 491.096026, 444.208609, 493.215232, 
            448.447020, 495.334437, 450.566225, 497.453642, 
            454.804636, 497.453642, 456.923841, 499.572848, 
            459.043046, 501.692053, 461.162252, 501.692053, 
            465.400662, 501.692053, 467.519868, 503.811258, 
            469.639073, 503.811258, 471.758278, 503.811258, 
            473.877483, 505.930464, 475.996689, 505.930464, 
            478.115894, 508.049669, 480.235099, 508.049669, 
            482.354305, 508.049669, 484.473510, 508.049669, 
            486.592715, 510.168874, 490.831126, 510.168874, 
            492.950331, 510.168874, 495.069536, 512.288079, 
            497.188742, 512.288079, 499.307947, 514.407285, 
            501.427152, 514.407285, 503.546358, 514.407285, 
            505.665563, 516.526490, 505.665563, 516.526490, 
            507.784768, 516.526490, 509.903974, 518.645695, 
            512.023179, 518.645695, 514.142384, 520.764901, 
            514.142384, 520.764901, 516.261589, 520.764901, 
            518.380795, 520.764901, 520.500000, 522.884106, 
            522.619205, 522.884106, 524.738411, 522.884106, 
            528.976821, 525.003311, 533.215232, 525.003311, 
            535.334437, 527.122517, 535.334437, 527.122517, 
            537.453642, 527.122517, 539.572848, 529.241722, 
            541.692053, 529.241722, 543.811258, 529.241722, 
            545.930464, 531.360927, 548.049669, 531.360927, 
            550.168874, 531.360927, 552.288079, 533.480132, 
            554.407285, 535.599338, 554.407285, 535.599338, 
            556.526490, 537.718543, 558.645695, 537.718543, 
            560.764901, 537.718543, 562.884106, 537.718543, 
            565.003311, 535.599338, 565.003311, 533.480132, 
            567.122517, 531.360927, 567.122517, 529.241722, 
            569.241722, 527.122517, 569.241722, 525.003311, 
            569.241722, 520.764901, 569.241722, 518.645695, 
            571.360927, 516.526490, 571.360927, 514.407285, 
            571.360927, 512.288079, 571.360927, 510.168874, 
            573.480132, 508.049669, 573.480132, 505.930464, 
            573.480132, 501.692053, 573.480132, 499.572848, 
            573.480132, 497.453642, 573.480132, 495.334437, 
            573.480132, 493.215232, 573.480132, 491.096026, 
            573.480132, 488.976821, 573.480132, 488.976821, 
            575.599338, 486.857616, 575.599338, 482.619205, 
            575.599338, 480.500000, 575.599338, 480.500000, 
            577.718543, 478.380795, 577.718543, 476.261589, 
            577.718543, 474.142384, 577.718543, 472.023179, 
            579.837748, 467.784768, 579.837748, 465.665563, 
            581.956954, 463.546358, 581.956954, 461.427152, 
            581.956954, 459.307947, 581.956954, 457.188742, 
            584.076159, 455.069536, 584.076159, 452.950331, 
            584.076159, 450.831126, 584.076159, 448.711921, 
            584.076159, 446.592715, 584.076159, 444.473510, 
            584.076159, 442.354305, 584.076159, 440.235099, 
            584.076159, 438.115894, 581.956954, 435.996689, 
            579.837748, 433.877483, 579.837748, 433.877483, 
            577.718543, 431.758278, 577.718543, 431.758278, 
            575.599338, 429.639073, 573.480132, 427.519868, 
            571.360927, 427.519868, 569.241722, 425.400662, 
            567.122517, 425.400662, 565.003311, 423.281457, 
            562.884106, 421.162252, 560.764901, 419.043046, 
            560.764901, 419.043046, 558.645695, 419.043046, 
            556.526490, 416.923841, 554.407285, 414.804636, 
            552.288079, 410.566225, 548.049669, 410.566225, 
            545.930464, 408.447020, 541.692053, 406.327815, 
            541.692053, 404.208609, 539.572848, 402.089404, 
