%YAML:1.0
    mask: !!opencv-matrix
        rows: 991
        cols: 2
        dt: f
        data: [ 103.329736, 525.232214, 103.329736, 
            523.185851, 104.352918, 523.185851, 104.352918, 
            522.162670, 105.376099, 520.116307, 108.445643, 
            516.023581, 108.445643, 512.954037, 109.468825, 
            509.884492, 111.515188, 506.814948, 112.538369, 
            504.768585, 113.561551, 503.745404, 113.561551, 
            502.722222, 114.584732, 501.699041, 115.607914, 
            500.675859, 116.631095, 497.606315, 117.654277, 
            496.583133, 119.700639, 494.536771, 120.723821, 
            490.444045, 122.770184, 486.351319, 123.793365, 
            485.328137, 124.816547, 483.281775, 125.839728, 
            480.212230, 127.886091, 477.142686, 128.909273, 
            475.096323, 128.909273, 474.073141, 130.955635, 
            471.003597, 133.001998, 467.934053, 134.025180, 
            464.864508, 134.025180, 462.818145, 136.071543, 
            459.748601, 137.094724, 457.702238, 138.117906, 
            455.655875, 141.187450, 452.586331, 142.210631, 
            449.516787, 143.233813, 447.470424, 145.280176, 
            445.424061, 147.326539, 442.354516, 149.372902, 
            438.261791, 150.396083, 436.215428, 152.442446, 
            433.145883, 153.465627, 430.076339, 155.511990, 
            427.006795, 156.535172, 422.914069, 157.558353, 
            421.890887, 157.558353, 418.821343, 158.581535, 
            418.821343, 159.604716, 415.751799, 160.627898, 
            412.682254, 161.651079, 410.635891, 163.697442, 
            406.543165, 165.743805, 402.450440, 165.743805, 
            401.427258, 166.766986, 398.357714, 168.813349, 
            395.288169, 171.882894, 391.195444, 173.929257, 
            388.125899, 176.998801, 383.009992, 178.021982, 
            381.986811, 181.091527, 377.894085, 183.137890, 
            374.824540, 186.207434, 372.778177, 190.300160, 
            368.685452, 191.323341, 367.662270, 194.392886, 
            363.569544, 197.462430, 361.523181, 199.508793, 
            359.476819, 200.531974, 358.453637, 202.578337, 
            356.407274, 203.601519, 355.384093, 206.671063, 
            353.337730, 211.786970, 349.245004, 213.833333, 
            347.198641, 215.879696, 347.198641, 218.949241, 
            345.152278, 222.018785, 344.129097, 225.088329, 
            343.105915, 226.111511, 343.105915, 231.227418, 
            341.059552, 236.343325, 340.036371, 240.436051, 
            339.013189, 245.551958, 337.990008, 247.598321, 
            337.990008, 250.667866, 336.966827, 253.737410, 
            335.943645, 256.806954, 334.920464, 260.899680, 
            332.874101, 263.969225, 331.850919, 264.992406, 
            331.850919, 269.085132, 330.827738, 273.177858, 
            329.804556, 274.201039, 329.804556, 279.316946, 
            328.781375, 284.432854, 327.758193, 288.525580, 
            327.758193, 291.595124, 327.758193, 293.641487, 
            327.758193, 294.664668, 327.758193, 298.757394, 
            327.758193, 301.826938, 327.758193, 304.896483, 
            327.758193, 306.942846, 327.758193, 307.966027, 
            327.758193, 312.058753, 328.781375, 315.128297, 
            328.781375, 319.221023, 328.781375, 321.267386, 
            329.804556, 325.360112, 330.827738, 330.476019, 
            332.874101, 332.522382, 333.897282, 335.591926, 
            334.920464, 336.615108, 335.943645, 337.638289, 
            335.943645, 339.684652, 337.990008, 342.754197, 
            339.013189, 343.777378, 339.013189, 345.823741, 
            340.036371, 347.870104, 341.059552, 348.893285, 
            342.082734, 352.986011, 343.105915, 359.125100, 
            345.152278, 362.194644, 346.175460, 365.264189, 
            347.198641, 367.310552, 347.198641, 370.380096, 
            349.245004, 373.449640, 349.245004, 376.519185, 
            349.245004, 379.588729, 350.268185, 382.658273, 
            350.268185, 385.727818, 351.291367, 386.750999, 
            351.291367, 389.820544, 351.291367, 390.843725, 
            351.291367, 391.866906, 352.314548, 391.866906, 
            353.337730, 391.866906, 354.360911, 391.866906, 
            355.384093, 391.866906, 356.407274, 390.843725, 
            358.453637, 390.843725, 359.476819, 390.843725, 
            360.500000, 389.820544, 361.523181, 388.797362, 
            362.546363, 385.727818, 364.592726, 384.704636, 
            365.615907, 382.658273, 367.662270, 379.588729, 
            368.685452, 377.542366, 369.708633, 375.496003, 
            371.754996, 374.472822, 372.778177, 372.426459, 
            374.824540, 371.403277, 376.870903, 370.380096, 
            377.894085, 369.356914, 380.963629, 367.310552, 
            383.009992, 367.310552, 384.033173, 367.310552, 
            385.056355, 367.310552, 387.102718, 367.310552, 
            388.125899, 369.356914, 389.149081, 370.380096, 
            389.149081, 371.403277, 389.149081, 373.449640, 
            389.149081, 375.496003, 389.149081, 376.519185, 
            389.149081, 377.542366, 389.149081, 381.635092, 
            390.172262, 382.658273, 391.195444, 385.727818, 
            392.218625, 386.750999, 392.218625, 388.797362, 
            393.241807, 391.866906, 395.288169, 393.913269, 
            397.334532, 394.936451, 399.380895, 394.936451, 
            401.427258, 396.982814, 403.473621, 396.982814, 
            405.519984, 396.982814, 407.566347, 396.982814, 
            409.612710, 396.982814, 411.659073, 396.982814, 
            412.682254, 393.913269, 416.774980, 390.843725, 
            419.844524, 390.843725, 420.867706, 386.750999, 
            424.960432, 384.704636, 428.029976, 382.658273, 
            431.099520, 378.565548, 436.215428, 377.542366, 
            437.238609, 374.472822, 440.308153, 373.449640, 
            442.354516, 371.403277, 445.424061, 369.356914, 
            448.493605, 368.333733, 448.493605, 366.287370, 
            451.563149, 364.241007, 453.609512, 363.217826, 
            454.632694, 362.194644, 455.655875, 361.171463, 
            456.679057, 361.171463, 457.702238, 361.171463, 
            458.725420, 361.171463, 459.748601, 361.171463, 
            460.771783, 361.171463, 462.818145, 361.171463, 
            465.887690, 361.171463, 467.934053, 361.171463, 
            468.957234, 362.194644, 469.980416, 364.241007, 
            473.049960, 365.264189, 474.073141, 366.287370, 
            476.119504, 367.310552, 478.165867, 367.310552, 
            479.189049, 368.333733, 480.212230, 368.333733, 
            481.235412, 368.333733, 482.258593, 368.333733, 
            483.281775, 368.333733, 484.304956, 368.333733, 
            487.374500, 366.287370, 489.420863, 363.217826, 
            491.467226, 360.148281, 493.513589, 357.078737, 
            494.536771, 355.032374, 495.559952, 354.009193, 
            495.559952, 352.986011, 496.583133, 350.939648, 
            496.583133, 348.893285, 497.606315, 346.846922, 
            497.606315, 344.800560, 497.606315, 343.777378, 
            497.606315, 340.707834, 497.606315, 335.591926, 
            497.606315, 330.476019, 498.629496, 328.429656, 
            499.652678, 325.360112, 499.652678, 323.313749, 
            499.652678, 320.244205, 499.652678, 317.174660, 
            499.652678, 316.151479, 498.629496, 314.105116, 
            498.629496, 311.035572, 498.629496, 308.989209, 
            498.629496, 305.919664, 498.629496, 303.873301, 
            499.652678, 302.850120, 500.675859, 300.803757, 
            501.699041, 299.780576, 502.722222, 297.734213, 
            502.722222, 295.687850, 503.745404, 291.595124, 
            507.838129, 289.548761, 510.907674, 285.456035, 
            518.069944, 282.386491, 522.162670, 281.363309, 
            524.209033, 280.340128, 525.232214, 278.293765, 
            528.301759, 277.270584, 530.348122, 276.247402, 
