%YAML:1.0
    mask: !!opencv-matrix
        rows: 1262
        cols: 2
        dt: f
        data: [ 513.625500, 719.636691, 514.648681, 
            718.613509, 516.695044, 716.567146, 519.764588, 
            714.520783, 523.857314, 709.404876, 529.996403, 
            704.288969, 533.065947, 702.242606, 538.181855, 
            697.126699, 540.228217, 695.080336, 543.297762, 
            690.987610, 547.390488, 687.918066, 549.436851, 
            686.894884, 552.506395, 684.848521, 554.552758, 
            682.802158, 555.575939, 680.755795, 559.668665, 
            679.732614, 560.691847, 675.639888, 561.715028, 
            675.639888, 563.761391, 672.570344, 564.784572, 
            671.547162, 565.807754, 669.500799, 566.830935, 
            666.431255, 566.830935, 665.408074, 567.854117, 
            664.384892, 567.854117, 661.315348, 567.854117, 
            660.292166, 567.854117, 659.268985, 567.854117, 
            658.245803, 566.830935, 658.245803, 565.807754, 
            657.222622, 564.784572, 657.222622, 561.715028, 
            657.222622, 556.599121, 657.222622, 551.483213, 
            657.222622, 547.390488, 657.222622, 544.320943, 
            657.222622, 543.297762, 658.245803, 541.251399, 
            659.268985, 538.181855, 660.292166, 535.112310, 
            661.315348, 532.042766, 662.338529, 528.973221, 
            663.361711, 524.880496, 665.408074, 522.834133, 
            667.454436, 519.764588, 669.500799, 516.695044, 
            671.547162, 512.602318, 673.593525, 510.555955, 
            675.639888, 505.440048, 677.686251, 502.370504, 
            678.709432, 501.347322, 679.732614, 498.277778, 
            681.778977, 494.185052, 683.825340, 490.092326, 
            685.871703, 487.022782, 686.894884, 485.999600, 
            686.894884, 482.930056, 687.918066, 480.883693, 
            688.941247, 477.814149, 689.964428, 473.721423, 
            689.964428, 470.651878, 690.987610, 469.628697, 
            690.987610, 467.582334, 690.987610, 464.512790, 
            690.987610, 461.443245, 692.010791, 457.350520, 
            693.033973, 451.211431, 693.033973, 448.141886, 
            693.033973, 444.049161, 694.057154, 443.025979, 
            694.057154, 437.910072, 695.080336, 433.817346, 
            695.080336, 430.747802, 695.080336, 427.678257, 
            695.080336, 427.678257, 694.057154, 427.678257, 
            692.010791, 429.724620, 689.964428, 431.770983, 
            685.871703, 434.840528, 684.848521, 435.863709, 
            682.802158, 436.886890, 681.778977, 438.933253, 
            680.755795, 439.956435, 678.709432, 442.002798, 
            677.686251, 444.049161, 674.616707, 446.095524, 
            672.570344, 449.165068, 668.477618, 450.188249, 
            667.454436, 453.257794, 664.384892, 456.327338, 
            662.338529, 457.350520, 660.292166, 459.396882, 
            657.222622, 463.489608, 653.129896, 466.559153, 
            650.060352, 467.582334, 648.013989, 468.605516, 
            646.990807, 472.698241, 643.921263, 476.790967, 
            639.828537, 479.860512, 635.735811, 484.976419, 
            629.596723, 487.022782, 626.527178, 489.069145, 
            623.457634, 492.138689, 622.434452, 495.208233, 
            618.341727, 497.254596, 615.272182, 499.300959, 
            613.225819, 501.347322, 610.156275, 503.393685, 
            607.086731, 504.416867, 604.017186, 507.486411, 
            600.947642, 508.509592, 599.924460, 511.579137, 
            594.808553, 512.602318, 592.762190, 513.625500, 
            590.715827, 515.671863, 588.669464, 517.718225, 
            585.599920, 518.741407, 583.553557, 519.764588, 
            582.530376, 519.764588, 581.507194, 519.764588, 
            580.484013, 519.764588, 579.460831, 519.764588, 
            576.391287, 519.764588, 575.368106, 519.764588, 
            574.344924, 518.741407, 572.298561, 517.718225, 
            570.252198, 516.695044, 568.205835, 516.695044, 
            566.159472, 516.695044, 565.136291, 514.648681, 
            564.113110, 513.625500, 563.089928, 512.602318, 
            562.066747, 511.579137, 562.066747, 508.509592, 
            563.089928, 505.440048, 564.113110, 503.393685, 
            566.159472, 502.370504, 567.182654, 501.347322, 
            568.205835, 499.300959, 570.252198, 499.300959, 
            571.275380, 497.254596, 572.298561, 495.208233, 
            574.344924, 493.161871, 577.414468, 491.115508, 
            577.414468, 489.069145, 578.437650, 485.999600, 
            580.484013, 483.953237, 581.507194, 482.930056, 
            581.507194, 480.883693, 583.553557, 475.767786, 
            585.599920, 473.721423, 586.623102, 472.698241, 
            587.646283, 469.628697, 589.692646, 465.535971, 
            590.715827, 463.489608, 591.739009, 461.443245, 
            591.739009, 460.420064, 593.785372, 457.350520, 
            594.808553, 455.304157, 596.854916, 453.257794, 
            596.854916, 451.211431, 597.878098, 448.141886, 
            599.924460, 445.072342, 600.947642, 444.049161, 
            601.970823, 439.956435, 604.017186, 436.886890, 
            606.063549, 433.817346, 607.086731, 433.817346, 
            608.109912, 432.794165, 608.109912, 432.794165, 
            607.086731, 435.863709, 602.994005, 438.933253, 
            599.924460, 440.979616, 595.831735, 443.025979, 
            591.739009, 445.072342, 588.669464, 446.095524, 
            586.623102, 447.118705, 584.576739, 448.141886, 
            582.530376, 448.141886, 579.460831, 449.165068, 
            576.391287, 449.165068, 573.321743, 449.165068, 
            568.205835, 449.165068, 567.182654, 449.165068, 
            565.136291, 449.165068, 563.089928, 449.165068, 
            562.066747, 449.165068, 561.043565, 448.141886, 
            561.043565, 445.072342, 563.089928, 442.002798, 
            564.113110, 440.979616, 567.182654, 437.910072, 
            571.275380, 436.886890, 573.321743, 435.863709, 
            575.368106, 434.840528, 577.414468, 433.817346, 
            577.414468, 431.770983, 579.460831, 429.724620, 
            581.507194, 425.631894, 584.576739, 423.585532, 
            585.599920, 421.539169, 587.646283, 420.515987, 
            588.669464, 418.469624, 589.692646, 418.469624, 
            590.715827, 416.423261, 591.739009, 412.330536, 
            594.808553, 408.237810, 597.878098, 405.168265, 
            599.924460, 404.145084, 602.994005, 401.075540, 
            605.040368, 399.029177, 607.086731, 394.936451, 
            612.202638, 391.866906, 615.272182, 387.774181, 
            619.364908, 380.611910, 627.550360, 378.565548, 
            628.573541, 373.449640, 633.689448, 368.333733, 
            637.782174, 365.264189, 640.851719, 363.217826, 
            642.898082, 359.125100, 645.967626, 357.078737, 
            648.013989, 357.078737, 649.037170, 355.032374, 
            651.083533, 352.986011, 653.129896, 351.962830, 
            654.153078, 348.893285, 657.222622, 346.846922, 
            659.268985, 345.823741, 660.292166, 344.800560, 
            661.315348, 341.731015, 663.361711, 339.684652, 
            665.408074, 338.661471, 666.431255, 337.638289, 
            666.431255, 337.638289, 664.384892, 337.638289, 
            661.315348, 336.615108, 659.268985, 336.615108, 
            654.153078, 336.615108, 650.060352, 336.615108, 
            649.037170, 336.615108, 648.013989, 336.615108, 
            643.921263, 336.615108, 638.805356, 335.591926, 
            631.643086, 335.591926, 630.619904, 337.638289, 
            621.411271, 338.661471, 615.272182, 338.661471, 
            613.225819, 338.661471, 611.179456, 339.684652, 
            607.086731, 339.684652, 604.017186, 339.684652, 
            601.970823, 339.684652, 600.947642, 339.684652, 
            598.901279, 339.684652, 597.878098, 340.707834, 
            596.854916, 340.707834, 595.831735, 340.707834, 
