%YAML:1.0
    mask: !!opencv-matrix
        rows: 1460
        cols: 2
        dt: f
        data: [ 1.559603, 487.652318, 1.559603, 
            485.533113, 5.798013, 483.413907, 7.917219, 
            483.413907, 10.036424, 481.294702, 12.155629, 
            481.294702, 16.394040, 479.175497, 20.632450, 
            477.056291, 22.751656, 474.937086, 26.990066, 
            472.817881, 29.109272, 472.817881, 31.228477, 
            472.817881, 33.347682, 472.817881, 35.466887, 
            472.817881, 37.586093, 470.698675, 39.705298, 
            470.698675, 41.824503, 470.698675, 43.943709, 
            468.579470, 46.062914, 466.460265, 48.182119, 
            466.460265, 50.301325, 466.460265, 50.301325, 
            464.341060, 54.539735, 464.341060, 56.658940, 
            464.341060, 58.778146, 462.221854, 60.897351, 
            462.221854, 63.016556, 460.102649, 65.135762, 
            460.102649, 67.254967, 457.983444, 69.374172, 
            457.983444, 71.493377, 457.983444, 73.612583, 
            457.983444, 75.731788, 453.745033, 77.850993, 
            453.745033, 79.970199, 453.745033, 84.208609, 
            451.625828, 86.327815, 449.506623, 88.447020, 
            449.506623, 88.447020, 447.387417, 90.566225, 
            447.387417, 92.685430, 447.387417, 94.804636, 
            445.268212, 96.923841, 443.149007, 99.043046, 
            443.149007, 101.162252, 441.029801, 103.281457, 
            441.029801, 105.400662, 438.910596, 109.639073, 
            436.791391, 111.758278, 436.791391, 111.758278, 
            434.672185, 113.877483, 434.672185, 118.115894, 
            432.552980, 120.235099, 432.552980, 120.235099, 
            430.433775, 124.473510, 430.433775, 126.592715, 
            430.433775, 128.711921, 430.433775, 130.831126, 
            430.433775, 135.069536, 430.433775, 141.427152, 
            430.433775, 143.546358, 430.433775, 147.784768, 
            430.433775, 152.023179, 428.314570, 156.261589, 
            428.314570, 158.380795, 426.195364, 160.500000, 
            426.195364, 162.619205, 426.195364, 164.738411, 
            426.195364, 166.857616, 426.195364, 168.976821, 
            426.195364, 171.096026, 424.076159, 173.215232, 
            424.076159, 177.453642, 421.956954, 181.692053, 
            421.956954, 183.811258, 421.956954, 185.930464, 
            419.837748, 190.168874, 417.718543, 192.288079, 
            417.718543, 194.407285, 417.718543, 196.526490, 
            417.718543, 198.645695, 415.599338, 200.764901, 
            415.599338, 202.884106, 415.599338, 205.003311, 
            413.480132, 207.122517, 413.480132, 209.241722, 
            413.480132, 213.480132, 413.480132, 215.599338, 
            413.480132, 217.718543, 413.480132, 221.956954, 
            413.480132, 224.076159, 413.480132, 226.195364, 
            415.599338, 232.552980, 417.718543, 234.672185, 
            419.837748, 236.791391, 421.956954, 238.910596, 
            421.956954, 238.910596, 424.076159, 241.029801, 
            424.076159, 243.149007, 426.195364, 245.268212, 
            428.314570, 247.387417, 430.433775, 249.506623, 
            432.552980, 251.625828, 434.672185, 253.745033, 
            436.791391, 255.864238, 438.910596, 257.983444, 
            441.029801, 260.102649, 443.149007, 262.221854, 
            445.268212, 264.341060, 447.387417, 266.460265, 
            449.506623, 268.579470, 451.625828, 270.698675, 
            453.745033, 272.817881, 455.864238, 274.937086, 
            457.983444, 277.056291, 460.102649, 279.175497, 
            462.221854, 281.294702, 464.341060, 283.413907, 
            464.341060, 285.533113, 466.460265, 285.533113, 
            468.579470, 287.652318, 468.579470, 289.771523, 
            470.698675, 291.890728, 472.817881, 294.009934, 
            472.817881, 294.009934, 474.937086, 296.129139, 
            474.937086, 298.248344, 474.937086, 300.367550, 
            477.056291, 302.486755, 479.175497, 304.605960, 
            479.175497, 308.844371, 481.294702, 313.082781, 
            483.413907, 313.082781, 485.533113, 315.201987, 
            485.533113, 317.321192, 485.533113, 319.440397, 
            487.652318, 321.559603, 487.652318, 321.559603, 
            489.771523, 323.678808, 489.771523, 325.798013, 
            491.890728, 327.917219, 491.890728, 330.036424, 
            494.009934, 332.155629, 494.009934, 334.274834, 
            494.009934, 334.274834, 496.129139, 336.394040, 
            498.248344, 338.513245, 498.248344, 340.632450, 
            500.367550, 342.751656, 500.367550, 344.870861, 
            502.486755, 346.990066, 502.486755, 346.990066, 
            504.605960, 349.109272, 504.605960, 351.228477, 
            506.725166, 353.347682, 506.725166, 353.347682, 
            508.844371, 355.466887, 508.844371, 355.466887, 
            510.963576, 355.466887, 513.082781, 355.466887, 
            515.201987, 355.466887, 517.321192, 355.466887, 
            519.440397, 353.347682, 521.559603, 351.228477, 
            521.559603, 351.228477, 523.678808, 349.109272, 
            523.678808, 349.109272, 525.798013, 346.990066, 
            525.798013, 346.990066, 527.917219, 344.870861, 
            530.036424, 342.751656, 530.036424, 340.632450, 
            532.155629, 338.513245, 532.155629, 338.513245, 
            534.274834, 336.394040, 534.274834, 334.274834, 
            534.274834, 332.155629, 534.274834, 332.155629, 
            536.394040, 330.036424, 536.394040, 327.917219, 
            536.394040, 327.917219, 538.513245, 325.798013, 
            538.513245, 323.678808, 538.513245, 323.678808, 
            540.632450, 321.559603, 540.632450, 319.440397, 
            540.632450, 317.321192, 542.751656, 315.201987, 
            544.870861, 313.082781, 544.870861, 313.082781, 
            546.990066, 310.963576, 549.109272, 310.963576, 
            551.228477, 310.963576, 553.347682, 308.844371, 
            553.347682, 306.725166, 555.466887, 304.605960, 
            555.466887, 302.486755, 555.466887, 300.367550, 
            555.466887, 298.248344, 555.466887, 294.009934, 
            555.466887, 291.890728, 555.466887, 289.771523, 
            555.466887, 287.652318, 555.466887, 283.413907, 
            555.466887, 281.294702, 555.466887, 277.056291, 
            555.466887, 274.937086, 555.466887, 272.817881, 
            555.466887, 270.698675, 555.466887, 268.579470, 
            555.466887, 266.460265, 555.466887, 260.102649, 
            555.466887, 257.983444, 555.466887, 253.745033, 
            555.466887, 251.625828, 555.466887, 247.387417, 
            555.466887, 245.268212, 557.586093, 243.149007, 
            559.705298, 241.029801, 561.824503, 238.910596, 
            561.824503, 236.791391, 561.824503, 234.672185, 
            561.824503, 232.552980, 559.705298, 228.314570, 
            557.586093, 226.195364, 555.466887, 224.076159, 
            555.466887, 221.956954, 553.347682, 219.837748, 
            551.228477, 217.718543, 549.109272, 215.599338, 
            549.109272, 215.599338, 546.990066, 213.480132, 
            546.990066, 211.360927, 544.870861, 209.241722, 
            542.751656, 207.122517, 542.751656, 205.003311, 
            542.751656, 202.884106, 542.751656, 194.407285, 
            544.870861, 192.288079, 544.870861, 190.168874, 
            544.870861, 188.049669, 544.870861, 188.049669, 
            546.990066, 185.930464, 546.990066, 183.811258, 
            549.109272, 183.811258, 551.228477, 181.692053, 
            551.228477, 181.692053, 553.347682, 179.572848, 
            553.347682, 179.572848, 555.466887, 177.453642, 
            555.466887, 175.334437, 559.705298, 175.334437, 
            561.824503, 173.215232, 563.943709, 173.215232, 
            566.062914, 171.096026, 568.182119, 168.976821, 
            570.301325, 168.976821, 572.420530, 168.976821, 
            574.539735, 168.976821, 576.658940, 166.857616, 
