%YAML:1.0
    mask: !!opencv-matrix
        rows: 746
        cols: 2
        dt: f
        data: [ -1.000000, -1.000000, 737.702238, 
            716.567146, 737.702238, 715.543965, 737.702238, 
            714.520783, 733.609512, 711.451239, 731.563149, 
            708.381695, 730.539968, 707.358513, 729.516787, 
            706.335332, 729.516787, 705.312150, 728.493605, 
            704.288969, 727.470424, 704.288969, 727.470424, 
            703.265787, 726.447242, 702.242606, 725.424061, 
            701.219424, 723.377698, 699.173062, 722.354516, 
            699.173062, 721.331335, 698.149880, 719.284972, 
            696.103517, 718.261791, 695.080336, 716.215428, 
            693.033973, 714.169065, 690.987610, 712.122702, 
            689.964428, 710.076339, 687.918066, 708.029976, 
            685.871703, 705.983613, 684.848521, 702.914069, 
            680.755795, 701.890887, 677.686251, 700.867706, 
            676.663070, 700.867706, 675.639888, 699.844524, 
            675.639888, 699.844524, 672.570344, 698.821343, 
            672.570344, 697.798161, 670.523981, 696.774980, 
            668.477618, 696.774980, 666.431255, 695.751799, 
            665.408074, 695.751799, 664.384892, 694.728617, 
            663.361711, 693.705436, 661.315348, 692.682254, 
            658.245803, 692.682254, 656.199440, 691.659073, 
            655.176259, 690.635891, 653.129896, 690.635891, 
            652.106715, 689.612710, 650.060352, 689.612710, 
            648.013989, 688.589528, 645.967626, 687.566347, 
            644.944444, 687.566347, 642.898082, 686.543165, 
            639.828537, 685.519984, 635.735811, 685.519984, 
            633.689448, 685.519984, 631.643086, 685.519984, 
            630.619904, 685.519984, 629.596723, 685.519984, 
            626.527178, 686.543165, 625.503997, 687.566347, 
            621.411271, 689.612710, 619.364908, 690.635891, 
            617.318545, 692.682254, 615.272182, 693.705436, 
            615.272182, 693.705436, 614.249001, 694.728617, 
            614.249001, 696.774980, 613.225819, 699.844524, 
            612.202638, 702.914069, 611.179456, 705.983613, 
            611.179456, 707.006795, 611.179456, 711.099520, 
            611.179456, 712.122702, 611.179456, 716.215428, 
            611.179456, 719.284972, 611.179456, 721.331335, 
            612.202638, 722.354516, 612.202638, 723.377698, 
            612.202638, 724.400879, 613.225819, 725.424061, 
            612.202638, 727.470424, 610.156275, 727.470424, 
            609.133094, 725.424061, 609.133094, 724.400879, 
            609.133094, 722.354516, 609.133094, 718.261791, 
            607.086731, 716.215428, 605.040368, 712.122702, 
            601.970823, 709.053157, 598.901279, 708.029976, 
            598.901279, 707.006795, 597.878098, 705.983613, 
            596.854916, 703.937250, 595.831735, 703.937250, 
            594.808553, 702.914069, 592.762190, 702.914069, 
            590.715827, 702.914069, 589.692646, 701.890887, 
            587.646283, 701.890887, 585.599920, 701.890887, 
            583.553557, 701.890887, 580.484013, 701.890887, 
            578.437650, 701.890887, 575.368106, 701.890887, 
            572.298561, 701.890887, 570.252198, 701.890887, 
            567.182654, 702.914069, 565.136291, 702.914069, 
            563.089928, 702.914069, 561.043565, 702.914069, 
            560.020384, 702.914069, 558.997202, 702.914069, 
            557.974021, 702.914069, 556.950839, 702.914069, 
            554.904476, 702.914069, 552.858114, 701.890887, 
            551.834932, 700.867706, 548.765388, 700.867706, 
            547.742206, 699.844524, 546.719025, 699.844524, 
            545.695843, 699.844524, 544.672662, 699.844524, 
            542.626299, 699.844524, 540.579936, 699.844524, 
            538.533573, 700.867706, 535.464029, 702.914069, 
            533.417666, 705.983613, 531.371303, 709.053157, 
            528.301759, 710.076339, 527.278577, 712.122702, 
            527.278577, 714.169065, 525.232214, 717.238609, 
            523.185851, 721.331335, 521.139488, 722.354516, 
            521.139488, 726.447242, 518.069944, 728.493605, 
            516.023581, 730.539968, 515.000400, 731.563149, 
            515.000400, 733.609512, 513.977218, 736.679057, 
            512.954037, 738.725420, 510.907674, 739.748601, 
            510.907674, 740.771783, 509.884492, 742.818145, 
            509.884492, 745.887690, 508.861311, 747.934053, 
            508.861311, 753.049960, 507.838129, 755.096323, 
            506.814948, 756.119504, 506.814948, 759.189049, 
            504.768585, 760.212230, 504.768585, 762.258593, 
            504.768585, 762.258593, 503.745404, 765.328137, 
            502.722222, 768.397682, 502.722222, 773.513589, 
            501.699041, 775.559952, 501.699041, 778.629496, 
            501.699041, 780.675859, 501.699041, 782.722222, 
            501.699041, 784.768585, 500.675859, 786.814948, 
            500.675859, 787.838129, 500.675859, 790.907674, 
            500.675859, 792.954037, 501.699041, 798.069944, 
            503.745404, 802.162670, 504.768585, 805.232214, 
            506.814948, 808.301759, 508.861311, 810.348122, 
            509.884492, 812.394484, 510.907674, 813.417666, 
            510.907674, 815.464029, 511.930855, 816.487210, 
            512.954037, 821.603118, 517.046763, 824.672662, 
            520.116307, 825.695843, 520.116307, 829.788569, 
            523.185851, 830.811751, 524.209033, 834.904476, 
            527.278577, 836.950839, 528.301759, 838.997202, 
            531.371303, 842.066747, 534.440847, 846.159472, 
            536.487210, 847.182654, 537.510392, 849.229017, 
            539.556755, 850.252198, 540.579936, 853.321743, 
            541.603118, 855.368106, 543.649480, 857.414468, 
            543.649480, 862.530376, 547.742206, 869.692646, 
            551.834932, 872.762190, 552.858114, 873.785372, 
            552.858114, 877.878098, 554.904476, 880.947642, 
            556.950839, 886.063549, 558.997202, 889.133094, 
            561.043565, 892.202638, 563.089928, 896.295364, 
            566.159472, 900.388090, 568.205835, 903.457634, 
            570.252198, 906.527178, 572.298561, 909.596723, 
            575.368106, 912.666267, 577.414468, 914.712630, 
            578.437650, 917.782174, 581.507194, 919.828537, 
            583.553557, 921.874900, 585.599920, 923.921263, 
            587.646283, 926.990807, 591.739009, 929.037170, 
            594.808553, 931.083533, 597.878098, 933.129896, 
            600.947642, 935.176259, 604.017186, 936.199440, 
            605.040368, 938.245803, 611.179456, 939.268985, 
            612.202638, 940.292166, 614.249001, 940.292166, 
            615.272182, 942.338529, 619.364908, 943.361711, 
            623.457634, 944.384892, 624.480815, 946.431255, 
            628.573541, 946.431255, 629.596723, 948.477618, 
            631.643086, 950.523981, 634.712630, 952.570344, 
            638.805356, 952.570344, 639.828537, 953.593525, 
            641.874900, 953.593525, 643.921263, 956.663070, 
            648.013989, 957.686251, 648.013989, 958.709432, 
            651.083533, 958.709432, 653.129896, 961.778977, 
            656.199440, 962.802158, 657.222622, 963.825340, 
            660.292166, 964.848521, 661.315348, 965.871703, 
            666.431255, 966.894884, 667.454436, 968.941247, 
            672.570344, 973.033973, 679.732614, 975.080336, 
            683.825340, 977.126699, 686.894884, 978.149880, 
            690.987610, 979.173062, 693.033973, 979.173062, 
            694.057154, 980.196243, 696.103517, 980.196243, 
            697.126699, 981.219424, 698.149880, 982.242606, 
            699.173062, 983.265787, 700.196243, 983.265787, 
            701.219424, 984.288969, 703.265787, 985.312150, 
            703.265787, 986.335332, 704.288969, 986.335332, 
            705.312150, 987.358513, 706.335332, 988.381695, 
