%YAML:1.0
    mask: !!opencv-matrix
        rows: 261
        cols: 2
        dt: f
        data: [ -1.000000, -1.000000, -1.000000, 
            -1.000000, 583.097938, 262.190722, 576.500000, 
            262.190722, 571.221649, 262.190722, 563.304124, 
            262.190722, 560.664948, 262.190722, 559.345361, 
            262.190722, 556.706186, 262.190722, 552.747423, 
            262.190722, 551.427835, 262.190722, 550.108247, 
            262.190722, 544.829897, 264.829897, 542.190722, 
            264.829897, 535.592784, 266.149485, 532.953608, 
            267.469072, 530.314433, 270.108247, 527.675258, 
            270.108247, 522.396907, 272.747423, 519.757732, 
            275.386598, 517.118557, 275.386598, 511.840206, 
            276.706186, 505.242268, 279.345361, 505.242268, 
            280.664948, 503.922680, 280.664948, 503.922680, 
            281.984536, 502.603093, 283.304124, 499.963918, 
            284.623711, 497.324742, 285.943299, 496.005155, 
            287.262887, 494.685567, 288.582474, 494.685567, 
            289.902062, 494.685567, 291.221649, 494.685567, 
            293.860825, 494.685567, 296.500000, 496.005155, 
            299.139175, 496.005155, 301.778351, 496.005155, 
            303.097938, 497.324742, 305.737113, 497.324742, 
            307.056701, 498.644330, 308.376289, 499.963918, 
            311.015464, 503.922680, 312.335052, 505.242268, 
            314.974227, 509.201031, 318.932990, 511.840206, 
            321.572165, 514.479381, 324.211340, 515.798969, 
            325.530928, 518.438144, 325.530928, 521.077320, 
            326.850515, 526.355670, 328.170103, 527.675258, 
            328.170103, 530.314433, 329.489691, 531.634021, 
            329.489691, 538.231959, 330.809278, 540.871134, 
            330.809278, 544.829897, 330.809278, 547.469072, 
            330.809278, 548.788660, 330.809278, 550.108247, 
            330.809278, 551.427835, 330.809278, 554.067010, 
            330.809278, 556.706186, 329.489691, 558.025773, 
            328.170103, 561.984536, 328.170103, 564.623711, 
            326.850515, 568.582474, 325.530928, 571.221649, 
            324.211340, 577.819588, 321.572165, 583.097938, 
            320.252577, 587.056701, 320.252577, 588.376289, 
            320.252577, 591.015464, 318.932990, 592.335052, 
            317.613402, 594.974227, 317.613402, 597.613402, 
            316.293814, 598.932990, 316.293814, 600.252577, 
            316.293814, 601.572165, 316.293814, 601.572165, 
            314.974227, 606.850515, 313.654639, 609.489691, 
            312.335052, 613.448454, 311.015464, 614.768041, 
            311.015464, 616.087629, 309.695876, 616.087629, 
            308.376289, 618.726804, 307.056701, 618.726804, 
            305.737113, 620.046392, 304.417526, 620.046392, 
            303.097938, 620.046392, 301.778351, 620.046392, 
            299.139175, 620.046392, 295.180412, 620.046392, 
            293.860825, 620.046392, 291.221649, 620.046392, 
            289.902062, 620.046392, 287.262887, 620.046392, 
            285.943299, 620.046392, 283.304124, 620.046392, 
            279.345361, 618.726804, 278.025773, 617.407216, 
            276.706186, 617.407216, 275.386598, 616.087629, 
            274.067010, 614.768041, 274.067010, 614.768041, 
            272.747423, 612.128866, 271.427835, 608.170103, 
            268.788660, 606.850515, 264.829897, 605.530928, 
            264.829897, -1.000000, -1.000000, 333.695876, 
            293.860825, 333.695876, 300.458763, 333.695876, 
            311.015464, 336.335052, 322.891753, 336.335052, 
            328.170103, 336.335052, 332.128866, 336.335052, 
            338.726804, 336.335052, 340.046392, 337.654639, 
            346.644330, 337.654639, 347.963918, 338.974227, 
            350.603093, 340.293814, 353.242268, 341.613402, 
            358.520619, 342.932990, 359.840206, 346.891753, 
            365.118557, 348.211340, 366.438144, 353.489691, 
            374.355670, 354.809278, 376.994845, 364.046392, 
            386.231959, 366.685567, 388.871134, 369.324742, 
            390.190722, 370.644330, 392.829897, 371.963918, 
            394.149485, 373.283505, 394.149485, 373.283505, 
            396.788660, 374.603093, 398.108247, 375.922680, 
            398.108247, 377.242268, 400.747423, 382.520619, 
            406.025773, 385.159794, 407.345361, 387.798969, 
            409.984536, 389.118557, 411.304124, 391.757732, 
            413.943299, 393.077320, 413.943299, 394.396907, 
            415.262887, 395.716495, 416.582474, 397.036082, 
            416.582474, 399.675258, 417.902062, 400.994845, 
            417.902062, 402.314433, 419.221649, 403.634021, 
            419.221649, 404.953608, 419.221649, 412.871134, 
            419.221649, 416.829897, 419.221649, 418.149485, 
            419.221649, 420.788660, 419.221649, 423.427835, 
            421.860825, 424.747423, 423.180412, 427.386598, 
            425.819588, 428.706186, 425.819588, 431.345361, 
            428.458763, 433.984536, 428.458763, 435.304124, 
            428.458763, 436.623711, 428.458763, 437.943299, 
            428.458763, 439.262887, 428.458763, 443.221649, 
            425.819588, 444.541237, 424.500000, 445.860825, 
            423.180412, 449.819588, 421.860825, 451.139175, 
            421.860825, 452.458763, 421.860825, 453.778351, 
            421.860825, 455.097938, 421.860825, 456.417526, 
            421.860825, 457.737113, 421.860825, 461.695876, 
            424.500000, 464.335052, 425.819588, 468.293814, 
            429.778351, 470.932990, 432.417526, 476.211340, 
            433.737113, 480.170103, 440.335052, 481.489691, 
            442.974227, 484.128866, 444.293814, 490.726804, 
            454.850515, 493.365979, 458.809278, 493.365979, 
            460.128866, 499.963918, 464.087629, 501.283505, 
            465.407216, 501.283505, 466.726804, 503.922680, 
            466.726804, 505.242268, 466.726804, 506.561856, 
            466.726804, 510.520619, 461.448454, 513.159794, 
            457.489691, 517.118557, 453.530928, 518.438144, 
            452.211340, 521.077320, 449.572165, 522.396907, 
            445.613402, 522.396907, 444.293814, 522.396907, 
            441.654639, 522.396907, 439.015464, 522.396907, 
            435.056701, 521.077320, 429.778351, 519.757732, 
            428.458763, 518.438144, 423.180412, 517.118557, 
            420.541237, 507.881443, 406.025773, 507.881443, 
            404.706186, 502.603093, 396.788660, 501.283505, 
            394.149485, 499.963918, 390.190722, 497.324742, 
            380.953608, 496.005155, 378.314433, 496.005155, 
            376.994845, 494.685567, 370.396907, 493.365979, 
            369.077320, 492.046392, 359.840206, 490.726804, 
            357.201031, 489.407216, 351.922680, 488.087629, 
            344.005155, 485.448454, 337.407216, 484.128866, 
            333.448454, 484.128866, 330.809278, 480.170103, 
            328.170103, 476.211340, 322.891753, 474.891753, 
            322.891753, 473.572165, 321.572165, 472.252577, 
            321.572165, 469.613402, 320.252577, 464.335052, 
            314.974227, 460.376289, 312.335052, 453.778351, 
            309.695876, 449.819588, 307.056701, 448.500000, 
            305.737113, 440.582474, 301.778351, 437.943299, 
            299.139175, 430.025773, 295.180412, 415.510309, 
            287.262887, 408.912371, 283.304124, 403.634021, 
            279.345361, 400.994845, 278.025773, 397.036082, 
            274.067010, 393.077320, 270.108247, 390.438144, 
            268.788660, 389.118557, 267.469072, 387.798969, 
            267.469072, 386.479381, 266.149485, 385.159794, 
            264.829897, 382.520619, 262.190722, 382.520619, 
            260.871134, 381.201031, 260.871134, 379.881443, 
            260.871134, 378.561856, 260.871134, 374.603093, 
            258.231959, 371.963918, 258.231959, 368.005155, 
            258.231959, 358.768041, 258.231959, 358.768041, 
