%YAML:1.0
    mask: !!opencv-matrix
        rows: 607
        cols: 2
        dt: f
        data: [ 115.996689, 714.407285, 115.996689, 
            716.526490, 120.235099, 716.526490, 124.473510, 
            710.168874, 130.831126, 708.049669, 132.950331, 
            703.811258, 135.069536, 701.692053, 139.307947, 
            699.572848, 141.427152, 697.453642, 143.546358, 
            695.334437, 143.546358, 693.215232, 145.665563, 
            691.096026, 147.784768, 688.976821, 149.903974, 
            686.857616, 149.903974, 684.738411, 152.023179, 
            680.500000, 154.142384, 680.500000, 154.142384, 
            678.380795, 156.261589, 676.261589, 156.261589, 
            674.142384, 158.380795, 672.023179, 160.500000, 
            667.784768, 162.619205, 665.665563, 164.738411, 
            663.546358, 164.738411, 661.427152, 166.857616, 
            659.307947, 168.976821, 659.307947, 168.976821, 
            657.188742, 171.096026, 657.188742, 171.096026, 
            655.069536, 173.215232, 652.950331, 175.334437, 
            650.831126, 179.572848, 648.711921, 181.692053, 
            646.592715, 183.811258, 644.473510, 190.168874, 
            644.473510, 192.288079, 642.354305, 194.407285, 
            642.354305, 196.526490, 642.354305, 200.764901, 
            640.235099, 202.884106, 638.115894, 205.003311, 
            638.115894, 207.122517, 638.115894, 209.241722, 
            635.996689, 211.360927, 635.996689, 215.599338, 
            633.877483, 217.718543, 631.758278, 221.956954, 
            629.639073, 224.076159, 627.519868, 226.195364, 
            625.400662, 226.195364, 623.281457, 230.433775, 
            623.281457, 230.433775, 621.162252, 232.552980, 
            621.162252, 232.552980, 619.043046, 238.910596, 
            612.685430, 241.029801, 612.685430, 243.149007, 
            610.566225, 245.268212, 608.447020, 245.268212, 
            606.327815, 247.387417, 604.208609, 249.506623, 
            602.089404, 251.625828, 599.970199, 253.745033, 
            597.850993, 253.745033, 595.731788, 255.864238, 
            595.731788, 257.983444, 591.493377, 260.102649, 
            589.374172, 266.460265, 585.135762, 270.698675, 
            580.897351, 274.937086, 580.897351, 277.056291, 
            576.658940, 279.175497, 576.658940, 283.413907, 
            574.539735, 285.533113, 572.420530, 287.652318, 
            570.301325, 289.771523, 570.301325, 291.890728, 
            570.301325, 291.890728, 568.182119, 294.009934, 
            568.182119, 296.129139, 568.182119, 298.248344, 
            568.182119, 300.367550, 568.182119, 302.486755, 
            568.182119, 304.605960, 568.182119, 308.844371, 
            568.182119, 310.963576, 570.301325, 313.082781, 
            570.301325, 315.201987, 570.301325, 317.321192, 
            570.301325, 319.440397, 570.301325, 323.678808, 
            570.301325, 327.917219, 570.301325, 330.036424, 
            570.301325, 332.155629, 570.301325, 336.394040, 
            570.301325, 338.513245, 570.301325, 340.632450, 
            570.301325, 342.751656, 570.301325, 344.870861, 
            570.301325, 346.990066, 570.301325, 349.109272, 
            570.301325, 351.228477, 570.301325, 353.347682, 
            570.301325, 355.466887, 570.301325, 357.586093, 
            570.301325, 363.943709, 570.301325, 368.182119, 
            570.301325, 370.301325, 570.301325, 372.420530, 
            570.301325, 374.539735, 570.301325, 376.658940, 
            570.301325, 378.778146, 570.301325, 380.897351, 
            570.301325, 385.135762, 570.301325, 391.493377, 
            570.301325, 393.612583, 570.301325, 395.731788, 
            570.301325, 397.850993, 572.420530, 399.970199, 
            574.539735, 402.089404, 574.539735, 402.089404, 
            576.658940, 404.208609, 578.778146, 406.327815, 
            580.897351, 410.566225, 585.135762, 412.685430, 
            585.135762, 416.923841, 587.254967, 419.043046, 
            589.374172, 419.043046, 591.493377, 421.162252, 
            591.493377, 425.400662, 593.612583, 427.519868, 
            595.731788, 429.639073, 597.850993, 433.877483, 
            599.970199, 442.354305, 604.208609, 444.473510, 
            606.327815, 448.711921, 608.447020, 450.831126, 
            610.566225, 455.069536, 612.685430, 457.188742, 
            612.685430, 459.307947, 614.804636, 461.427152, 
            616.923841, 463.546358, 619.043046, 465.665563, 
            619.043046, 465.665563, 621.162252, 469.903974, 
            621.162252, 474.142384, 625.400662, 476.261589, 
            627.519868, 478.380795, 627.519868, 478.380795, 
            629.639073, 480.500000, 631.758278, 480.500000, 
            633.877483, 480.500000, 638.115894, 480.500000, 
            640.235099, 480.500000, 642.354305, 480.500000, 
            644.473510, 480.500000, 646.592715, 478.380795, 
            648.711921, 476.261589, 648.711921, 474.142384, 
            648.711921, 474.142384, 650.831126, 472.023179, 
            650.831126, 469.903974, 652.950331, 469.903974, 
            655.069536, 467.784768, 655.069536, 465.665563, 
            657.188742, 463.546358, 657.188742, 461.427152, 
            659.307947, 459.307947, 661.427152, 459.307947, 
            663.546358, 457.188742, 663.546358, 455.069536, 
            665.665563, 452.950331, 665.665563, 452.950331, 
            667.784768, 450.831126, 669.903974, 448.711921, 
            672.023179, 446.592715, 674.142384, 444.473510, 
            676.261589, 444.473510, 678.380795, 442.354305, 
            678.380795, 440.235099, 680.500000, 438.115894, 
            680.500000, 435.996689, 680.500000, 433.877483, 
            680.500000, 431.758278, 680.500000, 429.639073, 
            680.500000, 427.519868, 680.500000, 427.519868, 
            678.380795, 425.400662, 676.261589, 421.162252, 
            676.261589, 416.923841, 674.142384, 414.804636, 
            674.142384, 410.566225, 674.142384, 408.447020, 
            674.142384, 402.089404, 672.023179, 399.970199, 
            669.903974, 397.850993, 669.903974, 395.731788, 
            669.903974, 393.612583, 669.903974, 383.016556, 
            678.380795, 383.016556, 680.500000, 383.016556, 
            682.619205, 380.897351, 682.619205, 380.897351, 
            684.738411, 378.778146, 686.857616, 378.778146, 
            688.976821, 376.658940, 688.976821, 374.539735, 
            691.096026, 374.539735, 693.215232, 370.301325, 
            699.572848, 368.182119, 699.572848, 368.182119, 
            701.692053, 363.943709, 701.692053, 363.943709, 
            703.811258, 361.824503, 705.930464, 355.466887, 
            710.168874, 353.347682, 710.168874, 351.228477, 
            712.288079, 349.109272, 712.288079, 346.990066, 
            714.407285, 344.870861, 714.407285, 342.751656, 
            716.526490, 338.513245, 716.526490, 334.274834, 
            716.526490, 330.036424, 716.526490, 323.678808, 
            716.526490, 317.321192, 718.645695, 315.201987, 
            718.645695, 313.082781, 718.645695, 304.605960, 
            718.645695, 302.486755, 718.645695, 300.367550, 
            718.645695, 296.129139, 718.645695, 291.890728, 
            718.645695, 287.652318, 718.645695, 285.533113, 
            718.645695, 279.175497, 718.645695, 270.698675, 
            718.645695, 266.460265, 718.645695, 262.221854, 
            718.645695, 255.864238, 718.645695, 251.625828, 
            718.645695, 245.268212, 718.645695, 241.029801, 
            716.526490, 238.910596, 716.526490, 236.791391, 
            716.526490, 234.672185, 716.526490, 232.552980, 
            716.526490, 230.433775, 716.526490, 221.956954, 
            716.526490, 215.599338, 716.526490, 209.241722, 
            716.526490, 194.407285, 716.526490, 188.049669, 
            716.526490, 175.334437, 716.526490, 168.976821, 
            716.526490, 162.619205, 714.407285, 158.380795, 
