%YAML:1.0
    mask: !!opencv-matrix
        rows: 1217
        cols: 2
        dt: f
        data: [ 110.492006, 708.381695, 111.515188, 
            708.381695, 112.538369, 708.381695, 113.561551, 
            708.381695, 115.607914, 707.358513, 118.677458, 
            707.358513, 120.723821, 706.335332, 122.770184, 
            706.335332, 124.816547, 705.312150, 125.839728, 
            705.312150, 127.886091, 705.312150, 129.932454, 
            705.312150, 130.955635, 705.312150, 131.978817, 
            705.312150, 134.025180, 705.312150, 136.071543, 
            704.288969, 138.117906, 704.288969, 139.141087, 
            703.265787, 140.164269, 702.242606, 142.210631, 
            701.219424, 145.280176, 698.149880, 148.349720, 
            696.103517, 152.442446, 692.010791, 154.488809, 
            688.941247, 155.511990, 687.918066, 157.558353, 
            685.871703, 158.581535, 685.871703, 161.651079, 
            682.802158, 164.720624, 681.778977, 167.790168, 
            679.732614, 170.859712, 676.663070, 174.952438, 
            675.639888, 178.021982, 674.616707, 179.045164, 
            673.593525, 182.114708, 672.570344, 186.207434, 
            670.523981, 188.253797, 670.523981, 189.276978, 
            668.477618, 191.323341, 667.454436, 193.369704, 
            666.431255, 194.392886, 665.408074, 195.416067, 
            664.384892, 197.462430, 663.361711, 199.508793, 
            662.338529, 201.555156, 660.292166, 203.601519, 
            659.268985, 203.601519, 658.245803, 205.647882, 
            656.199440, 208.717426, 654.153078, 208.717426, 
            653.129896, 211.786970, 651.083533, 215.879696, 
            649.037170, 218.949241, 646.990807, 219.972422, 
            646.990807, 223.041966, 644.944444, 225.088329, 
            642.898082, 228.157874, 641.874900, 230.204237, 
            640.851719, 232.250600, 639.828537, 234.296962, 
            638.805356, 236.343325, 637.782174, 237.366507, 
            637.782174, 239.412870, 636.758993, 242.482414, 
            636.758993, 245.551958, 636.758993, 249.644684, 
            635.735811, 252.714229, 635.735811, 254.760592, 
            635.735811, 256.806954, 635.735811, 258.853317, 
            635.735811, 261.922862, 634.712630, 263.969225, 
            634.712630, 264.992406, 633.689448, 267.038769, 
            632.666267, 268.061950, 632.666267, 269.085132, 
            632.666267, 270.108313, 631.643086, 273.177858, 
            630.619904, 276.247402, 629.596723, 283.409672, 
            627.550360, 283.409672, 626.527178, 286.479217, 
            626.527178, 288.525580, 626.527178, 293.641487, 
            624.480815, 297.734213, 624.480815, 300.803757, 
            623.457634, 304.896483, 622.434452, 305.919664, 
            621.411271, 306.942846, 621.411271, 308.989209, 
            621.411271, 311.035572, 621.411271, 313.081934, 
            621.411271, 315.128297, 621.411271, 318.197842, 
            621.411271, 319.221023, 621.411271, 322.290568, 
            622.434452, 324.336930, 623.457634, 327.406475, 
            624.480815, 330.476019, 625.503997, 333.545564, 
            626.527178, 335.591926, 626.527178, 336.615108, 
            626.527178, 338.661471, 627.550360, 341.731015, 
            627.550360, 344.800560, 629.596723, 347.870104, 
            629.596723, 349.916467, 629.596723, 350.939648, 
            630.619904, 352.986011, 630.619904, 355.032374, 
            631.643086, 358.101918, 632.666267, 361.171463, 
            632.666267, 363.217826, 633.689448, 365.264189, 
            634.712630, 367.310552, 635.735811, 370.380096, 
            636.758993, 372.426459, 638.805356, 374.472822, 
            639.828537, 374.472822, 640.851719, 375.496003, 
            641.874900, 376.519185, 642.898082, 377.542366, 
            643.921263, 377.542366, 644.944444, 377.542366, 
            645.967626, 378.565548, 646.990807, 378.565548, 
            648.013989, 378.565548, 649.037170, 380.611910, 
            650.060352, 381.635092, 650.060352, 382.658273, 
            650.060352, 385.727818, 650.060352, 387.774181, 
            650.060352, 388.797362, 650.060352, 389.820544, 
            650.060352, 390.843725, 650.060352, 391.866906, 
            650.060352, 392.890088, 650.060352, 394.936451, 
            650.060352, 396.982814, 650.060352, 398.005995, 
            651.083533, 399.029177, 651.083533, 400.052358, 
            651.083533, 402.098721, 651.083533, 402.098721, 
            652.106715, 404.145084, 654.153078, 405.168265, 
            654.153078, 407.214628, 656.199440, 408.237810, 
            657.222622, 409.260991, 658.245803, 409.260991, 
            659.268985, 409.260991, 660.292166, 411.307354, 
            662.338529, 411.307354, 664.384892, 411.307354, 
            665.408074, 411.307354, 667.454436, 411.307354, 
            668.477618, 410.284173, 670.523981, 410.284173, 
            671.547162, 409.260991, 672.570344, 408.237810, 
            674.616707, 406.191447, 676.663070, 404.145084, 
            677.686251, 403.121902, 679.732614, 402.098721, 
            680.755795, 401.075540, 681.778977, 401.075540, 
            682.802158, 401.075540, 683.825340, 400.052358, 
            684.848521, 399.029177, 686.894884, 399.029177, 
            687.918066, 399.029177, 689.964428, 399.029177, 
            690.987610, 399.029177, 692.010791, 399.029177, 
            693.033973, 399.029177, 694.057154, 400.052358, 
            695.080336, 402.098721, 698.149880, 402.098721, 
            700.196243, 403.121902, 701.219424, 404.145084, 
            701.219424, 405.168265, 703.265787, 406.191447, 
            703.265787, 408.237810, 704.288969, 408.237810, 
            706.335332, 409.260991, 706.335332, 410.284173, 
            707.358513, 411.307354, 707.358513, 411.307354, 
            709.404876, 412.330536, 709.404876, 412.330536, 
            711.451239, 413.353717, 714.520783, 413.353717, 
            715.543965, 413.353717, 717.590328, 413.353717, 
            719.636691, -1.000000, -1.000000, 1010.891687, 
            709.404876, 1007.822142, 707.358513, 1002.706235, 
            703.265787, 996.567146, 699.173062, 991.451239, 
            695.080336, 983.265787, 690.987610, 982.242606, 
            688.941247, 978.149880, 684.848521, 975.080336, 
            680.755795, 974.057154, 679.732614, 972.010791, 
            677.686251, 969.964428, 675.639888, 967.918066, 
            672.570344, 965.871703, 669.500799, 960.755795, 
            662.338529, 958.709432, 658.245803, 957.686251, 
            655.176259, 955.639888, 652.106715, 953.593525, 
            649.037170, 950.523981, 644.944444, 947.454436, 
            641.874900, 946.431255, 638.805356, 944.384892, 
            635.735811, 941.315348, 633.689448, 939.268985, 
            630.619904, 938.245803, 628.573541, 936.199440, 
            625.503997, 933.129896, 621.411271, 929.037170, 
            615.272182, 925.967626, 610.156275, 923.921263, 
            607.086731, 920.851719, 601.970823, 919.828537, 
            599.924460, 917.782174, 597.878098, 916.758993, 
            595.831735, 915.735811, 594.808553, 914.712630, 
            592.762190, 911.643086, 589.692646, 910.619904, 
            586.623102, 908.573541, 584.576739, 906.527178, 
            582.530376, 905.503997, 579.460831, 904.480815, 
            577.414468, 903.457634, 575.368106, 902.434452, 
            572.298561, 901.411271, 569.229017, 899.364908, 
            565.136291, 897.318545, 563.089928, 897.318545, 
            562.066747, 896.295364, 562.066747, 896.295364, 
            561.043565, 895.272182, 558.997202, 893.225819, 
            557.974021, 892.202638, 554.904476, 890.156275, 
            551.834932, 889.133094, 548.765388, 888.109912, 
            545.695843, 887.086731, 544.672662, 886.063549, 
            541.603118, 884.017186, 537.510392, 881.970823, 
            534.440847, 879.924460, 530.348122, 877.878098, 
