%YAML:1.0
    mask: !!opencv-matrix
        rows: 747
        cols: 2
        dt: f
        data: [ 214.856515, 664.384892, 213.833333, 
            665.408074, 210.763789, 665.408074, 209.740608, 
            665.408074, 201.555156, 665.408074, 197.462430, 
            664.384892, 195.416067, 663.361711, 188.253797, 
            660.292166, 185.184253, 658.245803, 184.161071, 
            658.245803, 182.114708, 657.222622, 181.091527, 
            655.176259, 180.068345, 654.153078, 176.998801, 
            650.060352, 173.929257, 644.944444, 171.882894, 
            643.921263, 171.882894, 639.828537, 169.836531, 
            631.643086, 167.790168, 624.480815, 167.790168, 
            622.434452, 166.766986, 618.341727, 166.766986, 
            612.202638, 166.766986, 607.086731, 166.766986, 
            606.063549, 166.766986, 601.970823, 166.766986, 
            596.854916, 166.766986, 591.739009, 166.766986, 
            590.715827, 167.790168, 586.623102, 167.790168, 
            583.553557, 167.790168, 582.530376, 167.790168, 
            578.437650, 167.790168, 573.321743, 167.790168, 
            570.252198, 167.790168, 568.205835, 167.790168, 
            564.113110, 167.790168, 560.020384, 168.813349, 
            557.974021, 168.813349, 549.788569, 168.813349, 
            545.695843, 168.813349, 544.672662, 168.813349, 
            541.603118, 168.813349, 537.510392, 168.813349, 
            534.440847, 168.813349, 531.371303, 169.836531, 
            529.324940, 169.836531, 524.209033, 169.836531, 
            521.139488, 170.859712, 517.046763, 171.882894, 
            512.954037, 171.882894, 509.884492, 171.882894, 
            505.791767, 172.906075, 502.722222, 172.906075, 
            499.652678, 174.952438, 496.583133, 174.952438, 
            493.513589, 175.975620, 492.490408, 176.998801, 
            489.420863, 178.021982, 486.351319, 178.021982, 
            485.328137, 180.068345, 483.281775, 181.091527, 
            480.212230, 182.114708, 478.165867, 182.114708, 
            477.142686, 185.184253, 473.049960, 186.207434, 
            469.980416, 188.253797, 468.957234, 189.276978, 
            467.934053, 192.346523, 464.864508, 196.439249, 
            459.748601, 198.485612, 457.702238, 199.508793, 
            457.702238, 201.555156, 455.655875, 203.601519, 
            454.632694, 204.624700, 453.609512, 205.647882, 
            452.586331, 207.694245, 451.563149, 208.717426, 
            449.516787, 211.786970, 447.470424, 211.786970, 
            446.447242, 215.879696, 442.354516, 216.902878, 
            442.354516, 217.926059, 440.308153, 219.972422, 
            438.261791, 220.995604, 437.238609, 223.041966, 
            434.169065, 226.111511, 430.076339, 229.181055, 
            427.006795, 232.250600, 423.937250, 234.296962, 
            421.890887, 236.343325, 420.867706, 238.389688, 
            418.821343, 240.436051, 417.798161, 243.505596, 
            415.751799, 249.644684, 414.728617, 252.714229, 
            413.705436, 255.783773, 411.659073, 258.853317, 
            410.635891, 259.876499, 410.635891, 266.015588, 
            408.589528, 267.038769, 407.566347, 276.247402, 
            405.519984, 284.432854, 404.496803, 290.571942, 
            404.496803, 296.711031, 403.473621, 302.850120, 
            403.473621, 307.966027, 402.450440, 311.035572, 
            402.450440, 313.081934, 402.450440, 314.105116, 
            402.450440, 315.128297, 402.450440, 316.151479, 
            402.450440, 317.174660, 402.450440, 318.197842, 
            402.450440, 319.221023, 402.450440, 321.267386, 
            402.450440, 323.313749, 403.473621, 324.336930, 
            403.473621, 325.360112, 405.519984, 325.360112, 
            406.543165, 324.336930, 408.589528, 322.290568, 
            410.635891, 320.244205, 412.682254, 317.174660, 
            414.728617, 316.151479, 414.728617, 313.081934, 
            416.774980, 308.989209, 422.914069, 306.942846, 
            423.937250, 305.919664, 424.960432, 304.896483, 
            428.029976, 303.873301, 431.099520, 303.873301, 
            434.169065, 303.873301, 437.238609, 304.896483, 
            439.284972, 308.989209, 440.308153, 315.128297, 
            439.284972, 323.313749, 439.284972, 327.406475, 
            439.284972, 330.476019, 439.284972, 334.568745, 
            441.331335, 339.684652, 443.377698, 340.707834, 
            444.400879, 342.754197, 445.424061, 345.823741, 
            447.470424, 346.846922, 447.470424, 347.870104, 
            448.493605, 348.893285, 448.493605, 349.916467, 
            449.516787, 350.939648, 450.539968, 352.986011, 
            451.563149, 354.009193, 451.563149, 354.009193, 
            452.586331, 355.032374, 453.609512, 355.032374, 
            454.632694, 355.032374, 457.702238, 355.032374, 
            460.771783, 354.009193, 466.910871, 351.962830, 
            469.980416, 351.962830, 471.003597, 348.893285, 
            475.096323, 344.800560, 479.189049, 340.707834, 
            486.351319, 337.638289, 490.444045, 335.591926, 
            492.490408, 331.499201, 496.583133, 326.383293, 
            501.699041, 325.360112, 503.745404, 324.336930, 
            504.768585, 323.313749, 507.838129, 323.313749, 
            509.884492, 323.313749, 510.907674, 323.313749, 
            511.930855, 324.336930, 512.954037, 326.383293, 
            513.977218, 327.406475, 513.977218, 329.452838, 
            515.000400, 331.499201, 516.023581, 332.522382, 
            518.069944, 332.522382, 519.093125, 332.522382, 
            520.116307, 332.522382, 523.185851, 332.522382, 
            524.209033, 330.476019, 525.232214, 327.406475, 
            527.278577, 324.336930, 529.324940, 321.267386, 
            531.371303, 319.221023, 532.394484, 318.197842, 
            533.417666, 317.174660, 533.417666, 316.151479, 
            534.440847, 314.105116, 535.464029, 312.058753, 
            536.487210, 311.035572, 537.510392, 310.012390, 
            538.533573, 308.989209, 539.556755, 306.942846, 
            541.603118, 304.896483, 542.626299, 303.873301, 
            544.672662, 302.850120, 545.695843, 301.826938, 
            547.742206, 299.780576, 549.788569, 297.734213, 
            551.834932, 295.687850, 555.927658, 293.641487, 
            557.974021, 292.618305, 560.020384, 291.595124, 
            562.066747, 290.571942, 564.113110, 287.502398, 
            567.182654, 285.456035, 571.275380, 282.386491, 
            575.368106, 282.386491, 576.391287, 278.293765, 
            584.576739, 276.247402, 588.669464, 273.177858, 
            593.785372, 271.131495, 595.831735, 269.085132, 
            598.901279, 268.061950, 599.924460, 264.992406, 
            602.994005, 262.946043, 606.063549, 260.899680, 
            608.109912, 257.830136, 612.202638, 253.737410, 
            615.272182, 251.691047, 616.295364, 250.667866, 
            616.295364, 246.575140, 620.388090, 243.505596, 
            623.457634, 241.459233, 625.503997, 240.436051, 
            626.527178, 237.366507, 631.643086, 234.296962, 
            635.735811, 232.250600, 639.828537, 230.204237, 
            644.944444, 230.204237, 649.037170, 229.181055, 
            650.060352, 228.157874, 656.199440, 228.157874, 
            657.222622, -1.000000, -1.000000, 646.639089, 
            633.689448, 644.592726, 633.689448, 642.546363, 
            631.643086, 641.523181, 631.643086, 640.500000, 
            630.619904, 637.430456, 628.573541, 636.407274, 
            628.573541, 631.291367, 625.503997, 630.268185, 
            625.503997, 625.152278, 623.457634, 625.152278, 
            622.434452, 621.059552, 620.388090, 620.036371, 
            620.388090, 617.990008, 618.341727, 615.943645, 
            617.318545, 614.920464, 617.318545, 612.874101, 
            616.295364, 611.850919, 615.272182, 609.804556, 
            613.225819, 607.758193, 610.156275, 604.688649, 
