%YAML:1.0
    mask: !!opencv-matrix
        rows: 470
        cols: 2
        dt: f
        data: [ 111.758278, 712.288079, 113.877483, 
            712.288079, 118.115894, 710.168874, 120.235099, 
            708.049669, 120.235099, 705.930464, 126.592715, 
            697.453642, 126.592715, 688.976821, 130.831126, 
            682.619205, 132.950331, 674.142384, 132.950331, 
            665.665563, 132.950331, 663.546358, 135.069536, 
            661.427152, 135.069536, 659.307947, 135.069536, 
            657.188742, 135.069536, 655.069536, 139.307947, 
            650.831126, 139.307947, 648.711921, 139.307947, 
            644.473510, 141.427152, 644.473510, 141.427152, 
            642.354305, 143.546358, 642.354305, 145.665563, 
            640.235099, 149.903974, 635.996689, 152.023179, 
            635.996689, 154.142384, 633.877483, 160.500000, 
            631.758278, 162.619205, 631.758278, 164.738411, 
            631.758278, 166.857616, 631.758278, 168.976821, 
            631.758278, 171.096026, 631.758278, 173.215232, 
            631.758278, 175.334437, 631.758278, 177.453642, 
            633.877483, 177.453642, 635.996689, 179.572848, 
            638.115894, 179.572848, 640.235099, 181.692053, 
            644.473510, 181.692053, 650.831126, 181.692053, 
            652.950331, 181.692053, 655.069536, 181.692053, 
            657.188742, 181.692053, 659.307947, 181.692053, 
            661.427152, 181.692053, 663.546358, 181.692053, 
            665.665563, 179.572848, 667.784768, 177.453642, 
            669.903974, 177.453642, 672.023179, 177.453642, 
            674.142384, 179.572848, 674.142384, 188.049669, 
            672.023179, 196.526490, 672.023179, 202.884106, 
            669.903974, 205.003311, 669.903974, 207.122517, 
            667.784768, 209.241722, 667.784768, 211.360927, 
            665.665563, 211.360927, 663.546358, 213.480132, 
            663.546358, 215.599338, 661.427152, 217.718543, 
            661.427152, 217.718543, 659.307947, 219.837748, 
            659.307947, 221.956954, 657.188742, 226.195364, 
            655.069536, 226.195364, 652.950331, 228.314570, 
            652.950331, 232.552980, 650.831126, 234.672185, 
            650.831126, 234.672185, 648.711921, 238.910596, 
            646.592715, 241.029801, 646.592715, 243.149007, 
            644.473510, 247.387417, 642.354305, 255.864238, 
            642.354305, 264.341060, 640.235099, 270.698675, 
            638.115894, 274.937086, 638.115894, 277.056291, 
            638.115894, 285.533113, 638.115894, 294.009934, 
            638.115894, 300.367550, 638.115894, 304.605960, 
            638.115894, 308.844371, 638.115894, 317.321192, 
            638.115894, 323.678808, 638.115894, 327.917219, 
            638.115894, 332.155629, 638.115894, 334.274834, 
            638.115894, 336.394040, 638.115894, 340.632450, 
            638.115894, 342.751656, 638.115894, 344.870861, 
            638.115894, 346.990066, 638.115894, 349.109272, 
            638.115894, 351.228477, 638.115894, 351.228477, 
            642.354305, 349.109272, 644.473510, 346.990066, 
            646.592715, 342.751656, 648.711921, 342.751656, 
            650.831126, 340.632450, 650.831126, 338.513245, 
            650.831126, 336.394040, 652.950331, 334.274834, 
            652.950331, 332.155629, 655.069536, 332.155629, 
            659.307947, 332.155629, 661.427152, 332.155629, 
            665.665563, 332.155629, 667.784768, 332.155629, 
            672.023179, 334.274834, 674.142384, 334.274834, 
            676.261589, 334.274834, 678.380795, 336.394040, 
            680.500000, 338.513245, 682.619205, 338.513245, 
            684.738411, 338.513245, 686.857616, 340.632450, 
            688.976821, 340.632450, 691.096026, 340.632450, 
            693.215232, 340.632450, 695.334437, 340.632450, 
            697.453642, 340.632450, 699.572848, 338.513245, 
            699.572848, 336.394040, 699.572848, 332.155629, 
            699.572848, 319.440397, 699.572848, 306.725166, 
            699.572848, 298.248344, 699.572848, 296.129139, 
            699.572848, 291.890728, 699.572848, 289.771523, 
            699.572848, 283.413907, 701.692053, 281.294702, 
            701.692053, 279.175497, 701.692053, 277.056291, 
            703.811258, 272.817881, 703.811258, 270.698675, 
            703.811258, 266.460265, 705.930464, 262.221854, 
            708.049669, 260.102649, 708.049669, 257.983444, 
            708.049669, 255.864238, 710.168874, 253.745033, 
            710.168874, 251.625828, 712.288079, 249.506623, 
            714.407285, 247.387417, 714.407285, 245.268212, 
            716.526490, 245.268212, 718.645695, -1.000000, 
            -1.000000, -1.000000, -1.000000, 709.374172, 
            335.069536, 705.135762, 337.188742, 700.897351, 
            339.307947, 696.658940, 341.427152, 692.420530, 
            341.427152, 688.182119, 343.546358, 683.943709, 
            343.546358, 677.586093, 345.665563, 675.466887, 
            345.665563, 671.228477, 345.665563, 664.870861, 
            345.665563, 660.632450, 345.665563, 658.513245, 
            347.784768, 656.394040, 347.784768, 654.274834, 
            347.784768, 652.155629, 347.784768, 650.036424, 
            347.784768, 647.917219, 347.784768, 645.798013, 
            349.903974, 639.440397, 352.023179, 637.321192, 
            352.023179, 635.201987, 352.023179, 633.082781, 
            352.023179, 630.963576, 352.023179, 628.844371, 
            352.023179, 624.605960, 352.023179, 622.486755, 
            352.023179, 616.129139, 352.023179, 614.009934, 
            352.023179, 609.771523, 354.142384, 605.533113, 
            354.142384, 603.413907, 356.261589, 601.294702, 
            356.261589, 599.175497, 356.261589, 594.937086, 
            358.380795, 592.817881, 358.380795, 590.698675, 
            360.500000, 584.341060, 364.738411, 575.864238, 
            364.738411, 573.745033, 366.857616, 571.625828, 
            366.857616, 567.387417, 368.976821, 565.268212, 
            368.976821, 563.149007, 368.976821, 561.029801, 
            371.096026, 558.910596, 371.096026, 554.672185, 
            373.215232, 552.552980, 373.215232, 548.314570, 
            373.215232, 546.195364, 375.334437, 544.076159, 
            375.334437, 541.956954, 375.334437, 541.956954, 
            377.453642, 539.837748, 379.572848, 539.837748, 
            381.692053, 539.837748, 383.811258, 539.837748, 
            388.049669, 539.837748, 392.288079, 539.837748, 
            394.407285, 539.837748, 396.526490, 539.837748, 
            400.764901, 539.837748, 402.884106, 541.956954, 
            407.122517, 544.076159, 409.241722, 546.195364, 
            411.360927, 548.314570, 411.360927, 550.433775, 
            413.480132, 586.460265, 419.837748, 599.175497, 
            419.837748, 603.413907, 421.956954, 609.771523, 
            421.956954, 614.009934, 424.076159, 620.367550, 
            424.076159, 622.486755, 424.076159, 624.605960, 
            424.076159, 626.725166, 424.076159, 628.844371, 
            424.076159, 630.963576, 426.195364, 633.082781, 
            426.195364, 635.201987, 428.314570, 637.321192, 
            428.314570, 641.559603, 430.433775, 643.678808, 
            432.552980, 647.917219, 434.672185, 650.036424, 
            434.672185, 654.274834, 434.672185, 656.394040, 
            434.672185, 662.751656, 434.672185, 669.109272, 
            436.791391, 671.228477, 436.791391, 673.347682, 
            436.791391, 675.466887, 436.791391, 679.705298, 
            436.791391, 681.824503, 436.791391, 683.943709, 
            436.791391, 686.062914, 436.791391, 690.301325, 
            436.791391, 692.420530, 436.791391, 694.539735, 
            436.791391, 698.778146, 434.672185, 700.897351, 
            434.672185, 703.016556, 432.552980, 707.254967, 
            430.433775, 709.374172, 430.433775, 709.374172, 
