%YAML:1.0
    mask: !!opencv-matrix
        rows: 1892
        cols: 2
        dt: f
        data: [ 162.586957, 1.543478, 163.978261, 
            1.543478, 163.978261, 4.326087, 163.978261, 
            5.717391, 163.978261, 7.108696, 163.978261, 
            8.500000, 163.978261, 9.891304, 162.586957, 
            9.891304, 162.586957, 11.282609, 161.195652, 
            14.065217, 159.804348, 14.065217, 159.804348, 
            16.847826, 158.413043, 18.239130, 157.021739, 
            19.630435, 157.021739, 21.021739, 155.630435, 
            21.021739, 155.630435, 22.413043, 154.239130, 
            25.195652, 152.847826, 26.586957, 151.456522, 
            26.586957, 151.456522, 27.978261, 150.065217, 
            29.369565, 150.065217, 30.760870, 148.673913, 
            32.152174, 147.282609, 32.152174, 147.282609, 
            33.543478, 147.282609, 34.934783, 145.891304, 
            36.326087, 144.500000, 39.108696, 143.108696, 
            40.500000, 143.108696, 41.891304, 143.108696, 
            43.282609, 141.717391, 44.673913, 141.717391, 
            46.065217, 140.326087, 47.456522, 140.326087, 
            48.847826, 138.934783, 50.239130, 138.934783, 
            51.630435, 138.934783, 53.021739, 137.543478, 
            54.413043, 136.152174, 57.195652, 134.760870, 
            58.586957, 134.760870, 61.369565, 134.760870, 
            62.760870, 134.760870, 65.543478, 133.369565, 
            68.326087, 133.369565, 69.717391, 133.369565, 
            71.108696, 133.369565, 72.500000, 133.369565, 
            73.891304, 133.369565, 75.282609, 131.978261, 
            76.673913, 131.978261, 78.065217, 131.978261, 
            79.456522, 131.978261, 80.847826, 131.978261, 
            83.630435, 130.586957, 83.630435, 130.586957, 
            85.021739, 130.586957, 86.413043, 129.195652, 
            87.804348, 129.195652, 89.195652, 129.195652, 
            90.586957, 127.804348, 91.978261, 126.413043, 
            94.760870, 125.021739, 96.152174, 125.021739, 
            97.543478, 125.021739, 98.934783, 125.021739, 
            100.326087, 125.021739, 103.108696, 122.239130, 
            104.500000, 122.239130, 105.891304, 122.239130, 
            107.282609, 122.239130, 108.673913, 122.239130, 
            110.065217, 122.239130, 111.456522, 122.239130, 
            112.847826, 120.847826, 114.239130, 120.847826, 
            115.630435, 120.847826, 117.021739, 120.847826, 
            118.413043, 119.456522, 118.413043, 119.456522, 
            119.804348, 118.065217, 121.195652, 118.065217, 
            123.978261, 116.673913, 123.978261, 116.673913, 
            125.369565, 116.673913, 128.152174, 113.891304, 
            129.543478, 113.891304, 130.934783, 113.891304, 
            132.326087, 113.891304, 133.717391, 112.500000, 
            135.108696, 112.500000, 136.500000, 112.500000, 
            137.891304, 112.500000, 140.673913, 112.500000, 
            142.065217, 112.500000, 144.847826, 109.717391, 
            146.239130, 109.717391, 149.021739, 109.717391, 
            150.413043, 109.717391, 153.195652, 109.717391, 
            154.586957, 109.717391, 157.369565, 109.717391, 
            158.760870, 109.717391, 161.543478, 109.717391, 
            162.934783, 109.717391, 165.717391, 109.717391, 
            167.108696, 109.717391, 169.891304, 109.717391, 
            171.282609, 109.717391, 174.065217, 109.717391, 
            175.456522, 109.717391, 176.847826, 109.717391, 
            179.630435, 109.717391, 181.021739, 109.717391, 
            182.413043, 109.717391, 183.804348, 109.717391, 
            185.195652, 109.717391, 186.586957, 109.717391, 
            187.978261, 109.717391, 189.369565, 109.717391, 
            190.760870, 109.717391, 193.543478, 109.717391, 
            194.934783, 109.717391, 196.326087, 109.717391, 
            197.717391, 109.717391, 199.108696, 109.717391, 
            200.500000, 109.717391, 201.891304, 109.717391, 
            203.282609, 109.717391, 204.673913, 111.108696, 
            206.065217, 111.108696, 208.847826, 112.500000, 
            211.630435, 113.891304, 211.630435, 113.891304, 
            213.021739, 113.891304, 214.413043, 113.891304, 
            215.804348, 113.891304, 217.195652, 115.282609, 
            218.586957, 116.673913, 218.586957, 118.065217, 
            219.978261, 119.456522, 219.978261, 120.847826, 
            219.978261, 122.239130, 219.978261, 123.630435, 
            219.978261, 125.021739, 219.978261, 126.413043, 
            219.978261, 127.804348, 221.369565, 129.195652, 
            221.369565, 130.586957, 221.369565, 131.978261, 
            221.369565, 133.369565, 221.369565, 134.760870, 
            221.369565, 134.760870, 222.760870, 136.152174, 
            222.760870, 137.543478, 222.760870, 138.934783, 
            222.760870, 140.326087, 224.152174, 141.717391, 
            224.152174, 143.108696, 224.152174, 147.282609, 
            225.543478, 148.673913, 225.543478, 150.065217, 
            225.543478, 151.456522, 225.543478, 152.847826, 
            225.543478, 154.239130, 225.543478, 155.630435, 
            225.543478, 157.021739, 225.543478, 159.804348, 
            225.543478, 161.195652, 225.543478, 162.586957, 
            225.543478, 163.978261, 225.543478, 166.760870, 
            225.543478, 169.543478, 225.543478, 170.934783, 
            225.543478, 172.326087, 224.152174, 173.717391, 
            222.760870, 175.108696, 222.760870, 176.500000, 
            219.978261, 177.891304, 219.978261, 177.891304, 
            218.586957, 179.282609, 217.195652, 180.673913, 
            217.195652, 180.673913, 215.804348, 182.065217, 
            215.804348, 183.456522, 213.021739, 184.847826, 
            211.630435, 186.239130, 210.239130, 186.239130, 
            208.847826, 187.630435, 207.456522, 189.021739, 
            204.673913, 190.413043, 204.673913, 191.804348, 
            203.282609, 191.804348, 201.891304, 193.195652, 
            200.500000, 194.586957, 200.500000, 195.978261, 
            199.108696, 195.978261, 197.717391, 197.369565, 
            197.717391, 200.152174, 196.326087, 201.543478, 
            194.934783, 202.934783, 193.543478, 205.717391, 
            192.152174, 207.108696, 190.760870, 209.891304, 
            190.760870, 211.282609, 189.369565, 214.065217, 
            186.586957, 215.456522, 186.586957, 218.239130, 
            185.195652, 218.239130, 183.804348, 219.630435, 
            183.804348, 222.413043, 182.413043, 222.413043, 
            181.021739, 223.804348, 181.021739, 225.195652, 
            179.630435, 225.195652, 178.239130, 226.586957, 
            178.239130, 227.978261, 176.847826, 230.760870, 
            174.065217, 232.152174, 172.673913, 234.934783, 
            169.891304, 236.326087, 169.891304, 237.717391, 
            169.891304, 239.108696, 168.500000, 240.500000, 
            167.108696, 241.891304, 165.717391, 244.673913, 
            162.934783, 246.065217, 162.934783, 247.456522, 
            161.543478, 250.239130, 158.760870, 251.630435, 
            158.760870, 253.021739, 157.369565, 254.413043, 
            157.369565, 255.804348, 155.978261, 257.195652, 
            154.586957, 258.586957, 153.195652, 259.978261, 
            153.195652, 262.760870, 150.413043, 264.152174, 
            150.413043, 265.543478, 149.021739, 266.934783, 
            149.021739, 268.326087, 149.021739, 269.717391, 
            147.630435, 271.108696, 146.239130, 273.891304, 
            146.239130, 276.673913, 144.847826, 278.065217, 
            143.456522, 280.847826, 142.065217, 282.239130, 
            142.065217, 286.413043, 142.065217, 287.804348, 
            142.065217, 287.804348, 140.673913, 289.195652, 
            140.673913, 290.586957, 140.673913, 291.978261, 
            140.673913, 293.369565, 140.673913, 294.760870, 
            139.282609, 294.760870, 137.891304, 297.543478, 
            137.891304, 298.934783, 137.891304, 301.717391, 
