%YAML:1.0
    mask: !!opencv-matrix
        rows: 1564
        cols: 2
        dt: f
        data: [ 308.673913, 718.065217, 308.673913, 
            716.673913, 310.065217, 715.282609, 311.456522, 
            712.500000, 312.847826, 712.500000, 312.847826, 
            711.108696, 312.847826, 709.717391, 314.239130, 
            709.717391, 315.630435, 706.934783, 315.630435, 
            705.543478, 315.630435, 704.152174, 315.630435, 
            702.760870, 317.021739, 699.978261, 318.413043, 
            699.978261, 318.413043, 698.586957, 319.804348, 
            697.195652, 319.804348, 695.804348, 319.804348, 
            694.413043, 319.804348, 691.630435, 321.195652, 
            691.630435, 322.586957, 690.239130, 323.978261, 
            688.847826, 325.369565, 688.847826, 326.760870, 
            688.847826, 328.152174, 687.456522, 329.543478, 
            687.456522, 332.326087, 687.456522, 333.717391, 
            686.065217, 335.108696, 686.065217, 336.500000, 
            686.065217, 337.891304, 686.065217, 339.282609, 
            686.065217, 340.673913, 686.065217, 342.065217, 
            686.065217, 343.456522, 686.065217, 344.847826, 
            686.065217, 347.630435, 686.065217, 349.021739, 
            686.065217, 350.413043, 684.673913, 351.804348, 
            684.673913, 353.195652, 684.673913, 355.978261, 
            684.673913, 357.369565, 684.673913, 360.152174, 
            684.673913, 361.543478, 684.673913, 362.934783, 
            684.673913, 364.326087, 684.673913, 365.717391, 
            684.673913, 367.108696, 684.673913, 368.500000, 
            684.673913, 369.891304, 684.673913, 371.282609, 
            684.673913, 374.065217, 684.673913, 375.456522, 
            687.456522, 378.239130, 688.847826, 381.021739, 
            688.847826, 383.804348, 688.847826, 385.195652, 
            688.847826, 386.586957, 690.239130, 387.978261, 
            690.239130, 389.369565, 690.239130, 392.152174, 
            690.239130, 392.152174, 691.630435, 393.543478, 
            691.630435, 394.934783, 691.630435, 396.326087, 
            691.630435, 397.717391, 691.630435, 399.108696, 
            691.630435, 400.500000, 693.021739, 401.891304, 
            693.021739, 401.891304, 691.630435, 400.500000, 
            690.239130, 400.500000, 687.456522, 399.108696, 
            687.456522, 399.108696, 684.673913, 399.108696, 
            683.282609, 397.717391, 680.500000, 397.717391, 
            679.108696, 396.326087, 679.108696, 396.326087, 
            676.326087, 394.934783, 673.543478, 394.934783, 
            672.152174, 393.543478, 669.369565, 393.543478, 
            667.978261, 393.543478, 665.195652, 393.543478, 
            663.804348, 392.152174, 663.804348, 392.152174, 
            662.413043, 392.152174, 661.021739, 390.760870, 
            661.021739, 390.760870, 659.630435, 389.369565, 
            658.239130, 387.978261, 658.239130, 387.978261, 
            656.847826, 386.586957, 655.456522, 385.195652, 
            654.065217, 383.804348, 652.673913, 382.413043, 
            651.282609, 381.021739, 649.891304, 379.630435, 
            647.108696, 378.239130, 645.717391, 376.847826, 
            644.326087, 374.065217, 641.543478, 372.673913, 
            640.152174, 372.673913, 638.760870, 369.891304, 
            637.369565, 369.891304, 635.978261, 368.500000, 
            634.586957, 367.108696, 633.195652, 365.717391, 
            633.195652, 364.326087, 633.195652, 362.934783, 
            633.195652, 361.543478, 631.804348, 358.760870, 
            630.413043, 357.369565, 630.413043, 355.978261, 
            630.413043, 354.586957, 629.021739, 353.195652, 
            629.021739, 351.804348, 627.630435, 350.413043, 
            627.630435, 349.021739, 627.630435, 347.630435, 
            627.630435, 346.239130, 627.630435, 344.847826, 
            627.630435, 343.456522, 627.630435, 342.065217, 
            627.630435, 340.673913, 627.630435, 339.282609, 
            627.630435, 337.891304, 627.630435, 337.891304, 
            624.847826, 337.891304, 622.065217, 337.891304, 
            620.673913, 337.891304, 617.891304, 337.891304, 
            616.500000, 337.891304, 615.108696, 337.891304, 
            613.717391, 337.891304, 612.326087, 337.891304, 
            610.934783, 337.891304, 609.543478, 340.673913, 
            606.760870, 340.673913, 605.369565, 342.065217, 
            605.369565, 342.065217, 603.978261, 342.065217, 
            601.195652, 342.065217, 599.804348, 342.065217, 
            598.413043, 342.065217, 597.021739, 342.065217, 
            595.630435, 344.847826, 594.239130, 344.847826, 
            591.456522, 346.239130, 591.456522, 346.239130, 
            590.065217, 349.021739, 587.282609, 349.021739, 
            585.891304, 350.413043, 585.891304, 350.413043, 
            583.108696, 353.195652, 581.717391, 354.586957, 
            580.326087, 355.978261, 578.934783, 357.369565, 
            578.934783, 357.369565, 577.543478, 358.760870, 
            577.543478, 360.152174, 577.543478, 362.934783, 
            574.760870, 365.717391, 573.369565, 367.108696, 
            571.978261, 368.500000, 570.586957, 369.891304, 
            570.586957, 371.282609, 569.195652, 372.673913, 
            567.804348, 372.673913, 566.413043, 374.065217, 
            566.413043, 375.456522, 566.413043, 375.456522, 
            565.021739, 376.847826, 565.021739, 378.239130, 
            565.021739, 379.630435, 563.630435, 381.021739, 
            563.630435, 383.804348, 563.630435, 385.195652, 
            560.847826, 387.978261, 560.847826, 390.760870, 
            559.456522, 392.152174, 559.456522, 394.934783, 
            558.065217, 394.934783, 556.673913, 397.717391, 
            556.673913, 397.717391, 555.282609, 399.108696, 
            553.891304, 400.500000, 553.891304, 400.500000, 
            552.500000, 403.282609, 551.108696, 404.673913, 
            551.108696, 404.673913, 549.717391, 406.065217, 
            549.717391, 407.456522, 548.326087, 407.456522, 
            546.934783, 407.456522, 545.543478, 408.847826, 
            544.152174, 410.239130, 544.152174, 411.630435, 
            542.760870, 413.021739, 542.760870, 414.413043, 
            541.369565, 414.413043, 539.978261, 415.804348, 
            539.978261, 417.195652, 538.586957, 418.586957, 
            538.586957, 419.978261, 537.195652, 419.978261, 
            535.804348, 421.369565, 535.804348, 422.760870, 
            534.413043, 425.543478, 534.413043, 426.934783, 
            533.021739, 429.717391, 531.630435, 429.717391, 
            530.239130, 431.108696, 530.239130, 432.500000, 
            530.239130, 432.500000, 528.847826, 433.891304, 
            528.847826, 433.891304, 527.456522, 435.282609, 
            526.065217, 436.673913, 526.065217, 438.065217, 
            523.282609, 439.456522, 523.282609, 440.847826, 
            521.891304, 442.239130, 519.108696, 443.630435, 
            517.717391, 445.021739, 516.326087, 445.021739, 
            514.934783, 445.021739, 512.152174, 445.021739, 
            510.760870, 446.413043, 510.760870, 446.413043, 
            509.369565, 446.413043, 507.978261, 447.804348, 
            506.586957, 447.804348, 503.804348, 449.195652, 
            502.413043, 449.195652, 501.021739, 449.195652, 
            499.630435, 449.195652, 498.239130, 449.195652, 
            496.847826, 449.195652, 495.456522, 449.195652, 
            494.065217, 449.195652, 492.673913, 449.195652, 
            489.891304, 449.195652, 487.108696, 449.195652, 
            485.717391, 449.195652, 484.326087, 449.195652, 
            482.934783, 449.195652, 481.543478, 449.195652, 
            478.760870, 447.804348, 477.369565, 446.413043, 
            475.978261, 445.021739, 475.978261, 440.847826, 
            474.586957, 439.456522, 474.586957, 436.673913, 
            474.586957, 433.891304, 474.586957, 432.500000, 
