%YAML:1.0
    mask: !!opencv-matrix
        rows: 775
        cols: 2
        dt: f
        data: [ 224.170103, 717.448454, 232.087629, 
            716.128866, 240.005155, 710.850515, 245.283505, 
            708.211340, 251.881443, 705.572165, 255.840206, 
            702.932990, 257.159794, 701.613402, 261.118557, 
            700.293814, 265.077320, 697.654639, 269.036082, 
            695.015464, 274.314433, 692.376289, 279.592784, 
            688.417526, 283.551546, 685.778351, 290.149485, 
            680.500000, 296.747423, 675.221649, 302.025773, 
            671.262887, 309.943299, 664.664948, 313.902062, 
            660.706186, 316.541237, 656.747423, 320.500000, 
            654.108247, 325.778351, 650.149485, 329.737113, 
            647.510309, 331.056701, 646.190722, 333.695876, 
            644.871134, 335.015464, 643.551546, 337.654639, 
            640.912371, 344.252577, 634.314433, 349.530928, 
            629.036082, 352.170103, 626.396907, 353.489691, 
            625.077320, 354.809278, 622.438144, 356.128866, 
            618.479381, 357.448454, 615.840206, 357.448454, 
            611.881443, 357.448454, 609.242268, 357.448454, 
            606.603093, 356.128866, 605.283505, 356.128866, 
            602.644330, 354.809278, 601.324742, 354.809278, 
            598.685567, 354.809278, 597.365979, 353.489691, 
            597.365979, 353.489691, 596.046392, 353.489691, 
            594.726804, 352.170103, 594.726804, 348.211340, 
            594.726804, 346.891753, 594.726804, 341.613402, 
            596.046392, 338.974227, 597.365979, 329.737113, 
            602.644330, 320.500000, 607.922680, 316.541237, 
            609.242268, 308.623711, 614.520619, 294.108247, 
            623.757732, 290.149485, 623.757732, 286.190722, 
            626.396907, 275.634021, 631.675258, 272.994845, 
            632.994845, 267.716495, 635.634021, 257.159794, 
            640.912371, 254.520619, 642.231959, 243.963918, 
            646.190722, 233.407216, 648.829897, 226.809278, 
            650.149485, 220.211340, 651.469072, 217.572165, 
            651.469072, 213.613402, 651.469072, 209.654639, 
            651.469072, 208.335052, 651.469072, 207.015464, 
            650.149485, 207.015464, 648.829897, 204.376289, 
            644.871134, 203.056701, 643.551546, 203.056701, 
            640.912371, 201.737113, 639.592784, 200.417526, 
            636.953608, 200.417526, 632.994845, 200.417526, 
            629.036082, 200.417526, 625.077320, 200.417526, 
            613.201031, 201.737113, 610.561856, 201.737113, 
            606.603093, 203.056701, 598.685567, 203.056701, 
            590.768041, 204.376289, 578.891753, 204.376289, 
            574.932990, 204.376289, 569.654639, 204.376289, 
            564.376289, 205.695876, 563.056701, 207.015464, 
            559.097938, 208.335052, 553.819588, 209.654639, 
            553.819588, 210.974227, 552.500000, 212.293814, 
            552.500000, 214.932990, 552.500000, 216.252577, 
            552.500000, 218.891753, 552.500000, 221.530928, 
            556.458763, 224.170103, 557.778351, 229.448454, 
            561.737113, 230.768041, 563.056701, 232.087629, 
            564.376289, 234.726804, 564.376289, 234.726804, 
            565.695876, 240.005155, 567.015464, 243.963918, 
            568.335052, 245.283505, 568.335052, 251.881443, 
            563.056701, 253.201031, 559.097938, 255.840206, 
            553.819588, 255.840206, 551.180412, 257.159794, 
            548.541237, 257.159794, 545.902062, 258.479381, 
            540.623711, 262.438144, 530.067010, 265.077320, 
            522.149485, 267.716495, 514.231959, 269.036082, 
            514.231959, 269.036082, 515.551546, 269.036082, 
            518.190722, 270.355670, 519.510309, 271.675258, 
            523.469072, 272.994845, 527.427835, 272.994845, 
            530.067010, 274.314433, 534.025773, 275.634021, 
            537.984536, 276.953608, 539.304124, 278.273196, 
            541.943299, 280.912371, 543.262887, 282.231959, 
            543.262887, 286.190722, 543.262887, 291.469072, 
            543.262887, 299.386598, 536.664948, 302.025773, 
            532.706186, 307.304124, 523.469072, 309.943299, 
            519.510309, 311.262887, 519.510309, 312.582474, 
            519.510309, 313.902062, 519.510309, 320.500000, 
            524.788660, 325.778351, 527.427835, 329.737113, 
            527.427835, 331.056701, 527.427835, 333.695876, 
            528.747423, 337.654639, 528.747423, 338.974227, 
            528.747423, 341.613402, 528.747423, 342.932990, 
            528.747423, 344.252577, 528.747423, 345.572165, 
            528.747423, 346.891753, 528.747423, 348.211340, 
            528.747423, 349.530928, 528.747423, 349.530928, 
            527.427835, 350.850515, 526.108247, 352.170103, 
            524.788660, 352.170103, 520.829897, 353.489691, 
            511.592784, 352.170103, 503.675258, 349.530928, 
            495.757732, 348.211340, 494.438144, 337.654639, 
            479.922680, 329.737113, 468.046392, 325.778351, 
            462.768041, 323.139175, 458.809278, 313.902062, 
            446.932990, 308.623711, 441.654639, 303.345361, 
            433.737113, 299.386598, 429.778351, 298.067010, 
            425.819588, 295.427835, 421.860825, 288.829897, 
            413.943299, 286.190722, 409.984536, 284.871134, 
            409.984536, 284.871134, 407.345361, 282.231959, 
            404.706186, 278.273196, 398.108247, 271.675258, 
            392.829897, 270.355670, 392.829897, 269.036082, 
            392.829897, 267.716495, 392.829897, 265.077320, 
            395.469072, 255.840206, 402.067010, 251.881443, 
            404.706186, 249.242268, 404.706186, 245.283505, 
            406.025773, 241.324742, 407.345361, 238.685567, 
            409.984536, 234.726804, 411.304124, 225.489691, 
            416.582474, 221.530928, 419.221649, 210.974227, 
            424.500000, 204.376289, 427.139175, 197.778351, 
            429.778351, 187.221649, 433.737113, 176.664948, 
            439.015464, 156.871134, 448.252577, 151.592784, 
            449.572165, 134.438144, 460.128866, 129.159794, 
            462.768041, 123.881443, 466.726804, 119.922680, 
            470.685567, 118.603093, 472.005155, 113.324742, 
            475.963918, 110.685567, 478.603093, 101.448454, 
            487.840206, 97.489691, 491.798969, 92.211340, 
            498.396907, 84.293814, 507.634021, 77.695876, 
            512.912371, 73.737113, 515.551546, 67.139175, 
            522.149485, 63.180412, 526.108247, 57.902062, 
            531.386598, 49.984536, 535.345361, 43.386598, 
            539.304124, 34.149485, 544.582474, 30.190722, 
            545.902062, 19.634021, 551.180412, 10.396907, 
            553.819588, 5.118557, 557.778351, 3.798969, 
            662.025773, 6.438144, 667.304124, 13.036082, 
            673.902062, 14.355670, 677.860825, 14.355670, 
            684.458763, 15.675258, 687.097938, 15.675258, 
            696.335052, 15.675258, 704.252577, -1.000000, 
            -1.000000, 700.541237, 712.170103, 695.262887, 
            708.211340, 689.984536, 700.293814, 686.025773, 
            696.335052, 678.108247, 688.417526, 675.469072, 
            687.097938, 671.510309, 683.139175, 670.190722, 
            680.500000, 667.551546, 679.180412, 663.592784, 
            675.221649, 660.953608, 672.582474, 658.314433, 
            669.943299, 656.994845, 668.623711, 650.396907, 
            664.664948, 649.077320, 662.025773, 647.757732, 
            659.386598, 642.479381, 656.747423, 639.840206, 
            652.788660, 631.922680, 648.829897, 629.283505, 
            646.190722, 627.963918, 644.871134, 626.644330, 
            643.551546, 624.005155, 640.912371, 622.685567, 
            639.592784, 621.365979, 636.953608, 621.365979, 
            635.634021, 618.726804, 631.675258, 617.407216, 
            629.036082, 616.087629, 626.396907, 616.087629, 
