%YAML:1.0
    mask: !!opencv-matrix
        rows: 790
        cols: 2
        dt: f
        data: [ 5.104317, 419.844524, 5.104317, 
            420.867706, 6.127498, 421.890887, 7.150679, 
            422.914069, 8.173861, 424.960432, 11.243405, 
            428.029976, 12.266587, 429.053157, 15.336131, 
            431.099520, 17.382494, 433.145883, 18.405675, 
            435.192246, 22.498401, 438.261791, 24.544764, 
            440.308153, 27.614309, 443.377698, 30.683853, 
            447.470424, 33.753397, 451.563149, 34.776579, 
            451.563149, 35.799760, 454.632694, 36.822942, 
            454.632694, 39.892486, 458.725420, 41.938849, 
            460.771783, 42.962030, 461.794964, 45.008393, 
            464.864508, 49.101119, 469.980416, 52.170663, 
            473.049960, 55.240208, 476.119504, 56.263389, 
            476.119504, 60.356115, 481.235412, 63.425659, 
            483.281775, 66.495204, 485.328137, 68.541567, 
            487.374500, 71.611111, 489.420863, 73.657474, 
            491.467226, 74.680655, 492.490408, 75.703837, 
            492.490408, 76.727018, 493.513589, 77.750200, 
            494.536771, 80.819744, 496.583133, 81.842926, 
            497.606315, 84.912470, 499.652678, 86.958833, 
            501.699041, 87.982014, 502.722222, 90.028377, 
            504.768585, 92.074740, 505.791767, 94.121103, 
            507.838129, 95.144285, 508.861311, 97.190647, 
            510.907674, 98.213829, 512.954037, 100.260192, 
            513.977218, 101.283373, 515.000400, 102.306555, 
            516.023581, 103.329736, 517.046763, 103.329736, 
            518.069944, 103.329736, 519.093125, 104.352918, 
            520.116307, 104.352918, 521.139488, 105.376099, 
            522.162670, 106.399281, 523.185851, 106.399281, 
            524.209033, 106.399281, 525.232214, 106.399281, 
            527.278577, 106.399281, 531.371303, 106.399281, 
            534.440847, 106.399281, 536.487210, 106.399281, 
            538.533573, 107.422462, 540.579936, 107.422462, 
            541.603118, 107.422462, 543.649480, 109.468825, 
            545.695843, 112.538369, 548.765388, 114.584732, 
            551.834932, 118.677458, 554.904476, 119.700639, 
            555.927658, 120.723821, 556.950839, 123.793365, 
            560.020384, 126.862910, 561.043565, 128.909273, 
            563.089928, 129.932454, 565.136291, 130.955635, 
            568.205835, 130.955635, 571.275380, 130.955635, 
            574.344924, 130.955635, 577.414468, 130.955635, 
            580.484013, 129.932454, 585.599920, 127.886091, 
            590.715827, 127.886091, 591.739009, 125.839728, 
            594.808553, 123.793365, 600.947642, 121.747002, 
            602.994005, 121.747002, 604.017186, 119.700639, 
            608.109912, 117.654277, 611.179456, 115.607914, 
            614.249001, 113.561551, 615.272182, 110.492006, 
            619.364908, 105.376099, 624.480815, 103.329736, 
            625.503997, 102.306555, 626.527178, 99.237010, 
            629.596723, 94.121103, 632.666267, 91.051559, 
            634.712630, 85.935651, 638.805356, 78.773381, 
            643.921263, 77.750200, 644.944444, 73.657474, 
            648.013989, 69.564748, 651.083533, 64.448841, 
            656.199440, 61.379297, 658.245803, 60.356115, 
            659.268985, 58.309752, 661.315348, 57.286571, 
            662.338529, 55.240208, 664.384892, 50.124301, 
            668.477618, 48.077938, 671.547162, 47.054756, 
            672.570344, 43.985212, 675.639888, 41.938849, 
            677.686251, 40.915667, 677.686251, 38.869305, 
            679.732614, 36.822942, 681.778977, 35.799760, 
            682.802158, 33.753397, 685.871703, 30.683853, 
            687.918066, 28.637490, 689.964428, 26.591127, 
            693.033973, 25.567946, 694.057154, 24.544764, 
            695.080336, 22.498401, 697.126699, 21.475220, 
            698.149880, 19.428857, 699.173062, 17.382494, 
            701.219424, 16.359313, 701.219424, 15.336131, 
            701.219424, 14.312950, 702.242606, 12.266587, 
            703.265787, 11.243405, 703.265787, 10.220224, 
            704.288969, 9.197042, 705.312150, 8.173861, 
            705.312150, 8.173861, 706.335332, 7.150679, 
            707.358513, -1.000000, -1.000000, 549.436851, 
            636.758993, 548.413669, 636.758993, 543.297762, 
            636.758993, 542.274580, 636.758993, 534.089129, 
            635.735811, 533.065947, 635.735811, 528.973221, 
            634.712630, 525.903677, 634.712630, 525.903677, 
            633.689448, 522.834133, 631.643086, 516.695044, 
            630.619904, 513.625500, 629.596723, 510.555955, 
            628.573541, 509.532774, 628.573541, 506.463229, 
            627.550360, 503.393685, 626.527178, 502.370504, 
            626.527178, 497.254596, 625.503997, 496.231415, 
            625.503997, 489.069145, 622.434452, 488.045963, 
            622.434452, 482.930056, 621.411271, 480.883693, 
            620.388090, 477.814149, 619.364908, 476.790967, 
            619.364908, 472.698241, 618.341727, 468.605516, 
            616.295364, 465.535971, 614.249001, 461.443245, 
            613.225819, 458.373701, 612.202638, 457.350520, 
            611.179456, 455.304157, 611.179456, 454.280975, 
            611.179456, 451.211431, 610.156275, 448.141886, 
            608.109912, 444.049161, 606.063549, 440.979616, 
            605.040368, 439.956435, 604.017186, 435.863709, 
            600.947642, 432.794165, 599.924460, 431.770983, 
            598.901279, 431.770983, 597.878098, 428.701439, 
            595.831735, 427.678257, 594.808553, 424.608713, 
            592.762190, 422.562350, 591.739009, 422.562350, 
            590.715827, 420.515987, 588.669464, 419.492806, 
            587.646283, 418.469624, 586.623102, 414.376898, 
            583.553557, 412.330536, 581.507194, 411.307354, 
            580.484013, 409.260991, 578.437650, 408.237810, 
            577.414468, 405.168265, 574.344924, 404.145084, 
            572.298561, 402.098721, 571.275380, 401.075540, 
            569.229017, 400.052358, 568.205835, 399.029177, 
            567.182654, 396.982814, 564.113110, 394.936451, 
            562.066747, 394.936451, 561.043565, 391.866906, 
            557.974021, 390.843725, 555.927658, 390.843725, 
            554.904476, 388.797362, 551.834932, 387.774181, 
            550.811751, 386.750999, 547.742206, 385.727818, 
            544.672662, 384.704636, 543.649480, 383.681455, 
            542.626299, 382.658273, 540.579936, 382.658273, 
            538.533573, 381.635092, 537.510392, 380.611910, 
            535.464029, 379.588729, 533.417666, 377.542366, 
            530.348122, 376.519185, 527.278577, 374.472822, 
            525.232214, 373.449640, 522.162670, 371.403277, 
            519.093125, 370.380096, 518.069944, 368.333733, 
            516.023581, 366.287370, 511.930855, 365.264189, 
            508.861311, 362.194644, 503.745404, 360.148281, 
            501.699041, 359.125100, 501.699041, 358.101918, 
            497.606315, 357.078737, 497.606315, 356.055556, 
            494.536771, 356.055556, 493.513589, 355.032374, 
            493.513589, 355.032374, 490.444045, 354.009193, 
            489.420863, 352.986011, 486.351319, 352.986011, 
            481.235412, 352.986011, 479.189049, 352.986011, 
            477.142686, 352.986011, 474.073141, 352.986011, 
            473.049960, 354.009193, 471.003597, 355.032374, 
            468.957234, 356.055556, 466.910871, 357.078737, 
            462.818145, 358.101918, 462.818145, 359.125100, 
            458.725420, 361.171463, 453.609512, 362.194644, 
            451.563149, 363.217826, 448.493605, 363.217826, 
            446.447242, 364.241007, 445.424061, 364.241007, 
            444.400879, 364.241007, 440.308153, 365.264189, 
            438.261791, 365.264189, 435.192246, 365.264189, 
            434.169065, 365.264189, 430.076339, 365.264189, 
