%YAML:1.0
    mask: !!opencv-matrix
        rows: 864
        cols: 2
        dt: f
        data: [ 327.917219, 556.526490, 325.798013, 
            556.526490, 323.678808, 556.526490, 319.440397, 
            556.526490, 317.321192, 556.526490, 315.201987, 
            556.526490, 313.082781, 556.526490, 310.963576, 
            556.526490, 308.844371, 556.526490, 306.725166, 
            556.526490, 304.605960, 556.526490, 302.486755, 
            558.645695, 300.367550, 558.645695, 298.248344, 
            558.645695, 296.129139, 560.764901, 296.129139, 
            562.884106, 291.890728, 562.884106, 289.771523, 
            565.003311, 285.533113, 567.122517, 281.294702, 
            569.241722, 279.175497, 573.480132, 279.175497, 
            575.599338, 277.056291, 575.599338, 274.937086, 
            579.837748, 274.937086, 581.956954, 272.817881, 
            584.076159, 268.579470, 588.314570, 268.579470, 
            590.433775, 266.460265, 592.552980, 266.460265, 
            594.672185, 264.341060, 596.791391, 264.341060, 
            598.910596, 262.221854, 598.910596, 262.221854, 
            601.029801, 262.221854, 603.149007, 262.221854, 
            605.268212, 262.221854, 607.387417, 260.102649, 
            607.387417, 260.102649, 609.506623, 260.102649, 
            611.625828, 260.102649, 613.745033, 257.983444, 
            615.864238, 255.864238, 617.983444, 255.864238, 
            622.221854, 255.864238, 624.341060, 253.745033, 
            624.341060, 253.745033, 626.460265, 251.625828, 
            628.579470, 251.625828, 630.698675, 249.506623, 
            632.817881, 247.387417, 637.056291, 245.268212, 
            639.175497, 243.149007, 641.294702, 243.149007, 
            643.413907, 241.029801, 645.533113, 238.910596, 
            647.652318, 234.672185, 651.890728, 230.433775, 
            656.129139, 226.195364, 656.129139, 224.076159, 
            660.367550, 221.956954, 660.367550, 215.599338, 
            664.605960, 213.480132, 664.605960, 213.480132, 
            666.725166, 211.360927, 666.725166, 211.360927, 
            668.844371, 211.360927, 670.963576, 209.241722, 
            673.082781, 202.884106, 683.678808, 200.764901, 
            685.798013, 200.764901, 687.917219, 198.645695, 
            690.036424, 196.526490, 690.036424, 196.526490, 
            692.155629, 194.407285, 694.274834, 192.288079, 
            698.513245, 190.168874, 700.632450, 185.930464, 
            704.870861, 183.811258, 706.990066, 183.811258, 
            709.109272, 183.811258, 711.228477, 181.692053, 
            711.228477, 181.692053, 713.347682, 181.692053, 
            715.466887, 181.692053, 719.705298, 484.738411, 
            719.705298, 491.096026, 719.705298, 497.453642, 
            717.586093, 503.811258, 715.466887, 505.930464, 
            713.347682, 508.049669, 713.347682, 508.049669, 
            711.228477, 510.168874, 711.228477, 512.288079, 
            709.109272, 514.407285, 706.990066, 516.526490, 
            706.990066, 520.764901, 704.870861, 522.884106, 
            704.870861, 522.884106, 702.751656, 525.003311, 
            700.632450, 525.003311, 698.513245, 522.884106, 
            696.394040, 520.764901, 696.394040, 520.764901, 
            694.274834, 518.645695, 692.155629, 516.526490, 
            690.036424, 514.407285, 690.036424, 512.288079, 
            687.917219, 510.168874, 685.798013, 510.168874, 
            683.678808, 508.049669, 681.559603, 505.930464, 
            681.559603, 505.930464, 679.440397, 503.811258, 
            679.440397, 501.692053, 679.440397, 499.572848, 
            677.321192, 493.215232, 677.321192, 491.096026, 
            677.321192, 484.738411, 677.321192, 474.142384, 
            677.321192, 469.903974, 677.321192, 465.665563, 
            677.321192, 461.427152, 677.321192, 457.188742, 
            677.321192, 452.950331, 677.321192, 450.831126, 
            677.321192, 446.592715, 677.321192, 444.473510, 
            677.321192, 442.354305, 677.321192, 440.235099, 
            677.321192, 438.115894, 677.321192, 421.162252, 
            677.321192, 416.923841, 677.321192, 408.447020, 
            677.321192, 406.327815, 677.321192, 404.208609, 
            675.201987, 402.089404, 675.201987, 399.970199, 
            673.082781, 399.970199, 670.963576, 397.850993, 
            670.963576, 395.731788, 668.844371, 393.612583, 
            666.725166, 389.374172, 660.367550, 387.254967, 
            658.248344, 385.135762, 658.248344, 385.135762, 
            656.129139, 383.016556, 654.009934, 380.897351, 
            654.009934, 378.778146, 651.890728, 376.658940, 
            649.771523, 376.658940, 647.652318, 374.539735, 
            645.533113, 372.420530, 641.294702, 370.301325, 
            641.294702, 370.301325, 639.175497, 368.182119, 
            637.056291, 368.182119, 634.937086, 366.062914, 
            634.937086, 363.943709, 632.817881, 363.943709, 
            628.579470, 361.824503, 626.460265, 359.705298, 
            624.341060, 359.705298, 620.102649, 359.705298, 
            617.983444, 357.586093, 615.864238, 357.586093, 
            613.745033, 357.586093, 611.625828, 357.586093, 
            609.506623, 357.586093, 607.387417, 357.586093, 
            605.268212, 357.586093, 601.029801, 355.466887, 
            601.029801, 353.347682, 598.910596, 353.347682, 
            596.791391, 353.347682, 594.672185, 353.347682, 
            592.552980, 351.228477, 592.552980, 351.228477, 
            590.433775, 349.109272, 590.433775, 346.990066, 
            586.195364, 342.751656, 581.956954, 342.751656, 
            579.837748, 340.632450, 577.718543, 340.632450, 
            575.599338, 338.513245, 575.599338, 338.513245, 
            573.480132, 336.394040, 571.360927, 334.274834, 
            567.122517, 334.274834, 565.003311, 332.155629, 
            565.003311, 330.036424, 562.884106, -1.000000, 
            -1.000000, 584.341060, 454.804636, 586.460265, 
            454.804636, 590.698675, 450.566225, 597.056291, 
            448.447020, 599.175497, 446.327815, 603.413907, 
            444.208609, 607.652318, 439.970199, 609.771523, 
            439.970199, 611.890728, 437.850993, 622.486755, 
            431.493377, 628.844371, 425.135762, 630.963576, 
            425.135762, 633.082781, 423.016556, 635.201987, 
            420.897351, 637.321192, 418.778146, 639.440397, 
            416.658940, 641.559603, 416.658940, 641.559603, 
            414.539735, 643.678808, 414.539735, 645.798013, 
            412.420530, 645.798013, 410.301325, 647.917219, 
            408.182119, 650.036424, 406.062914, 652.155629, 
            403.943709, 654.274834, 399.705298, 656.394040, 
            395.466887, 658.513245, 395.466887, 658.513245, 
            393.347682, 662.751656, 393.347682, 666.990066, 
            391.228477, 675.466887, 389.109272, 677.586093, 
            389.109272, 686.062914, 384.870861, 690.301325, 
            384.870861, 692.420530, 384.870861, 694.539735, 
            384.870861, 705.135762, 384.870861, 707.254967, 
            386.990066, 715.731788, 389.109272, 717.850993, 
            389.109272, 719.970199, 389.109272, 724.208609, 
            389.109272, 743.281457, 391.228477, 753.877483, 
            391.228477, 758.115894, 391.228477, 762.354305, 
            393.347682, 764.473510, 393.347682, 766.592715, 
            395.466887, 768.711921, 397.586093, 781.427152, 
            406.062914, 785.665563, 408.182119, 787.784768, 
            410.301325, 789.903974, 412.420530, 792.023179, 
            414.539735, 794.142384, 414.539735, 794.142384, 
            416.658940, 796.261589, 416.658940, 798.380795, 
            418.778146, 798.380795, 420.897351, 800.500000, 
            420.897351, 800.500000, 423.016556, 802.619205, 
            423.016556, 802.619205, 425.135762, 804.738411, 
            425.135762, 806.857616, 427.254967, 806.857616, 
