%YAML:1.0
    mask: !!opencv-matrix
        rows: 578
        cols: 2
        dt: f
        data: [ -1.000000, -1.000000, 922.898082, 
            712.474420, 921.874900, 712.474420, 920.851719, 
            712.474420, 916.758993, 712.474420, 912.666267, 
            711.451239, 910.619904, 711.451239, 905.503997, 
            706.335332, 898.341727, 701.219424, 895.272182, 
            700.196243, 893.225819, 698.149880, 891.179456, 
            696.103517, 889.133094, 694.057154, 886.063549, 
            692.010791, 882.994005, 689.964428, 879.924460, 
            686.894884, 877.878098, 685.871703, 874.808553, 
            683.825340, 872.762190, 682.802158, 870.715827, 
            681.778977, 869.692646, 681.778977, 867.646283, 
            680.755795, 863.553557, 678.709432, 860.484013, 
            675.639888, 857.414468, 673.593525, 856.391287, 
            672.570344, 853.321743, 670.523981, 849.229017, 
            668.477618, 846.159472, 666.431255, 843.089928, 
            664.384892, 840.020384, 663.361711, 836.950839, 
            663.361711, 832.858114, 663.361711, 830.811751, 
            663.361711, 828.765388, 663.361711, 825.695843, 
            662.338529, 819.556755, 662.338529, 816.487210, 
            661.315348, 813.417666, 661.315348, 809.324940, 
            661.315348, 808.301759, 661.315348, 804.209033, 
            661.315348, 801.139488, 661.315348, 799.093125, 
            661.315348, 796.023581, 662.338529, 793.977218, 
            663.361711, 791.930855, 665.408074, 790.907674, 
            667.454436, 788.861311, 669.500799, 786.814948, 
            672.570344, 785.791767, 675.639888, 784.768585, 
            678.709432, 782.722222, 680.755795, 782.722222, 
            683.825340, 781.699041, 684.848521, 779.652678, 
            687.918066, 779.652678, 690.987610, 778.629496, 
            693.033973, 777.606315, 695.080336, 777.606315, 
            697.126699, 777.606315, 700.196243, 776.583133, 
            702.242606, 776.583133, 705.312150, 777.606315, 
            707.358513, 779.652678, 708.381695, 780.675859, 
            710.428058, 781.699041, 710.428058, 781.699041, 
            711.451239, 782.722222, 711.451239, 782.722222, 
            712.474420, 782.722222, 713.497602, -1.000000, 
            -1.000000, 966.894884, 345.152278, 966.894884, 
            346.175460, 965.871703, 349.245004, 963.825340, 
            354.360911, 962.802158, 356.407274, 962.802158, 
            358.453637, 960.755795, 362.546363, 958.709432, 
            367.662270, 957.686251, 370.731815, 957.686251, 
            371.754996, 956.663070, 373.801359, 955.639888, 
            377.894085, 955.639888, 381.986811, 953.593525, 
            385.056355, 950.523981, 393.241807, 948.477618, 
            399.380895, 948.477618, 401.427258, 946.431255, 
            406.543165, 944.384892, 409.612710, 942.338529, 
            414.728617, 938.245803, 419.844524, 937.222622, 
            422.914069, 935.176259, 424.960432, 933.129896, 
            428.029976, 931.083533, 430.076339, 928.013989, 
            433.145883, 925.967626, 436.215428, 922.898082, 
            438.261791, 919.828537, 440.308153, 917.782174, 
            443.377698, 916.758993, 443.377698, 913.689448, 
            446.447242, 911.643086, 447.470424, 907.550360, 
            450.539968, 903.457634, 451.563149, 900.388090, 
            452.586331, 899.364908, 452.586331, 896.295364, 
            454.632694, 893.225819, 455.655875, 891.179456, 
            455.655875, 890.156275, 455.655875, 886.063549, 
            457.702238, 882.994005, 457.702238, 878.901279, 
            457.702238, 876.854916, 457.702238, 874.808553, 
            457.702238, 871.739009, 457.702238, 868.669464, 
            458.725420, 866.623102, 458.725420, 865.599920, 
            458.725420, 861.507194, 458.725420, 858.437650, 
            457.702238, 855.368106, 457.702238, 852.298561, 
            457.702238, 851.275380, 456.679057, 849.229017, 
            456.679057, 847.182654, 456.679057, 843.089928, 
            454.632694, 840.020384, 453.609512, 836.950839, 
            453.609512, 833.881295, 451.563149, 830.811751, 
            450.539968, 828.765388, 449.516787, 823.649480, 
            447.470424, 818.533573, 447.470424, 816.487210, 
            446.447242, 813.417666, 445.424061, 810.348122, 
            444.400879, 809.324940, 444.400879, 807.278577, 
            443.377698, 805.232214, 443.377698, 801.139488, 
            441.331335, 799.093125, 439.284972, 797.046763, 
            436.215428, 793.977218, 432.122702, 790.907674, 
            428.029976, 789.884492, 428.029976, 786.814948, 
            423.937250, 783.745404, 420.867706, 781.699041, 
            419.844524, 780.675859, 417.798161, 779.652678, 
            417.798161, 778.629496, 416.774980, 777.606315, 
            415.751799, 774.536771, 414.728617, 772.490408, 
            412.682254, 771.467226, 412.682254, 771.467226, 
            410.635891, 770.444045, 407.566347, 770.444045, 
            403.473621, 770.444045, 399.380895, 770.444045, 
            396.311351, 772.490408, 393.241807, 775.559952, 
            389.149081, 777.606315, 387.102718, 780.675859, 
            384.033173, 782.722222, 381.986811, 785.791767, 
            378.917266, 787.838129, 376.870903, 789.884492, 
            375.847722, 790.907674, 375.847722, 792.954037, 
            373.801359, 795.000400, 372.778177, 798.069944, 
            368.685452, 802.162670, 365.615907, 804.209033, 
            362.546363, 804.209033, 361.523181, 807.278577, 
            357.430456, 809.324940, 354.360911, 810.348122, 
            351.291367, 811.371303, 348.221823, 813.417666, 
            343.105915, 813.417666, 342.082734, 815.464029, 
            336.966827, 817.510392, 334.920464, 820.579936, 
            331.850919, 822.626299, 327.758193, 823.649480, 
            326.735012, 824.672662, 324.688649, 827.742206, 
            322.642286, 830.811751, 319.572742, 833.881295, 
            317.526379, 836.950839, 314.456835, 838.997202, 
            312.410472, 842.066747, 310.364109, 845.136291, 
            309.340927, 847.182654, 307.294564, 850.252198, 
            306.271383, 854.344924, 304.225020, 856.391287, 
            304.225020, 859.460831, 303.201839, 861.507194, 
            302.178657, 862.530376, 302.178657, 863.553557, 
            302.178657, 864.576739, 302.178657, 867.646283, 
            302.178657, 869.692646, 301.155476, 870.715827, 
            300.132294, 871.739009, 300.132294, 873.785372, 
            300.132294, 875.831735, 299.109113, 879.924460, 
            298.085931, 880.947642, 298.085931, 884.017186, 
            297.062750, 885.040368, 297.062750, 886.063549, 
            296.039568, 888.109912, 296.039568, 891.179456, 
            295.016387, 892.202638, 293.993205, 893.225819, 
            293.993205, 894.249001, 292.970024, 895.272182, 
            291.946843, 896.295364, 290.923661, 897.318545, 
            289.900480, -1.000000, -1.000000, 483.953237, 
            217.254596, 484.976419, 217.254596, 485.999600, 
            217.254596, 487.022782, 218.277778, 488.045963, 
            219.300959, 490.092326, 221.347322, 492.138689, 
            222.370504, 495.208233, 223.393685, 496.231415, 
            223.393685, 497.254596, 225.440048, 499.300959, 
            226.463229, 500.324141, 227.486411, 500.324141, 
            229.532774, 502.370504, 229.532774, 503.393685, 
            230.555955, 504.416867, 231.579137, 506.463229, 
            233.625500, 507.486411, 233.625500, 509.532774, 
            235.671863, 510.555955, 236.695044, 512.602318, 
            238.741407, 513.625500, 239.764588, 515.671863, 
            240.787770, 517.718225, 241.810951, 519.764588, 
            243.857314, 521.810951, 244.880496, 522.834133, 
            245.903677, 524.880496, 247.950040, 526.926859, 
            248.973221, 531.019584, 252.042766, 534.089129, 
            253.065947, 536.135492, 255.112310, 537.158673, 
