%YAML:1.0
    mask: !!opencv-matrix
        rows: 347
        cols: 2
        dt: f
        data: [ 335.015464, 716.128866, 340.293814, 
            712.170103, 341.613402, 710.850515, 346.891753, 
            705.572165, 348.211340, 704.252577, 350.850515, 
            702.932990, 352.170103, 702.932990, 353.489691, 
            702.932990, 354.809278, 701.613402, 356.128866, 
            700.293814, 358.768041, 698.974227, 362.726804, 
            697.654639, 365.365979, 697.654639, 370.644330, 
            696.335052, 374.603093, 696.335052, 375.922680, 
            696.335052, 379.881443, 695.015464, 383.840206, 
            693.695876, 386.479381, 693.695876, 387.798969, 
            693.695876, 389.118557, 693.695876, 390.438144, 
            693.695876, 393.077320, 693.695876, 394.396907, 
            693.695876, 397.036082, 693.695876, 398.355670, 
            693.695876, 399.675258, 693.695876, 400.994845, 
            693.695876, 402.314433, 695.015464, 402.314433, 
            696.335052, 402.314433, 698.974227, 402.314433, 
            705.572165, 402.314433, 706.891753, 402.314433, 
            709.530928, 399.675258, 712.170103, 399.675258, 
            713.489691, 398.355670, 716.128866, 397.036082, 
            716.128866, 397.036082, 717.448454, 397.036082, 
            718.768041, -1.000000, -1.000000, -1.000000, 
            -1.000000, 973.695876, 266.149485, 967.097938, 
            266.149485, 963.139175, 268.788660, 955.221649, 
            271.427835, 949.943299, 272.747423, 944.664948, 
            276.706186, 938.067010, 279.345361, 935.427835, 
            280.664948, 934.108247, 283.304124, 930.149485, 
            285.943299, 924.871134, 287.262887, 916.953608, 
            289.902062, 910.355670, 292.541237, 905.077320, 
            293.860825, 901.118557, 296.500000, 895.840206, 
            299.139175, 895.840206, 300.458763, 893.201031, 
            303.097938, 885.283505, 307.056701, 885.283505, 
            308.376289, 882.644330, 308.376289, 878.685567, 
            308.376289, 869.448454, 312.335052, 860.211340, 
            314.974227, 854.932990, 316.293814, 852.293814, 
            316.293814, 848.335052, 318.932990, 845.695876, 
            318.932990, 843.056701, 320.252577, 843.056701, 
            321.572165, 840.417526, 322.891753, 832.500000, 
            326.850515, 829.860825, 329.489691, 823.262887, 
            333.448454, 820.623711, 336.087629, 819.304124, 
            338.726804, 817.984536, 340.046392, 816.664948, 
            341.365979, 816.664948, 342.685567, 815.345361, 
            345.324742, 814.025773, 349.283505, 810.067010, 
            351.922680, 810.067010, 355.881443, 810.067010, 
            361.159794, 810.067010, 362.479381, 808.747423, 
            366.438144, 808.747423, 371.716495, 808.747423, 
            373.036082, 808.747423, 374.355670, 808.747423, 
            376.994845, 808.747423, 383.592784, 808.747423, 
            386.231959, 808.747423, 387.551546, 810.067010, 
            388.871134, 814.025773, 391.510309, 815.345361, 
            392.829897, 816.664948, 392.829897, 817.984536, 
            394.149485, 819.304124, 394.149485, 820.623711, 
            394.149485, 821.943299, 394.149485, 825.902062, 
            391.510309, 828.541237, 387.551546, 829.860825, 
            387.551546, 831.180412, 386.231959, 833.819588, 
            384.912371, 835.139175, 384.912371, 837.778351, 
            383.592784, 839.097938, 383.592784, 843.056701, 
            383.592784, 844.376289, 383.592784, 845.695876, 
            383.592784, 847.015464, 383.592784, 848.335052, 
            383.592784, 850.974227, 387.551546, 852.293814, 
            388.871134, 854.932990, 392.829897, 856.252577, 
            395.469072, 857.572165, 396.788660, 860.211340, 
            398.108247, 861.530928, 399.427835, 864.170103, 
            400.747423, 865.489691, 400.747423, 869.448454, 
            403.386598, 872.087629, 403.386598, 874.726804, 
            404.706186, 877.365979, 404.706186, 878.685567, 
            404.706186, 882.644330, 404.706186, 887.922680, 
            404.706186, 891.881443, 404.706186, 895.840206, 
            404.706186, 903.757732, 404.706186, 909.036082, 
            404.706186, 915.634021, 406.025773, 922.231959, 
            407.345361, 926.190722, 408.664948, 931.469072, 
            409.984536, 935.427835, 411.304124, 940.706186, 
            411.304124, 947.304124, 411.304124, 949.943299, 
            412.623711, 955.221649, 412.623711, 964.458763, 
            412.623711, 965.778351, 412.623711, 972.376289, 
            412.623711, 975.015464, 412.623711, 976.335052, 
            412.623711, 977.654639, 412.623711, 980.293814, 
            411.304124, 982.932990, 409.984536, 984.252577, 
            408.664948, 985.572165, 407.345361, 989.530928, 
            404.706186, 990.850515, 403.386598, 992.170103, 
            403.386598, 992.170103, 402.067010, 996.128866, 
            399.427835, 997.448454, 396.788660, 998.768041, 
            395.469072, 1002.726804, 392.829897, 1005.365979, 
            390.190722, 1005.365979, 387.551546, 1008.005155, 
            384.912371, 1013.283505, 380.953608, 1014.603093, 
            379.634021, 1014.603093, 376.994845, 1017.242268, 
            373.036082, 1019.881443, 369.077320, 1021.201031, 
            366.438144, 1025.159794, 363.798969, 1026.479381, 
            362.479381, 1029.118557, 358.520619, 1030.438144, 
            357.201031, 1031.757732, 354.561856, 1035.716495, 
            351.922680, 1035.716495, 349.283505, 1037.036082, 
            346.644330, 1037.036082, 345.324742, 1037.036082, 
            340.046392, 1037.036082, 336.087629, 1037.036082, 
            332.128866, 1037.036082, 329.489691, 1037.036082, 
            328.170103, 1035.716495, 324.211340, 1034.396907, 
            322.891753, 1033.077320, 318.932990, 1031.757732, 
            316.293814, 1030.438144, 314.974227, 1029.118557, 
            311.015464, 1027.798969, 309.695876, 1023.840206, 
            305.737113, 1004.046392, 287.262887, 996.128866, 
            278.025773, 994.809278, 278.025773, -1.000000, 
            -1.000000, 573.860825, 293.860825, 579.139175, 
            297.819588, 585.737113, 303.097938, 601.572165, 
            314.974227, 608.170103, 322.891753, 614.768041, 
            329.489691, 618.726804, 332.128866, 626.644330, 
            337.407216, 627.963918, 340.046392, 629.283505, 
            341.365979, 629.283505, 342.685567, 633.242268, 
            345.324742, 645.118557, 353.242268, 647.757732, 
            355.881443, 656.994845, 361.159794, 658.314433, 
            361.159794, 663.592784, 363.798969, 668.871134, 
            365.118557, 670.190722, 365.118557, 671.510309, 
            365.118557, 672.829897, 365.118557, 675.469072, 
            365.118557, 688.664948, 367.757732, 693.943299, 
            367.757732, 697.902062, 369.077320, 700.541237, 
            369.077320, 707.139175, 371.716495, 708.458763, 
            373.036082, 709.778351, 373.036082, 712.417526, 
            374.355670, 717.695876, 376.994845, 722.974227, 
            378.314433, 726.932990, 379.634021, 728.252577, 
            379.634021, 729.572165, 379.634021, 730.891753, 
            379.634021, 732.211340, 376.994845, 733.530928, 
            373.036082, 734.850515, 371.716495, 734.850515, 
            367.757732, 736.170103, 366.438144, 737.489691, 
            361.159794, 738.809278, 361.159794, 738.809278, 
            359.840206, 740.128866, 358.520619, 741.448454, 
            357.201031, 742.768041, 357.201031, 745.407216, 
            357.201031, 748.046392, 357.201031, 749.365979, 
            357.201031, 752.005155, 357.201031, 757.283505, 
            363.798969, 761.242268, 370.396907, 762.561856, 
            370.396907, 762.561856, 371.716495, 763.881443, 
            374.355670, 763.881443, 375.675258, 765.201031, 
            375.675258, 766.520619, 375.675258, 769.159794, 
