%YAML:1.0
    mask: !!opencv-matrix
        rows: 949
        cols: 2
        dt: f
        data: [ 1.559603, 638.115894, 3.678808, 
            638.115894, 5.798013, 638.115894, 7.917219, 
            638.115894, 16.394040, 638.115894, 18.513245, 
            640.235099, 33.347682, 640.235099, 39.705298, 
            642.354305, 43.943709, 642.354305, 54.539735, 
            644.473510, 56.658940, 644.473510, 60.897351, 
            644.473510, 73.612583, 644.473510, 77.850993, 
            644.473510, 94.804636, 644.473510, 99.043046, 
            644.473510, 103.281457, 644.473510, 105.400662, 
            644.473510, 109.639073, 644.473510, 111.758278, 
            644.473510, 111.758278, 648.711921, 113.877483, 
            648.711921, 115.996689, 650.831126, 120.235099, 
            652.950331, 124.473510, 655.069536, 126.592715, 
            657.188742, 128.711921, 657.188742, 130.831126, 
            657.188742, 132.950331, 657.188742, 135.069536, 
            657.188742, 143.546358, 657.188742, 145.665563, 
            657.188742, 149.903974, 657.188742, 152.023179, 
            657.188742, 156.261589, 657.188742, 158.380795, 
            657.188742, 158.380795, 659.307947, 160.500000, 
            659.307947, 160.500000, 661.427152, 162.619205, 
            663.546358, 164.738411, 665.665563, 164.738411, 
            667.784768, 164.738411, 669.903974, 166.857616, 
            672.023179, 168.976821, 674.142384, 168.976821, 
            678.380795, 171.096026, 680.500000, 171.096026, 
            682.619205, 171.096026, 684.738411, 171.096026, 
            686.857616, 173.215232, 691.096026, 173.215232, 
            693.215232, 173.215232, 695.334437, 175.334437, 
            697.453642, 175.334437, 699.572848, 175.334437, 
            701.692053, 175.334437, 703.811258, 177.453642, 
            705.930464, 177.453642, 708.049669, 177.453642, 
            710.168874, 177.453642, 712.288079, 175.334437, 
            712.288079, 173.215232, 712.288079, 168.976821, 
            712.288079, 166.857616, 712.288079, 164.738411, 
            712.288079, 162.619205, 712.288079, 158.380795, 
            712.288079, 154.142384, 712.288079, 152.023179, 
            712.288079, 147.784768, 712.288079, 143.546358, 
            712.288079, 139.307947, 712.288079, 135.069536, 
            712.288079, 132.950331, 712.288079, 128.711921, 
            712.288079, 124.473510, 712.288079, 122.354305, 
            712.288079, 118.115894, 712.288079, 115.996689, 
            712.288079, 113.877483, 712.288079, 109.639073, 
            712.288079, 107.519868, 714.407285, 105.400662, 
            714.407285, 103.281457, 716.526490, 101.162252, 
            716.526490, 99.043046, 716.526490, 96.923841, 
            716.526490, 94.804636, 716.526490, 92.685430, 
            716.526490, 90.566225, 716.526490, 86.327815, 
            716.526490, 84.208609, 716.526490, 82.089404, 
            716.526490, 77.850993, 716.526490, 71.493377, 
            716.526490, 69.374172, 716.526490, 63.016556, 
            716.526490, 52.420530, 716.526490, 50.301325, 
            716.526490, 41.824503, 716.526490, 37.586093, 
            716.526490, 35.466887, 716.526490, 33.347682, 
            716.526490, 31.228477, 716.526490, 26.990066, 
            716.526490, 24.870861, 716.526490, 20.632450, 
            716.526490, 14.274834, 716.526490, 3.678808, 
            712.288079, 1.559603, 712.288079, 1.559603, 
            642.354305, 1.559603, 640.235099, -1.000000, 
            -1.000000, 1006.062914, 627.519868, 1001.824503, 
            627.519868, 999.705298, 627.519868, 999.705298, 
            625.400662, 997.586093, 621.162252, 995.466887, 
            619.043046, 991.228477, 614.804636, 989.109272, 
            608.447020, 984.870861, 606.327815, 982.751656, 
            604.208609, 978.513245, 599.970199, 976.394040, 
            595.731788, 974.274834, 595.731788, 972.155629, 
            593.612583, 970.036424, 591.493377, 970.036424, 
            589.374172, 967.917219, 589.374172, 963.678808, 
            587.254967, 959.440397, 583.016556, 955.201987, 
            580.897351, 950.963576, 576.658940, 946.725166, 
            574.539735, 940.367550, 572.420530, 938.248344, 
            568.182119, 934.009934, 568.182119, 927.652318, 
            563.943709, 925.533113, 563.943709, 925.533113, 
            561.824503, 923.413907, 559.705298, 917.056291, 
            555.466887, 908.579470, 549.109272, 906.460265, 
            546.990066, 902.221854, 542.751656, 897.983444, 
            540.632450, 893.745033, 536.394040, 891.625828, 
            536.394040, 889.506623, 532.155629, 887.387417, 
            530.036424, 885.268212, 527.917219, 883.149007, 
            525.798013, 881.029801, 523.678808, 878.910596, 
            521.559603, 876.791391, 519.440397, 876.791391, 
            517.321192, 874.672185, 517.321192, 874.672185, 
            515.201987, 872.552980, 515.201987, 870.433775, 
            513.082781, 868.314570, 510.963576, 866.195364, 
            508.844371, 864.076159, 506.725166, 861.956954, 
            506.725166, 861.956954, 504.605960, 859.837748, 
            502.486755, 857.718543, 502.486755, 855.599338, 
            500.367550, 853.480132, 498.248344, 853.480132, 
            494.009934, 853.480132, 491.890728, 853.480132, 
            489.771523, 853.480132, 487.652318, 853.480132, 
            485.533113, 853.480132, 483.413907, 853.480132, 
            481.294702, 853.480132, 479.175497, 853.480132, 
            477.056291, 855.599338, 477.056291, 857.718543, 
            474.937086, 859.837748, 474.937086, 859.837748, 
            472.817881, 861.956954, 472.817881, 866.195364, 
            472.817881, 868.314570, 472.817881, 872.552980, 
            472.817881, 874.672185, 472.817881, 878.910596, 
            472.817881, 881.029801, 470.698675, 883.149007, 
            470.698675, 885.268212, 470.698675, 887.387417, 
            470.698675, 889.506623, 470.698675, 891.625828, 
            470.698675, 893.745033, 470.698675, 893.745033, 
            472.817881, 895.864238, 472.817881, 897.983444, 
            474.937086, 900.102649, 474.937086, 902.221854, 
            474.937086, 902.221854, 477.056291, 906.460265, 
            479.175497, 910.698675, 481.294702, 912.817881, 
            481.294702, 912.817881, 483.413907, 914.937086, 
            485.533113, 917.056291, 485.533113, 919.175497, 
            485.533113, 919.175497, 487.652318, 921.294702, 
            487.652318, 923.413907, 489.771523, 925.533113, 
            491.890728, 929.771523, 491.890728, 931.890728, 
            494.009934, 934.009934, 494.009934, 936.129139, 
            496.129139, 938.248344, 496.129139, 940.367550, 
            496.129139, 942.486755, 496.129139, 944.605960, 
            496.129139, 946.725166, 496.129139, 948.844371, 
            496.129139, 953.082781, 496.129139, 955.201987, 
            496.129139, 959.440397, 496.129139, 963.678808, 
            496.129139, 970.036424, 494.009934, 972.155629, 
            491.890728, 974.274834, 491.890728, 976.394040, 
            491.890728, 976.394040, 489.771523, 978.513245, 
            485.533113, 980.632450, 485.533113, 982.751656, 
            483.413907, 982.751656, 479.175497, 982.751656, 
            477.056291, 982.751656, 474.937086, 982.751656, 
            470.698675, 982.751656, 468.579470, 982.751656, 
            466.460265, 982.751656, 464.341060, 982.751656, 
            462.221854, 982.751656, 457.983444, 982.751656, 
            455.864238, 982.751656, 453.745033, 980.632450, 
            451.625828, 980.632450, 449.506623, 980.632450, 
            447.387417, 980.632450, 445.268212, 978.513245, 
            443.149007, 978.513245, 441.029801, 978.513245, 
            438.910596, 976.394040, 436.791391, 976.394040, 
            434.672185, 974.274834, 434.672185, 974.274834, 
            432.552980, 974.274834, 430.433775, 974.274834, 
