%YAML:1.0
    mask: !!opencv-matrix
        rows: 376
        cols: 2
        dt: f
        data: [ -1.000000, -1.000000, -1.000000, 
            -1.000000, 676.788660, 384.912371, 671.510309, 
            383.592784, 667.551546, 383.592784, 660.953608, 
            383.592784, 659.634021, 383.592784, 653.036082, 
            383.592784, 650.396907, 383.592784, 647.757732, 
            384.912371, 645.118557, 386.231959, 641.159794, 
            386.231959, 639.840206, 387.551546, 638.520619, 
            387.551546, 637.201031, 387.551546, 634.561856, 
            388.871134, 631.922680, 388.871134, 625.324742, 
            391.510309, 621.365979, 392.829897, 617.407216, 
            394.149485, 614.768041, 394.149485, 610.809278, 
            395.469072, 608.170103, 395.469072, 605.530928, 
            396.788660, 602.891753, 398.108247, 601.572165, 
            398.108247, 600.252577, 399.427835, 597.613402, 
            402.067010, 596.293814, 404.706186, 593.654639, 
            407.345361, 591.015464, 408.664948, 589.695876, 
            411.304124, 588.376289, 412.623711, 587.056701, 
            415.262887, 584.417526, 419.221649, 580.458763, 
            425.819588, 579.139175, 428.458763, 577.819588, 
            429.778351, 575.180412, 432.417526, 573.860825, 
            436.376289, 571.221649, 441.654639, 571.221649, 
            442.974227, 569.902062, 444.293814, 568.582474, 
            448.252577, 567.262887, 449.572165, 567.262887, 
            450.891753, 565.943299, 453.530928, 565.943299, 
            458.809278, 565.943299, 461.448454, 565.943299, 
            462.768041, 565.943299, 465.407216, 568.582474, 
            468.046392, 569.902062, 469.365979, 571.221649, 
            469.365979, 572.541237, 470.685567, 572.541237, 
            472.005155, 573.860825, 473.324742, 575.180412, 
            474.644330, 576.500000, 474.644330, 576.500000, 
            475.963918, 577.819588, 475.963918, 579.139175, 
            475.963918, 580.458763, 475.963918, 581.778351, 
            475.963918, 583.097938, 474.644330, 585.737113, 
            473.324742, 589.695876, 470.685567, 594.974227, 
            465.407216, 596.293814, 465.407216, 597.613402, 
            464.087629, 601.572165, 461.448454, 605.530928, 
            458.809278, 606.850515, 458.809278, 608.170103, 
            457.489691, 610.809278, 457.489691, 618.726804, 
            453.530928, 621.365979, 452.211340, 622.685567, 
            450.891753, 624.005155, 449.572165, 626.644330, 
            448.252577, 629.283505, 446.932990, 635.881443, 
            445.613402, 638.520619, 445.613402, 639.840206, 
            445.613402, 641.159794, 445.613402, 643.798969, 
            445.613402, 649.077320, 449.572165, 650.396907, 
            449.572165, 651.716495, 452.211340, 651.716495, 
            453.530928, 651.716495, 454.850515, 651.716495, 
            456.170103, 646.438144, 458.809278, 637.201031, 
            462.768041, 631.922680, 466.726804, 627.963918, 
            468.046392, 618.726804, 470.685567, 613.448454, 
            472.005155, 610.809278, 472.005155, 609.489691, 
            472.005155, 605.530928, 474.644330, 600.252577, 
            475.963918, 594.974227, 477.283505, 593.654639, 
            477.283505, 592.335052, 478.603093, 588.376289, 
            481.242268, 588.376289, 482.561856, 587.056701, 
            482.561856, 585.737113, 483.881443, 585.737113, 
            485.201031, 585.737113, 486.520619, 585.737113, 
            489.159794, 585.737113, 490.479381, 585.737113, 
            493.118557, 585.737113, 494.438144, 587.056701, 
            494.438144, 587.056701, 495.757732, 588.376289, 
            495.757732, 589.695876, 497.077320, 592.335052, 
            497.077320, 594.974227, 498.396907, 596.293814, 
            498.396907, 597.613402, 498.396907, 600.252577, 
            498.396907, 602.891753, 499.716495, 604.211340, 
            499.716495, 608.170103, 499.716495, 609.489691, 
            499.716495, 614.768041, 502.355670, 616.087629, 
            502.355670, 620.046392, 503.675258, 622.685567, 
            506.314433, 627.963918, 510.273196, 629.283505, 
            510.273196, 630.603093, 511.592784, 634.561856, 
            514.231959, 641.159794, 518.190722, 646.438144, 
            520.829897, 651.716495, 523.469072, 656.994845, 
            524.788660, 658.314433, 526.108247, 659.634021, 
            526.108247, 663.592784, 526.108247, 664.912371, 
            527.427835, 670.190722, 527.427835, 672.829897, 
            527.427835, 678.108247, 527.427835, 693.943299, 
            523.469072, 696.582474, 523.469072, 700.541237, 
            522.149485, 704.500000, 522.149485, 707.139175, 
            520.829897, 708.458763, 520.829897, 715.056701, 
            516.871134, 722.974227, 514.231959, 725.613402, 
            512.912371, 725.613402, 511.592784, 728.252577, 
            510.273196, 730.891753, 507.634021, 732.211340, 
            506.314433, 734.850515, 502.355670, 734.850515, 
            501.036082, 736.170103, 497.077320, 737.489691, 
            497.077320, 737.489691, 494.438144, 738.809278, 
            494.438144, 740.128866, 490.479381, 740.128866, 
            477.283505, 740.128866, 462.768041, 740.128866, 
            461.448454, 741.448454, 456.170103, 742.768041, 
            448.252577, 742.768041, 441.654639, 742.768041, 
            440.335052, 742.768041, 433.737113, 742.768041, 
            429.778351, 742.768041, 428.458763, 741.448454, 
            424.500000, 741.448454, 423.180412, 740.128866, 
            420.541237, 738.809278, 417.902062, 737.489691, 
            413.943299, 734.850515, 411.304124, 732.211340, 
            407.345361, 729.572165, 406.025773, 728.252577, 
            402.067010, -1.000000, -1.000000, 345.572165, 
            424.500000, 340.293814, 424.500000, 337.654639, 
            424.500000, 333.695876, 424.500000, 331.056701, 
            424.500000, 320.500000, 425.819588, 315.221649, 
            428.458763, 309.943299, 428.458763, 305.984536, 
            429.778351, 303.345361, 429.778351, 299.386598, 
            431.097938, 295.427835, 432.417526, 294.108247, 
            433.737113, 292.788660, 435.056701, 290.149485, 
            436.376289, 287.510309, 440.335052, 284.871134, 
            442.974227, 283.551546, 444.293814, 275.634021, 
            449.572165, 274.314433, 450.891753, 270.355670, 
            454.850515, 269.036082, 457.489691, 266.396907, 
            461.448454, 265.077320, 462.768041, 263.757732, 
            464.087629, 262.438144, 465.407216, 262.438144, 
            468.046392, 261.118557, 468.046392, 259.798969, 
            470.685567, 257.159794, 475.963918, 257.159794, 
            478.603093, 257.159794, 479.922680, 255.840206, 
            483.881443, 255.840206, 487.840206, 254.520619, 
            494.438144, 254.520619, 497.077320, 254.520619, 
            498.396907, 254.520619, 501.036082, 254.520619, 
            502.355670, 254.520619, 511.592784, 254.520619, 
            515.551546, 253.201031, 526.108247, 253.201031, 
            528.747423, 253.201031, 530.067010, 253.201031, 
            535.345361, 253.201031, 536.664948, 254.520619, 
            541.943299, 254.520619, 544.582474, 257.159794, 
            551.180412, 257.159794, 552.500000, 258.479381, 
            557.778351, 261.118557, 563.056701, 262.438144, 
            567.015464, 263.757732, 568.335052, 269.036082, 
            572.293814, 269.036082, 573.613402, 271.675258, 
            574.932990, 272.994845, 576.252577, 278.273196, 
            578.891753, 280.912371, 580.211340, 283.551546, 
            580.211340, 286.190722, 581.530928, 287.510309, 
            582.850515, 292.788660, 584.170103, 296.747423, 
            585.489691, 299.386598, 585.489691, 302.025773, 
            586.809278, 307.304124, 588.128866, 308.623711, 
            588.128866, 311.262887, 589.448454, 312.582474, 
            589.448454, 313.902062, 589.448454, 316.541237, 
