%YAML:1.0
    mask: !!opencv-matrix
        rows: 594
        cols: 2
        dt: f
        data: [ 281.294702, 651.890728, 279.175497, 
            651.890728, 277.056291, 654.009934, 274.937086, 
            654.009934, 270.698675, 654.009934, 268.579470, 
            656.129139, 266.460265, 656.129139, 264.341060, 
            656.129139, 262.221854, 656.129139, 260.102649, 
            656.129139, 257.983444, 656.129139, 253.745033, 
            658.248344, 251.625828, 658.248344, 249.506623, 
            658.248344, 247.387417, 658.248344, 243.149007, 
            660.367550, 241.029801, 662.486755, 238.910596, 
            664.605960, 236.791391, 664.605960, 232.552980, 
            666.725166, 230.433775, 668.844371, 230.433775, 
            670.963576, 228.314570, 670.963576, 226.195364, 
            673.082781, 224.076159, 675.201987, 219.837748, 
            679.440397, 219.837748, 681.559603, 217.718543, 
            681.559603, 217.718543, 685.798013, 215.599338, 
            687.917219, 215.599338, 690.036424, 213.480132, 
            692.155629, 211.360927, 694.274834, 209.241722, 
            696.394040, 209.241722, 700.632450, 207.122517, 
            700.632450, 202.884106, 704.870861, 202.884106, 
            706.990066, 200.764901, 706.990066, 200.764901, 
            709.109272, 200.764901, 711.228477, 200.764901, 
            713.347682, 200.764901, 715.466887, 200.764901, 
            717.586093, 202.884106, 717.586093, 205.003311, 
            717.586093, 209.241722, 717.586093, 215.599338, 
            717.586093, 221.956954, 717.586093, 226.195364, 
            717.586093, 230.433775, 717.586093, 236.791391, 
            717.586093, 241.029801, 717.586093, 243.149007, 
            717.586093, 245.268212, 717.586093, 249.506623, 
            717.586093, 270.698675, 717.586093, 277.056291, 
            719.705298, 283.413907, 719.705298, 304.605960, 
            719.705298, 304.605960, 717.586093, 306.725166, 
            717.586093, 306.725166, 715.466887, 306.725166, 
            713.347682, 306.725166, 711.228477, 306.725166, 
            709.109272, 304.605960, 706.990066, 304.605960, 
            704.870861, 304.605960, 702.751656, 302.486755, 
            700.632450, 302.486755, 698.513245, 300.367550, 
            696.394040, 298.248344, 692.155629, 296.129139, 
            690.036424, 294.009934, 687.917219, 291.890728, 
            685.798013, 291.890728, 683.678808, 289.771523, 
            681.559603, 289.771523, 679.440397, 289.771523, 
            677.321192, 287.652318, 673.082781, 287.652318, 
            670.963576, 285.533113, 668.844371, 285.533113, 
            666.725166, 283.413907, 662.486755, 283.413907, 
            660.367550, 281.294702, 658.248344, 279.175497, 
            656.129139, 279.175497, 654.009934, -1.000000, 
            -1.000000, 584.341060, 717.586093, 586.460265, 
            715.466887, 588.579470, 713.347682, 588.579470, 
            711.228477, 590.698675, 709.109272, 592.817881, 
            709.109272, 594.937086, 706.990066, 599.175497, 
            706.990066, 601.294702, 704.870861, 603.413907, 
            704.870861, 605.533113, 704.870861, 607.652318, 
            704.870861, 611.890728, 704.870861, 614.009934, 
            704.870861, 618.248344, 704.870861, 620.367550, 
            706.990066, 624.605960, 709.109272, 626.725166, 
            709.109272, 630.963576, 711.228477, 633.082781, 
            711.228477, 635.201987, 711.228477, 639.440397, 
            713.347682, 639.440397, 715.466887, 641.559603, 
            715.466887, 643.678808, 715.466887, 645.798013, 
            711.228477, 647.917219, 711.228477, 647.917219, 
            709.109272, 650.036424, 709.109272, 650.036424, 
            706.990066, 652.155629, 704.870861, 652.155629, 
            702.751656, 652.155629, 700.632450, 652.155629, 
            698.513245, 652.155629, 696.394040, 652.155629, 
            694.274834, 652.155629, 692.155629, 652.155629, 
            690.036424, 652.155629, 687.917219, 652.155629, 
            685.798013, 652.155629, 683.678808, 652.155629, 
            681.559603, 650.036424, 679.440397, 650.036424, 
            677.321192, 647.917219, 677.321192, 645.798013, 
            677.321192, 643.678808, 675.201987, 641.559603, 
            675.201987, 639.440397, 673.082781, 637.321192, 
            673.082781, 635.201987, 670.963576, 633.082781, 
            668.844371, 633.082781, 666.725166, 633.082781, 
            662.486755, 633.082781, 660.367550, 633.082781, 
            658.248344, 635.201987, 656.129139, 637.321192, 
            654.009934, 639.440397, 651.890728, 647.917219, 
            651.890728, 647.917219, 649.771523, 650.036424, 
            647.652318, 652.155629, 647.652318, 652.155629, 
            645.533113, 654.274834, 643.413907, 656.394040, 
            641.294702, 658.513245, 639.175497, 658.513245, 
            637.056291, 658.513245, 634.937086, 658.513245, 
            632.817881, 658.513245, 630.698675, 660.632450, 
            628.579470, 660.632450, 626.460265, 660.632450, 
            624.341060, 660.632450, 622.221854, 664.870861, 
            615.864238, 664.870861, 613.745033, 666.990066, 
            613.745033, 666.990066, 611.625828, 671.228477, 
            609.506623, 673.347682, 607.387417, 675.466887, 
            607.387417, 675.466887, 605.268212, 679.705298, 
            605.268212, 686.062914, 605.268212, 688.182119, 
            603.149007, 692.420530, 603.149007, 696.658940, 
            603.149007, 698.778146, 603.149007, 703.016556, 
            603.149007, 707.254967, 603.149007, 709.374172, 
            605.268212, 711.493377, 607.387417, 713.612583, 
            609.506623, 715.731788, 611.625828, 717.850993, 
            611.625828, 717.850993, 613.745033, 719.970199, 
            613.745033, 719.970199, 615.864238, 722.089404, 
            615.864238, 724.208609, 617.983444, 724.208609, 
            620.102649, 726.327815, 620.102649, 726.327815, 
            622.221854, 728.447020, 622.221854, 728.447020, 
            624.341060, 730.566225, 624.341060, 734.804636, 
            628.579470, 736.923841, 628.579470, 736.923841, 
            630.698675, 739.043046, 630.698675, 741.162252, 
            634.937086, 743.281457, 634.937086, 743.281457, 
            637.056291, 745.400662, 637.056291, 747.519868, 
            641.294702, 749.639073, 641.294702, 749.639073, 
            645.533113, 751.758278, 645.533113, 751.758278, 
            647.652318, 755.996689, 654.009934, 758.115894, 
            656.129139, 760.235099, 660.367550, 762.354305, 
            660.367550, 764.473510, 664.605960, 766.592715, 
            666.725166, 768.711921, 668.844371, 772.950331, 
            673.082781, 775.069536, 675.201987, 779.307947, 
            677.321192, 781.427152, 679.440397, 785.665563, 
            681.559603, 787.784768, 681.559603, 787.784768, 
            683.678808, 789.903974, 683.678808, 789.903974, 
            685.798013, 792.023179, 685.798013, 794.142384, 
            687.917219, 798.380795, 690.036424, 798.380795, 
            692.155629, 800.500000, 692.155629, 802.619205, 
            696.394040, 804.738411, 696.394040, 804.738411, 
            698.513245, 806.857616, 698.513245, 806.857616, 
            700.632450, 808.976821, 702.751656, 811.096026, 
            704.870861, 811.096026, 706.990066, 811.096026, 
            709.109272, 811.096026, 711.228477, 811.096026, 
            713.347682, 808.976821, 713.347682, 806.857616, 
            713.347682, 804.738411, 713.347682, 802.619205, 
            713.347682, 798.380795, 713.347682, 794.142384, 
            713.347682, 792.023179, 713.347682, 787.784768, 
            713.347682, 781.427152, 713.347682, 779.307947, 
            713.347682, 770.831126, 713.347682, 768.711921, 
            713.347682, 768.711921, 715.466887, 764.473510, 
            715.466887, 760.235099, 715.466887, 753.877483, 
