%YAML:1.0
    mask: !!opencv-matrix
        rows: 209
        cols: 2
        dt: f
        data: [ -1.000000, -1.000000, 700.541237, 
            718.768041, 712.417526, 718.768041, 726.932990, 
            718.768041, 736.170103, 718.768041, 737.489691, 
            718.768041, 742.768041, 718.768041, 745.407216, 
            718.768041, 746.726804, 718.768041, 749.365979, 
            718.768041, 752.005155, 717.448454, 754.644330, 
            717.448454, 755.963918, 717.448454, 757.283505, 
            717.448454, 758.603093, 717.448454, 759.922680, 
            717.448454, 759.922680, 716.128866, 761.242268, 
            716.128866, 761.242268, 714.809278, 762.561856, 
            714.809278, 763.881443, 713.489691, 763.881443, 
            712.170103, 765.201031, 710.850515, 765.201031, 
            709.530928, 765.201031, 708.211340, 763.881443, 
            706.891753, 759.922680, 705.572165, 757.283505, 
            705.572165, 752.005155, 705.572165, 748.046392, 
            705.572165, 742.768041, 705.572165, 736.170103, 
            705.572165, 734.850515, 705.572165, 732.211340, 
            705.572165, 730.891753, 706.891753, 725.613402, 
            709.530928, 720.335052, 712.170103, 713.737113, 
            714.809278, 712.417526, 714.809278, 711.097938, 
            716.128866, 709.778351, 717.448454, -1.000000, 
            -1.000000, 720.335052, 346.644330, 719.015464, 
            354.561856, 717.695876, 362.479381, 715.056701, 
            369.077320, 711.097938, 376.994845, 708.458763, 
            382.273196, 705.819588, 384.912371, 704.500000, 
            388.871134, 703.180412, 392.829897, 701.860825, 
            395.469072, 701.860825, 399.427835, 697.902062, 
            404.706186, 692.623711, 413.943299, 689.984536, 
            417.902062, 688.664948, 420.541237, 683.386598, 
            431.097938, 678.108247, 440.335052, 675.469072, 
            446.932990, 674.149485, 450.891753, 672.829897, 
            456.170103, 672.829897, 457.489691, 671.510309, 
            464.087629, 666.231959, 475.963918, 664.912371, 
            483.881443, 664.912371, 486.520619, 664.912371, 
            489.159794, 664.912371, 491.798969, 663.592784, 
            491.798969, 663.592784, 493.118557, 674.149485, 
            497.077320, 675.469072, 498.396907, 676.788660, 
            498.396907, 682.067010, 498.396907, 691.304124, 
            497.077320, 693.943299, 495.757732, 703.180412, 
            487.840206, 708.458763, 483.881443, 716.376289, 
            481.242268, 726.932990, 477.283505, 734.850515, 
            474.644330, 738.809278, 474.644330, 742.768041, 
            474.644330, 750.685567, 474.644330, 759.922680, 
            477.283505, 762.561856, 477.283505, 763.881443, 
            478.603093, 774.438144, 481.242268, 778.396907, 
            482.561856, 779.716495, 482.561856, 781.036082, 
            482.561856, 783.675258, 482.561856, 786.314433, 
            481.242268, 792.912371, 475.963918, 795.551546, 
            473.324742, 800.829897, 468.046392, 802.149485, 
            465.407216, 804.788660, 462.768041, 806.108247, 
            460.128866, 807.427835, 452.211340, 808.747423, 
            449.572165, 810.067010, 444.293814, 810.067010, 
            442.974227, 810.067010, 436.376289, 810.067010, 
            419.221649, 810.067010, 417.902062, 810.067010, 
            415.262887, 810.067010, 412.623711, 810.067010, 
            404.706186, 808.747423, 396.788660, 806.108247, 
            392.829897, 804.788660, 391.510309, 802.149485, 
            388.871134, 796.871134, 383.592784, 778.396907, 
            370.396907, 769.159794, 362.479381, 762.561856, 
            357.201031, 754.644330, 353.242268, 746.726804, 
            349.283505, 736.170103, 347.963918, 734.850515, 
            346.644330, 732.211340, 346.644330, 730.891753, 
            346.644330, 729.572165, 346.644330, -1.000000, 
            -1.000000, 532.953608, 292.541237, 525.036082, 
            296.500000, 519.757732, 303.097938, 517.118557, 
            305.737113, 517.118557, 307.056701, 515.798969, 
            309.695876, 514.479381, 312.335052, 511.840206, 
            316.293814, 511.840206, 317.613402, 510.520619, 
            320.252577, 509.201031, 322.891753, 509.201031, 
            325.530928, 509.201031, 326.850515, 506.561856, 
            330.809278, 505.242268, 334.768041, 505.242268, 
            336.087629, 505.242268, 347.963918, 511.840206, 
            357.201031, 514.479381, 359.840206, 514.479381, 
            361.159794, 514.479381, 362.479381, 519.757732, 
            366.438144, 527.675258, 373.036082, 532.953608, 
            376.994845, 532.953608, 378.314433, 534.273196, 
            378.314433, 535.592784, 378.314433, 540.871134, 
            378.314433, 543.510309, 378.314433, 550.108247, 
            378.314433, 552.747423, 378.314433, 558.025773, 
            375.675258, 565.943299, 374.355670, 573.860825, 
            371.716495, 577.819588, 370.396907, 580.458763, 
            369.077320, 581.778351, 366.438144, 583.097938, 
            361.159794, 583.097938, 359.840206, 585.737113, 
            353.242268, 588.376289, 349.283505, 589.695876, 
            347.963918, 589.695876, 345.324742, 589.695876, 
            340.046392, 589.695876, 337.407216, 589.695876, 
            334.768041, 589.695876, 332.128866, 588.376289, 
            330.809278, 576.500000, 328.170103, 568.582474, 
            325.530928, 567.262887, 324.211340, 564.623711, 
            324.211340, 563.304124, 324.211340, 556.706186, 
            322.891753, 554.067010, 322.891753, 546.149485, 
            322.891753, 544.829897, 322.891753, 544.829897, 
            321.572165, 544.829897, 320.252577, 544.829897, 
            318.932990, 544.829897, 316.293814, 544.829897, 
            314.974227, 544.829897, 312.335052, 544.829897, 
            309.695876, 546.149485, 307.056701, 547.469072, 
            304.417526, 550.108247, 303.097938, 551.427835, 
            301.778351, 554.067010, 300.458763, 554.067010, 
            299.139175, 555.386598, 297.819588, 560.664948, 
            295.180412, 560.664948, 293.860825, 561.984536, 
            293.860825, 561.984536, 292.541237, 561.984536, 
            291.221649, 559.345361, 289.902062, 555.386598, 
            288.582474, 547.469072, 288.582474, 539.551546, 
            288.582474, 536.912371, 288.582474, 535.592784, 
            288.582474, 534.273196, 288.582474]
