%YAML:1.0
    mask: !!opencv-matrix
        rows: 782
        cols: 2
        dt: f
        data: [ 5.104317, 716.567146, 5.104317, 
            714.520783, 6.127498, 708.381695, 9.197042, 
            700.196243, 11.243405, 694.057154, 12.266587, 
            690.987610, 13.289768, 687.918066, 13.289768, 
            686.894884, 14.312950, 684.848521, 14.312950, 
            680.755795, 14.312950, 678.709432, 14.312950, 
            677.686251, 14.312950, 675.639888, 15.336131, 
            673.593525, 15.336131, 671.547162, 17.382494, 
            669.500799, 20.452038, 667.454436, 22.498401, 
            666.431255, 26.591127, 663.361711, 33.753397, 
            660.292166, 38.869305, 659.268985, 39.892486, 
            658.245803, 42.962030, 657.222622, 43.985212, 
            657.222622, 50.124301, 654.153078, 51.147482, 
            653.129896, 53.193845, 653.129896, 57.286571, 
            652.106715, 62.402478, 649.037170, 65.472022, 
            648.013989, 68.541567, 648.013989, 72.634293, 
            648.013989, 73.657474, 648.013989, 80.819744, 
            645.967626, 81.842926, 645.967626, 83.889289, 
            644.944444, 86.958833, 643.921263, 91.051559, 
            642.898082, 92.074740, 642.898082, 96.167466, 
            640.851719, 97.190647, 640.851719, 100.260192, 
            639.828537, 101.283373, 639.828537, 104.352918, 
            638.805356, 105.376099, 638.805356, 108.445643, 
            638.805356, 111.515188, 638.805356, 115.607914, 
            636.758993, 116.631095, 636.758993, 120.723821, 
            634.712630, 121.747002, 634.712630, 124.816547, 
            633.689448, 126.862910, 632.666267, 129.932454, 
            631.643086, 133.001998, 630.619904, 136.071543, 
            629.596723, 140.164269, 628.573541, 147.326539, 
            626.527178, 151.419265, 624.480815, 157.558353, 
            622.434452, 162.674261, 622.434452, 167.790168, 
            620.388090, 176.998801, 618.341727, 182.114708, 
            617.318545, 190.300160, 614.249001, 198.485612, 
            613.225819, 204.624700, 611.179456, 206.671063, 
            610.156275, 207.694245, 610.156275, 209.740608, 
            610.156275, 214.856515, 609.133094, 217.926059, 
            608.109912, 219.972422, 608.109912, 227.134692, 
            607.086731, 230.204237, 606.063549, 233.273781, 
            606.063549, 235.320144, 606.063549, 238.389688, 
            606.063549, 241.459233, 606.063549, 242.482414, 
            606.063549, 245.551958, 605.040368, 247.598321, 
            605.040368, 251.691047, 605.040368, 253.737410, 
            604.017186, 257.830136, 604.017186, 260.899680, 
            604.017186, 263.969225, 604.017186, 268.061950, 
            602.994005, 269.085132, 602.994005, 274.201039, 
            602.994005, 275.224221, 602.994005, 282.386491, 
            601.970823, 284.432854, 600.947642, 288.525580, 
            599.924460, 294.664668, 599.924460, 300.803757, 
            598.901279, 304.896483, 597.878098, 308.989209, 
            596.854916, 315.128297, 596.854916, 318.197842, 
            596.854916, 323.313749, 596.854916, 328.429656, 
            596.854916, 329.452838, 595.831735, 333.545564, 
            595.831735, 338.661471, 595.831735, 351.962830, 
            594.808553, 360.148281, 594.808553, 362.194644, 
            594.808553, 367.310552, 594.808553, 371.403277, 
            594.808553, 374.472822, 594.808553, 375.496003, 
            595.831735, 379.588729, 596.854916, 380.611910, 
            597.878098, 384.704636, 599.924460, 386.750999, 
            600.947642, 390.843725, 602.994005, 391.866906, 
            604.017186, 404.145084, 610.156275, 404.145084, 
            611.179456, 409.260991, 613.225819, 410.284173, 
            614.249001, 411.307354, 615.272182, 418.469624, 
            620.388090, 424.608713, 623.457634, 430.747802, 
            627.550360, 434.840528, 629.596723, 440.979616, 
            634.712630, 445.072342, 637.782174, 446.095524, 
            638.805356, 450.188249, 641.874900, 452.234612, 
            642.898082, 453.257794, 643.921263, 454.280975, 
            645.967626, 457.350520, 648.013989, 457.350520, 
            649.037170, 460.420064, 651.083533, 463.489608, 
            654.153078, 465.535971, 657.222622, 468.605516, 
            662.338529, 469.628697, 663.361711, 471.675060, 
            667.454436, 472.698241, 670.523981, 473.721423, 
            671.547162, 474.744604, 675.639888, 475.767786, 
            676.663070, 475.767786, 677.686251, 475.767786, 
            679.732614, 476.790967, 681.778977, 477.814149, 
            682.802158, 477.814149, 684.848521, 477.814149, 
            686.894884, 477.814149, 688.941247, 477.814149, 
            689.964428, 477.814149, 692.010791, 475.767786, 
            693.033973, 473.721423, 695.080336, 469.628697, 
            696.103517, 467.582334, 696.103517, 465.535971, 
            696.103517, 461.443245, 696.103517, 457.350520, 
            696.103517, 455.304157, 696.103517, 450.188249, 
            694.057154, 449.165068, 694.057154, 438.933253, 
            692.010791, 437.910072, 692.010791, 431.770983, 
            690.987610, 430.747802, 689.964428, 424.608713, 
            688.941247, 418.469624, 686.894884, 413.353717, 
            686.894884, 411.307354, 685.871703, 406.191447, 
            685.871703, 402.098721, 684.848521, 398.005995, 
            684.848521, 394.936451, 683.825340, 389.820544, 
            682.802158, 387.774181, 681.778977, 383.681455, 
            680.755795, 381.635092, 680.755795, 377.542366, 
            679.732614, 376.519185, 679.732614, 371.403277, 
            679.732614, 370.380096, 679.732614, 366.287370, 
            679.732614, 365.264189, 679.732614, 363.217826, 
            679.732614, 362.194644, 679.732614, 358.101918, 
            679.732614, 355.032374, 679.732614, 352.986011, 
            679.732614, 351.962830, 679.732614, 348.893285, 
            679.732614, 346.846922, 679.732614, 343.777378, 
            679.732614, 342.754197, 679.732614, 337.638289, 
            680.755795, 334.568745, 680.755795, 333.545564, 
            680.755795, 330.476019, 682.802158, 327.406475, 
            683.825340, 324.336930, 684.848521, 320.244205, 
            685.871703, 317.174660, 687.918066, 316.151479, 
            687.918066, 313.081934, 688.941247, 312.058753, 
            688.941247, 310.012390, 690.987610, 308.989209, 
            690.987610, 304.896483, 693.033973, 301.826938, 
            694.057154, 298.757394, 695.080336, 294.664668, 
            696.103517, 291.595124, 696.103517, 288.525580, 
            698.149880, 284.432854, 699.173062, 282.386491, 
            699.173062, 280.340128, 700.196243, 279.316946, 
            701.219424, 276.247402, 702.242606, 274.201039, 
            703.265787, 272.154676, 704.288969, 270.108313, 
            706.335332, 269.085132, 706.335332, 267.038769, 
            709.404876, 267.038769, 710.428058, 267.038769, 
            711.451239, 267.038769, 712.474420, 267.038769, 
            713.497602, -1.000000, -1.000000, -1.000000, 
            -1.000000, 771.467226, 381.986811, 770.444045, 
            381.986811, 768.397682, 381.986811, 766.351319, 
            380.963629, 763.281775, 378.917266, 762.258593, 
            377.894085, 761.235412, 377.894085, 759.189049, 
            375.847722, 757.142686, 374.824540, 755.096323, 
            373.801359, 752.026779, 373.801359, 749.980416, 
            373.801359, 748.957234, 373.801359, 744.864508, 
            373.801359, 743.841327, 373.801359, 735.655875, 
            372.778177, 729.516787, 372.778177, 727.470424, 
            372.778177, 721.331335, 372.778177, 718.261791, 
            374.824540, 715.192246, 374.824540, 713.145883, 
            375.847722, 711.099520, 376.870903, 708.029976, 
            377.894085, 705.983613, 377.894085, 704.960432, 
            377.894085, 702.914069, 378.917266, 699.844524, 
