%YAML:1.0
    mask: !!opencv-matrix
        rows: 620
        cols: 2
        dt: f
        data: [ 305.919664, 457.702238, 304.896483, 
            457.702238, 301.826938, 458.725420, 300.803757, 
            458.725420, 295.687850, 459.748601, 294.664668, 
            460.771783, 285.456035, 463.841327, 282.386491, 
            464.864508, 280.340128, 466.910871, 279.316946, 
            467.934053, 277.270584, 469.980416, 277.270584, 
            471.003597, 275.224221, 473.049960, 274.201039, 
            475.096323, 272.154676, 478.165867, 270.108313, 
            480.212230, 270.108313, 481.235412, 267.038769, 
            487.374500, 266.015588, 488.397682, 263.969225, 
            493.513589, 262.946043, 496.583133, 262.946043, 
            504.768585, 262.946043, 505.791767, 262.946043, 
            512.954037, 262.946043, 515.000400, 262.946043, 
            525.232214, 262.946043, 532.394484, 262.946043, 
            534.440847, 262.946043, 542.626299, 262.946043, 
            548.765388, 262.946043, 550.811751, 263.969225, 
            557.974021, 264.992406, 560.020384, 267.038769, 
            566.159472, 270.108313, 574.344924, 270.108313, 
            577.414468, 273.177858, 583.553557, 276.247402, 
            589.692646, 277.270584, 589.692646, 281.363309, 
            595.831735, 283.409672, 596.854916, 286.479217, 
            600.947642, 288.525580, 602.994005, 297.734213, 
            609.133094, 302.850120, 613.225819, 306.942846, 
            616.295364, 307.966027, 618.341727, 311.035572, 
            619.364908, 312.058753, 620.388090, 322.290568, 
            625.503997, 327.406475, 627.550360, 329.452838, 
            628.573541, 336.615108, 631.643086, 339.684652, 
            632.666267, 346.846922, 635.735811, 352.986011, 
            637.782174, 359.125100, 639.828537, 369.356914, 
            641.874900, 375.496003, 643.921263, 377.542366, 
            643.921263, 387.774181, 645.967626, 396.982814, 
            646.990807, 400.052358, 646.990807, 410.284173, 
            648.013989, 414.376898, 649.037170, 424.608713, 
            650.060352, 433.817346, 651.083533, 439.956435, 
            651.083533, 445.072342, 652.106715, 453.257794, 
            652.106715, 460.420064, 652.106715, 462.466427, 
            652.106715, 469.628697, 652.106715, 472.698241, 
            651.083533, 479.860512, 651.083533, 488.045963, 
            651.083533, 491.115508, 651.083533, 499.300959, 
            651.083533, 508.509592, 651.083533, 510.555955, 
            651.083533, 519.764588, 651.083533, 522.834133, 
            652.106715, 537.158673, 653.129896, 542.274580, 
            653.129896, 545.344125, 653.129896, 551.483213, 
            653.129896, 555.575939, 653.129896, 558.645484, 
            651.083533, 559.668665, 650.060352, 563.761391, 
            646.990807, 563.761391, 644.944444, 564.784572, 
            643.921263, 565.807754, 641.874900, 565.807754, 
            640.851719, 566.830935, 637.782174, 566.830935, 
            635.735811, 567.854117, 635.735811, 567.854117, 
            633.689448, 567.854117, 631.643086, 566.830935, 
            629.596723, 565.807754, 627.550360, 562.738209, 
            625.503997, 561.715028, 625.503997, 557.622302, 
            623.457634, 556.599121, 623.457634, 545.344125, 
            619.364908, 540.228217, 617.318545, 539.205036, 
            617.318545, 534.089129, 615.272182, 527.950040, 
            614.249001, 524.880496, 614.249001, 517.718225, 
            612.202638, 514.648681, 612.202638, 510.555955, 
            611.179456, 506.463229, 610.156275, 503.393685, 
            609.133094, 501.347322, 608.109912, 501.347322, 
            607.086731, 499.300959, 606.063549, 498.277778, 
            604.017186, 498.277778, 598.901279, 498.277778, 
            595.831735, 498.277778, 592.762190, 500.324141, 
            584.576739, 500.324141, 582.530376, 500.324141, 
            581.507194, 502.370504, 579.460831, 503.393685, 
            577.414468, 503.393685, 576.391287, 503.393685, 
            575.368106, 505.440048, 573.321743, 506.463229, 
            571.275380, 507.486411, 569.229017, 508.509592, 
            566.159472, 508.509592, 563.089928, 509.532774, 
            561.043565, 509.532774, 560.020384, -1.000000, 
            -1.000000, 852.298561, 595.831735, 850.252198, 
            596.854916, 847.182654, 599.924460, 847.182654, 
            600.947642, 842.066747, 602.994005, 841.043565, 
            604.017186, 833.881295, 607.086731, 830.811751, 
            608.109912, 818.533573, 609.133094, 815.464029, 
            609.133094, 809.324940, 610.156275, 799.093125, 
            611.179456, 793.977218, 612.202638, 792.954037, 
            612.202638, 785.791767, 613.225819, 783.745404, 
            613.225819, 779.652678, 614.249001, 778.629496, 
            614.249001, 771.467226, 615.272182, 769.420863, 
            615.272182, 763.281775, 615.272182, 761.235412, 
            615.272182, 751.003597, 615.272182, 748.957234, 
            615.272182, 742.818145, 615.272182, 735.655875, 
            615.272182, 729.516787, 616.295364, 723.377698, 
            616.295364, 717.238609, 616.295364, 712.122702, 
            616.295364, 711.099520, 616.295364, 708.029976, 
            616.295364, 705.983613, 616.295364, 700.867706, 
            615.272182, 699.844524, 615.272182, 694.728617, 
            614.249001, 693.705436, 614.249001, 687.566347, 
            612.202638, 681.427258, 610.156275, 674.264988, 
            608.109912, 671.195444, 607.086731, 656.870903, 
            601.970823, 653.801359, 599.924460, 645.615907, 
            597.878098, 643.569544, 596.854916, 638.453637, 
            594.808553, 635.384093, 594.808553, 631.291367, 
            591.739009, 624.129097, 589.692646, 615.943645, 
            585.599920, 608.781375, 582.530376, 603.665468, 
            580.484013, 600.595923, 580.484013, 595.480016, 
            578.437650, 592.410472, 578.437650, 587.294564, 
            575.368106, 576.039568, 572.298561, 570.923661, 
            570.252198, 569.900480, 570.252198, 562.738209, 
            567.182654, 561.715028, 566.159472, 553.529576, 
            561.043565, 549.436851, 557.974021, 536.135492, 
            550.811751, 533.065947, 549.788569, 527.950040, 
            547.742206, 518.741407, 543.649480, 507.486411, 
            539.556755, 504.416867, 538.533573, 497.254596, 
            536.487210, 492.138689, 534.440847, 491.115508, 
            533.417666, 485.999600, 530.348122, 482.930056, 
            529.324940, 476.790967, 526.255396, 474.744604, 
            526.255396, 468.605516, 523.185851, 463.489608, 
            520.116307, 458.373701, 519.093125, 457.350520, 
            517.046763, 452.234612, 515.000400, 446.095524, 
            512.954037, 438.933253, 508.861311, 437.910072, 
            508.861311, 433.817346, 506.814948, 427.678257, 
            502.722222, 417.446443, 497.606315, 415.400080, 
            496.583133, 409.260991, 493.513589, 401.075540, 
            490.444045, 392.890088, 487.374500, 385.727818, 
            484.304956, 383.681455, 484.304956, 379.588729, 
            481.235412, 378.565548, 480.212230, 373.449640, 
            478.165867, 372.426459, 478.165867, 368.333733, 
            475.096323, 366.287370, 475.096323, 362.194644, 
            473.049960, 359.125100, 472.026779, 357.078737, 
            471.003597, 356.055556, 469.980416, 348.893285, 
            465.887690, 345.823741, 463.841327, 343.777378, 
            461.794964, 338.661471, 456.679057, 335.591926, 
            454.632694, 329.452838, 448.493605, 327.406475, 
            447.470424, 327.406475, 446.447242, 324.336930, 
            444.400879, 321.267386, 442.354516, 319.221023, 
            439.284972, 316.151479, 436.215428, 316.151479, 
            433.145883, 316.151479, 427.006795, 317.174660, 
            421.890887, 318.197842, 420.867706, 321.267386, 
