%YAML:1.0
    mask: !!opencv-matrix
        rows: 629
        cols: 2
        dt: f
        data: [ 7.150679, 716.567146, 8.173861, 
            715.543965, 9.197042, 711.451239, 9.197042, 
            708.381695, 10.220224, 706.335332, 10.220224, 
            704.288969, 10.220224, 703.265787, 11.243405, 
            700.196243, 11.243405, 699.173062, 11.243405, 
            697.126699, 12.266587, 696.103517, 12.266587, 
            694.057154, 13.289768, 692.010791, 13.289768, 
            687.918066, 14.312950, 684.848521, 15.336131, 
            680.755795, 17.382494, 676.663070, 17.382494, 
            675.639888, 19.428857, 667.454436, 21.475220, 
            662.338529, 22.498401, 656.199440, 23.521583, 
            652.106715, 24.544764, 650.060352, 25.567946, 
            648.013989, 27.614309, 644.944444, 28.637490, 
            643.921263, 29.660671, 642.898082, 31.707034, 
            639.828537, 35.799760, 635.735811, 40.915667, 
            630.619904, 43.985212, 626.527178, 49.101119, 
            621.411271, 51.147482, 618.341727, 52.170663, 
            618.341727, 53.193845, 616.295364, 55.240208, 
            615.272182, 56.263389, 614.249001, 57.286571, 
            613.225819, 60.356115, 610.156275, 64.448841, 
            608.109912, 67.518385, 606.063549, 72.634293, 
            602.994005, 75.703837, 600.947642, 77.750200, 
            599.924460, 80.819744, 598.901279, 89.005196, 
            595.831735, 92.074740, 594.808553, 92.074740, 
            593.785372, 96.167466, 592.762190, 99.237010, 
            591.739009, 105.376099, 589.692646, 106.399281, 
            588.669464, 112.538369, 587.646283, 119.700639, 
            586.623102, 126.862910, 583.553557, 133.001998, 
            582.530376, 137.094724, 580.484013, 146.303357, 
            579.460831, 151.419265, 579.460831, 153.465627, 
            578.437650, 158.581535, 577.414468, 166.766986, 
            576.391287, 172.906075, 576.391287, 179.045164, 
            575.368106, 183.137890, 575.368106, 185.184253, 
            574.344924, 189.276978, 574.344924, 194.392886, 
            573.321743, 199.508793, 572.298561, 201.555156, 
            572.298561, 202.578337, 572.298561, 208.717426, 
            571.275380, 213.833333, 571.275380, 217.926059, 
            570.252198, 220.995604, 570.252198, 226.111511, 
            570.252198, 231.227418, 569.229017, 236.343325, 
            568.205835, 238.389688, 568.205835, 242.482414, 
            568.205835, 245.551958, 567.182654, 250.667866, 
            566.159472, 252.714229, 566.159472, 255.783773, 
            566.159472, 258.853317, 566.159472, 260.899680, 
            566.159472, 261.922862, 566.159472, 264.992406, 
            567.182654, 267.038769, 568.205835, 270.108313, 
            570.252198, 271.131495, 570.252198, 278.293765, 
            574.344924, 283.409672, 578.437650, 286.479217, 
            580.484013, 290.571942, 585.599920, 294.664668, 
            587.646283, 295.687850, 588.669464, 298.757394, 
            592.762190, 300.803757, 594.808553, 304.896483, 
            598.901279, 305.919664, 599.924460, 308.989209, 
            602.994005, 310.012390, 604.017186, 313.081934, 
            607.086731, 315.128297, 608.109912, 316.151479, 
            609.133094, 318.197842, 612.202638, 321.267386, 
            615.272182, 324.336930, 618.341727, 325.360112, 
            621.411271, 327.406475, 624.480815, 329.452838, 
            627.550360, 329.452838, 628.573541, 332.522382, 
            632.666267, 333.545564, 634.712630, 334.568745, 
            636.758993, 335.591926, 639.828537, 336.615108, 
            640.851719, 336.615108, 641.874900, 336.615108, 
            642.898082, 336.615108, 643.921263, 335.591926, 
            645.967626, 335.591926, 646.990807, 333.545564, 
            649.037170, 331.499201, 650.060352, 330.476019, 
            653.129896, 329.452838, 654.153078, 328.429656, 
            655.176259, 328.429656, 657.222622, 328.429656, 
            659.268985, 330.476019, 661.315348, 331.499201, 
            663.361711, 332.522382, 665.408074, 332.522382, 
            666.431255, 334.568745, 669.500799, 335.591926, 
            671.547162, 335.591926, 674.616707, 335.591926, 
            677.686251, 335.591926, 679.732614, 335.591926, 
            680.755795, 335.591926, 683.825340, 335.591926, 
            686.894884, 333.545564, 690.987610, 330.476019, 
            694.057154, 328.429656, 696.103517, 324.336930, 
            699.173062, 323.313749, 701.219424, 321.267386, 
            702.242606, 318.197842, 703.265787, 316.151479, 
            704.288969, 315.128297, 705.312150, 313.081934, 
            706.335332, 312.058753, 706.335332, 308.989209, 
            707.358513, 307.966027, 708.381695, 306.942846, 
            710.428058, 304.896483, 711.451239, 302.850120, 
            712.474420, 302.850120, 713.497602, 301.826938, 
            713.497602, 301.826938, 714.520783, -1.000000, 
            -1.000000, 879.924460, 713.497602, 880.947642, 
            713.497602, 880.947642, 712.474420, 880.947642, 
            711.451239, 881.970823, 709.404876, 881.970823, 
            708.381695, 881.970823, 705.312150, 881.970823, 
            703.265787, 881.970823, 702.242606, 880.947642, 
            699.173062, 880.947642, 698.149880, 878.901279, 
            696.103517, 877.878098, 694.057154, 877.878098, 
            693.033973, 875.831735, 690.987610, 873.785372, 
            689.964428, 870.715827, 687.918066, 868.669464, 
            686.894884, 865.599920, 684.848521, 862.530376, 
            681.778977, 859.460831, 678.709432, 855.368106, 
            674.616707, 854.344924, 672.570344, 854.344924, 
            670.523981, 852.298561, 668.477618, 851.275380, 
            667.454436, 850.252198, 664.384892, 847.182654, 
            659.268985, 844.113110, 655.176259, 844.113110, 
            653.129896, 842.066747, 650.060352, 841.043565, 
            646.990807, 840.020384, 644.944444, 837.974021, 
            640.851719, 836.950839, 639.828537, 835.927658, 
            635.735811, 835.927658, 634.712630, 834.904476, 
            633.689448, 833.881295, 631.643086, 833.881295, 
            630.619904, 831.834932, 628.573541, 831.834932, 
            627.550360, 830.811751, 625.503997, 829.788569, 
            623.457634, 827.742206, 621.411271, 825.695843, 
            617.318545, 823.649480, 616.295364, 823.649480, 
            615.272182, 822.626299, 614.249001, 820.579936, 
            613.225819, 817.510392, 612.202638, 811.371303, 
            611.179456, 807.278577, 611.179456, 802.162670, 
            611.179456, 801.139488, 611.179456, 799.093125, 
            611.179456, 798.069944, 611.179456, 795.000400, 
            611.179456, 793.977218, 611.179456, 791.930855, 
            611.179456, 790.907674, 611.179456, 787.838129, 
            611.179456, 785.791767, 611.179456, 784.768585, 
            610.156275, 781.699041, 606.063549, 778.629496, 
            602.994005, 778.629496, 600.947642, 776.583133, 
            595.831735, 775.559952, 589.692646, 775.559952, 
            587.646283, 775.559952, 583.553557, 775.559952, 
            581.507194, 775.559952, 574.344924, 775.559952, 
            571.275380, 775.559952, 569.229017, 775.559952, 
            565.136291, 775.559952, 560.020384, 774.536771, 
            556.950839, 774.536771, 553.881295, 774.536771, 
            549.788569, 774.536771, 544.672662, 774.536771, 
            541.603118, 774.536771, 538.533573, 774.536771, 
            537.510392, 774.536771, 536.487210, 774.536771, 
            535.464029, 774.536771, 533.417666, 774.536771, 
            532.394484, 775.559952, 530.348122, 776.583133, 
            528.301759, 777.606315, 527.278577, 778.629496, 
            525.232214, 778.629496, 524.209033, 780.675859, 
            523.185851, 781.699041, 522.162670, 783.745404, 
            521.139488, 785.791767, 519.093125, 785.791767, 
