%YAML:1.0
    mask: !!opencv-matrix
        rows: 175
        cols: 2
        dt: f
        data: [ 52.623711, 716.128866, 55.262887, 
            716.128866, 59.221649, 716.128866, 75.056701, 
            716.128866, 82.974227, 718.768041, 85.613402, 
            718.768041, 108.046392, 702.932990, 126.520619, 
            692.376289, 146.314433, 683.139175, 154.231959, 
            680.500000, 159.510309, 677.860825, 166.108247, 
            673.902062, 170.067010, 671.262887, 172.706186, 
            676.541237, 172.706186, 677.860825, 176.664948, 
            681.819588, 184.582474, 681.819588, 195.139175, 
            679.180412, 207.015464, 665.984536, 217.572165, 
            654.108247, 220.211340, 652.788660, 221.530928, 
            652.788660, 222.850515, 652.788660, 224.170103, 
            652.788660, 225.489691, 652.788660, 226.809278, 
            654.108247, 228.128866, 655.427835, 229.448454, 
            663.345361, 229.448454, 675.221649, 229.448454, 
            685.778351, 229.448454, 697.654639, 229.448454, 
            701.613402, 229.448454, 713.489691, 229.448454, 
            714.809278, 237.365979, 705.572165, 262.438144, 
            688.417526, 272.994845, 687.097938, 272.994845, 
            687.097938, 276.953608, 687.097938, 279.592784, 
            692.376289, 280.912371, 706.891753, 280.912371, 
            712.170103, 280.912371, 713.489691, 280.912371, 
            716.128866, -1.000000, -1.000000, 839.097938, 
            472.005155, 837.778351, 472.005155, 810.067010, 
            465.407216, 806.108247, 462.768041, 788.953608, 
            453.530928, 771.798969, 446.932990, 770.479381, 
            444.293814, 762.561856, 441.654639, 741.448454, 
            435.056701, 737.489691, 432.417526, 713.737113, 
            417.902062, 712.417526, 415.262887, 684.706186, 
            399.427835, 680.747423, 398.108247, 670.190722, 
            396.788660, 668.871134, 396.788660, 666.231959, 
            396.788660, 655.675258, 392.829897, 639.840206, 
            388.871134, 637.201031, 387.551546, 622.685567, 
            386.231959, 596.293814, 384.912371, 593.654639, 
            384.912371, 577.819588, 384.912371, 576.500000, 
            384.912371, 567.262887, 383.592784, 563.304124, 
            383.592784, 546.149485, 375.675258, 544.829897, 
            370.396907, 544.829897, 362.479381, 544.829897, 
            361.159794, 543.510309, 342.685567, 546.149485, 
            337.407216, 550.108247, 336.087629, 556.706186, 
            336.087629, 561.984536, 336.087629, 594.974227, 
            337.407216, 597.613402, 337.407216, 608.170103, 
            337.407216, 627.963918, 332.128866, 655.675258, 
            330.809278, 655.675258, 328.170103, 658.314433, 
            325.530928, 670.190722, 318.932990, 680.747423, 
            316.293814, 682.067010, 314.974227, 686.025773, 
            312.335052, 691.304124, 300.458763, 696.582474, 
            295.180412, 699.221649, 288.582474, 696.582474, 
            283.304124, 691.304124, 281.984536, 684.706186, 
            281.984536, 668.871134, 287.262887, 659.634021, 
            287.262887, 658.314433, 287.262887, 663.592784, 
            275.386598, 663.592784, 272.747423, 649.077320, 
            272.747423, 643.798969, 272.747423, 634.561856, 
            271.427835, 634.561856, 268.788660, 631.922680, 
            264.829897, 606.850515, 263.510309, 605.530928, 
            263.510309, 604.211340, 263.510309, 601.572165, 
            262.190722, 593.654639, 255.592784, 593.654639, 
            254.273196, 593.654639, 251.634021, 587.056701, 
            239.757732, 585.737113, 233.159794, 587.056701, 
            233.159794, 588.376289, 233.159794, 589.695876, 
            233.159794, 591.015464, 231.840206, 596.293814, 
            227.881443, 601.572165, 223.922680, 609.489691, 
            218.644330, 621.365979, 213.365979, 629.283505, 
            209.407216, 639.840206, 208.087629, 656.994845, 
            206.768041, 668.871134, 206.768041, 684.706186, 
            206.768041, 719.015464, 214.685567, 721.654639, 
            214.685567, 729.572165, 214.685567, 767.840206, 
            229.201031, 781.036082, 234.479381, 791.592784, 
            241.077320, 794.231959, 242.396907, 812.706186, 
            260.871134, 827.221649, 283.304124, 853.613402, 
            303.097938, 853.613402, 304.417526, 853.613402, 
            307.056701, 862.850515, 321.572165, 898.479381, 
            349.283505, 918.273196, 362.479381, 927.510309, 
            375.675258, 940.706186, 390.190722, 944.664948, 
            399.427835, 945.984536, 399.427835, 945.984536, 
            400.747423, 947.304124, 402.067010, 951.262887, 
            407.345361, 953.902062, 411.304124, 955.221649, 
            416.582474, 956.541237, 417.902062, -1.000000, 
            -1.000000, 728.252577, 216.005155, 732.211340, 
            216.005155, 757.283505, 223.922680, 759.922680, 
            225.242268, 771.798969, 231.840206, 774.438144, 
            233.159794, 786.314433, 239.757732, 798.190722, 
            247.675258, 802.149485, 250.314433, 808.747423, 
            254.273196, 816.664948, 259.551546, 817.984536, 
            262.190722, 808.747423, 235.798969, 808.747423, 
            233.159794, 802.149485, 223.922680, 770.479381, 
            208.087629, 767.840206, 206.768041, 762.561856, 
            204.128866, -1.000000, -1.000000]
