%YAML:1.0
    mask: !!opencv-matrix
        rows: 716
        cols: 2
        dt: f
        data: [ -1.000000, -1.000000, -1.000000, 
            -1.000000, 391.493377, 263.016556, 389.374172, 
            260.897351, 387.254967, 263.016556, 387.254967, 
            265.135762, 385.135762, 267.254967, 385.135762, 
            269.374172, 385.135762, 271.493377, 385.135762, 
            273.612583, 383.016556, 275.731788, 383.016556, 
            277.850993, 383.016556, 279.970199, 383.016556, 
            282.089404, 383.016556, 284.208609, 383.016556, 
            286.327815, 383.016556, 288.447020, 383.016556, 
            290.566225, 380.897351, 292.685430, 380.897351, 
            294.804636, 380.897351, 296.923841, 380.897351, 
            299.043046, 380.897351, 303.281457, 380.897351, 
            305.400662, 380.897351, 307.519868, 380.897351, 
            309.639073, 380.897351, 311.758278, 380.897351, 
            313.877483, 380.897351, 315.996689, 380.897351, 
            318.115894, 380.897351, 320.235099, 378.778146, 
            322.354305, 378.778146, 324.473510, 376.658940, 
            326.592715, 374.539735, 328.711921, 372.420530, 
            330.831126, 370.301325, 330.831126, 370.301325, 
            335.069536, 368.182119, 335.069536, 368.182119, 
            337.188742, 366.062914, 337.188742, 366.062914, 
            341.427152, 368.182119, 343.546358, 368.182119, 
            345.665563, 370.301325, 347.784768, 372.420530, 
            349.903974, 372.420530, 352.023179, 374.539735, 
            354.142384, 374.539735, 356.261589, 376.658940, 
            358.380795, 378.778146, 360.500000, 378.778146, 
            362.619205, 378.778146, 364.738411, 378.778146, 
            366.857616, 378.778146, 368.976821, 378.778146, 
            371.096026, 380.897351, 371.096026, 380.897351, 
            373.215232, 380.897351, 375.334437, 383.016556, 
            375.334437, 383.016556, 377.453642, 383.016556, 
            379.572848, 385.135762, 381.692053, 387.254967, 
            385.930464, 387.254967, 388.049669, 389.374172, 
            392.288079, 391.493377, 392.288079, 391.493377, 
            394.407285, 391.493377, 396.526490, 393.612583, 
            398.645695, 395.731788, 400.764901, 397.850993, 
            402.884106, 397.850993, 405.003311, 399.970199, 
            407.122517, 399.970199, 409.241722, 402.089404, 
            409.241722, 402.089404, 411.360927, 402.089404, 
            413.480132, 404.208609, 415.599338, 406.327815, 
            417.718543, 406.327815, 419.837748, 408.447020, 
            421.956954, 408.447020, 424.076159, 408.447020, 
            426.195364, 408.447020, 428.314570, 408.447020, 
            430.433775, 408.447020, 432.552980, 408.447020, 
            434.672185, 408.447020, 436.791391, 408.447020, 
            438.910596, 408.447020, 441.029801, 408.447020, 
            443.149007, 408.447020, 445.268212, 408.447020, 
            447.387417, 408.447020, 449.506623, 410.566225, 
            451.625828, 410.566225, 453.745033, 410.566225, 
            455.864238, 410.566225, 460.102649, 412.685430, 
            462.221854, 412.685430, 464.341060, 412.685430, 
            466.460265, 412.685430, 468.579470, 412.685430, 
            472.817881, 412.685430, 474.937086, 412.685430, 
            477.056291, 412.685430, 479.175497, 412.685430, 
            481.294702, 412.685430, 483.413907, 414.804636, 
            485.533113, 414.804636, 487.652318, 414.804636, 
            489.771523, 414.804636, 491.890728, 416.923841, 
            491.890728, 416.923841, 494.009934, 419.043046, 
            494.009934, 421.162252, 494.009934, 421.162252, 
            496.129139, 423.281457, 496.129139, 425.400662, 
            496.129139, 427.519868, 496.129139, 429.639073, 
            496.129139, 431.758278, 496.129139, 433.877483, 
            496.129139, 433.877483, 494.009934, 435.996689, 
            494.009934, 438.115894, 491.890728, 438.115894, 
            487.652318, 440.235099, 483.413907, 440.235099, 
            481.294702, 440.235099, 479.175497, 440.235099, 
            477.056291, 440.235099, 474.937086, 440.235099, 
            472.817881, 440.235099, 470.698675, 440.235099, 
            468.579470, 442.354305, 466.460265, 442.354305, 
            462.221854, 444.473510, 460.102649, 444.473510, 
            457.983444, 444.473510, 455.864238, 444.473510, 
            453.745033, 446.592715, 451.625828, 446.592715, 
            449.506623, 448.711921, 449.506623, 450.831126, 
            445.268212, 452.950331, 443.149007, 455.069536, 
            441.029801, 457.188742, 438.910596, 461.427152, 
            438.910596, 463.546358, 436.791391, 465.665563, 
            436.791391, 467.784768, 434.672185, 469.903974, 
            434.672185, 474.142384, 432.552980, 476.261589, 
            432.552980, 478.380795, 432.552980, 480.500000, 
            432.552980, 482.619205, 432.552980, 486.857616, 
            432.552980, 488.976821, 432.552980, 491.096026, 
            432.552980, 493.215232, 432.552980, 497.453642, 
            432.552980, 499.572848, 432.552980, 501.692053, 
            432.552980, 503.811258, 432.552980, 510.168874, 
            432.552980, 516.526490, 432.552980, 520.764901, 
            432.552980, 527.122517, 432.552980, 533.480132, 
            432.552980, 535.599338, 432.552980, 537.718543, 
            432.552980, 539.837748, 432.552980, 541.956954, 
            432.552980, 544.076159, 432.552980, 546.195364, 
            432.552980, 546.195364, 430.433775, 548.314570, 
            430.433775, 550.433775, 428.314570, 554.672185, 
            426.195364, 556.791391, 424.076159, 561.029801, 
            421.956954, 561.029801, 419.837748, 561.029801, 
            417.718543, 563.149007, 415.599338, 563.149007, 
            413.480132, 563.149007, 411.360927, 563.149007, 
            409.241722, 563.149007, 407.122517, 563.149007, 
            405.003311, 561.029801, 405.003311, 561.029801, 
            402.884106, 558.910596, 402.884106, 558.910596, 
            400.764901, 558.910596, 396.526490, 556.791391, 
            394.407285, 556.791391, 392.288079, 554.672185, 
            388.049669, 552.552980, 385.930464, 552.552980, 
            383.811258, 552.552980, 381.692053, 552.552980, 
            379.572848, 552.552980, 377.453642, 552.552980, 
            375.334437, 552.552980, 373.215232, 552.552980, 
            371.096026, 552.552980, 368.976821, 552.552980, 
            366.857616, 552.552980, 364.738411, 552.552980, 
            362.619205, 552.552980, 360.500000, 552.552980, 
            358.380795, 552.552980, 356.261589, 552.552980, 
            352.023179, 552.552980, 349.903974, 552.552980, 
            347.784768, 552.552980, 345.665563, 552.552980, 
            343.546358, 552.552980, 341.427152, 552.552980, 
            339.307947, 552.552980, 335.069536, 552.552980, 
            332.950331, 552.552980, 330.831126, 552.552980, 
            328.711921, 550.433775, 326.592715, 550.433775, 
            324.473510, 550.433775, 322.354305, 548.314570, 
            320.235099, 548.314570, 318.115894, 546.195364, 
            315.996689, 546.195364, 313.877483, 544.076159, 
            313.877483, 544.076159, 311.758278, 541.956954, 
            309.639073, 541.956954, 307.519868, 539.837748, 
            305.400662, 537.718543, 301.162252, 535.599338, 
            299.043046, 535.599338, 296.923841, 533.480132, 
            294.804636, 531.360927, 292.685430, 529.241722, 
            290.566225, 529.241722, 288.447020, 527.122517, 
            286.327815, 527.122517, 284.208609, 525.003311, 
            284.208609, 522.884106, 282.089404, 522.884106, 
            279.970199, 520.764901, 277.850993, 520.764901, 
            275.731788, 518.645695, 273.612583, 518.645695, 
            271.493377, 516.526490, 269.374172, 514.407285, 
            269.374172, 514.407285, 267.254967, 514.407285, 
