%YAML:1.0
    mask: !!opencv-matrix
        rows: 450
        cols: 2
        dt: f
        data: [ 44.706186, 718.768041, 49.984536, 
            710.850515, 53.943299, 706.891753, 59.221649, 
            702.932990, 63.180412, 697.654639, 64.500000, 
            696.335052, 68.458763, 692.376289, 69.778351, 
            689.737113, 69.778351, 688.417526, 72.417526, 
            687.097938, 75.056701, 684.458763, 76.376289, 
            681.819588, 77.695876, 679.180412, 79.015464, 
            677.860825, 81.654639, 675.221649, 84.293814, 
            675.221649, 84.293814, 673.902062, 88.252577, 
            672.582474, 90.891753, 671.262887, 93.530928, 
            671.262887, 96.170103, 669.943299, 97.489691, 
            669.943299, 100.128866, 669.943299, 106.726804, 
            669.943299, 110.685567, 669.943299, 113.324742, 
            669.943299, 117.283505, 669.943299, 119.922680, 
            669.943299, 125.201031, 671.262887, 127.840206, 
            672.582474, 130.479381, 673.902062, 133.118557, 
            675.221649, 135.757732, 676.541237, 138.396907, 
            677.860825, 139.716495, 677.860825, 141.036082, 
            679.180412, 142.355670, 679.180412, 144.994845, 
            680.500000, 148.953608, 680.500000, 152.912371, 
            680.500000, 159.510309, 683.139175, 163.469072, 
            683.139175, 167.427835, 684.458763, 171.386598, 
            684.458763, 176.664948, 684.458763, 183.262887, 
            684.458763, 187.221649, 684.458763, 193.819588, 
            684.458763, 201.737113, 684.458763, 208.335052, 
            684.458763, 213.613402, 684.458763, 220.211340, 
            684.458763, 226.809278, 684.458763, 228.128866, 
            684.458763, 230.768041, 684.458763, 232.087629, 
            684.458763, 236.046392, 684.458763, 237.365979, 
            684.458763, 238.685567, 684.458763, 241.324742, 
            684.458763, 243.963918, 684.458763, 245.283505, 
            684.458763, 246.603093, 684.458763, 247.922680, 
            684.458763, 249.242268, 684.458763, 251.881443, 
            684.458763, 254.520619, 687.097938, 257.159794, 
            689.737113, 261.118557, 692.376289, 262.438144, 
            695.015464, 263.757732, 697.654639, 266.396907, 
            701.613402, 270.355670, 710.850515, 271.675258, 
            714.809278, 272.994845, 717.448454, 274.314433, 
            718.768041, -1.000000, -1.000000, 279.592784, 
            716.128866, 284.871134, 709.530928, 292.788660, 
            702.932990, 300.706186, 698.974227, 311.262887, 
            692.376289, 320.500000, 688.417526, 332.376289, 
            680.500000, 338.974227, 676.541237, 345.572165, 
            672.582474, 352.170103, 668.623711, 356.128866, 
            663.345361, 365.365979, 655.427835, 366.685567, 
            652.788660, 370.644330, 650.149485, 373.283505, 
            648.829897, 374.603093, 647.510309, 377.242268, 
            646.190722, 377.242268, 644.871134, 378.561856, 
            644.871134, 381.201031, 643.551546, 382.520619, 
            643.551546, 383.840206, 643.551546, 386.479381, 
            642.231959, 391.757732, 642.231959, 397.036082, 
            642.231959, 406.273196, 643.551546, 411.551546, 
            644.871134, 414.190722, 644.871134, 419.469072, 
            644.871134, 422.108247, 646.190722, 432.664948, 
            650.149485, 436.623711, 650.149485, 440.582474, 
            651.469072, 445.860825, 652.788660, 452.458763, 
            652.788660, 457.737113, 654.108247, 470.932990, 
            655.427835, 478.850515, 656.747423, 486.768041, 
            658.067010, 490.726804, 658.067010, 492.046392, 
            658.067010, 496.005155, 658.067010, 502.603093, 
            659.386598, 503.922680, 659.386598, 506.561856, 
            660.706186, 507.881443, 660.706186, 513.159794, 
            662.025773, 514.479381, 663.345361, 519.757732, 
            665.984536, 525.036082, 669.943299, 527.675258, 
            672.582474, 531.634021, 677.860825, 532.953608, 
            679.180412, 535.592784, 680.500000, 538.231959, 
            683.139175, 540.871134, 685.778351, 542.190722, 
            687.097938, 542.190722, 688.417526, 543.510309, 
            689.737113, 544.829897, 691.056701, 550.108247, 
            697.654639, 552.747423, 701.613402, 558.025773, 
            709.530928, 560.664948, 714.809278, 561.984536, 
            714.809278, 561.984536, 717.448454, 563.304124, 
            718.768041, -1.000000, -1.000000, 721.654639, 
            221.283505, 716.376289, 226.561856, 713.737113, 
            229.201031, 711.097938, 233.159794, 711.097938, 
            237.118557, 709.778351, 239.757732, 708.458763, 
            241.077320, 705.819588, 243.716495, 701.860825, 
            245.036082, 697.902062, 246.355670, 695.262887, 
            247.675258, 693.943299, 247.675258, 692.623711, 
            247.675258, 692.623711, 248.994845, 692.623711, 
            250.314433, 692.623711, 252.953608, 693.943299, 
            255.592784, 699.221649, 260.871134, 704.500000, 
            266.149485, 707.139175, 270.108247, 708.458763, 
            272.747423, 709.778351, 274.067010, 711.097938, 
            275.386598, 712.417526, 276.706186, 712.417526, 
            278.025773, 713.737113, 280.664948, 715.056701, 
            283.304124, 716.376289, 284.623711, 717.695876, 
            287.262887, 719.015464, 288.582474, 720.335052, 
            289.902062, 722.974227, 291.221649, 726.932990, 
            293.860825, 729.572165, 295.180412, 736.170103, 
            295.180412, 737.489691, 295.180412, 738.809278, 
            295.180412, 740.128866, 296.500000, 742.768041, 
            296.500000, 744.087629, 296.500000, 748.046392, 
            297.819588, 750.685567, 299.139175, 761.242268, 
            300.458763, 763.881443, 300.458763, 766.520619, 
            300.458763, 767.840206, 300.458763, 770.479381, 
            300.458763, 774.438144, 296.500000, 779.716495, 
            293.860825, 783.675258, 291.221649, 786.314433, 
            288.582474, 787.634021, 285.943299, 791.592784, 
            284.623711, 792.912371, 283.304124, 794.231959, 
            281.984536, 796.871134, 279.345361, 798.190722, 
            279.345361, 800.829897, 276.706186, 802.149485, 
            274.067010, 804.788660, 272.747423, 806.108247, 
            270.108247, 808.747423, 266.149485, 810.067010, 
            263.510309, 812.706186, 260.871134, 814.025773, 
            258.231959, 815.345361, 255.592784, 815.345361, 
            251.634021, 815.345361, 250.314433, 815.345361, 
            248.994845, 815.345361, 245.036082, 815.345361, 
            243.716495, 815.345361, 242.396907, 815.345361, 
            241.077320, 815.345361, 234.479381, 815.345361, 
            233.159794, 815.345361, 230.520619, 814.025773, 
            229.201031, 814.025773, 226.561856, 812.706186, 
            223.922680, 811.386598, 218.644330, 810.067010, 
            214.685567, 807.427835, 209.407216, 807.427835, 
            208.087629, 804.788660, 205.448454, 802.149485, 
            204.128866, 799.510309, 201.489691, 798.190722, 
            200.170103, 794.231959, 196.211340, 791.592784, 
            194.891753, 788.953608, 193.572165, 787.634021, 
            193.572165, 784.994845, 193.572165, 782.355670, 
            192.252577, 779.716495, 192.252577, 775.757732, 
            192.252577, 770.479381, 192.252577, 767.840206, 
            192.252577, 759.922680, 192.252577, 757.283505, 
            193.572165, 754.644330, 193.572165, 745.407216, 
            194.891753, 742.768041, 196.211340, 741.448454, 
            196.211340, 738.809278, 197.530928, 737.489691, 
            197.530928, 733.530928, 198.850515, 733.530928, 
            200.170103, 732.211340, 200.170103, 732.211340, 
            201.489691, -1.000000, -1.000000, 267.716495, 
            147.386598, 265.077320, 153.984536, 263.757732, 
            160.582474, 263.757732, 161.902062, 262.438144, 
