%YAML:1.0
    mask: !!opencv-matrix
        rows: 842
        cols: 2
        dt: f
        data: [ -1.000000, -1.000000, -1.000000, 
            -1.000000, 764.101896, 406.755924, 765.618483, 
            406.755924, 767.135071, 406.755924, 770.168246, 
            406.755924, 773.201422, 406.755924, 776.234597, 
            406.755924, 782.300948, 406.755924, 783.817536, 
            406.755924, 785.334123, 405.239336, 786.850711, 
            405.239336, 788.367299, 403.722749, 789.883886, 
            402.206161, 792.917062, 402.206161, 795.950237, 
            400.689573, 797.466825, 400.689573, 800.500000, 
            400.689573, 802.016588, 400.689573, 803.533175, 
            400.689573, 805.049763, 400.689573, 808.082938, 
            397.656398, 811.116114, 397.656398, 812.632701, 
            397.656398, 814.149289, 397.656398, 815.665877, 
            397.656398, 818.699052, 396.139810, 820.215640, 
            396.139810, 826.281991, 396.139810, 829.315166, 
            394.623223, 833.864929, 393.106635, 836.898104, 
            391.590047, 839.931280, 391.590047, 842.964455, 
            391.590047, 844.481043, 391.590047, 844.481043, 
            390.073460, 845.997630, 388.556872, 847.514218, 
            388.556872, 849.030806, 388.556872, 850.547393, 
            388.556872, 852.063981, 388.556872, 855.097156, 
            387.040284, 856.613744, 385.523697, 861.163507, 
            384.007109, 862.680095, 384.007109, 864.196682, 
            384.007109, 867.229858, 382.490521, 868.746445, 
            380.973934, 868.746445, 379.457346, 871.779621, 
            379.457346, 873.296209, 377.940758, 876.329384, 
            376.424171, 879.362559, 374.907583, 880.879147, 
            373.390995, 882.395735, 371.874408, 883.912322, 
            371.874408, 883.912322, 370.357820, 885.428910, 
            368.841232, 885.428910, 367.324645, 886.945498, 
            365.808057, 886.945498, 364.291469, 888.462085, 
            362.774882, 888.462085, 361.258294, 889.978673, 
            359.741706, 889.978673, 358.225118, 891.495261, 
            355.191943, 893.011848, 352.158768, 893.011848, 
            350.642180, 894.528436, 350.642180, 894.528436, 
            349.125592, 894.528436, 347.609005, 894.528436, 
            346.092417, 894.528436, 344.575829, 894.528436, 
            343.059242, 894.528436, 341.542654, 894.528436, 
            340.026066, 894.528436, 338.509479, 894.528436, 
            336.992891, 894.528436, 335.476303, 893.011848, 
            335.476303, 891.495261, 335.476303, 891.495261, 
            333.959716, 888.462085, 333.959716, 888.462085, 
            332.443128, 886.945498, 332.443128, 885.428910, 
            332.443128, 883.912322, 332.443128, 882.395735, 
            332.443128, 879.362559, 332.443128, 877.845972, 
            332.443128, 876.329384, 332.443128, 874.812796, 
            332.443128, 873.296209, 332.443128, 871.779621, 
            332.443128, 870.263033, 332.443128, 868.746445, 
            332.443128, 867.229858, 332.443128, 865.713270, 
            332.443128, 865.713270, 330.926540, 865.713270, 
            329.409953, 865.713270, 327.893365, 865.713270, 
            326.376777, 865.713270, 324.860190, 865.713270, 
            323.343602, 865.713270, 321.827014, 865.713270, 
            320.310427, 864.196682, 318.793839, 864.196682, 
            317.277251, 864.196682, 315.760664, 864.196682, 
            314.244076, 864.196682, 312.727488, 864.196682, 
            309.694313, 864.196682, 308.177725, 864.196682, 
            306.661137, 864.196682, 305.144550, 864.196682, 
            303.627962, 865.713270, 303.627962, 867.229858, 
            303.627962, 867.229858, 302.111374, 868.746445, 
            302.111374, 870.263033, 300.594787, 871.779621, 
            300.594787, 873.296209, 300.594787, 874.812796, 
            300.594787, 877.845972, 300.594787, 879.362559, 
            300.594787, 880.879147, 300.594787, 882.395735, 
            300.594787, 883.912322, 300.594787, 885.428910, 
            300.594787, 886.945498, 300.594787, 888.462085, 
            300.594787, 889.978673, 300.594787, 891.495261, 
            300.594787, 893.011848, 300.594787, 894.528436, 
            300.594787, 899.078199, 300.594787, 900.594787, 
            300.594787, 902.111374, 300.594787, 903.627962, 
            300.594787, 905.144550, 300.594787, 906.661137, 
            300.594787, 908.177725, 300.594787, 909.694313, 
            300.594787, 911.210900, 300.594787, 914.244076, 
            300.594787, 915.760664, 300.594787, 917.277251, 
            300.594787, 918.793839, 300.594787, 921.827014, 
            300.594787, 924.860190, 300.594787, 927.893365, 
            300.594787, 933.959716, 302.111374, 935.476303, 
            302.111374, 935.476303, 303.627962, 936.992891, 
            303.627962, 938.509479, 303.627962, 940.026066, 
            303.627962, 941.542654, 305.144550, 943.059242, 
            305.144550, 944.575829, 305.144550, 944.575829, 
            306.661137, 946.092417, 306.661137, 947.609005, 
            308.177725, 949.125592, 308.177725, 950.642180, 
            308.177725, 952.158768, 308.177725, 955.191943, 
            309.694313, 958.225118, 311.210900, 961.258294, 
            311.210900, 962.774882, 311.210900, 964.291469, 
            311.210900, 965.808057, 311.210900, 967.324645, 
            311.210900, 968.841232, 311.210900, 973.390995, 
            312.727488, 976.424171, 314.244076, 977.940758, 
            314.244076, 979.457346, 314.244076, 984.007109, 
            317.277251, 985.523697, 317.277251, 987.040284, 
            317.277251, 988.556872, 317.277251, 988.556872, 
            318.793839, 991.590047, 318.793839, 993.106635, 
            318.793839, 994.623223, 318.793839, 996.139810, 
            318.793839, 996.139810, 320.310427, 997.656398, 
            320.310427, 999.172986, 320.310427, 1000.689573, 
            320.310427, 1002.206161, 320.310427, 1003.722749, 
            321.827014, 1005.239336, 324.860190, 1006.755924, 
            326.376777, 1006.755924, 327.893365, 1008.272512, 
            327.893365, 1008.272512, 329.409953, 1009.789100, 
            332.443128, 1011.305687, 332.443128, 1012.822275, 
            333.959716, 1014.338863, 336.992891, 1015.855450, 
            340.026066, 1017.372038, 344.575829, 1017.372038, 
            349.125592, 1018.888626, 353.675355, 1020.405213, 
            355.191943, 1021.921801, 356.708531, 1021.921801, 
            358.225118, 1023.438389, 361.258294, 1024.954976, 
            362.774882, 1024.954976, 365.808057, 1024.954976, 
            367.324645, 1026.471564, 367.324645, 1026.471564, 
            370.357820, 1026.471564, 371.874408, 1026.471564, 
            373.390995, 1026.471564, 377.940758, 1026.471564, 
            380.973934, 1026.471564, 382.490521, 1026.471564, 
            385.523697, 1026.471564, 387.040284, 1026.471564, 
            388.556872, 1026.471564, 390.073460, 1027.988152, 
            390.073460, 1027.988152, 391.590047, 1027.988152, 
            393.106635, 1027.988152, 394.623223, 1027.988152, 
            396.139810, 1027.988152, 397.656398, 1027.988152, 
            399.172986, 1027.988152, 400.689573, 1027.988152, 
            402.206161, 1027.988152, 403.722749, 1027.988152, 
            405.239336, 1027.988152, 406.755924, 1027.988152, 
            408.272512, 1027.988152, 411.305687, 1027.988152, 
            414.338863, 1027.988152, 415.855450, 1026.471564, 
            418.888626, 1026.471564, 420.405213, 1026.471564, 
            421.921801, 1026.471564, 423.438389, 1026.471564, 
            426.471564, 1026.471564, 427.988152, 1026.471564, 
            429.504739, 1024.954976, 429.504739, 1024.954976, 
            431.021327, 1023.438389, 431.021327, 1023.438389, 
            432.537915, 1021.921801, 432.537915, 1020.405213, 
            435.571090, 1018.888626, 437.087678, 1017.372038, 
