%YAML:1.0
    mask: !!opencv-matrix
        rows: 1020
        cols: 2
        dt: f
        data: [ 48.182119, 714.407285, 50.301325, 
            714.407285, 52.420530, 714.407285, 58.778146, 
            712.288079, 63.016556, 708.049669, 67.254967, 
            705.930464, 71.493377, 701.692053, 75.731788, 
            699.572848, 77.850993, 697.453642, 79.970199, 
            695.334437, 84.208609, 693.215232, 84.208609, 
            691.096026, 88.447020, 688.976821, 90.566225, 
            686.857616, 92.685430, 684.738411, 94.804636, 
            682.619205, 96.923841, 680.500000, 99.043046, 
            678.380795, 103.281457, 674.142384, 107.519868, 
            672.023179, 109.639073, 669.903974, 111.758278, 
            667.784768, 113.877483, 665.665563, 115.996689, 
            663.546358, 118.115894, 661.427152, 120.235099, 
            661.427152, 122.354305, 659.307947, 124.473510, 
            655.069536, 126.592715, 655.069536, 128.711921, 
            652.950331, 130.831126, 650.831126, 130.831126, 
            648.711921, 132.950331, 648.711921, 135.069536, 
            646.592715, 135.069536, 644.473510, 137.188742, 
            642.354305, 137.188742, 640.235099, 141.427152, 
            638.115894, 141.427152, 635.996689, 145.665563, 
            631.758278, 149.903974, 629.639073, 149.903974, 
            627.519868, 152.023179, 627.519868, 156.261589, 
            623.281457, 158.380795, 621.162252, 160.500000, 
            619.043046, 164.738411, 616.923841, 164.738411, 
            614.804636, 166.857616, 614.804636, 166.857616, 
            612.685430, 171.096026, 612.685430, 173.215232, 
            610.566225, 177.453642, 608.447020, 177.453642, 
            606.327815, 181.692053, 604.208609, 183.811258, 
            602.089404, 185.930464, 602.089404, 188.049669, 
            599.970199, 198.645695, 595.731788, 200.764901, 
            593.612583, 202.884106, 593.612583, 205.003311, 
            591.493377, 207.122517, 589.374172, 209.241722, 
            589.374172, 211.360927, 587.254967, 213.480132, 
            587.254967, 213.480132, 585.135762, 215.599338, 
            585.135762, 217.718543, 583.016556, 219.837748, 
            580.897351, 221.956954, 580.897351, 224.076159, 
            578.778146, 226.195364, 578.778146, 226.195364, 
            576.658940, 230.433775, 574.539735, 232.552980, 
            572.420530, 234.672185, 572.420530, 234.672185, 
            570.301325, 236.791391, 570.301325, 238.910596, 
            568.182119, 241.029801, 568.182119, 243.149007, 
            566.062914, 247.387417, 563.943709, 249.506623, 
            563.943709, 251.625828, 561.824503, 255.864238, 
            559.705298, 260.102649, 559.705298, 264.341060, 
            559.705298, 264.341060, 557.586093, 266.460265, 
            555.466887, 268.579470, 555.466887, 270.698675, 
            555.466887, 272.817881, 555.466887, 272.817881, 
            553.347682, 277.056291, 553.347682, 279.175497, 
            553.347682, 279.175497, 551.228477, 281.294702, 
            551.228477, 285.533113, 549.109272, 287.652318, 
            549.109272, 289.771523, 549.109272, 289.771523, 
            546.990066, 291.890728, 546.990066, 294.009934, 
            546.990066, 296.129139, 544.870861, 296.129139, 
            542.751656, 298.248344, 542.751656, 300.367550, 
            540.632450, 302.486755, 540.632450, 304.605960, 
            538.513245, 304.605960, 536.394040, 308.844371, 
            534.274834, 313.082781, 534.274834, 313.082781, 
            532.155629, 315.201987, 532.155629, 315.201987, 
            530.036424, 319.440397, 530.036424, 321.559603, 
            527.917219, 325.798013, 525.798013, 330.036424, 
            523.678808, 332.155629, 523.678808, 334.274834, 
            523.678808, 336.394040, 521.559603, 338.513245, 
            521.559603, 340.632450, 521.559603, 344.870861, 
            521.559603, 346.990066, 521.559603, 349.109272, 
            521.559603, 351.228477, 525.798013, 353.347682, 
            525.798013, 353.347682, 527.917219, 355.466887, 
            530.036424, 357.586093, 532.155629, 357.586093, 
            534.274834, 359.705298, 536.394040, 361.824503, 
            538.513245, 363.943709, 540.632450, 366.062914, 
            542.751656, 376.658940, 551.228477, 378.778146, 
            551.228477, 385.135762, 557.586093, 387.254967, 
            559.705298, 391.493377, 563.943709, 393.612583, 
            563.943709, 393.612583, 566.062914, 397.850993, 
            568.182119, 399.970199, 568.182119, 402.089404, 
            570.301325, 404.208609, 572.420530, 404.208609, 
            574.539735, 406.327815, 574.539735, 408.447020, 
            576.658940, 412.685430, 578.778146, 414.804636, 
            580.897351, 416.923841, 583.016556, 419.043046, 
            585.135762, 423.281457, 585.135762, 423.281457, 
            587.254967, 425.400662, 589.374172, 427.519868, 
            589.374172, 431.758278, 593.612583, 433.877483, 
            595.731788, 435.996689, 597.850993, 438.115894, 
            599.970199, 440.235099, 602.089404, 442.354305, 
            604.208609, 444.473510, 606.327815, 444.473510, 
            610.566225, 446.592715, 610.566225, 446.592715, 
            612.685430, 448.711921, 614.804636, 448.711921, 
            616.923841, 448.711921, 619.043046, 446.592715, 
            621.162252, 444.473510, 623.281457, 444.473510, 
            625.400662, 442.354305, 625.400662, 440.235099, 
            627.519868, 438.115894, 627.519868, 431.758278, 
            627.519868, 427.519868, 627.519868, 425.400662, 
            627.519868, 421.162252, 627.519868, 419.043046, 
            625.400662, 414.804636, 625.400662, 408.447020, 
            621.162252, 404.208609, 619.043046, 402.089404, 
            616.923841, 399.970199, 614.804636, 395.731788, 
            614.804636, 393.612583, 614.804636, 391.493377, 
            614.804636, 387.254967, 612.685430, 383.016556, 
            612.685430, 372.420530, 610.566225, 366.062914, 
            610.566225, 359.705298, 610.566225, 357.586093, 
            610.566225, 355.466887, 610.566225, 353.347682, 
            610.566225, 351.228477, 610.566225, 349.109272, 
            610.566225, 344.870861, 610.566225, 340.632450, 
            610.566225, 336.394040, 610.566225, 332.155629, 
            610.566225, 327.917219, 612.685430, 325.798013, 
            612.685430, 321.559603, 612.685430, 319.440397, 
            614.804636, 317.321192, 616.923841, 315.201987, 
            619.043046, 313.082781, 621.162252, 313.082781, 
            623.281457, 313.082781, 625.400662, 313.082781, 
            627.519868, 313.082781, 629.639073, 313.082781, 
            631.758278, 313.082781, 633.877483, 313.082781, 
            635.996689, 313.082781, 638.115894, 313.082781, 
            640.235099, 313.082781, 642.354305, 315.201987, 
            642.354305, 317.321192, 644.473510, 317.321192, 
            646.592715, 319.440397, 648.711921, 321.559603, 
            652.950331, 323.678808, 652.950331, 323.678808, 
            655.069536, 325.798013, 657.188742, 325.798013, 
            659.307947, 327.917219, 659.307947, 327.917219, 
            661.427152, 330.036424, 661.427152, 332.155629, 
            663.546358, 334.274834, 665.665563, 334.274834, 
            667.784768, 336.394040, 667.784768, 340.632450, 
            669.903974, 342.751656, 672.023179, 344.870861, 
            674.142384, 346.990066, 674.142384, 349.109272, 
            674.142384, 351.228477, 674.142384, 353.347682, 
            674.142384, 357.586093, 674.142384, 359.705298, 
            674.142384, 363.943709, 674.142384, 368.182119, 
            674.142384, 372.420530, 674.142384, 376.658940, 
            674.142384, 378.778146, 674.142384, 383.016556, 
            674.142384, 385.135762, 674.142384, 387.254967, 
            674.142384, 389.374172, 674.142384, 391.493377, 
            674.142384, 393.612583, 674.142384, 395.731788, 
