%YAML:1.0
    mask: !!opencv-matrix
        rows: 742
        cols: 2
        dt: f
        data: [ 393.612583, 532.155629, 391.493377, 
            532.155629, 387.254967, 532.155629, 380.897351, 
            532.155629, 370.301325, 532.155629, 363.943709, 
            532.155629, 357.586093, 536.394040, 349.109272, 
            538.513245, 344.870861, 540.632450, 340.632450, 
            540.632450, 334.274834, 542.751656, 332.155629, 
            542.751656, 330.036424, 544.870861, 327.917219, 
            546.990066, 325.798013, 549.109272, 323.678808, 
            551.228477, 319.440397, 555.466887, 317.321192, 
            557.586093, 315.201987, 557.586093, 310.963576, 
            561.824503, 304.605960, 563.943709, 302.486755, 
            563.943709, 296.129139, 568.182119, 294.009934, 
            568.182119, 291.890728, 572.420530, 287.652318, 
            572.420530, 285.533113, 574.539735, 283.413907, 
            576.658940, 281.294702, 578.778146, 277.056291, 
            583.016556, 274.937086, 585.135762, 272.817881, 
            587.254967, 270.698675, 589.374172, 266.460265, 
            591.493377, 262.221854, 595.731788, 255.864238, 
            599.970199, 253.745033, 602.089404, 251.625828, 
            604.208609, 247.387417, 604.208609, 247.387417, 
            606.327815, 245.268212, 606.327815, 245.268212, 
            608.447020, 243.149007, 610.566225, 241.029801, 
            612.685430, 238.910596, 614.804636, 236.791391, 
            616.923841, 232.552980, 621.162252, 226.195364, 
            629.639073, 221.956954, 633.877483, 217.718543, 
            635.996689, 215.599338, 640.235099, 211.360927, 
            644.473510, 209.241722, 648.711921, 205.003311, 
            650.831126, 200.764901, 652.950331, 190.168874, 
            661.427152, 185.930464, 663.546358, 181.692053, 
            665.665563, 175.334437, 669.903974, 166.857616, 
            676.261589, 164.738411, 678.380795, 164.738411, 
            680.500000, 162.619205, 682.619205, 160.500000, 
            684.738411, 156.261589, 686.857616, 154.142384, 
            691.096026, 152.023179, 693.215232, 149.903974, 
            695.334437, 145.665563, 697.453642, 143.546358, 
            699.572848, 141.427152, 699.572848, 141.427152, 
            701.692053, 137.188742, 703.811258, 137.188742, 
            708.049669, 135.069536, 710.168874, 135.069536, 
            712.288079, 135.069536, 714.407285, 139.307947, 
            718.645695, 141.427152, 718.645695, 272.817881, 
            718.645695, 274.937086, 718.645695, 279.175497, 
            716.526490, 283.413907, 714.407285, 285.533113, 
            712.288079, 287.652318, 712.288079, 289.771523, 
            712.288079, 294.009934, 710.168874, 296.129139, 
            710.168874, 298.248344, 708.049669, 302.486755, 
            708.049669, 304.605960, 705.930464, 306.725166, 
            705.930464, 308.844371, 705.930464, 313.082781, 
            703.811258, 315.201987, 703.811258, 319.440397, 
            701.692053, 321.559603, 701.692053, 323.678808, 
            701.692053, 330.036424, 701.692053, 344.870861, 
            701.692053, 357.586093, 701.692053, 374.539735, 
            701.692053, 380.897351, 701.692053, 385.135762, 
            701.692053, 389.374172, 701.692053, 391.493377, 
            697.453642, 393.612583, 697.453642, 393.612583, 
            695.334437, 393.612583, 693.215232, 393.612583, 
            691.096026, 393.612583, 688.976821, 393.612583, 
            686.857616, 393.612583, 684.738411, 393.612583, 
            682.619205, 393.612583, 680.500000, 393.612583, 
            676.261589, 393.612583, 672.023179, 393.612583, 
            669.903974, 393.612583, 667.784768, 393.612583, 
            665.665563, 391.493377, 663.546358, 389.374172, 
            661.427152, 387.254967, 659.307947, 387.254967, 
            657.188742, 387.254967, 655.069536, 383.016556, 
            652.950331, 383.016556, 650.831126, 385.135762, 
            650.831126, 387.254967, 650.831126, 391.493377, 
            650.831126, 399.970199, 650.831126, 406.327815, 
            650.831126, 412.685430, 650.831126, 416.923841, 
            650.831126, 423.281457, 650.831126, 427.519868, 
            650.831126, 433.877483, 650.831126, 435.996689, 
            650.831126, 438.115894, 650.831126, 440.235099, 
            646.592715, 442.354305, 644.473510, 442.354305, 
            642.354305, 442.354305, 640.235099, 442.354305, 
            638.115894, 442.354305, 635.996689, 442.354305, 
            633.877483, 442.354305, 627.519868, 442.354305, 
            625.400662, 440.235099, 621.162252, 440.235099, 
            616.923841, 440.235099, 612.685430, 440.235099, 
            610.566225, 438.115894, 608.447020, 438.115894, 
            606.327815, 435.996689, 604.208609, 433.877483, 
            604.208609, 433.877483, 602.089404, 431.758278, 
            599.970199, 429.639073, 597.850993, 427.519868, 
            597.850993, 425.400662, 595.731788, 419.043046, 
            591.493377, 416.923841, 591.493377, 414.804636, 
            589.374172, 412.685430, 589.374172, 408.447020, 
            587.254967, 404.208609, 585.135762, 402.089404, 
            585.135762, 402.089404, 583.016556, 399.970199, 
            583.016556, 397.850993, 580.897351, 395.731788, 
            578.778146, 393.612583, 578.778146, 391.493377, 
            578.778146, 387.254967, 574.539735, 385.135762, 
            572.420530, 385.135762, 570.301325, 385.135762, 
            568.182119, 385.135762, 566.062914, 385.135762, 
            563.943709, 385.135762, 559.705298, 385.135762, 
            557.586093, 385.135762, 555.466887, 385.135762, 
            553.347682, 385.135762, 551.228477, 385.135762, 
            549.109272, 385.135762, 546.990066, 385.135762, 
            544.870861, 387.254967, 540.632450, 389.374172, 
            536.394040, 389.374172, 534.274834, -1.000000, 
            -1.000000, 686.025773, 712.170103, 686.025773, 
            706.891753, 684.706186, 702.932990, 682.067010, 
            700.293814, 680.747423, 700.293814, 680.747423, 
            698.974227, 679.427835, 698.974227, 676.788660, 
            700.293814, 670.190722, 705.572165, 668.871134, 
            706.891753, 667.551546, 708.211340, 666.231959, 
            708.211340, 666.231959, 709.530928, 664.912371, 
            709.530928, 663.592784, 710.850515, 662.273196, 
            710.850515, 660.953608, 710.850515, 659.634021, 
            710.850515, 658.314433, 710.850515, 656.994845, 
            710.850515, 655.675258, 710.850515, 654.355670, 
            710.850515, 653.036082, 710.850515, 651.716495, 
            710.850515, 650.396907, 708.211340, 650.396907, 
            706.891753, 649.077320, 704.252577, 647.757732, 
            702.932990, 647.757732, 701.613402, 647.757732, 
            700.293814, 646.438144, 698.974227, 646.438144, 
            697.654639, 645.118557, 691.056701, 645.118557, 
            688.417526, 645.118557, 687.097938, 642.479381, 
            683.139175, 642.479381, 681.819588, 641.159794, 
            680.500000, 638.520619, 675.221649, 633.242268, 
            665.984536, 631.922680, 664.664948, 630.603093, 
            663.345361, 626.644330, 662.025773, 625.324742, 
            660.706186, 622.685567, 659.386598, 618.726804, 
            656.747423, 614.768041, 655.427835, 609.489691, 
            652.788660, 608.170103, 651.469072, 606.850515, 
            651.469072, 604.211340, 650.149485, 602.891753, 
            648.829897, 596.293814, 644.871134, 591.015464, 
            640.912371, 588.376289, 639.592784, 584.417526, 
            638.273196, 583.097938, 638.273196, 583.097938, 
            636.953608, 580.458763, 635.634021, 575.180412, 
            631.675258, 572.541237, 630.355670, 569.902062, 
            629.036082, 565.943299, 626.396907, 564.623711, 
            626.396907, 564.623711, 625.077320, 561.984536, 
