%YAML:1.0
    mask: !!opencv-matrix
        rows: 468
        cols: 2
        dt: f
        data: [ 311.262887, 712.170103, 316.541237, 
            708.211340, 317.860825, 706.891753, 321.819588, 
            705.572165, 323.139175, 705.572165, 325.778351, 
            704.252577, 332.376289, 702.932990, 335.015464, 
            701.613402, 337.654639, 700.293814, 340.293814, 
            697.654639, 341.613402, 696.335052, 342.932990, 
            695.015464, 346.891753, 680.500000, 348.211340, 
            677.860825, 349.530928, 672.582474, 352.170103, 
            665.984536, 352.170103, 664.664948, 353.489691, 
            663.345361, 353.489691, 659.386598, 356.128866, 
            654.108247, 356.128866, 652.788660, 356.128866, 
            651.469072, 357.448454, 648.829897, 358.768041, 
            646.190722, 361.407216, 640.912371, 362.726804, 
            635.634021, 364.046392, 632.994845, 365.365979, 
            630.355670, 366.685567, 629.036082, 366.685567, 
            627.716495, 366.685567, 626.396907, 366.685567, 
            625.077320, 366.685567, 623.757732, 365.365979, 
            622.438144, 364.046392, 622.438144, 360.087629, 
            618.479381, 356.128866, 615.840206, 350.850515, 
            613.201031, 348.211340, 611.881443, 345.572165, 
            610.561856, 338.974227, 605.283505, 333.695876, 
            602.644330, 332.376289, 602.644330, 329.737113, 
            601.324742, 324.458763, 598.685567, 323.139175, 
            598.685567, 321.819588, 598.685567, 320.500000, 
            598.685567, 311.262887, 597.365979, 304.664948, 
            593.407216, 296.747423, 590.768041, 295.427835, 
            589.448454, 294.108247, 589.448454, 292.788660, 
            589.448454, 291.469072, 589.448454, 290.149485, 
            589.448454, 287.510309, 589.448454, 280.912371, 
            594.726804, 274.314433, 598.685567, 271.675258, 
            600.005155, 266.396907, 605.283505, 262.438144, 
            606.603093, 250.561856, 611.881443, 245.283505, 
            615.840206, 241.324742, 617.159794, 240.005155, 
            618.479381, 236.046392, 619.798969, 232.087629, 
            622.438144, 230.768041, 625.077320, 226.809278, 
            625.077320, 224.170103, 626.396907, 222.850515, 
            627.716495, 218.891753, 630.355670, 212.293814, 
            634.314433, 208.335052, 638.273196, 205.695876, 
            639.592784, 200.417526, 642.231959, 196.458763, 
            644.871134, 193.819588, 644.871134, 192.500000, 
            646.190722, 191.180412, 646.190722, 187.221649, 
            648.829897, 185.902062, 648.829897, 180.623711, 
            651.469072, 175.345361, 654.108247, 172.706186, 
            656.747423, 168.747423, 658.067010, 167.427835, 
            660.706186, 166.108247, 663.345361, 163.469072, 
            667.304124, 163.469072, 668.623711, 160.829897, 
            672.582474, 159.510309, 676.541237, 158.190722, 
            679.180412, 154.231959, 681.819588, 151.592784, 
            685.778351, 150.273196, 691.056701, 148.953608, 
            692.376289, 146.314433, 697.654639, 144.994845, 
            698.974227, 143.675258, 701.613402, 142.355670, 
            705.572165, 141.036082, 706.891753, 139.716495, 
            708.211340, 139.716495, 709.530928, 139.716495, 
            710.850515, 138.396907, 712.170103, 138.396907, 
            713.489691, 138.396907, 714.809278, 137.077320, 
            716.128866, 137.077320, 717.448454, -1.000000, 
            -1.000000, 585.737113, 717.448454, 584.417526, 
            712.170103, 577.819588, 701.613402, 575.180412, 
            697.654639, 572.541237, 693.695876, 564.623711, 
            683.139175, 561.984536, 680.500000, 560.664948, 
            677.860825, 559.345361, 675.221649, 558.025773, 
            672.582474, 556.706186, 669.943299, 555.386598, 
            667.304124, 551.427835, 660.706186, 547.469072, 
            655.427835, 540.871134, 647.510309, 528.994845, 
            629.036082, 526.355670, 626.396907, 522.396907, 
            619.798969, 522.396907, 618.479381, 521.077320, 
            618.479381, 519.757732, 618.479381, 515.798969, 
            617.159794, 514.479381, 617.159794, 509.201031, 
            617.159794, 501.283505, 617.159794, 497.324742, 
            617.159794, 492.046392, 617.159794, 484.128866, 
            617.159794, 477.530928, 617.159794, 473.572165, 
            617.159794, 469.613402, 617.159794, 463.015464, 
            618.479381, 461.695876, 618.479381, 459.056701, 
            618.479381, 457.737113, 618.479381, 455.097938, 
            618.479381, 449.819588, 618.479381, 439.262887, 
            618.479381, 430.025773, 614.520619, 427.386598, 
            613.201031, 424.747423, 611.881443, 422.108247, 
            610.561856, 412.871134, 607.922680, 404.953608, 
            606.603093, 402.314433, 606.603093, 393.077320, 
            606.603093, 390.438144, 606.603093, 387.798969, 
            606.603093, 386.479381, 607.922680, 381.201031, 
            609.242268, 377.242268, 613.201031, 375.922680, 
            614.520619, 370.644330, 621.118557, 368.005155, 
            622.438144, 365.365979, 625.077320, 365.365979, 
            629.036082, 365.365979, 630.355670, 364.046392, 
            634.314433, 361.407216, 647.510309, 360.087629, 
            651.469072, 357.448454, 659.386598, 354.809278, 
            664.664948, 353.489691, 667.304124, 352.170103, 
            672.582474, 349.530928, 677.860825, 348.211340, 
            681.819588, 348.211340, 683.139175, 346.891753, 
            685.778351, 346.891753, 687.097938, 345.572165, 
            689.737113, 344.252577, 692.376289, 344.252577, 
            693.695876, 342.932990, 693.695876, 342.932990, 
            695.015464, 341.613402, 697.654639, 341.613402, 
            698.974227, 340.293814, 698.974227, 337.654639, 
            698.974227, 335.015464, 700.293814, 333.695876, 
            700.293814, 328.417526, 706.891753, 327.097938, 
            706.891753, 323.139175, 710.850515, 321.819588, 
            712.170103, 319.180412, 713.489691, 317.860825, 
            716.128866, 317.860825, 717.448454, 317.860825, 
            718.768041, -1.000000, -1.000000, 662.273196, 
            127.592784, 655.675258, 130.231959, 654.355670, 
            131.551546, 647.757732, 134.190722, 646.438144, 
            134.190722, 645.118557, 134.190722, 643.798969, 
            134.190722, 641.159794, 134.190722, 638.520619, 
            134.190722, 635.881443, 135.510309, 627.963918, 
            136.829897, 624.005155, 136.829897, 618.726804, 
            136.829897, 616.087629, 138.149485, 613.448454, 
            139.469072, 609.489691, 139.469072, 604.211340, 
            142.108247, 600.252577, 143.427835, 588.376289, 
            148.706186, 583.097938, 152.664948, 580.458763, 
            155.304124, 577.819588, 156.623711, 576.500000, 
            157.943299, 576.500000, 159.262887, 572.541237, 
            163.221649, 567.262887, 172.458763, 567.262887, 
            175.097938, 567.262887, 176.417526, 567.262887, 
            177.737113, 567.262887, 180.376289, 568.582474, 
            185.654639, 568.582474, 186.974227, 568.582474, 
            188.293814, 569.902062, 188.293814, 571.221649, 
            190.932990, 571.221649, 192.252577, 573.860825, 
            193.572165, 575.180412, 193.572165, 576.500000, 
            193.572165, 577.819588, 193.572165, 579.139175, 
            194.891753, 580.458763, 194.891753, 583.097938, 
            196.211340, 584.417526, 197.530928, 585.737113, 
            198.850515, 591.015464, 201.489691, 594.974227, 
            204.128866, 596.293814, 205.448454, 600.252577, 
            209.407216, 601.572165, 209.407216, 605.530928, 
            210.726804, 614.768041, 212.046392, 616.087629, 
            212.046392, 620.046392, 213.365979, 624.005155, 
            213.365979, 625.324742, 213.365979, 629.283505, 
