%YAML:1.0
    mask: !!opencv-matrix
        rows: 705
        cols: 2
        dt: f
        data: [ 281.294702, 703.811258, 281.294702, 
            705.930464, 279.175497, 705.930464, 274.937086, 
            705.930464, 272.817881, 708.049669, 270.698675, 
            708.049669, 266.460265, 710.168874, 262.221854, 
            710.168874, 260.102649, 710.168874, 260.102649, 
            712.288079, 255.864238, 712.288079, 251.625828, 
            714.407285, 249.506623, 714.407285, 245.268212, 
            718.645695, 241.029801, 718.645695, 236.791391, 
            718.645695, 274.937086, 718.645695, 274.937086, 
            716.526490, 277.056291, 714.407285, 277.056291, 
            712.288079, 277.056291, 710.168874, 277.056291, 
            708.049669, 277.056291, 705.930464, 277.056291, 
            703.811258, -1.000000, -1.000000, 611.890728, 
            610.566225, 616.129139, 608.447020, 616.129139, 
            606.327815, 618.248344, 606.327815, 620.367550, 
            606.327815, 622.486755, 604.208609, 624.605960, 
            604.208609, 628.844371, 602.089404, 630.963576, 
            599.970199, 635.201987, 599.970199, 643.678808, 
            597.850993, 645.798013, 597.850993, 647.917219, 
            595.731788, 652.155629, 595.731788, 654.274834, 
            593.612583, 656.394040, 593.612583, 658.513245, 
            593.612583, 662.751656, 591.493377, 664.870861, 
            589.374172, 666.990066, 589.374172, 669.109272, 
            589.374172, 671.228477, 589.374172, 673.347682, 
            587.254967, 675.466887, 587.254967, 677.586093, 
            589.374172, 679.705298, 589.374172, 681.824503, 
            591.493377, 686.062914, 591.493377, 688.182119, 
            593.612583, 690.301325, 593.612583, 692.420530, 
            593.612583, 694.539735, 593.612583, 696.658940, 
            595.731788, 698.778146, 595.731788, 700.897351, 
            595.731788, 705.135762, 595.731788, 707.254967, 
            595.731788, 709.374172, 595.731788, 709.374172, 
            597.850993, 711.493377, 597.850993, 711.493377, 
            599.970199, 715.731788, 599.970199, 717.850993, 
            599.970199, 719.970199, 599.970199, 722.089404, 
            599.970199, 728.447020, 602.089404, 730.566225, 
            602.089404, 732.685430, 602.089404, 736.923841, 
            602.089404, 739.043046, 604.208609, 741.162252, 
            604.208609, 743.281457, 604.208609, 745.400662, 
            604.208609, 747.519868, 606.327815, 751.758278, 
            608.447020, 753.877483, 610.566225, 758.115894, 
            612.685430, 760.235099, 614.804636, 764.473510, 
            616.923841, 764.473510, 619.043046, 766.592715, 
            619.043046, 766.592715, 621.162252, 768.711921, 
            621.162252, 770.831126, 623.281457, 772.950331, 
            625.400662, 777.188742, 627.519868, 777.188742, 
            629.639073, 779.307947, 631.758278, 781.427152, 
            633.877483, 783.546358, 635.996689, 785.665563, 
            638.115894, 785.665563, 640.235099, 787.784768, 
            642.354305, 789.903974, 644.473510, 792.023179, 
            646.592715, 792.023179, 648.711921, 794.142384, 
            648.711921, 794.142384, 650.831126, 796.261589, 
            652.950331, 796.261589, 655.069536, 798.380795, 
            657.188742, 800.500000, 659.307947, 800.500000, 
            661.427152, 802.619205, 661.427152, 802.619205, 
            663.546358, 804.738411, 665.665563, 806.857616, 
            667.784768, 806.857616, 669.903974, 808.976821, 
            672.023179, 811.096026, 674.142384, 813.215232, 
            674.142384, 813.215232, 676.261589, 815.334437, 
            678.380795, 817.453642, 680.500000, 817.453642, 
            682.619205, 821.692053, 684.738411, 821.692053, 
            686.857616, 823.811258, 688.976821, 825.930464, 
            691.096026, 828.049669, 695.334437, 830.168874, 
            695.334437, 830.168874, 697.453642, 832.288079, 
            697.453642, 832.288079, 699.572848, 834.407285, 
            699.572848, 836.526490, 703.811258, 838.645695, 
            705.930464, 840.764901, 708.049669, 842.884106, 
            710.168874, 845.003311, 712.288079, 847.122517, 
            714.407285, 849.241722, 714.407285, 849.241722, 
            716.526490, 851.360927, 716.526490, 851.360927, 
            718.645695, 616.129139, 718.645695, 614.009934, 
            718.645695, 611.890728, 718.645695, 611.890728, 
            716.526490, 609.771523, 716.526490, 607.652318, 
            716.526490, 607.652318, 714.407285, 605.533113, 
            714.407285, 603.413907, 712.288079, 603.413907, 
            710.168874, 607.652318, 708.049669, 611.890728, 
            708.049669, 616.129139, 705.930464, 618.248344, 
            705.930464, 620.367550, 705.930464, 622.486755, 
            703.811258, 624.605960, 703.811258, 626.725166, 
            703.811258, 628.844371, 703.811258, 630.963576, 
            703.811258, 630.963576, 701.692053, 633.082781, 
            701.692053, 635.201987, 699.572848, 637.321192, 
            697.453642, 639.440397, 697.453642, 641.559603, 
            697.453642, 645.798013, 697.453642, 650.036424, 
            695.334437, 652.155629, 695.334437, 656.394040, 
            693.215232, 658.513245, 693.215232, 660.632450, 
            693.215232, 662.751656, 693.215232, 664.870861, 
            691.096026, 666.990066, 691.096026, 671.228477, 
            691.096026, 673.347682, 688.976821, 677.586093, 
            686.857616, 681.824503, 684.738411, 683.943709, 
            684.738411, 686.062914, 684.738411, 686.062914, 
            682.619205, 688.182119, 680.500000, 690.301325, 
            680.500000, 692.420530, 678.380795, 694.539735, 
            678.380795, 700.897351, 674.142384, 703.016556, 
            674.142384, 707.254967, 672.023179, 709.374172, 
            669.903974, 711.493377, 669.903974, 713.612583, 
            663.546358, 713.612583, 661.427152, 711.493377, 
            661.427152, 711.493377, 659.307947, 709.374172, 
            657.188742, 707.254967, 657.188742, 705.135762, 
            657.188742, 703.016556, 655.069536, 700.897351, 
            655.069536, 698.778146, 652.950331, 696.658940, 
            652.950331, 694.539735, 650.831126, 692.420530, 
            648.711921, 690.301325, 648.711921, 688.182119, 
            648.711921, 683.943709, 646.592715, 681.824503, 
            646.592715, 677.586093, 644.473510, 675.466887, 
            642.354305, 673.347682, 642.354305, 671.228477, 
            642.354305, 669.109272, 640.235099, 666.990066, 
            640.235099, 664.870861, 640.235099, 662.751656, 
            640.235099, 660.632450, 640.235099, 658.513245, 
            640.235099, 656.394040, 640.235099, 654.274834, 
            638.115894, 652.155629, 638.115894, 650.036424, 
            638.115894, 647.917219, 638.115894, 645.798013, 
            635.996689, 643.678808, 635.996689, 641.559603, 
            635.996689, 639.440397, 635.996689, 637.321192, 
            635.996689, 637.321192, 633.877483, 635.201987, 
            633.877483, 633.082781, 633.877483, 630.963576, 
            631.758278, 628.844371, 631.758278, 626.725166, 
            629.639073, 622.486755, 627.519868, 620.367550, 
            627.519868, 618.248344, 625.400662, 616.129139, 
            625.400662, 616.129139, 623.281457, 614.009934, 
            623.281457, -1.000000, -1.000000, 963.678808, 
            320.235099, 963.678808, 322.354305, 961.559603, 
            322.354305, 959.440397, 322.354305, 957.321192, 
            322.354305, 955.201987, 322.354305, 953.082781, 
            322.354305, 950.963576, 322.354305, 948.844371, 
            322.354305, 946.725166, 322.354305, 944.605960, 
            320.235099, 942.486755, 320.235099, 940.367550, 
            320.235099, 940.367550, 318.115894, 936.129139, 
            318.115894, 934.009934, 315.996689, 931.890728, 
