%YAML:1.0
    mask: !!opencv-matrix
        rows: 449
        cols: 2
        dt: f
        data: [ 378.778146, 665.665563, 378.778146, 
            667.784768, 376.658940, 667.784768, 376.658940, 
            669.903974, 374.539735, 669.903974, 372.420530, 
            669.903974, 372.420530, 672.023179, 370.301325, 
            672.023179, 368.182119, 672.023179, 366.062914, 
            674.142384, 363.943709, 674.142384, 363.943709, 
            676.261589, 361.824503, 676.261589, 359.705298, 
            678.380795, 357.586093, 678.380795, 357.586093, 
            680.500000, 355.466887, 680.500000, 353.347682, 
            682.619205, 351.228477, 684.738411, 349.109272, 
            686.857616, 346.990066, 686.857616, 346.990066, 
            688.976821, 344.870861, 688.976821, 344.870861, 
            691.096026, 342.751656, 693.215232, 340.632450, 
            693.215232, 338.513245, 695.334437, 336.394040, 
            697.453642, 336.394040, 699.572848, 334.274834, 
            699.572848, 334.274834, 701.692053, 332.155629, 
            701.692053, 332.155629, 703.811258, 332.155629, 
            705.930464, 330.036424, 708.049669, 330.036424, 
            710.168874, 330.036424, 712.288079, 330.036424, 
            714.407285, 330.036424, 716.526490, 332.155629, 
            716.526490, 332.155629, 718.645695, 334.274834, 
            718.645695, 419.043046, 716.526490, 421.162252, 
            716.526490, 423.281457, 712.288079, 425.400662, 
            712.288079, 427.519868, 710.168874, 429.639073, 
            705.930464, 429.639073, 701.692053, 431.758278, 
            699.572848, 431.758278, 697.453642, 431.758278, 
            695.334437, 433.877483, 693.215232, 433.877483, 
            691.096026, 433.877483, 688.976821, 433.877483, 
            686.857616, 433.877483, 684.738411, 433.877483, 
            682.619205, 433.877483, 680.500000, 433.877483, 
            676.261589, 431.758278, 676.261589, 429.639073, 
            674.142384, 427.519868, 674.142384, 425.400662, 
            672.023179, 423.281457, 669.903974, 423.281457, 
            667.784768, 421.162252, 667.784768, 419.043046, 
            665.665563, 416.923841, 665.665563, 414.804636, 
            665.665563, 412.685430, 665.665563, 410.566225, 
            667.784768, 408.447020, 669.903974, 406.327815, 
            672.023179, 404.208609, 674.142384, 399.970199, 
            676.261589, 399.970199, 678.380795, 397.850993, 
            678.380795, 397.850993, 680.500000, 395.731788, 
            680.500000, 393.612583, 682.619205, 391.493377, 
            684.738411, 387.254967, 684.738411, 385.135762, 
            684.738411, 383.016556, 684.738411, 380.897351, 
            684.738411, 378.778146, 684.738411, 376.658940, 
            682.619205, 374.539735, 680.500000, 374.539735, 
            678.380795, 374.539735, 676.261589, 374.539735, 
            674.142384, 374.539735, 672.023179, -1.000000, 
            -1.000000, -1.000000, -1.000000, 762.354305, 
            226.990066, 762.354305, 229.109272, 760.235099, 
            229.109272, 758.115894, 229.109272, 755.996689, 
            229.109272, 753.877483, 231.228477, 751.758278, 
            231.228477, 749.639073, 231.228477, 747.519868, 
            231.228477, 745.400662, 233.347682, 743.281457, 
            233.347682, 741.162252, 233.347682, 739.043046, 
            233.347682, 736.923841, 233.347682, 734.804636, 
            233.347682, 732.685430, 233.347682, 730.566225, 
            235.466887, 728.447020, 235.466887, 726.327815, 
            235.466887, 724.208609, 235.466887, 722.089404, 
            235.466887, 719.970199, 235.466887, 717.850993, 
            237.586093, 715.731788, 237.586093, 713.612583, 
            237.586093, 711.493377, 239.705298, 709.374172, 
            241.824503, 705.135762, 241.824503, 703.016556, 
            243.943709, 698.778146, 243.943709, 694.539735, 
            246.062914, 692.420530, 248.182119, 690.301325, 
            248.182119, 688.182119, 248.182119, 686.062914, 
            250.301325, 683.943709, 250.301325, 683.943709, 
            252.420530, 681.824503, 252.420530, 679.705298, 
            254.539735, 677.586093, 256.658940, 675.466887, 
            258.778146, 673.347682, 258.778146, 671.228477, 
            260.897351, 669.109272, 265.135762, 669.109272, 
            267.254967, 669.109272, 271.493377, 666.990066, 
            273.612583, 666.990066, 275.731788, 664.870861, 
            277.850993, 662.751656, 282.089404, 662.751656, 
            284.208609, 660.632450, 286.327815, 660.632450, 
            288.447020, 660.632450, 290.566225, 658.513245, 
            292.685430, 658.513245, 294.804636, 658.513245, 
            296.923841, 656.394040, 299.043046, 656.394040, 
            301.162252, 654.274834, 303.281457, 652.155629, 
            307.519868, 650.036424, 307.519868, 650.036424, 
            309.639073, 647.917219, 309.639073, 645.798013, 
            311.758278, 643.678808, 311.758278, 641.559603, 
            311.758278, 639.440397, 313.877483, 637.321192, 
            313.877483, 633.082781, 313.877483, 630.963576, 
            315.996689, 626.725166, 315.996689, 624.605960, 
            315.996689, 622.486755, 318.115894, 620.367550, 
            318.115894, 618.248344, 318.115894, 616.129139, 
            318.115894, 611.890728, 322.354305, 609.771523, 
            326.592715, 607.652318, 326.592715, 607.652318, 
            328.711921, 607.652318, 330.831126, 607.652318, 
            332.950331, 607.652318, 335.069536, 607.652318, 
            337.188742, 607.652318, 339.307947, 607.652318, 
            341.427152, 607.652318, 343.546358, 609.771523, 
            343.546358, 611.890728, 343.546358, 614.009934, 
            343.546358, 616.129139, 343.546358, 618.248344, 
            343.546358, 620.367550, 343.546358, 622.486755, 
            343.546358, 624.605960, 343.546358, 626.725166, 
            343.546358, 628.844371, 343.546358, 630.963576, 
            343.546358, 633.082781, 343.546358, 633.082781, 
            345.665563, 635.201987, 345.665563, 637.321192, 
            345.665563, 639.440397, 345.665563, 641.559603, 
            347.784768, 643.678808, 349.903974, 645.798013, 
            349.903974, 647.917219, 349.903974, 650.036424, 
            349.903974, 650.036424, 352.023179, 652.155629, 
            352.023179, 654.274834, 352.023179, 656.394040, 
            352.023179, 658.513245, 352.023179, 662.751656, 
            352.023179, 666.990066, 352.023179, 671.228477, 
            352.023179, 673.347682, 352.023179, 675.466887, 
            352.023179, 677.586093, 352.023179, 679.705298, 
            352.023179, 681.824503, 352.023179, 683.943709, 
            352.023179, 686.062914, 352.023179, 688.182119, 
            352.023179, 690.301325, 352.023179, 692.420530, 
            354.142384, 694.539735, 354.142384, 698.778146, 
            356.261589, 700.897351, 356.261589, 703.016556, 
            356.261589, 707.254967, 356.261589, 709.374172, 
            356.261589, 711.493377, 356.261589, 713.612583, 
            358.380795, 715.731788, 358.380795, 728.447020, 
            358.380795, 732.685430, 358.380795, 734.804636, 
            358.380795, 736.923841, 358.380795, 743.281457, 
            358.380795, 745.400662, 358.380795, 747.519868, 
            358.380795, 751.758278, 356.261589, 753.877483, 
            356.261589, 755.996689, 352.023179, 760.235099, 
            349.903974, 762.354305, 347.784768, 762.354305, 
            345.665563, 762.354305, 343.546358, 762.354305, 
            341.427152, 762.354305, 339.307947, 762.354305, 
            335.069536, 762.354305, 332.950331, 762.354305, 
            330.831126, 762.354305, 328.711921, 762.354305, 
            324.473510, 762.354305, 320.235099, 762.354305, 
            318.115894, 762.354305, 315.996689, 762.354305, 
            313.877483, 762.354305, 311.758278, 764.473510, 
