%YAML:1.0
    mask: !!opencv-matrix
        rows: 504
        cols: 2
        dt: f
        data: [ 440.582474, 714.809278, 447.180412, 
            713.489691, 456.417526, 710.850515, 459.056701, 
            709.530928, 460.376289, 709.530928, 461.695876, 
            706.891753, 461.695876, 702.932990, 465.654639, 
            697.654639, 477.530928, 683.139175, 480.170103, 
            683.139175, 485.448454, 680.500000, 485.448454, 
            679.180412, 486.768041, 679.180412, 486.768041, 
            677.860825, 486.768041, 675.221649, 488.087629, 
            673.902062, 489.407216, 668.623711, 490.726804, 
            663.345361, 490.726804, 662.025773, 490.726804, 
            659.386598, 490.726804, 658.067010, 492.046392, 
            656.747423, 492.046392, 655.427835, 492.046392, 
            652.788660, 492.046392, 651.469072, 493.365979, 
            650.149485, 493.365979, 647.510309, 493.365979, 
            646.190722, 493.365979, 642.231959, 493.365979, 
            640.912371, 493.365979, 638.273196, 488.087629, 
            635.634021, 486.768041, 634.314433, 485.448454, 
            634.314433, 484.128866, 634.314433, 482.809278, 
            634.314433, 481.489691, 634.314433, 480.170103, 
            635.634021, 478.850515, 635.634021, 473.572165, 
            636.953608, 472.252577, 636.953608, 470.932990, 
            638.273196, 464.335052, 640.912371, 463.015464, 
            640.912371, 461.695876, 642.231959, 460.376289, 
            642.231959, 451.139175, 647.510309, 448.500000, 
            648.829897, 439.262887, 654.108247, 435.304124, 
            658.067010, 432.664948, 659.386598, 423.427835, 
            667.304124, 418.149485, 672.582474, 412.871134, 
            676.541237, 408.912371, 679.180412, 406.273196, 
            681.819588, 402.314433, 685.778351, 397.036082, 
            688.417526, 394.396907, 689.737113, 389.118557, 
            695.015464, 386.479381, 696.335052, 385.159794, 
            697.654639, 383.840206, 697.654639, 382.520619, 
            698.974227, 379.881443, 700.293814, 378.561856, 
            700.293814, 378.561856, 701.613402, 374.603093, 
            701.613402, 373.283505, 702.932990, 371.963918, 
            702.932990, 370.644330, 702.932990, 364.046392, 
            702.932990, 352.170103, 702.932990, 345.572165, 
            702.932990, 344.252577, 702.932990, 344.252577, 
            701.613402, 342.932990, 701.613402, 340.293814, 
            700.293814, 337.654639, 697.654639, 332.376289, 
            691.056701, 332.376289, 688.417526, 327.097938, 
            684.458763, 323.139175, 679.180412, 323.139175, 
            676.541237, 319.180412, 671.262887, 317.860825, 
            668.623711, 315.221649, 665.984536, 312.582474, 
            665.984536, 304.664948, 665.984536, 299.386598, 
            665.984536, 296.747423, 665.984536, 294.108247, 
            665.984536, 291.469072, 665.984536, 286.190722, 
            665.984536, 284.871134, 665.984536, 280.912371, 
            668.623711, 275.634021, 675.221649, 271.675258, 
            681.819588, 269.036082, 687.097938, 267.716495, 
            691.056701, 265.077320, 693.695876, 265.077320, 
            695.015464, 263.757732, 697.654639, 262.438144, 
            698.974227, 261.118557, 705.572165, 261.118557, 
            706.891753, 261.118557, 708.211340, 261.118557, 
            709.530928, 261.118557, 712.170103, 261.118557, 
            713.489691, -1.000000, -1.000000, 584.417526, 
            718.768041, 584.417526, 713.489691, 584.417526, 
            709.530928, 583.097938, 698.974227, 577.819588, 
            693.695876, 577.819588, 692.376289, 576.500000, 
            689.737113, 576.500000, 688.417526, 575.180412, 
            688.417526, 575.180412, 685.778351, 575.180412, 
            684.458763, 573.860825, 684.458763, 573.860825, 
            681.819588, 573.860825, 680.500000, 573.860825, 
            676.541237, 573.860825, 675.221649, 573.860825, 
            671.262887, 573.860825, 664.664948, 573.860825, 
            663.345361, 575.180412, 659.386598, 579.139175, 
            656.747423, 580.458763, 655.427835, 583.097938, 
            652.788660, 584.417526, 651.469072, 587.056701, 
            650.149485, 588.376289, 650.149485, 591.015464, 
            647.510309, 592.335052, 646.190722, 594.974227, 
            646.190722, 596.293814, 646.190722, 597.613402, 
            646.190722, 598.932990, 646.190722, 600.252577, 
            646.190722, 606.850515, 654.108247, 610.809278, 
            658.067010, 613.448454, 660.706186, 613.448454, 
            662.025773, 616.087629, 664.664948, 617.407216, 
            665.984536, 620.046392, 669.943299, 625.324742, 
            677.860825, 634.561856, 691.056701, 635.881443, 
            692.376289, 639.840206, 697.654639, 641.159794, 
            697.654639, 642.479381, 700.293814, 643.798969, 
            701.613402, 645.118557, 702.932990, 649.077320, 
            705.572165, 650.396907, 706.891753, 655.675258, 
            709.530928, 659.634021, 710.850515, 662.273196, 
            712.170103, 663.592784, 713.489691, 666.231959, 
            713.489691, 667.551546, 714.809278, 668.871134, 
            714.809278, 668.871134, 716.128866, 675.469072, 
            717.448454, 675.469072, 718.768041, 678.108247, 
            718.768041, 695.262887, 714.809278, 697.902062, 
            710.850515, 699.221649, 706.891753, 701.860825, 
            701.613402, 703.180412, 697.654639, 705.819588, 
            693.695876, 707.139175, 692.376289, 708.458763, 
            691.056701, 709.778351, 689.737113, 711.097938, 
            689.737113, 711.097938, 687.097938, 712.417526, 
            685.778351, 712.417526, 684.458763, 713.737113, 
            684.458763, 715.056701, 684.458763, 716.376289, 
            683.139175, 717.695876, 683.139175, 719.015464, 
            683.139175, 720.335052, 685.778351, 721.654639, 
            687.097938, 725.613402, 689.737113, 728.252577, 
            691.056701, 730.891753, 695.015464, 734.850515, 
            698.974227, 734.850515, 701.613402, 734.850515, 
            702.932990, 736.170103, 702.932990, 736.170103, 
            706.891753, 737.489691, 706.891753, 737.489691, 
            708.211340, 738.809278, 709.530928, 738.809278, 
            712.170103, 740.128866, 714.809278, 740.128866, 
            716.128866, 740.128866, 717.448454, 741.448454, 
            718.768041, -1.000000, -1.000000, 726.932990, 
            128.912371, 720.335052, 128.912371, 715.056701, 
            128.912371, 708.458763, 128.912371, 707.139175, 
            128.912371, 704.500000, 128.912371, 703.180412, 
            130.231959, 697.902062, 131.551546, 696.582474, 
            131.551546, 693.943299, 131.551546, 689.984536, 
            132.871134, 684.706186, 135.510309, 682.067010, 
            135.510309, 676.788660, 136.829897, 672.829897, 
            139.469072, 666.231959, 142.108247, 664.912371, 
            143.427835, 660.953608, 146.067010, 656.994845, 
            148.706186, 653.036082, 150.025773, 650.396907, 
            151.345361, 650.396907, 153.984536, 647.757732, 
            155.304124, 646.438144, 156.623711, 646.438144, 
            157.943299, 645.118557, 160.582474, 645.118557, 
            161.902062, 645.118557, 163.221649, 643.798969, 
            164.541237, 643.798969, 167.180412, 643.798969, 
            168.500000, 642.479381, 168.500000, 642.479381, 
            169.819588, 642.479381, 171.139175, 643.798969, 
            171.139175, 645.118557, 172.458763, 646.438144, 
            173.778351, 651.716495, 173.778351, 653.036082, 
            173.778351, 655.675258, 173.778351, 659.634021, 
            173.778351, 660.953608, 173.778351, 663.592784, 
            173.778351, 664.912371, 173.778351, 670.190722, 
            172.458763, 675.469072, 172.458763, 679.427835, 
            172.458763, 679.427835, 173.778351, 678.108247, 
