%YAML:1.0
    mask: !!opencv-matrix
        rows: 268
        cols: 2
        dt: f
        data: [ -1.000000, -1.000000, -1.000000, 
            -1.000000, 653.036082, 316.293814, 659.634021, 
            321.572165, 660.953608, 322.891753, 666.231959, 
            328.170103, 670.190722, 330.809278, 671.510309, 
            332.128866, 671.510309, 334.768041, 674.149485, 
            337.407216, 676.788660, 337.407216, 678.108247, 
            338.726804, 682.067010, 338.726804, 686.025773, 
            340.046392, 691.304124, 341.365979, 693.943299, 
            342.685567, 696.582474, 344.005155, 703.180412, 
            346.644330, 705.819588, 346.644330, 708.458763, 
            347.963918, 712.417526, 349.283505, 713.737113, 
            349.283505, 717.695876, 351.922680, 720.335052, 
            353.242268, 724.293814, 354.561856, 728.252577, 
            357.201031, 730.891753, 359.840206, 733.530928, 
            359.840206, 736.170103, 361.159794, 737.489691, 
            361.159794, 740.128866, 361.159794, 742.768041, 
            361.159794, 745.407216, 361.159794, 748.046392, 
            361.159794, 752.005155, 361.159794, 758.603093, 
            358.520619, 763.881443, 357.201031, 767.840206, 
            355.881443, 773.118557, 353.242268, 778.396907, 
            351.922680, 788.953608, 346.644330, 790.273196, 
            345.324742, 792.912371, 344.005155, 796.871134, 
            342.685567, 803.469072, 341.365979, 804.788660, 
            341.365979, 804.788660, 340.046392, 808.747423, 
            338.726804, 810.067010, 338.726804, 812.706186, 
            337.407216, 814.025773, 336.087629, 817.984536, 
            328.170103, 820.623711, 324.211340, 823.262887, 
            321.572165, 823.262887, 317.613402, 824.582474, 
            316.293814, 825.902062, 314.974227, 827.221649, 
            313.654639, 831.180412, 304.417526, 833.819588, 
            301.778351, 835.139175, 297.819588, 835.139175, 
            296.500000, 835.139175, 293.860825, 835.139175, 
            289.902062, 835.139175, 285.943299, 835.139175, 
            283.304124, 835.139175, 280.664948, 833.819588, 
            276.706186, 831.180412, 276.706186, 828.541237, 
            272.747423, 824.582474, 271.427835, 820.623711, 
            268.788660, 816.664948, 266.149485, 812.706186, 
            263.510309, 810.067010, 262.190722, 806.108247, 
            260.871134, 804.788660, 260.871134, 802.149485, 
            260.871134, 799.510309, 260.871134, 795.551546, 
            260.871134, 792.912371, 260.871134, 791.592784, 
            260.871134, 784.994845, 260.871134, 779.716495, 
            262.190722, 775.757732, 263.510309, 765.201031, 
            268.788660, 759.922680, 270.108247, 755.963918, 
            270.108247, 748.046392, 270.108247, 745.407216, 
            271.427835, 741.448454, 271.427835, 738.809278, 
            272.747423, 736.170103, 272.747423, 732.211340, 
            272.747423, 728.252577, 272.747423, 724.293814, 
            274.067010, 721.654639, 274.067010, 719.015464, 
            275.386598, 717.695876, 275.386598, 717.695876, 
            276.706186, -1.000000, -1.000000, 386.479381, 
            271.427835, 386.479381, 279.345361, 386.479381, 
            281.984536, 385.159794, 284.623711, 382.520619, 
            291.221649, 379.881443, 296.500000, 378.561856, 
            299.139175, 377.242268, 300.458763, 377.242268, 
            301.778351, 374.603093, 303.097938, 374.603093, 
            304.417526, 368.005155, 307.056701, 366.685567, 
            309.695876, 365.365979, 311.015464, 364.046392, 
            311.015464, 364.046392, 312.335052, 362.726804, 
            313.654639, 361.407216, 314.974227, 361.407216, 
            316.293814, 360.087629, 317.613402, 358.768041, 
            318.932990, 358.768041, 320.252577, 358.768041, 
            321.572165, 358.768041, 322.891753, 358.768041, 
            324.211340, 360.087629, 328.170103, 361.407216, 
            332.128866, 362.726804, 334.768041, 364.046392, 
            338.726804, 368.005155, 345.324742, 370.644330, 
            351.922680, 371.963918, 353.242268, 371.963918, 
            354.561856, 373.283505, 357.201031, 374.603093, 
            358.520619, 374.603093, 359.840206, 375.922680, 
            361.159794, 378.561856, 366.438144, 379.881443, 
            366.438144, 379.881443, 367.757732, 381.201031, 
            370.396907, 382.520619, 371.716495, 383.840206, 
            373.036082, 385.159794, 374.355670, 386.479381, 
            376.994845, 386.479381, 378.314433, 387.798969, 
            379.634021, 391.757732, 382.273196, 393.077320, 
            384.912371, 394.396907, 384.912371, 394.396907, 
            386.231959, 397.036082, 387.551546, 398.355670, 
            388.871134, 398.355670, 390.190722, 399.675258, 
            390.190722, 403.634021, 391.510309, 408.912371, 
            394.149485, 412.871134, 396.788660, 416.829897, 
            399.427835, 416.829897, 400.747423, 418.149485, 
            400.747423, 420.788660, 403.386598, 422.108247, 
            403.386598, 424.747423, 406.025773, 426.067010, 
            407.345361, 435.304124, 413.943299, 436.623711, 
            415.262887, 437.943299, 416.582474, 439.262887, 
            417.902062, 440.582474, 419.221649, 443.221649, 
            420.541237, 447.180412, 425.819588, 449.819588, 
            427.139175, 452.458763, 428.458763, 453.778351, 
            431.097938, 459.056701, 435.056701, 461.695876, 
            437.695876, 463.015464, 440.335052, 463.015464, 
            441.654639, 464.335052, 441.654639, 465.654639, 
            444.293814, 466.974227, 444.293814, 468.293814, 
            445.613402, 470.932990, 445.613402, 472.252577, 
            445.613402, 473.572165, 445.613402, 474.891753, 
            445.613402, 477.530928, 444.293814, 477.530928, 
            442.974227, 478.850515, 441.654639, 480.170103, 
            441.654639, 480.170103, 440.335052, 481.489691, 
            440.335052, 484.128866, 436.376289, 485.448454, 
            435.056701, 488.087629, 433.737113, 490.726804, 
            432.417526, 493.365979, 432.417526, 494.685567, 
            432.417526, 497.324742, 432.417526, 498.644330, 
            432.417526, 501.283505, 432.417526, 502.603093, 
            432.417526, 505.242268, 432.417526, 506.561856, 
            432.417526, 506.561856, 433.737113, 507.881443, 
            433.737113, 509.201031, 432.417526, 509.201031, 
            431.097938, 510.520619, 428.458763, 511.840206, 
            428.458763, 511.840206, 425.819588, 511.840206, 
            424.500000, 511.840206, 416.582474, 511.840206, 
            412.623711, 511.840206, 411.304124, 511.840206, 
            392.829897, 511.840206, 390.190722, 513.159794, 
            386.231959, 513.159794, 384.912371, 513.159794, 
            380.953608, 513.159794, 378.314433, 514.479381, 
            375.675258, 514.479381, 370.396907, 515.798969, 
            365.118557, 515.798969, 361.159794, 515.798969, 
            357.201031, 515.798969, 353.242268, 515.798969, 
            350.603093, 515.798969, 347.963918, 515.798969, 
            342.685567, 515.798969, 341.365979, 515.798969, 
            337.407216, 514.479381, 336.087629, 511.840206, 
            333.448454, 509.201031, 330.809278, 505.242268, 
            326.850515, 502.603093, 322.891753, 501.283505, 
            318.932990, 499.963918, 317.613402, 497.324742, 
            312.335052, 496.005155, 311.015464, 494.685567, 
            309.695876, 490.726804, 303.097938, 488.087629, 
            299.139175, 485.448454, 293.860825, 484.128866, 
            292.541237, 484.128866, 291.221649, 484.128866, 
            288.582474, 482.809278, 287.262887, 481.489691, 
            281.984536, 480.170103, 279.345361, 480.170103, 
            278.025773, 477.530928, 275.386598, 472.252577, 
            268.788660, 470.932990, 267.469072, 466.974227, 
            260.871134, 464.335052, 259.551546, 463.015464, 
