%YAML:1.0
    mask: !!opencv-matrix
        rows: 287
        cols: 2
        dt: f
        data: [ -1.000000, -1.000000, -1.000000, 
            -1.000000, 601.572165, 322.891753, 606.850515, 
            313.654639, 617.407216, 305.737113, 626.644330, 
            295.180412, 631.922680, 288.582474, 643.798969, 
            276.706186, 647.757732, 274.067010, 655.675258, 
            267.469072, 662.273196, 260.871134, 666.231959, 
            258.231959, 671.510309, 252.953608, 684.706186, 
            234.479381, 688.664948, 230.520619, 692.623711, 
            227.881443, 696.582474, 226.561856, 704.500000, 
            223.922680, 711.097938, 222.603093, 713.737113, 
            221.283505, 716.376289, 219.963918, 719.015464, 
            219.963918, 724.293814, 219.963918, 729.572165, 
            219.963918, 730.891753, 219.963918, 734.850515, 
            219.963918, 738.809278, 219.963918, 745.407216, 
            221.283505, 750.685567, 223.922680, 757.283505, 
            227.881443, 762.561856, 234.479381, 765.201031, 
            242.396907, 766.520619, 247.675258, 767.840206, 
            250.314433, 767.840206, 252.953608, 769.159794, 
            256.912371, 769.159794, 263.510309, 770.479381, 
            274.067010, 770.479381, 278.025773, 770.479381, 
            300.458763, 769.159794, 303.097938, 767.840206, 
            313.654639, 765.201031, 322.891753, 765.201031, 
            326.850515, 763.881443, 332.128866, 758.603093, 
            346.644330, 758.603093, 350.603093, 749.365979, 
            367.757732, 748.046392, 371.716495, 745.407216, 
            374.355670, 744.087629, 378.314433, 742.768041, 
            379.634021, 741.448454, 384.912371, 740.128866, 
            386.231959, 736.170103, 391.510309, 736.170103, 
            392.829897, 734.850515, 395.469072, 733.530928, 
            396.788660, 732.211340, 398.108247, 730.891753, 
            399.427835, 729.572165, 400.747423, 728.252577, 
            400.747423, 725.613402, 404.706186, 721.654639, 
            407.345361, 720.335052, 408.664948, 719.015464, 
            408.664948, 719.015464, 409.984536, 717.695876, 
            409.984536, 712.417526, 409.984536, 705.819588, 
            409.984536, 703.180412, 409.984536, 700.541237, 
            409.984536, 696.582474, 412.623711, 695.262887, 
            412.623711, 687.345361, 415.262887, 682.067010, 
            415.262887, 676.788660, 416.582474, 667.551546, 
            416.582474, 660.953608, 416.582474, 655.675258, 
            416.582474, 654.355670, 416.582474, 647.757732, 
            420.541237, 646.438144, 421.860825, 645.118557, 
            423.180412, 643.798969, 424.500000, 642.479381, 
            424.500000, 642.479381, 421.860825, 642.479381, 
            417.902062, 643.798969, 407.345361, 645.118557, 
            402.067010, 647.757732, 394.149485, 654.355670, 
            383.592784, 656.994845, 379.634021, 666.231959, 
            365.118557, 671.510309, 359.840206, 674.149485, 
            351.922680, 676.788660, 345.324742, 678.108247, 
            341.365979, 678.108247, 332.128866, 679.427835, 
            326.850515, 682.067010, 320.252577, 683.386598, 
            314.974227, 683.386598, 308.376289, 683.386598, 
            304.417526, 682.067010, 299.139175, 679.427835, 
            297.819588, 676.788660, 296.500000, 675.469072, 
            296.500000, 672.829897, 297.819588, 667.551546, 
            308.376289, 663.592784, 321.572165, 656.994845, 
            333.448454, 654.355670, 338.726804, 649.077320, 
            349.283505, 649.077320, 350.603093, 647.757732, 
            354.561856, 645.118557, 362.479381, 642.479381, 
            370.396907, 638.520619, 374.355670, 637.201031, 
            376.994845, 633.242268, 382.273196, 631.922680, 
            384.912371, 630.603093, 388.871134, 629.283505, 
            390.190722, 626.644330, 392.829897, 625.324742, 
            395.469072, 622.685567, 398.108247, 621.365979, 
            394.149485, 621.365979, 387.551546, 621.365979, 
            384.912371, 621.365979, 375.675258, 621.365979, 
            373.036082, 624.005155, 365.118557, 630.603093, 
            349.283505, 631.922680, 344.005155, 634.561856, 
            336.087629, 635.881443, 330.809278, 638.520619, 
            326.850515, 638.520619, 325.530928, 637.201031, 
            325.530928, 630.603093, 325.530928, 624.005155, 
            326.850515, 620.046392, 328.170103, 612.128866, 
            333.448454, 609.489691, 336.087629, 606.850515, 
            337.407216, 606.850515, 336.087629, 606.850515, 
            333.448454, 606.850515, 325.530928, 606.850515, 
            317.613402, 609.489691, 314.974227, -1.000000, 
            -1.000000, 291.469072, 185.654639, 284.871134, 
            185.654639, 270.355670, 188.293814, 257.159794, 
            190.932990, 253.201031, 192.252577, 241.324742, 
            198.850515, 238.685567, 200.170103, 234.726804, 
            205.448454, 232.087629, 206.768041, 229.448454, 
            210.726804, 226.809278, 216.005155, 225.489691, 
            217.324742, 221.530928, 223.922680, 217.572165, 
            226.561856, 212.293814, 234.479381, 210.974227, 
            235.798969, 203.056701, 256.912371, 203.056701, 
            260.871134, 201.737113, 274.067010, 201.737113, 
            292.541237, 201.737113, 297.819588, 201.737113, 
            307.056701, 200.417526, 317.613402, 200.417526, 
            321.572165, 200.417526, 328.170103, 200.417526, 
            336.087629, 197.778351, 342.685567, 197.778351, 
            351.922680, 197.778351, 353.242268, 197.778351, 
            354.561856, 197.778351, 358.520619, 204.376289, 
            366.438144, 207.015464, 370.396907, 212.293814, 
            378.314433, 214.932990, 383.592784, 220.211340, 
            391.510309, 224.170103, 396.788660, 228.128866, 
            400.747423, 234.726804, 404.706186, 240.005155, 
            408.664948, 243.963918, 409.984536, 249.242268, 
            409.984536, 251.881443, 409.984536, 255.840206, 
            409.984536, 259.798969, 409.984536, 270.355670, 
            409.984536, 278.273196, 409.984536, 282.231959, 
            409.984536, 286.190722, 408.664948, 286.190722, 
            407.345361, 287.510309, 402.067010, 287.510309, 
            399.427835, 287.510309, 392.829897, 283.551546, 
            386.231959, 275.634021, 376.994845, 270.355670, 
            369.077320, 269.036082, 365.118557, 267.716495, 
            359.840206, 267.716495, 353.242268, 266.396907, 
            347.963918, 266.396907, 344.005155, 266.396907, 
            337.407216, 266.396907, 332.128866, 266.396907, 
            328.170103, 267.716495, 324.211340, 271.675258, 
            322.891753, 272.994845, 322.891753, 274.314433, 
            322.891753, 276.953608, 324.211340, 279.592784, 
            328.170103, 283.551546, 334.768041, 286.190722, 
            338.726804, 290.149485, 342.685567, 295.427835, 
            349.283505, 295.427835, 351.922680, 298.067010, 
            355.881443, 303.345361, 361.159794, 305.984536, 
            363.798969, 311.262887, 366.438144, 312.582474, 
            366.438144, 313.902062, 366.438144, 315.221649, 
            366.438144, 316.541237, 366.438144, 317.860825, 
            363.798969, 317.860825, 357.201031, 317.860825, 
            351.922680, 316.541237, 340.046392, 312.582474, 
            333.448454, 311.262887, 329.489691, 311.262887, 
            328.170103, 308.623711, 324.211340, 308.623711, 
            322.891753, 308.623711, 313.654639, 308.623711, 
            309.695876, 312.582474, 300.458763, 313.902062, 
            297.819588, 313.902062, 296.500000, 315.221649, 
            295.180412, 320.500000, 295.180412, 321.819588, 
            295.180412, 321.819588, 296.500000, 324.458763, 
            300.458763, 327.097938, 307.056701, 327.097938, 
            314.974227, 328.417526, 316.293814, 328.417526, 
            318.932990, 328.417526, 321.572165, 329.737113, 
