%YAML:1.0
    mask: !!opencv-matrix
        rows: 1318
        cols: 2
        dt: f
        data: [ 354.586957, 716.673913, 355.978261, 
            716.673913, 357.369565, 715.282609, 358.760870, 
            713.891304, 360.152174, 713.891304, 360.152174, 
            712.500000, 360.152174, 711.108696, 361.543478, 
            709.717391, 362.934783, 708.326087, 362.934783, 
            706.934783, 364.326087, 705.543478, 364.326087, 
            704.152174, 364.326087, 702.760870, 364.326087, 
            699.978261, 365.717391, 699.978261, 365.717391, 
            698.586957, 365.717391, 697.195652, 365.717391, 
            695.804348, 365.717391, 694.413043, 365.717391, 
            693.021739, 365.717391, 691.630435, 365.717391, 
            690.239130, 367.108696, 688.847826, 367.108696, 
            687.456522, 368.500000, 687.456522, 368.500000, 
            686.065217, 369.891304, 686.065217, 371.282609, 
            686.065217, 372.673913, 686.065217, 374.065217, 
            684.673913, 375.456522, 684.673913, 376.847826, 
            684.673913, 378.239130, 683.282609, 381.021739, 
            683.282609, 383.804348, 681.891304, 385.195652, 
            681.891304, 386.586957, 681.891304, 387.978261, 
            681.891304, 389.369565, 681.891304, 392.152174, 
            681.891304, 393.543478, 681.891304, 396.326087, 
            681.891304, 397.717391, 681.891304, 400.500000, 
            680.500000, 404.673913, 680.500000, 407.456522, 
            680.500000, 413.021739, 679.108696, 414.413043, 
            679.108696, 415.804348, 679.108696, 418.586957, 
            679.108696, 419.978261, 679.108696, 422.760870, 
            679.108696, 424.152174, 679.108696, 426.934783, 
            679.108696, 428.326087, 679.108696, 431.108696, 
            679.108696, 432.500000, 679.108696, 435.282609, 
            679.108696, 436.673913, 679.108696, 439.456522, 
            679.108696, 440.847826, 679.108696, 442.239130, 
            679.108696, 443.630435, 679.108696, 445.021739, 
            679.108696, 445.021739, 677.717391, 447.804348, 
            677.717391, 449.195652, 677.717391, 450.586957, 
            677.717391, 451.978261, 676.326087, 453.369565, 
            676.326087, 454.760870, 674.934783, 454.760870, 
            673.543478, 456.152174, 673.543478, 457.543478, 
            673.543478, 458.934783, 673.543478, 460.326087, 
            673.543478, 461.717391, 673.543478, 463.108696, 
            673.543478, 464.500000, 673.543478, 465.891304, 
            673.543478, 465.891304, 674.934783, 467.282609, 
            674.934783, 467.282609, 676.326087, 467.282609, 
            677.717391, 467.282609, 679.108696, 467.282609, 
            680.500000, 467.282609, 681.891304, 465.891304, 
            683.282609, 464.500000, 684.673913, 464.500000, 
            686.065217, 464.500000, 687.456522, 463.108696, 
            687.456522, 461.717391, 690.239130, 460.326087, 
            691.630435, 460.326087, 693.021739, 458.934783, 
            694.413043, 458.934783, 695.804348, 457.543478, 
            698.586957, 456.152174, 699.978261, 456.152174, 
            701.369565, 456.152174, 702.760870, 454.760870, 
            704.152174, 454.760870, 705.543478, 453.369565, 
            708.326087, 450.586957, 711.108696, 450.586957, 
            712.500000, 449.195652, 713.891304, 447.804348, 
            716.673913, 446.413043, 719.456522, -1.000000, 
            -1.000000, 930.586957, 718.065217, 927.804348, 
            718.065217, 926.413043, 718.065217, 925.021739, 
            718.065217, 923.630435, 718.065217, 922.239130, 
            718.065217, 920.847826, 718.065217, 919.456522, 
            718.065217, 918.065217, 719.456522, 915.282609, 
            719.456522, 913.891304, 719.456522, 912.500000, 
            719.456522, 663.456522, 719.456522, 662.065217, 
            718.065217, 662.065217, 715.282609, 660.673913, 
            713.891304, 660.673913, 712.500000, 659.282609, 
            711.108696, 659.282609, 709.717391, 659.282609, 
            708.326087, 659.282609, 706.934783, 657.891304, 
            705.543478, 657.891304, 702.760870, 656.500000, 
            702.760870, 655.108696, 701.369565, 655.108696, 
            699.978261, 653.717391, 698.586957, 653.717391, 
            697.195652, 652.326087, 695.804348, 650.934783, 
            695.804348, 650.934783, 694.413043, 649.543478, 
            691.630435, 648.152174, 690.239130, 646.760870, 
            688.847826, 646.760870, 687.456522, 646.760870, 
            686.065217, 643.978261, 683.282609, 642.586957, 
            680.500000, 642.586957, 679.108696, 642.586957, 
            677.717391, 642.586957, 676.326087, 641.195652, 
            676.326087, 641.195652, 674.934783, 641.195652, 
            673.543478, 638.413043, 672.152174, 638.413043, 
            670.760870, 638.413043, 669.369565, 637.021739, 
            667.978261, 637.021739, 666.586957, 635.630435, 
            663.804348, 634.239130, 662.413043, 632.847826, 
            661.021739, 632.847826, 659.630435, 632.847826, 
            658.239130, 631.456522, 658.239130, 630.065217, 
            656.847826, 630.065217, 655.456522, 628.673913, 
            655.456522, 627.282609, 654.065217, 627.282609, 
            651.282609, 625.891304, 651.282609, 625.891304, 
            649.891304, 624.500000, 648.500000, 623.108696, 
            645.717391, 621.717391, 645.717391, 621.717391, 
            641.543478, 620.326087, 640.152174, 620.326087, 
            638.760870, 617.543478, 635.978261, 617.543478, 
            634.586957, 616.152174, 633.195652, 614.760870, 
            633.195652, 614.760870, 631.804348, 613.369565, 
            631.804348, 610.586957, 629.021739, 609.195652, 
            629.021739, 607.804348, 627.630435, 606.413043, 
            627.630435, 605.021739, 627.630435, 603.630435, 
            624.847826, 602.239130, 624.847826, 600.847826, 
            624.847826, 599.456522, 624.847826, 598.065217, 
            623.456522, 596.673913, 623.456522, 592.500000, 
            620.673913, 589.717391, 620.673913, 588.326087, 
            619.282609, 586.934783, 619.282609, 585.543478, 
            619.282609, 584.152174, 617.891304, 581.369565, 
            616.500000, 579.978261, 616.500000, 577.195652, 
            615.108696, 575.804348, 615.108696, 574.413043, 
            613.717391, 573.021739, 613.717391, 571.630435, 
            613.717391, 570.239130, 612.326087, 568.847826, 
            612.326087, 567.456522, 612.326087, 566.065217, 
            610.934783, 564.673913, 610.934783, 563.282609, 
            610.934783, 561.891304, 608.152174, 560.500000, 
            606.760870, 559.108696, 606.760870, 559.108696, 
            605.369565, 559.108696, 603.978261, 557.717391, 
            602.586957, 556.326087, 601.195652, 554.934783, 
            599.804348, 553.543478, 598.413043, 552.152174, 
            598.413043, 550.760870, 597.021739, 549.369565, 
            595.630435, 547.978261, 594.239130, 546.586957, 
            592.847826, 546.586957, 591.456522, 546.586957, 
            590.065217, 546.586957, 587.282609, 546.586957, 
            584.500000, 546.586957, 583.108696, 546.586957, 
            581.717391, 546.586957, 580.326087, 547.978261, 
            578.934783, 549.369565, 577.543478, 550.760870, 
            574.760870, 552.152174, 574.760870, 553.543478, 
            574.760870, 556.326087, 574.760870, 556.326087, 
            573.369565, 557.717391, 573.369565, 560.500000, 
            573.369565, 560.500000, 571.978261, 563.282609, 
            571.978261, 564.673913, 570.586957, 567.456522, 
            570.586957, 568.847826, 570.586957, 570.239130, 
            570.586957, 573.021739, 569.195652, 574.413043, 
            569.195652, 575.804348, 569.195652, 577.195652, 
            567.804348, 578.586957, 567.804348, 579.978261, 
            567.804348, 581.369565, 567.804348, 582.760870, 
