%YAML:1.0
    mask: !!opencv-matrix
        rows: 922
        cols: 2
        dt: f
        data: [ 7.150679, 716.567146, 7.150679, 
            714.520783, 7.150679, 712.474420, 8.173861, 
            705.312150, 8.173861, 698.149880, 8.173861, 
            694.057154, 8.173861, 693.033973, 8.173861, 
            688.941247, 8.173861, 686.894884, 8.173861, 
            683.825340, 8.173861, 680.755795, 8.173861, 
            675.639888, 7.150679, 668.477618, 7.150679, 
            661.315348, 7.150679, 660.292166, 7.150679, 
            657.222622, 7.150679, 656.199440, 7.150679, 
            653.129896, 7.150679, 652.106715, 7.150679, 
            646.990807, 7.150679, 644.944444, 7.150679, 
            643.921263, 7.150679, 640.851719, 7.150679, 
            639.828537, 7.150679, 635.735811, 7.150679, 
            634.712630, 7.150679, 630.619904, 7.150679, 
            626.527178, 8.173861, 620.388090, 8.173861, 
            616.295364, 8.173861, 614.249001, 9.197042, 
            613.225819, 9.197042, 609.133094, 9.197042, 
            608.109912, 9.197042, 605.040368, 9.197042, 
            604.017186, 11.243405, 600.947642, 11.243405, 
            597.878098, 12.266587, 594.808553, 13.289768, 
            590.715827, 13.289768, 587.646283, 13.289768, 
            586.623102, 14.312950, 581.507194, 15.336131, 
            578.437650, 16.359313, 574.344924, 18.405675, 
            567.182654, 19.428857, 562.066747, 20.452038, 
            560.020384, 23.521583, 549.788569, 24.544764, 
            547.742206, 25.567946, 542.626299, 27.614309, 
            540.579936, 29.660671, 536.487210, 30.683853, 
            536.487210, 33.753397, 531.371303, 35.799760, 
            529.324940, 37.846123, 527.278577, 38.869305, 
            526.255396, 41.938849, 524.209033, 42.962030, 
            523.185851, 43.985212, 523.185851, 45.008393, 
            522.162670, 46.031575, 522.162670, 47.054756, 
            521.139488, 48.077938, 521.139488, 51.147482, 
            520.116307, 56.263389, 519.093125, 60.356115, 
            517.046763, 64.448841, 516.023581, 68.541567, 
            515.000400, 71.611111, 512.954037, 75.703837, 
            511.930855, 75.703837, 510.907674, 78.773381, 
            510.907674, 79.796563, 510.907674, 83.889289, 
            508.861311, 86.958833, 507.838129, 87.982014, 
            507.838129, 91.051559, 506.814948, 93.097922, 
            506.814948, 96.167466, 505.791767, 97.190647, 
            505.791767, 100.260192, 505.791767, 100.260192, 
            504.768585, 104.352918, 503.745404, 106.399281, 
            503.745404, 113.561551, 501.699041, 114.584732, 
            501.699041, 122.770184, 499.652678, 129.932454, 
            497.606315, 133.001998, 497.606315, 138.117906, 
            495.559952, 146.303357, 493.513589, 151.419265, 
            491.467226, 155.511990, 489.420863, 160.627898, 
            488.397682, 162.674261, 487.374500, 167.790168, 
            486.351319, 168.813349, 486.351319, 172.906075, 
            483.281775, 175.975620, 482.258593, 180.068345, 
            481.235412, 184.161071, 479.189049, 185.184253, 
            479.189049, 190.300160, 478.165867, 196.439249, 
            476.119504, 202.578337, 474.073141, 210.763789, 
            472.026779, 215.879696, 469.980416, 218.949241, 
            468.957234, 226.111511, 467.934053, 229.181055, 
            466.910871, 230.204237, 466.910871, 232.250600, 
            466.910871, 234.296962, 466.910871, 238.389688, 
            466.910871, 241.459233, 466.910871, 242.482414, 
            466.910871, 246.575140, 466.910871, 247.598321, 
            466.910871, 252.714229, 466.910871, 255.783773, 
            466.910871, 257.830136, 466.910871, 263.969225, 
            468.957234, 270.108313, 471.003597, 272.154676, 
            473.049960, 275.224221, 475.096323, 279.316946, 
            476.119504, 284.432854, 479.189049, 288.525580, 
            482.258593, 289.548761, 483.281775, 292.618305, 
            486.351319, 294.664668, 487.374500, 302.850120, 
            493.513589, 304.896483, 494.536771, 312.058753, 
            501.699041, 318.197842, 505.791767, 319.221023, 
            506.814948, 326.383293, 512.954037, 332.522382, 
            517.046763, 334.568745, 519.093125, 340.707834, 
            523.185851, 341.731015, 524.209033, 349.916467, 
            528.301759, 354.009193, 531.371303, 355.032374, 
            532.394484, 358.101918, 534.440847, 358.101918, 
            535.464029, 364.241007, 540.579936, 365.264189, 
            541.603118, 369.356914, 544.672662, 372.426459, 
            548.765388, 374.472822, 549.788569, 375.496003, 
            552.858114, 375.496003, 553.881295, 380.611910, 
            561.043565, 381.635092, 564.113110, 382.658273, 
            565.136291, 383.681455, 570.252198, 384.704636, 
            572.298561, 384.704636, 574.344924, 384.704636, 
            575.368106, 384.704636, 576.391287, 384.704636, 
            578.437650, 384.704636, 580.484013, 383.681455, 
            581.507194, 382.658273, 582.530376, 381.635092, 
            582.530376, 379.588729, 583.553557, 375.496003, 
            584.576739, 372.426459, 584.576739, 372.426459, 
            585.599920, 369.356914, 585.599920, 367.310552, 
            585.599920, 365.264189, 585.599920, 363.217826, 
            585.599920, 363.217826, 586.623102, 361.171463, 
            587.646283, 359.125100, 587.646283, 357.078737, 
            588.669464, 357.078737, 589.692646, 356.055556, 
            590.715827, 356.055556, 594.808553, 356.055556, 
            596.854916, 357.078737, 599.924460, 358.101918, 
            600.947642, 359.125100, 601.970823, 360.148281, 
            604.017186, 361.171463, 605.040368, 362.194644, 
            607.086731, 363.217826, 610.156275, 364.241007, 
            612.202638, 365.264189, 614.249001, 365.264189, 
            616.295364, 365.264189, 619.364908, 365.264189, 
            620.388090, 365.264189, 623.457634, 364.241007, 
            627.550360, 363.217826, 631.643086, 361.171463, 
            633.689448, 358.101918, 636.758993, 358.101918, 
            637.782174, 356.055556, 641.874900, 355.032374, 
            642.898082, 352.986011, 645.967626, 350.939648, 
            649.037170, 350.939648, 650.060352, 348.893285, 
            652.106715, 346.846922, 655.176259, 344.800560, 
            659.268985, 341.731015, 662.338529, 339.684652, 
            665.408074, 336.615108, 667.454436, 332.522382, 
            670.523981, 328.429656, 672.570344, 323.313749, 
            673.593525, 320.244205, 674.616707, 318.197842, 
            674.616707, 316.151479, 674.616707, 313.081934, 
            674.616707, 308.989209, 676.663070, 302.850120, 
            676.663070, 293.641487, 679.732614, 283.409672, 
            681.778977, 277.270584, 682.802158, 275.224221, 
            683.825340, 266.015588, 685.871703, 262.946043, 
            687.918066, 258.853317, 689.964428, 254.760592, 
            692.010791, 253.737410, 692.010791, 251.691047, 
            693.033973, 250.667866, 693.033973, 248.621503, 
            695.080336, 246.575140, 696.103517, 245.551958, 
            697.126699, 244.528777, 698.149880, 243.505596, 
            699.173062, 243.505596, 701.219424, 243.505596, 
            704.288969, 243.505596, 705.312150, 243.505596, 
            706.335332, 243.505596, 707.358513, 243.505596, 
            708.381695, 243.505596, 709.404876, 243.505596, 
            711.451239, 243.505596, 712.474420, -1.000000, 
            -1.000000, 603.665468, 715.543965, 603.665468, 
            714.520783, 603.665468, 713.497602, 603.665468, 
            711.451239, 602.642286, 707.358513, 602.642286, 
            705.312150, 600.595923, 698.149880, 598.549560, 
            694.057154, 598.549560, 693.033973, 597.526379, 
            690.987610, 596.503197, 688.941247, 595.480016, 
            686.894884, 593.433653, 683.825340, 591.387290, 
