%YAML:1.0
    mask: !!opencv-matrix
        rows: 1038
        cols: 2
        dt: f
        data: [ 1.559603, 585.135762, 12.155629, 
            580.897351, 14.274834, 580.897351, 22.751656, 
            576.658940, 24.870861, 574.539735, 26.990066, 
            572.420530, 29.109272, 572.420530, 29.109272, 
            570.301325, 31.228477, 570.301325, 33.347682, 
            570.301325, 50.301325, 566.062914, 60.897351, 
            563.943709, 63.016556, 563.943709, 65.135762, 
            561.824503, 67.254967, 559.705298, 69.374172, 
            559.705298, 71.493377, 557.586093, 73.612583, 
            557.586093, 75.731788, 557.586093, 75.731788, 
            555.466887, 77.850993, 553.347682, 79.970199, 
            553.347682, 82.089404, 551.228477, 84.208609, 
            551.228477, 86.327815, 549.109272, 88.447020, 
            549.109272, 90.566225, 546.990066, 90.566225, 
            544.870861, 92.685430, 544.870861, 96.923841, 
            542.751656, 101.162252, 542.751656, 105.400662, 
            542.751656, 109.639073, 542.751656, 113.877483, 
            542.751656, 120.235099, 542.751656, 122.354305, 
            542.751656, 126.592715, 542.751656, 130.831126, 
            542.751656, 132.950331, 544.870861, 147.784768, 
            549.109272, 154.142384, 551.228477, 158.380795, 
            551.228477, 160.500000, 553.347682, 162.619205, 
            553.347682, 166.857616, 553.347682, 173.215232, 
            553.347682, 177.453642, 553.347682, 185.930464, 
            553.347682, 196.526490, 553.347682, 200.764901, 
            555.466887, 202.884106, 555.466887, 207.122517, 
            555.466887, 209.241722, 555.466887, 211.360927, 
            557.586093, 213.480132, 557.586093, 217.718543, 
            557.586093, 219.837748, 559.705298, 226.195364, 
            563.943709, 228.314570, 566.062914, 232.552980, 
            568.182119, 236.791391, 572.420530, 238.910596, 
            574.539735, 241.029801, 576.658940, 243.149007, 
            576.658940, 243.149007, 580.897351, 245.268212, 
            583.016556, 247.387417, 585.135762, 247.387417, 
            587.254967, 249.506623, 589.374172, 249.506623, 
            591.493377, 249.506623, 593.612583, 251.625828, 
            595.731788, 251.625828, 597.850993, 253.745033, 
            599.970199, 253.745033, 602.089404, 255.864238, 
            604.208609, 255.864238, 606.327815, 255.864238, 
            608.447020, 255.864238, 610.566225, 257.983444, 
            612.685430, 257.983444, 614.804636, 257.983444, 
            616.923841, 260.102649, 616.923841, 260.102649, 
            619.043046, 260.102649, 621.162252, 260.102649, 
            623.281457, 260.102649, 625.400662, 260.102649, 
            627.519868, 260.102649, 629.639073, 260.102649, 
            631.758278, 260.102649, 638.115894, 260.102649, 
            642.354305, 260.102649, 644.473510, 260.102649, 
            646.592715, 260.102649, 648.711921, 257.983444, 
            650.831126, 255.864238, 652.950331, 255.864238, 
            655.069536, 253.745033, 657.188742, 251.625828, 
            659.307947, 249.506623, 661.427152, 247.387417, 
            663.546358, 247.387417, 665.665563, 245.268212, 
            667.784768, 243.149007, 669.903974, 241.029801, 
            669.903974, 238.910596, 669.903974, 236.791391, 
            669.903974, 234.672185, 667.784768, 232.552980, 
            665.665563, 232.552980, 661.427152, 230.433775, 
            657.188742, 230.433775, 652.950331, 228.314570, 
            650.831126, 228.314570, 648.711921, 228.314570, 
            646.592715, 228.314570, 644.473510, 228.314570, 
            646.592715, 228.314570, 648.711921, 228.314570, 
            652.950331, 228.314570, 655.069536, 228.314570, 
            659.307947, 228.314570, 661.427152, 228.314570, 
            663.546358, 230.433775, 665.665563, 230.433775, 
            667.784768, 230.433775, 669.903974, 230.433775, 
            672.023179, 230.433775, 674.142384, 230.433775, 
            676.261589, 230.433775, 678.380795, 230.433775, 
            680.500000, 232.552980, 684.738411, 232.552980, 
            686.857616, 232.552980, 688.976821, 232.552980, 
            691.096026, 221.956954, 695.334437, 217.718543, 
            695.334437, 215.599338, 695.334437, 202.884106, 
            701.692053, 194.407285, 703.811258, 192.288079, 
            703.811258, 188.049669, 705.930464, 183.811258, 
            705.930464, 181.692053, 705.930464, 181.692053, 
            708.049669, 175.334437, 708.049669, 171.096026, 
            708.049669, 168.976821, 708.049669, 166.857616, 
            708.049669, 164.738411, 708.049669, 162.619205, 
            708.049669, 160.500000, 708.049669, 156.261589, 
            708.049669, 154.142384, 708.049669, 149.903974, 
            708.049669, 145.665563, 708.049669, 143.546358, 
            710.168874, 141.427152, 710.168874, 139.307947, 
            710.168874, 137.188742, 710.168874, 135.069536, 
            710.168874, 132.950331, 710.168874, 130.831126, 
            710.168874, 128.711921, 710.168874, 126.592715, 
            710.168874, 124.473510, 710.168874, 122.354305, 
            710.168874, 120.235099, 710.168874, 118.115894, 
            710.168874, 115.996689, 710.168874, 113.877483, 
            710.168874, 111.758278, 710.168874, 107.519868, 
            710.168874, 96.923841, 710.168874, 90.566225, 
            710.168874, 84.208609, 710.168874, 79.970199, 
            710.168874, 73.612583, 710.168874, 69.374172, 
            710.168874, 43.943709, 710.168874, 39.705298, 
            710.168874, 29.109272, 710.168874, 26.990066, 
            710.168874, 24.870861, 710.168874, 16.394040, 
            708.049669, 10.036424, 703.811258, 5.798013, 
            701.692053, 3.678808, 699.572848, 3.678808, 
            695.334437, 3.678808, 693.215232, 3.678808, 
            691.096026, 3.678808, 688.976821, 3.678808, 
            684.738411, 3.678808, 682.619205, 3.678808, 
            680.500000, 3.678808, 672.023179, 3.678808, 
            669.903974, 3.678808, 667.784768, 3.678808, 
            665.665563, 3.678808, 663.546358, 3.678808, 
            661.427152, 3.678808, 659.307947, 3.678808, 
            655.069536, 3.678808, 650.831126, 3.678808, 
            648.711921, 3.678808, 644.473510, 3.678808, 
            642.354305, 3.678808, 640.235099, 3.678808, 
            638.115894, 5.798013, 635.996689, 5.798013, 
            633.877483, 5.798013, 631.758278, 7.917219, 
            629.639073, 7.917219, 625.400662, 7.917219, 
            621.162252, 7.917219, 619.043046, 7.917219, 
            614.804636, 7.917219, 610.566225, 7.917219, 
            606.327815, 7.917219, 604.208609, 7.917219, 
            602.089404, 7.917219, 599.970199, 7.917219, 
            597.850993, 7.917219, 595.731788, 7.917219, 
            593.612583, 7.917219, 591.493377, 7.917219, 
            589.374172, 7.917219, 587.254967, 7.917219, 
            583.016556, -1.000000, -1.000000, 794.142384, 
            195.201987, 794.142384, 193.082781, 796.261589, 
            186.725166, 802.619205, 180.367550, 802.619205, 
            176.129139, 808.976821, 169.771523, 811.096026, 
            167.652318, 815.334437, 163.413907, 815.334437, 
            161.294702, 817.453642, 159.175497, 819.572848, 
            157.056291, 821.692053, 154.937086, 823.811258, 
            154.937086, 825.930464, 152.817881, 828.049669, 
            150.698675, 832.288079, 148.579470, 834.407285, 
            148.579470, 836.526490, 146.460265, 838.645695, 
            144.341060, 840.764901, 142.221854, 845.003311, 
            140.102649, 847.122517, 137.983444, 849.241722, 
            137.983444, 851.360927, 135.864238, 857.718543, 
            131.625828, 859.837748, 129.506623, 861.956954, 
            129.506623, 864.076159, 127.387417, 866.195364, 
            125.268212, 870.433775, 123.149007, 872.552980, 
            121.029801, 874.672185, 121.029801, 874.672185, 
