%YAML:1.0
    mask: !!opencv-matrix
        rows: 609
        cols: 2
        dt: f
        data: [ -1.000000, -1.000000, 1061.027578, 
            541.603118, 1058.981215, 544.672662, 1053.865308, 
            546.719025, 1048.749400, 548.765388, 1044.656675, 
            550.811751, 1040.563949, 553.881295, 1035.448042, 
            555.927658, 1032.378497, 557.974021, 1029.308953, 
            558.997202, 1025.216227, 561.043565, 1022.146683, 
            563.089928, 1018.053957, 566.159472, 1012.938050, 
            569.229017, 1009.868505, 571.275380, 1006.798961, 
            573.321743, 1002.706235, 576.391287, 1000.659872, 
            578.437650, 997.590328, 581.507194, 995.543965, 
            583.553557, 992.474420, 586.623102, 990.428058, 
            588.669464, 987.358513, 591.739009, 986.335332, 
            593.785372, 983.265787, 596.854916, 981.219424, 
            599.924460, 978.149880, 604.017186, 976.103517, 
            607.086731, 976.103517, 608.109912, 974.057154, 
            610.156275, 973.033973, 616.295364, 970.987610, 
            619.364908, 969.964428, 622.434452, 967.918066, 
            626.527178, 966.894884, 629.596723, 965.871703, 
            632.666267, 965.871703, 634.712630, 964.848521, 
            635.735811, 964.848521, 636.758993, 962.802158, 
            640.851719, 961.778977, 642.898082, 960.755795, 
            643.921263, 959.732614, 646.990807, 958.709432, 
            648.013989, 956.663070, 649.037170, 954.616707, 
            651.083533, 953.593525, 651.083533, 952.570344, 
            651.083533, 950.523981, 652.106715, 947.454436, 
            652.106715, 946.431255, 652.106715, 944.384892, 
            650.060352, 941.315348, 649.037170, 938.245803, 
            646.990807, 934.153078, 644.944444, 930.060352, 
            642.898082, 929.037170, 641.874900, 925.967626, 
            639.828537, 922.898082, 637.782174, 921.874900, 
            636.758993, 918.805356, 636.758993, 915.735811, 
            635.735811, 912.666267, 633.689448, 907.550360, 
            631.643086, 903.457634, 631.643086, 899.364908, 
            630.619904, 896.295364, 630.619904, 893.225819, 
            629.596723, 892.202638, 629.596723, 890.156275, 
            629.596723, 888.109912, 629.596723, 887.086731, 
            629.596723, 885.040368, 629.596723, 882.994005, 
            629.596723, 878.901279, 629.596723, 876.854916, 
            629.596723, 873.785372, 629.596723, 869.692646, 
            629.596723, 866.623102, 629.596723, 864.576739, 
            628.573541, 863.553557, 628.573541, 861.507194, 
            628.573541, 859.460831, 627.550360, 857.414468, 
            626.527178, 856.391287, 626.527178, 854.344924, 
            625.503997, 853.321743, 623.457634, 852.298561, 
            622.434452, 852.298561, 621.411271, 851.275380, 
            620.388090, 851.275380, 618.341727, 851.275380, 
            613.225819, 852.298561, 608.109912, 853.321743, 
            604.017186, 853.321743, 600.947642, 855.368106, 
            597.878098, 858.437650, 594.808553, 860.484013, 
            591.739009, 861.507194, 591.739009, 862.530376, 
            589.692646, 866.623102, 588.669464, 871.739009, 
            587.646283, 876.854916, 586.623102, 885.040368, 
            586.623102, 891.179456, 585.599920, 898.341727, 
            585.599920, 902.434452, 585.599920, 904.480815, 
            585.599920, 905.503997, 585.599920, 906.527178, 
            584.576739, 906.527178, 582.530376, 906.527178, 
            581.507194, 906.527178, 578.437650, 904.480815, 
            577.414468, 902.434452, 575.368106, 901.411271, 
            574.344924, 898.341727, 572.298561, 897.318545, 
            572.298561, 895.272182, 572.298561, 894.249001, 
            572.298561, 894.249001, 571.275380, 893.225819, 
            571.275380, 892.202638, 570.252198, 891.179456, 
            569.229017, 890.156275, 568.205835, 889.133094, 
            567.182654, 889.133094, 565.136291, 888.109912, 
            565.136291, 885.040368, 565.136291, 885.040368, 
            566.159472, 879.924460, 567.182654, 875.831735, 
            570.252198, 873.785372, 572.298561, 871.739009, 
            573.321743, 868.669464, 574.344924, 868.669464, 
            575.368106, 867.646283, 575.368106, 866.623102, 
            575.368106, 865.599920, 575.368106, 863.553557, 
            575.368106, 862.530376, 575.368106, 862.530376, 
            574.344924, 861.507194, 573.321743, 860.484013, 
            572.298561, 860.484013, 571.275380, 860.484013, 
            570.252198, 860.484013, 569.229017, 859.460831, 
            567.182654, 858.437650, 564.113110, 857.414468, 
            561.043565, 857.414468, 560.020384, 857.414468, 
            557.974021, 857.414468, 553.881295, 857.414468, 
            550.811751, 857.414468, 547.742206, 857.414468, 
            544.672662, 858.437650, 542.626299, 859.460831, 
            540.579936, 861.507194, 538.533573, 864.576739, 
            535.464029, 865.599920, 533.417666, 866.623102, 
            530.348122, 868.669464, 528.301759, 870.715827, 
            527.278577, 870.715827, 525.232214, 871.739009, 
            524.209033, 873.785372, 522.162670, 876.854916, 
            517.046763, 877.878098, 515.000400, 879.924460, 
            512.954037, 881.970823, 510.907674, 882.994005, 
            508.861311, 884.017186, 507.838129, 886.063549, 
            505.791767, 888.109912, 503.745404, 890.156275, 
            501.699041, 892.202638, 498.629496, 894.249001, 
            495.559952, 895.272182, 493.513589, 896.295364, 
            491.467226, 898.341727, 489.420863, 899.364908, 
            488.397682, 899.364908, 486.351319, 900.388090, 
            486.351319, 901.411271, 485.328137, 902.434452, 
            485.328137, 903.457634, 484.304956, 906.527178, 
            482.258593, 908.573541, 481.235412, 912.666267, 
            480.212230, 915.735811, 478.165867, 918.805356, 
            478.165867, 921.874900, 478.165867, 924.944444, 
            476.119504, 926.990807, 476.119504, 930.060352, 
            476.119504, 933.129896, 476.119504, 935.176259, 
            475.096323, 939.268985, 475.096323, 943.361711, 
            475.096323, 950.523981, 475.096323, 955.639888, 
            475.096323, 959.732614, 475.096323, 962.802158, 
            474.073141, 966.894884, 474.073141, 967.918066, 
            474.073141, 970.987610, 474.073141, 974.057154, 
            474.073141, 977.126699, 475.096323, 980.196243, 
            477.142686, 983.265787, 479.189049, 988.381695, 
            483.281775, 991.451239, 485.328137, 994.520783, 
            487.374500, 996.567146, 489.420863, 1000.659872, 
            491.467226, 1000.659872, 492.490408, 1003.729416, 
            494.536771, 1005.775779, 496.583133, 1009.868505, 
            497.606315, 1010.891687, 499.652678, 1012.938050, 
            501.699041, 1014.984412, 503.745404, 1017.030775, 
            504.768585, 1019.077138, 506.814948, 1020.100320, 
            507.838129, 1022.146683, 509.884492, 1023.169864, 
            509.884492, 1025.216227, 510.907674, 1026.239408, 
            511.930855, -1.000000, -1.000000, 720.308153, 
            259.205036, 719.284972, 259.205036, 717.238609, 
            260.228217, 715.192246, 260.228217, 712.122702, 
            260.228217, 711.099520, 260.228217, 709.053157, 
            260.228217, 708.029976, 260.228217, 705.983613, 
            260.228217, 702.914069, 260.228217, 699.844524, 
            259.205036, 696.774980, 259.205036, 694.728617, 
            259.205036, 691.659073, 258.181855, 690.635891, 
            257.158673, 687.566347, 257.158673, 685.519984, 
            257.158673, 684.496803, 256.135492, 683.473621, 
            256.135492, 682.450440, 256.135492, 680.404077, 
            255.112310, 678.357714, 254.089129, 677.334532, 
            254.089129, 676.311351, 254.089129, 675.288169, 
            254.089129, 674.264988, 254.089129, 673.241807, 
