%YAML:1.0
    mask: !!opencv-matrix
        rows: 521
        cols: 2
        dt: f
        data: [ -1.000000, -1.000000, 620.367550, 
            714.407285, 622.486755, 714.407285, 624.605960, 
            712.288079, 628.844371, 710.168874, 630.963576, 
            710.168874, 630.963576, 708.049669, 633.082781, 
            708.049669, 633.082781, 705.930464, 637.321192, 
            705.930464, 637.321192, 703.811258, 639.440397, 
            703.811258, 639.440397, 701.692053, 641.559603, 
            701.692053, 643.678808, 701.692053, 645.798013, 
            701.692053, 650.036424, 701.692053, 654.274834, 
            701.692053, 658.513245, 701.692053, 662.751656, 
            701.692053, 666.990066, 701.692053, 669.109272, 
            703.811258, 671.228477, 703.811258, 673.347682, 
            705.930464, 675.466887, 708.049669, 679.705298, 
            708.049669, 679.705298, 710.168874, 681.824503, 
            712.288079, 686.062914, 714.407285, 686.062914, 
            716.526490, 688.182119, 718.645695, 650.036424, 
            718.645695, 647.917219, 718.645695, 645.798013, 
            716.526490, 643.678808, 716.526490, 641.559603, 
            716.526490, 635.201987, 716.526490, 633.082781, 
            716.526490, -1.000000, -1.000000, 762.354305, 
            373.215232, 760.235099, 373.215232, 758.115894, 
            375.334437, 755.996689, 377.453642, 753.877483, 
            377.453642, 753.877483, 379.572848, 751.758278, 
            381.692053, 749.639073, 383.811258, 749.639073, 
            385.930464, 747.519868, 388.049669, 747.519868, 
            390.168874, 745.400662, 392.288079, 741.162252, 
            396.526490, 739.043046, 398.645695, 736.923841, 
            398.645695, 734.804636, 400.764901, 728.447020, 
            405.003311, 726.327815, 405.003311, 724.208609, 
            407.122517, 724.208609, 411.360927, 726.327815, 
            411.360927, 726.327815, 413.480132, 730.566225, 
            415.599338, 732.685430, 415.599338, 734.804636, 
            417.718543, 736.923841, 417.718543, 736.923841, 
            419.837748, 739.043046, 419.837748, 741.162252, 
            419.837748, 743.281457, 421.956954, 745.400662, 
            424.076159, 749.639073, 424.076159, 751.758278, 
            424.076159, 753.877483, 426.195364, 755.996689, 
            428.314570, 758.115894, 428.314570, 760.235099, 
            428.314570, 762.354305, 428.314570, 762.354305, 
            430.433775, 764.473510, 430.433775, 768.711921, 
            432.552980, 770.831126, 434.672185, 775.069536, 
            434.672185, 777.188742, 434.672185, 777.188742, 
            436.791391, 781.427152, 436.791391, 781.427152, 
            438.910596, 785.665563, 441.029801, 787.784768, 
            441.029801, 789.903974, 443.149007, 792.023179, 
            443.149007, 794.142384, 443.149007, 796.261589, 
            443.149007, 800.500000, 443.149007, 804.738411, 
            443.149007, 808.976821, 445.268212, 813.215232, 
            445.268212, 815.334437, 445.268212, 817.453642, 
            445.268212, 823.811258, 445.268212, 825.930464, 
            447.387417, 828.049669, 447.387417, 830.168874, 
            447.387417, 832.288079, 449.506623, 834.407285, 
            449.506623, 836.526490, 449.506623, 838.645695, 
            449.506623, 840.764901, 449.506623, 842.884106, 
            449.506623, 845.003311, 449.506623, 847.122517, 
            449.506623, 849.241722, 449.506623, 851.360927, 
            451.625828, 853.480132, 451.625828, 855.599338, 
            451.625828, 855.599338, 453.745033, 859.837748, 
            455.864238, 861.956954, 455.864238, 864.076159, 
            455.864238, 866.195364, 455.864238, 868.314570, 
            457.983444, 870.433775, 457.983444, 872.552980, 
            460.102649, 874.672185, 460.102649, 878.910596, 
            460.102649, 881.029801, 462.221854, 883.149007, 
            462.221854, 885.268212, 462.221854, 887.387417, 
            462.221854, 889.506623, 462.221854, 893.745033, 
            462.221854, 895.864238, 462.221854, 897.983444, 
            462.221854, 900.102649, 462.221854, 904.341060, 
            462.221854, 906.460265, 462.221854, 910.698675, 
            462.221854, 912.817881, 462.221854, 914.937086, 
            462.221854, 917.056291, 462.221854, 921.294702, 
            462.221854, 923.413907, 460.102649, 927.652318, 
            460.102649, 929.771523, 460.102649, 931.890728, 
            457.983444, 934.009934, 457.983444, 936.129139, 
            457.983444, 938.248344, 455.864238, 942.486755, 
            453.745033, 944.605960, 453.745033, 946.725166, 
            453.745033, 948.844371, 451.625828, 950.963576, 
            449.506623, 953.082781, 449.506623, 955.201987, 
            447.387417, 957.321192, 447.387417, 957.321192, 
            445.268212, 959.440397, 445.268212, 961.559603, 
            445.268212, 963.678808, 443.149007, 963.678808, 
            441.029801, 967.917219, 441.029801, 967.917219, 
            438.910596, 970.036424, 438.910596, 972.155629, 
            436.791391, 974.274834, 436.791391, 974.274834, 
            434.672185, 976.394040, 434.672185, 978.513245, 
            432.552980, 980.632450, 432.552980, 980.632450, 
            430.433775, 982.751656, 428.314570, 984.870861, 
            426.195364, 986.990066, 424.076159, 989.109272, 
            421.956954, 989.109272, 419.837748, 989.109272, 
            417.718543, 989.109272, 415.599338, 989.109272, 
            413.480132, 989.109272, 411.360927, 989.109272, 
            409.241722, 989.109272, 407.122517, 989.109272, 
            402.884106, 989.109272, 400.764901, 989.109272, 
            398.645695, 989.109272, 396.526490, 989.109272, 
            394.407285, 989.109272, 392.288079, 989.109272, 
            390.168874, 989.109272, 388.049669, 989.109272, 
            383.811258, 989.109272, 381.692053, 989.109272, 
            379.572848, 989.109272, 377.453642, 989.109272, 
            373.215232, 989.109272, 371.096026, 986.990066, 
            368.976821, 986.990066, 366.857616, 986.990066, 
            364.738411, 986.990066, 362.619205, 986.990066, 
            360.500000, 984.870861, 360.500000, 984.870861, 
            358.380795, 982.751656, 356.261589, 980.632450, 
            356.261589, 980.632450, 354.142384, 978.513245, 
            354.142384, 978.513245, 352.023179, 976.394040, 
            352.023179, 974.274834, 349.903974, 972.155629, 
            347.784768, 970.036424, 345.665563, 967.917219, 
            345.665563, 965.798013, 345.665563, 963.678808, 
            345.665563, 963.678808, 343.546358, 961.559603, 
            343.546358, 959.440397, 343.546358, 957.321192, 
            343.546358, 955.201987, 343.546358, 950.963576, 
            343.546358, 948.844371, 343.546358, 946.725166, 
            343.546358, 944.605960, 343.546358, 942.486755, 
            343.546358, 936.129139, 343.546358, 934.009934, 
            343.546358, 927.652318, 341.427152, 925.533113, 
            339.307947, 923.413907, 335.069536, 921.294702, 
            335.069536, 921.294702, 332.950331, 919.175497, 
            332.950331, 919.175497, 330.831126, 917.056291, 
            330.831126, 914.937086, 330.831126, 912.817881, 
            330.831126, 910.698675, 330.831126, 908.579470, 
            330.831126, 906.460265, 330.831126, 904.341060, 
            330.831126, 900.102649, 330.831126, 897.983444, 
            330.831126, 893.745033, 330.831126, 891.625828, 
            330.831126, 887.387417, 330.831126, 885.268212, 
            330.831126, 881.029801, 330.831126, 876.791391, 
            330.831126, 874.672185, 330.831126, 872.552980, 
            330.831126, 870.433775, 330.831126, 868.314570, 
            330.831126, 866.195364, 330.831126, 861.956954, 
            330.831126, 859.837748, 330.831126, 855.599338, 
            330.831126, 853.480132, 330.831126, 851.360927, 
