%YAML:1.0
    mask: !!opencv-matrix
        rows: 1000
        cols: 2
        dt: f
        data: [ 389.053751, 719.355375, 389.053751, 
            718.365429, 389.053751, 717.375483, 389.053751, 
            716.385538, 389.053751, 715.395592, 389.053751, 
            714.405646, 390.043697, 713.415700, 391.033643, 
            712.425754, 391.033643, 711.435808, 392.023589, 
            711.435808, 393.013534, 710.445862, 394.003480, 
            710.445862, 394.993426, 709.455916, 397.963264, 
            709.455916, 400.933101, 708.465971, 403.902939, 
            708.465971, 407.862722, 708.465971, 409.842614, 
            708.465971, 410.832560, 708.465971, 413.802398, 
            708.465971, 416.772235, 708.465971, 418.752127, 
            708.465971, 419.742073, 708.465971, 421.721964, 
            708.465971, 422.711910, 708.465971, 423.701856, 
            708.465971, 424.691802, 708.465971, 425.681748, 
            708.465971, 426.671694, 709.455916, 427.661640, 
            709.455916, 428.651585, 710.445862, 429.641531, 
            711.435808, 431.621423, 713.415700, 433.601315, 
            715.395592, 434.591261, 715.395592, 435.581206, 
            716.385538, 435.581206, 717.375483, 435.581206, 
            718.365429, -1.000000, -1.000000, 744.444316, 
            718.365429, 745.434261, 718.365429, 745.434261, 
            717.375483, 746.424207, 716.385538, 746.424207, 
            715.395592, 747.414153, 715.395592, 747.414153, 
            714.405646, 747.414153, 713.415700, 747.414153, 
            712.425754, 747.414153, 711.435808, 747.414153, 
            710.445862, 747.414153, 708.465971, 747.414153, 
            707.476025, 747.414153, 706.486079, 747.414153, 
            705.496133, 747.414153, 704.506187, 746.424207, 
            703.516241, 745.434261, 700.546404, 745.434261, 
            699.556458, 745.434261, 698.566512, 744.444316, 
            698.566512, 744.444316, 697.576566, 743.454370, 
            695.596674, 743.454370, 694.606729, 743.454370, 
            693.616783, 743.454370, 692.626837, 743.454370, 
            691.636891, 743.454370, 689.656999, 743.454370, 
            687.677108, 743.454370, 685.697216, 744.444316, 
            685.697216, 744.444316, 684.707270, 744.444316, 
            683.717324, 744.444316, 682.727378, 746.424207, 
            681.737432, 747.414153, 680.747486, 748.404099, 
            679.757541, 749.394045, 679.757541, 749.394045, 
            678.767595, 749.394045, 677.777649, 751.373937, 
            676.787703, 753.353828, 675.797757, 754.343774, 
            674.807811, 755.333720, 674.807811, 756.323666, 
            673.817865, 757.313612, 673.817865, 763.253287, 
            670.848028, 765.233179, 670.848028, 768.203016, 
            669.858082, 770.182908, 668.868136, 771.172854, 
            668.868136, 772.162800, 667.878190, 773.152746, 
            667.878190, 774.142691, 666.888244, 775.132637, 
            666.888244, 776.122583, 665.898299, 777.112529, 
            665.898299, 777.112529, 664.908353, 779.092421, 
            664.908353, 780.082367, 663.918407, 781.072312, 
            663.918407, 782.062258, 662.928461, 783.052204, 
            662.928461, 784.042150, 661.938515, 785.032096, 
            659.958623, 787.011988, 659.958623, 788.001933, 
            659.958623, 789.981825, 658.968677, 792.951663, 
            657.978732, 794.931555, 656.988786, 797.901392, 
            655.998840, 799.881284, 655.998840, 800.871230, 
            655.008894, 801.861176, 655.008894, 803.841067, 
            655.008894, 805.820959, 655.008894, 809.780742, 
            654.018948, 811.760634, 654.018948, 813.740526, 
            654.018948, 818.690255, 654.018948, 820.670147, 
            654.018948, 821.660093, 654.018948, 822.650039, 
            654.018948, 823.639985, 654.018948, 826.609822, 
            654.018948, 828.589714, 654.018948, 829.579660, 
            654.018948, 830.569606, 654.018948, 832.549497, 
            654.018948, 834.529389, 654.018948, 835.519335, 
            654.018948, 836.509281, 654.018948, 839.479118, 
            654.018948, 840.469064, 654.018948, 842.448956, 
            654.018948, 844.428848, 654.018948, 846.408739, 
            654.018948, 847.398685, 654.018948, 848.388631, 
            654.018948, 851.358469, 654.018948, 853.338360, 
            654.018948, 855.318252, 654.018948, 856.308198, 
            654.018948, 857.298144, 655.008894, 858.288090, 
            655.008894, 860.267981, 656.988786, 862.247873, 
            657.978732, 863.237819, 657.978732, 864.227765, 
            658.968677, 865.217711, 659.958623, 866.207657, 
            659.958623, 867.197602, 660.948569, 868.187548, 
            661.938515, 869.177494, 662.928461, 870.167440, 
            663.918407, 872.147332, 664.908353, 873.137278, 
            665.898299, 873.137278, 666.888244, 874.127224, 
            667.878190, 875.117169, 669.858082, 876.107115, 
            671.837974, 877.097061, 674.807811, 879.076953, 
            678.767595, 880.066899, 680.747486, 881.056845, 
            682.727378, 883.036736, 685.697216, 884.026682, 
            687.677108, 885.016628, 688.667053, 886.996520, 
            689.656999, 888.976411, 690.646945, 890.956303, 
            691.636891, 893.926141, 692.626837, 896.895978, 
            693.616783, 899.865816, 694.606729, 901.845708, 
            695.596674, 903.825599, 696.586620, 904.815545, 
            696.586620, 905.805491, 696.586620, 906.795437, 
            696.586620, 906.795437, 697.576566, 907.785383, 
            698.566512, 908.775329, 699.556458, 908.775329, 
            701.536350, 909.765275, 701.536350, 910.755220, 
            702.526295, 910.755220, 703.516241, 911.745166, 
            706.486079, 912.735112, 710.445862, 913.725058, 
            715.395592, 914.715004, 718.365429, -1.000000, 
            -1.000000, 680.097834, 399.602862, 680.097834, 
            398.612916, 681.087780, 398.612916, 682.077726, 
            397.622970, 684.057618, 397.622970, 685.047564, 
            397.622970, 686.037510, 397.622970, 690.987239, 
            396.633024, 691.977185, 396.633024, 695.936968, 
            395.643078, 700.886698, 395.643078, 702.866589, 
            395.643078, 705.836427, 396.633024, 705.836427, 
            397.622970, 707.816319, 397.622970, 709.796210, 
            397.622970, 711.776102, 398.612916, 712.766048, 
            399.602862, 714.745940, 399.602862, 716.725831, 
            400.592807, 717.715777, 400.592807, 719.695669, 
            401.582753, 723.655452, 402.572699, 725.635344, 
            403.562645, 727.615236, 404.552591, 729.595128, 
            405.542537, 731.575019, 405.542537, 734.544857, 
            408.512374, 735.534803, 408.512374, 737.514695, 
            410.492266, 738.504640, 410.492266, 739.494586, 
            410.492266, 739.494586, 411.482212, 740.484532, 
            412.472158, 741.474478, 413.462104, 742.464424, 
            414.452049, 742.464424, 415.441995, 743.454370, 
            417.421887, 744.444316, 418.411833, 745.434261, 
            420.391725, 745.434261, 421.381671, 745.434261, 
            422.371616, 745.434261, 423.361562, 746.424207, 
            424.351508, 747.414153, 426.331400, 747.414153, 
            428.311292, 747.414153, 429.301237, 747.414153, 
            430.291183, 747.414153, 432.271075, 747.414153, 
            434.250967, 747.414153, 437.220804, 747.414153, 
            439.200696, 747.414153, 440.190642, 747.414153, 
            441.180588, 747.414153, 442.170534, 747.414153, 
            443.160480, 747.414153, 444.150425, 747.414153, 
            445.140371, 747.414153, 447.120263, 746.424207, 
            448.110209, 745.434261, 449.100155, 745.434261, 
            450.090101, 744.444316, 450.090101, 743.454370, 
            451.080046, 743.454370, 452.069992, 743.454370, 
            453.059938, 739.494586, 457.019722, 736.524749, 
