%YAML:1.0
    mask: !!opencv-matrix
        rows: 643
        cols: 2
        dt: f
        data: [ -1.000000, -1.000000, -1.000000, 
            -1.000000, 763.281775, 278.645484, 761.235412, 
            279.668665, 760.212230, 282.738209, 756.119504, 
            286.830935, 754.073141, 288.877298, 747.934053, 
            292.970024, 745.887690, 297.062750, 742.818145, 
            300.132294, 741.794964, 303.201839, 738.725420, 
            303.201839, 738.725420, 304.225020, 735.655875, 
            307.294564, 734.632694, 307.294564, 732.586331, 
            309.340927, 731.563149, 310.364109, 728.493605, 
            312.410472, 726.447242, 314.456835, 725.424061, 
            314.456835, 722.354516, 316.503197, 721.331335, 
            317.526379, 717.238609, 318.549560, 717.238609, 
            320.595923, 712.122702, 322.642286, 709.053157, 
            324.688649, 707.006795, 325.711831, 704.960432, 
            327.758193, 700.867706, 330.827738, 699.844524, 
            330.827738, 697.798161, 332.874101, 695.751799, 
            333.897282, 692.682254, 336.966827, 690.635891, 
            339.013189, 689.612710, 340.036371, 688.589528, 
            341.059552, 686.543165, 343.105915, 684.496803, 
            345.152278, 683.473621, 348.221823, 681.427258, 
            351.291367, 680.404077, 353.337730, 678.357714, 
            356.407274, 675.288169, 358.453637, 673.241807, 
            361.523181, 671.195444, 364.592726, 669.149081, 
            369.708633, 668.125899, 372.778177, 668.125899, 
            373.801359, 667.102718, 375.847722, 667.102718, 
            376.870903, 667.102718, 377.894085, 668.125899, 
            377.894085, 669.149081, 377.894085, 670.172262, 
            376.870903, 671.195444, 375.847722, 673.241807, 
            375.847722, 674.264988, 374.824540, 678.357714, 
            371.754996, 681.427258, 370.731815, 684.496803, 
            369.708633, 686.543165, 368.685452, 689.612710, 
            366.639089, 691.659073, 365.615907, 692.682254, 
            364.592726, 695.751799, 363.569544, 697.798161, 
            362.546363, 698.821343, 362.546363, 700.867706, 
            361.523181, 703.937250, 360.500000, 707.006795, 
            359.476819, 710.076339, 358.453637, 711.099520, 
            358.453637, 713.145883, 357.430456, 716.215428, 
            357.430456, 719.284972, 357.430456, 720.308153, 
            357.430456, 722.354516, 357.430456, 723.377698, 
            359.476819, 726.447242, 363.569544, 728.493605, 
            365.615907, 729.516787, 367.662270, 729.516787, 
            368.685452, 730.539968, 368.685452, 730.539968, 
            373.801359, 730.539968, 378.917266, 731.563149, 
            378.917266, 732.586331, 386.079536, 732.586331, 
            387.102718, 732.586331, 391.195444, 732.586331, 
            393.241807, 733.609512, 399.380895, 733.609512, 
            402.450440, 733.609512, 406.543165, 733.609512, 
            408.589528, 734.632694, 413.705436, 734.632694, 
            417.798161, 734.632694, 421.890887, 734.632694, 
            422.914069, 734.632694, 428.029976, 734.632694, 
            429.053157, 735.655875, 435.192246, 735.655875, 
            439.284972, 735.655875, 441.331335, 736.679057, 
            443.377698, 737.702238, 445.424061, 737.702238, 
            447.470424, 737.702238, 448.493605, 738.725420, 
            448.493605, 740.771783, 446.447242, 741.794964, 
            442.354516, 743.841327, 440.308153, 745.887690, 
            437.238609, 745.887690, 435.192246, 746.910871, 
            434.169065, 749.980416, 430.076339, 752.026779, 
            428.029976, 752.026779, 427.006795, 753.049960, 
            424.960432, 754.073141, 423.937250, 754.073141, 
            420.867706, 756.119504, 420.867706, 757.142686, 
            418.821343, 757.142686, 417.798161, 759.189049, 
            416.774980, 760.212230, 416.774980, 761.235412, 
            417.798161, 762.258593, 419.844524, 763.281775, 
            420.867706, 764.304956, 420.867706, 765.328137, 
            421.890887, 766.351319, 422.914069, 767.374500, 
            423.937250, 768.397682, 427.006795, 768.397682, 
            428.029976, 769.420863, 430.076339, 770.444045, 
            433.145883, 770.444045, 438.261791, 770.444045, 
            443.377698, 771.467226, 448.493605, 771.467226, 
            449.516787, 772.490408, 452.586331, 773.513589, 
            454.632694, 773.513589, 455.655875, 773.513589, 
            456.679057, 774.536771, 456.679057, 775.559952, 
            456.679057, 779.652678, 456.679057, 782.722222, 
            454.632694, 783.745404, 452.586331, 783.745404, 
            451.563149, 785.791767, 450.539968, 785.791767, 
            448.493605, 786.814948, 444.400879, 787.838129, 
            442.354516, 787.838129, 441.331335, 787.838129, 
            438.261791, 787.838129, 436.215428, 788.861311, 
            434.169065, 789.884492, 432.122702, 790.907674, 
            430.076339, 791.930855, 428.029976, 792.954037, 
            425.983613, 793.977218, 424.960432, 793.977218, 
            423.937250, 795.000400, 423.937250, 795.000400, 
            422.914069, 796.023581, 421.890887, 796.023581, 
            420.867706, 797.046763, 420.867706, 798.069944, 
            420.867706, 799.093125, 420.867706, 800.116307, 
            421.890887, 801.139488, 422.914069, 801.139488, 
            423.937250, 802.162670, 425.983613, 803.185851, 
            427.006795, 803.185851, 428.029976, 803.185851, 
            430.076339, 804.209033, 430.076339, 805.232214, 
            433.145883, 806.255396, 435.192246, 807.278577, 
            437.238609, 807.278577, 438.261791, 807.278577, 
            439.284972, 808.301759, 439.284972, 808.301759, 
            440.308153, 809.324940, 441.331335, 810.348122, 
            442.354516, 810.348122, 443.377698, 811.371303, 
            443.377698, 811.371303, 444.400879, 812.394484, 
            445.424061, 814.440847, 445.424061, 815.464029, 
            446.447242, 816.487210, 446.447242, 817.510392, 
            446.447242, 818.533573, 446.447242, 819.556755, 
            446.447242, 819.556755, 445.424061, 820.579936, 
            444.400879, 821.603118, 443.377698, 821.603118, 
            441.331335, 821.603118, 440.308153, 821.603118, 
            438.261791, 821.603118, 435.192246, 821.603118, 
            432.122702, 821.603118, 431.099520, 821.603118, 
            429.053157, 821.603118, 425.983613, 820.579936, 
            424.960432, 820.579936, 422.914069, 820.579936, 
            421.890887, 820.579936, 419.844524, 820.579936, 
            418.821343, 820.579936, 417.798161, 820.579936, 
            416.774980, 820.579936, 415.751799, 820.579936, 
            414.728617, 820.579936, 413.705436, 820.579936, 
            410.635891, 820.579936, 409.612710, 820.579936, 
            408.589528, 820.579936, 406.543165, 820.579936, 
            404.496803, 820.579936, 402.450440, 820.579936, 
            401.427258, 821.603118, 399.380895, 822.626299, 
            398.357714, 822.626299, 396.311351, 823.649480, 
            395.288169, 825.695843, 394.264988, 826.719025, 
            393.241807, 827.742206, 393.241807, 828.765388, 
            393.241807, 830.811751, 393.241807, 831.834932, 
            393.241807, 832.858114, 393.241807, 835.927658, 
            395.288169, 837.974021, 397.334532, 838.997202, 
            400.404077, 842.066747, 404.496803, 843.089928, 
            407.566347, 844.113110, 409.612710, 845.136291, 
            411.659073, 846.159472, 413.705436, 847.182654, 
            414.728617, 848.205835, 416.774980, 849.229017, 
            417.798161, 850.252198, 418.821343, 851.275380, 
            420.867706, 852.298561, 421.890887, 853.321743, 
            422.914069, 854.344924, 422.914069, 855.368106, 
            422.914069, 857.414468, 422.914069, 858.437650, 
            421.890887, 859.460831, 419.844524, 860.484013, 
