%YAML:1.0
    mask: !!opencv-matrix
        rows: 971
        cols: 2
        dt: f
        data: [ 3.678808, 663.546358, 5.798013, 
            663.546358, 7.917219, 663.546358, 12.155629, 
            661.427152, 16.394040, 657.188742, 22.751656, 
            655.069536, 24.870861, 652.950331, 29.109272, 
            650.831126, 31.228477, 648.711921, 33.347682, 
            648.711921, 35.466887, 646.592715, 37.586093, 
            644.473510, 37.586093, 642.354305, 39.705298, 
            640.235099, 39.705298, 638.115894, 41.824503, 
            635.996689, 41.824503, 633.877483, 43.943709, 
            631.758278, 46.062914, 631.758278, 46.062914, 
            629.639073, 48.182119, 627.519868, 50.301325, 
            625.400662, 52.420530, 623.281457, 56.658940, 
            621.162252, 58.778146, 619.043046, 60.897351, 
            616.923841, 63.016556, 616.923841, 65.135762, 
            614.804636, 67.254967, 612.685430, 69.374172, 
            612.685430, 69.374172, 610.566225, 71.493377, 
            610.566225, 73.612583, 608.447020, 75.731788, 
            608.447020, 77.850993, 606.327815, 79.970199, 
            604.208609, 84.208609, 602.089404, 88.447020, 
            599.970199, 90.566225, 597.850993, 94.804636, 
            597.850993, 96.923841, 595.731788, 101.162252, 
            595.731788, 103.281457, 593.612583, 105.400662, 
            593.612583, 109.639073, 591.493377, 111.758278, 
            591.493377, 113.877483, 591.493377, 118.115894, 
            591.493377, 120.235099, 591.493377, 122.354305, 
            591.493377, 126.592715, 593.612583, 139.307947, 
            597.850993, 145.665563, 597.850993, 149.903974, 
            597.850993, 156.261589, 597.850993, 162.619205, 
            597.850993, 171.096026, 597.850993, 181.692053, 
            597.850993, 188.049669, 597.850993, 192.288079, 
            597.850993, 198.645695, 597.850993, 200.764901, 
            597.850993, 202.884106, 597.850993, 207.122517, 
            597.850993, 209.241722, 597.850993, 211.360927, 
            597.850993, 213.480132, 597.850993, 215.599338, 
            597.850993, 217.718543, 597.850993, 219.837748, 
            597.850993, 221.956954, 599.970199, 226.195364, 
            604.208609, 232.552980, 608.447020, 232.552980, 
            610.566225, 234.672185, 610.566225, 238.910596, 
            612.685430, 243.149007, 612.685430, 247.387417, 
            612.685430, 255.864238, 614.804636, 260.102649, 
            614.804636, 262.221854, 614.804636, 264.341060, 
            614.804636, 266.460265, 614.804636, 266.460265, 
            616.923841, 268.579470, 619.043046, 268.579470, 
            621.162252, 272.817881, 625.400662, 272.817881, 
            627.519868, 272.817881, 629.639073, 272.817881, 
            631.758278, 274.937086, 631.758278, 274.937086, 
            633.877483, 274.937086, 635.996689, 274.937086, 
            638.115894, 274.937086, 640.235099, 274.937086, 
            644.473510, 274.937086, 646.592715, 274.937086, 
            648.711921, 274.937086, 650.831126, 274.937086, 
            652.950331, 274.937086, 655.069536, 274.937086, 
            657.188742, 274.937086, 661.427152, 274.937086, 
            663.546358, 274.937086, 665.665563, 274.937086, 
            667.784768, 274.937086, 669.903974, 274.937086, 
            674.142384, 274.937086, 676.261589, 274.937086, 
            678.380795, 274.937086, 680.500000, 274.937086, 
            682.619205, 274.937086, 684.738411, 272.817881, 
            686.857616, 272.817881, 688.976821, 270.698675, 
            691.096026, 270.698675, 693.215232, 268.579470, 
            695.334437, 266.460265, 695.334437, 266.460265, 
            697.453642, 264.341060, 699.572848, 262.221854, 
            701.692053, 260.102649, 701.692053, 255.864238, 
            703.811258, 253.745033, 703.811258, 253.745033, 
            705.930464, 251.625828, 705.930464, 251.625828, 
            708.049669, 249.506623, 710.168874, 247.387417, 
            710.168874, 247.387417, 714.407285, 245.268212, 
            714.407285, 243.149007, 716.526490, 241.029801, 
            716.526490, 241.029801, 718.645695, 238.910596, 
            718.645695, 194.407285, 718.645695, 185.930464, 
            716.526490, 181.692053, 716.526490, 177.453642, 
            716.526490, 175.334437, 716.526490, 173.215232, 
            716.526490, 168.976821, 716.526490, 166.857616, 
            716.526490, 164.738411, 716.526490, 160.500000, 
            716.526490, 158.380795, 716.526490, 152.023179, 
            716.526490, 147.784768, 716.526490, 143.546358, 
            716.526490, 141.427152, 716.526490, 139.307947, 
            716.526490, 135.069536, 716.526490, 130.831126, 
            716.526490, 128.711921, 716.526490, 122.354305, 
            716.526490, 118.115894, 716.526490, 111.758278, 
            716.526490, 107.519868, 716.526490, 103.281457, 
            716.526490, 99.043046, 716.526490, 96.923841, 
            716.526490, 94.804636, 716.526490, 92.685430, 
            716.526490, 90.566225, 716.526490, 84.208609, 
            716.526490, 77.850993, 716.526490, 71.493377, 
            716.526490, 67.254967, 716.526490, 63.016556, 
            716.526490, 60.897351, 714.407285, 56.658940, 
            714.407285, 54.539735, 714.407285, 54.539735, 
            712.288079, 52.420530, 712.288079, 46.062914, 
            710.168874, 41.824503, 708.049669, 37.586093, 
            708.049669, 31.228477, 705.930464, 26.990066, 
            703.811258, 24.870861, 703.811258, 22.751656, 
            703.811258, 22.751656, 701.692053, 20.632450, 
            701.692053, 18.513245, 699.572848, 18.513245, 
            697.453642, 16.394040, 693.215232, 16.394040, 
            691.096026, 14.274834, 691.096026, 12.155629, 
            684.738411, 12.155629, 682.619205, 12.155629, 
            680.500000, 12.155629, 676.261589, 12.155629, 
            672.023179, 12.155629, 669.903974, 12.155629, 
            667.784768, 12.155629, 665.665563, 12.155629, 
            663.546358, -1.000000, -1.000000, 1114.142384, 
            718.645695, 1114.142384, 716.526490, 1114.142384, 
            714.407285, 1114.142384, 710.168874, 1114.142384, 
            708.049669, 1114.142384, 705.930464, 1114.142384, 
            703.811258, 1114.142384, 701.692053, 1114.142384, 
            699.572848, 1114.142384, 697.453642, 1116.261589, 
            693.215232, 1116.261589, 691.096026, 1116.261589, 
            688.976821, 1116.261589, 686.857616, 1116.261589, 
            684.738411, 1116.261589, 682.619205, 1118.380795, 
            680.500000, 1118.380795, 678.380795, 1118.380795, 
            676.261589, 1118.380795, 674.142384, 1120.500000, 
            674.142384, 1120.500000, 672.023179, 1122.619205, 
            667.784768, 1124.738411, 663.546358, 1124.738411, 
            661.427152, 1126.857616, 659.307947, 1126.857616, 
            657.188742, 1128.976821, 655.069536, 1131.096026, 
            652.950331, 1131.096026, 650.831126, 1133.215232, 
            650.831126, 1133.215232, 648.711921, 1135.334437, 
            648.711921, 1137.453642, 644.473510, 1139.572848, 
            644.473510, 1139.572848, 642.354305, 1141.692053, 
            642.354305, 1141.692053, 640.235099, 1143.811258, 
            640.235099, 1145.930464, 638.115894, 1148.049669, 
            633.877483, 1152.288079, 633.877483, 1156.526490, 
            629.639073, 1158.645695, 627.519868, 1160.764901, 
            625.400662, 1162.884106, 623.281457, 1162.884106, 
            619.043046, 1165.003311, 619.043046, 1167.122517, 
            614.804636, 1169.241722, 612.685430, 1171.360927, 
            610.566225, 1173.480132, 608.447020, 1173.480132, 
            606.327815, 1175.599338, 604.208609, 1177.718543, 
            602.089404, 1179.837748, 599.970199, 1181.956954, 
            597.850993, 1186.195364, 597.850993, 1190.433775, 
            595.731788, 1192.552980, 593.612583, 1194.672185, 
