%YAML:1.0
    mask: !!opencv-matrix
        rows: 409
        cols: 2
        dt: f
        data: [ -1.000000, -1.000000, 1055.510309, 
            635.634021, 1052.871134, 630.355670, 1047.592784, 
            622.438144, 1040.994845, 614.520619, 1038.355670, 
            609.242268, 1033.077320, 600.005155, 1030.438144, 
            593.407216, 1023.840206, 582.850515, 1021.201031, 
            576.252577, 1021.201031, 574.932990, 1019.881443, 
            569.654639, 1015.922680, 556.458763, 1013.283505, 
            540.623711, 1006.685567, 514.231959, 1005.365979, 
            510.273196, 1004.046392, 503.675258, 1002.726804, 
            495.757732, 1002.726804, 493.118557, 1001.407216, 
            486.520619, 1001.407216, 485.201031, 1000.087629, 
            483.881443, 1000.087629, 482.561856, 998.768041, 
            481.242268, 994.809278, 478.603093, 992.170103, 
            474.644330, 989.530928, 470.685567, 984.252577, 
            466.726804, 978.974227, 462.768041, 973.695876, 
            460.128866, 964.458763, 456.170103, 953.902062, 
            453.530928, 952.582474, 453.530928, 948.623711, 
            449.572165, 944.664948, 445.613402, 942.025773, 
            444.293814, 939.386598, 439.015464, 935.427835, 
            436.376289, 934.108247, 433.737113, 934.108247, 
            431.097938, 932.788660, 424.500000, 931.469072, 
            416.582474, 931.469072, 404.706186, 931.469072, 
            386.231959, 931.469072, 383.592784, 931.469072, 
            379.634021, 931.469072, 378.314433, 930.149485, 
            378.314433, 930.149485, 376.994845, 927.510309, 
            375.675258, 923.551546, 374.355670, 919.592784, 
            371.716495, 918.273196, 371.716495, 914.314433, 
            366.438144, 910.355670, 361.159794, 910.355670, 
            359.840206, 909.036082, 358.520619, 909.036082, 
            357.201031, 910.355670, 351.922680, 911.675258, 
            350.603093, 914.314433, 345.324742, 922.231959, 
            338.726804, 930.149485, 333.448454, 931.469072, 
            332.128866, 934.108247, 332.128866, 938.067010, 
            330.809278, 948.623711, 329.489691, 956.541237, 
            329.489691, 963.139175, 328.170103, 972.376289, 
            328.170103, 978.974227, 328.170103, 989.530928, 
            325.530928, 992.170103, 325.530928, 993.489691, 
            325.530928, 996.128866, 324.211340, 1000.087629, 
            324.211340, 1005.365979, 322.891753, 1010.644330, 
            322.891753, 1013.283505, 322.891753, 1015.922680, 
            322.891753, 1019.881443, 322.891753, 1022.520619, 
            324.211340, 1023.840206, 324.211340, 1027.798969, 
            326.850515, 1029.118557, 328.170103, 1035.716495, 
            330.809278, 1040.994845, 334.768041, 1048.912371, 
            338.726804, 1052.871134, 341.365979, 1062.108247, 
            347.963918, 1070.025773, 353.242268, 1075.304124, 
            355.881443, 1087.180412, 363.798969, 1088.500000, 
            363.798969, 1096.417526, 369.077320, 1100.376289, 
            370.396907, 1105.654639, 374.355670, 1108.293814, 
            375.675258, 1110.932990, 376.994845, 1112.252577, 
            378.314433, 1118.850515, 382.273196, 1121.489691, 
            384.912371, 1124.128866, 388.871134, 1126.768041, 
            392.829897, 1133.365979, 403.386598, 1134.685567, 
            407.345361, 1139.963918, 420.541237, 1141.283505, 
            431.097938, 1142.603093, 435.056701, 1145.242268, 
            446.932990, 1146.561856, 458.809278, 1147.881443, 
            469.365979, 1150.520619, 478.603093, 1151.840206, 
            489.159794, 1151.840206, 498.396907, 1153.159794, 
            508.953608, 1157.118557, 523.469072, 1157.118557, 
            532.706186, 1157.118557, 536.664948, 1159.757732, 
            541.943299, 1159.757732, 543.262887, 1159.757732, 
            544.582474, 1155.798969, 548.541237, 1150.520619, 
            553.819588, 1139.963918, 559.097938, 1122.809278, 
            569.654639, 1110.932990, 576.252577, 1105.654639, 
            581.530928, 1105.654639, 582.850515, -1.000000, 
            -1.000000, 775.069536, 243.943709, 770.831126, 
            246.062914, 770.831126, 248.182119, 768.711921, 
            250.301325, 768.711921, 252.420530, 768.711921, 
            254.539735, 766.592715, 254.539735, 764.473510, 
            256.658940, 764.473510, 258.778146, 762.354305, 
            258.778146, 760.235099, 260.897351, 758.115894, 
            260.897351, 755.996689, 260.897351, 753.877483, 
            260.897351, 751.758278, 260.897351, 749.639073, 
            263.016556, 747.519868, 263.016556, 741.162252, 
            265.135762, 736.923841, 265.135762, 734.804636, 
            267.254967, 732.685430, 267.254967, 730.566225, 
            267.254967, 728.447020, 267.254967, 726.327815, 
            267.254967, 724.208609, 267.254967, 722.089404, 
            269.374172, 719.970199, 271.493377, 715.731788, 
            271.493377, 713.612583, 271.493377, 711.493377, 
            273.612583, 707.254967, 273.612583, 705.135762, 
            275.731788, 703.016556, 275.731788, 703.016556, 
            277.850993, 698.778146, 277.850993, 696.658940, 
            279.970199, 694.539735, 279.970199, 692.420530, 
            279.970199, 690.301325, 279.970199, 688.182119, 
            282.089404, 686.062914, 282.089404, 683.943709, 
            282.089404, 683.943709, 284.208609, 681.824503, 
            284.208609, 681.824503, 286.327815, 681.824503, 
            290.566225, 681.824503, 292.685430, 681.824503, 
            294.804636, 681.824503, 296.923841, 681.824503, 
            299.043046, 681.824503, 303.281457, 683.943709, 
            307.519868, 683.943709, 309.639073, 686.062914, 
            311.758278, 688.182119, 313.877483, 690.301325, 
            315.996689, 690.301325, 318.115894, 692.420530, 
            320.235099, 694.539735, 322.354305, 696.658940, 
            322.354305, 696.658940, 324.473510, 698.778146, 
            326.592715, 700.897351, 326.592715, 703.016556, 
            328.711921, 705.135762, 328.711921, 705.135762, 
            330.831126, 709.374172, 332.950331, 711.493377, 
            335.069536, 713.612583, 335.069536, 717.850993, 
            337.188742, 722.089404, 339.307947, 726.327815, 
            339.307947, 728.447020, 341.427152, 730.566225, 
            343.546358, 732.685430, 343.546358, 734.804636, 
            343.546358, 736.923841, 343.546358, 739.043046, 
            343.546358, 743.281457, 345.665563, 743.281457, 
            347.784768, 747.519868, 347.784768, 749.639073, 
            347.784768, 753.877483, 347.784768, 755.996689, 
            347.784768, 758.115894, 347.784768, 760.235099, 
            347.784768, 762.354305, 347.784768, 764.473510, 
            347.784768, 766.592715, 347.784768, 768.711921, 
            347.784768, 772.950331, 347.784768, 775.069536, 
            347.784768, 777.188742, 347.784768, 779.307947, 
            347.784768, 781.427152, 347.784768, 783.546358, 
            347.784768, 785.665563, 345.665563, 787.784768, 
            345.665563, 792.023179, 343.546358, 794.142384, 
            341.427152, 798.380795, 339.307947, 800.500000, 
            337.188742, 804.738411, 335.069536, 806.857616, 
            332.950331, 806.857616, 330.831126, 808.976821, 
            330.831126, 808.976821, 328.711921, 808.976821, 
            324.473510, 808.976821, 322.354305, 811.096026, 
            322.354305, 811.096026, 318.115894, 813.215232, 
            315.996689, 813.215232, 313.877483, 813.215232, 
            311.758278, 813.215232, 309.639073, 813.215232, 
            305.400662, 813.215232, 301.162252, 813.215232, 
            299.043046, 813.215232, 294.804636, 811.096026, 
            294.804636, 811.096026, 292.685430, 808.976821, 
            292.685430, 808.976821, 290.566225, 804.738411, 
            288.447020, 802.619205, 286.327815, 800.500000, 
