%YAML:1.0
    mask: !!opencv-matrix
        rows: 629
        cols: 2
        dt: f
        data: [ 306.725166, 659.307947, 308.844371, 
            659.307947, 308.844371, 661.427152, 306.725166, 
            663.546358, 304.605960, 663.546358, 302.486755, 
            665.665563, 300.367550, 667.784768, 298.248344, 
            667.784768, 296.129139, 669.903974, 289.771523, 
            669.903974, 283.413907, 672.023179, 277.056291, 
            674.142384, 272.817881, 676.261589, 268.579470, 
            676.261589, 260.102649, 676.261589, 255.864238, 
            678.380795, 251.625828, 678.380795, 245.268212, 
            680.500000, 241.029801, 680.500000, 238.910596, 
            680.500000, 236.791391, 680.500000, 232.552980, 
            680.500000, 230.433775, 680.500000, 228.314570, 
            682.619205, 224.076159, 684.738411, 221.956954, 
            684.738411, 217.718543, 686.857616, 215.599338, 
            688.976821, 213.480132, 688.976821, 211.360927, 
            691.096026, 209.241722, 691.096026, 207.122517, 
            693.215232, 205.003311, 693.215232, 205.003311, 
            695.334437, 200.764901, 695.334437, 198.645695, 
            697.453642, 196.526490, 699.572848, 194.407285, 
            699.572848, 194.407285, 701.692053, 190.168874, 
            701.692053, 190.168874, 703.811258, 188.049669, 
            703.811258, 185.930464, 705.930464, 183.811258, 
            708.049669, 181.692053, 710.168874, 181.692053, 
            712.288079, 183.811258, 712.288079, 185.930464, 
            712.288079, 188.049669, 712.288079, 190.168874, 
            712.288079, 198.645695, 712.288079, 202.884106, 
            712.288079, 211.360927, 712.288079, 215.599338, 
            712.288079, 219.837748, 712.288079, 221.956954, 
            712.288079, 226.195364, 712.288079, 230.433775, 
            712.288079, 234.672185, 712.288079, 241.029801, 
            712.288079, 253.745033, 712.288079, 257.983444, 
            714.407285, 262.221854, 714.407285, 272.817881, 
            714.407285, 274.937086, 714.407285, 277.056291, 
            714.407285, 279.175497, 714.407285, 287.652318, 
            714.407285, 294.009934, 714.407285, 296.129139, 
            714.407285, 298.248344, 714.407285, 300.367550, 
            714.407285, 302.486755, 714.407285, 304.605960, 
            714.407285, 306.725166, 714.407285, 310.963576, 
            714.407285, 315.201987, 714.407285, 317.321192, 
            714.407285, 319.440397, 714.407285, 319.440397, 
            712.288079, 317.321192, 710.168874, 317.321192, 
            708.049669, 317.321192, 705.930464, 315.201987, 
            703.811258, 315.201987, 701.692053, 315.201987, 
            699.572848, 315.201987, 697.453642, 313.082781, 
            695.334437, 313.082781, 691.096026, 313.082781, 
            688.976821, 313.082781, 686.857616, 313.082781, 
            684.738411, 310.963576, 680.500000, 310.963576, 
            678.380795, 310.963576, 676.261589, 310.963576, 
            674.142384, 310.963576, 669.903974, 308.844371, 
            667.784768, 308.844371, 665.665563, 308.844371, 
            663.546358, -1.000000, -1.000000, 622.486755, 
            655.069536, 624.605960, 655.069536, 628.844371, 
            655.069536, 630.963576, 655.069536, 633.082781, 
            657.188742, 639.440397, 659.307947, 643.678808, 
            659.307947, 645.798013, 659.307947, 652.155629, 
            661.427152, 654.274834, 661.427152, 658.513245, 
            663.546358, 660.632450, 663.546358, 664.870861, 
            663.546358, 666.990066, 663.546358, 671.228477, 
            663.546358, 673.347682, 663.546358, 677.586093, 
            663.546358, 679.705298, 663.546358, 686.062914, 
            665.665563, 690.301325, 667.784768, 692.420530, 
            667.784768, 698.778146, 669.903974, 700.897351, 
            672.023179, 705.135762, 672.023179, 705.135762, 
            674.142384, 707.254967, 676.261589, 709.374172, 
            676.261589, 711.493377, 678.380795, 713.612583, 
            678.380795, 715.731788, 680.500000, 717.850993, 
            682.619205, 719.970199, 682.619205, 722.089404, 
            684.738411, 724.208609, 686.857616, 726.327815, 
            686.857616, 728.447020, 688.976821, 730.566225, 
            691.096026, 732.685430, 693.215232, 734.804636, 
            693.215232, 734.804636, 695.334437, 736.923841, 
            697.453642, 739.043046, 699.572848, 741.162252, 
            701.692053, 743.281457, 703.811258, 745.400662, 
            708.049669, 747.519868, 710.168874, 747.519868, 
            714.407285, 745.400662, 716.526490, 743.281457, 
            716.526490, 741.162252, 716.526490, 739.043046, 
            716.526490, 736.923841, 716.526490, 736.923841, 
            718.645695, 734.804636, 718.645695, 728.447020, 
            718.645695, 626.725166, 716.526490, 624.605960, 
            716.526490, 622.486755, 714.407285, 620.367550, 
            714.407285, 618.248344, 712.288079, 616.129139, 
            710.168874, 614.009934, 710.168874, 614.009934, 
            708.049669, 611.890728, 703.811258, 611.890728, 
            701.692053, 611.890728, 697.453642, 611.890728, 
            695.334437, 611.890728, 693.215232, 614.009934, 
            691.096026, 614.009934, 686.857616, 614.009934, 
            684.738411, 616.129139, 682.619205, 616.129139, 
            680.500000, 618.248344, 676.261589, 618.248344, 
            674.142384, 620.367550, 672.023179, 622.486755, 
            669.903974, 622.486755, 667.784768, 624.605960, 
            665.665563, 624.605960, 663.546358, 624.605960, 
            661.427152, 626.725166, 661.427152, -1.000000, 
            -1.000000, 609.771523, 269.374172, 609.771523, 
            271.493377, 607.652318, 273.612583, 605.533113, 
            273.612583, 603.413907, 275.731788, 601.294702, 
            275.731788, 601.294702, 277.850993, 597.056291, 
            279.970199, 594.937086, 282.089404, 592.817881, 
            284.208609, 590.698675, 284.208609, 590.698675, 
            286.327815, 588.579470, 286.327815, 584.341060, 
            288.447020, 580.102649, 290.566225, 577.983444, 
            290.566225, 575.864238, 292.685430, 573.745033, 
            294.804636, 573.745033, 296.923841, 573.745033, 
            301.162252, 575.864238, 303.281457, 577.983444, 
            303.281457, 577.983444, 307.519868, 580.102649, 
            307.519868, 582.221854, 309.639073, 582.221854, 
            311.758278, 582.221854, 313.877483, 584.341060, 
            315.996689, 586.460265, 315.996689, 586.460265, 
            318.115894, 588.579470, 318.115894, 588.579470, 
            320.235099, 590.698675, 322.354305, 592.817881, 
            324.473510, 594.937086, 324.473510, 594.937086, 
            326.592715, 597.056291, 326.592715, 599.175497, 
            328.711921, 601.294702, 330.831126, 603.413907, 
            332.950331, 607.652318, 332.950331, 609.771523, 
            332.950331, 609.771523, 335.069536, 611.890728, 
            335.069536, 614.009934, 335.069536, 616.129139, 
            337.188742, 620.367550, 337.188742, 622.486755, 
            337.188742, 624.605960, 337.188742, 628.844371, 
            337.188742, 630.963576, 339.307947, 633.082781, 
            339.307947, 635.201987, 339.307947, 639.440397, 
            339.307947, 641.559603, 341.427152, 643.678808, 
            341.427152, 647.917219, 341.427152, 652.155629, 
            343.546358, 654.274834, 343.546358, 656.394040, 
            343.546358, 662.751656, 343.546358, 664.870861, 
            343.546358, 666.990066, 343.546358, 669.109272, 
            343.546358, 671.228477, 343.546358, 673.347682, 
            343.546358, 675.466887, 343.546358, 677.586093, 
            343.546358, 679.705298, 343.546358, 681.824503, 
            343.546358, 683.943709, 343.546358, 686.062914, 
            343.546358, 688.182119, 345.665563, 690.301325, 
