%YAML:1.0
    mask: !!opencv-matrix
        rows: 515
        cols: 2
        dt: f
        data: [ 349.530928, 716.128866, 352.170103, 
            710.850515, 357.448454, 698.974227, 361.407216, 
            689.737113, 362.726804, 687.097938, 365.365979, 
            683.139175, 368.005155, 681.819588, 369.324742, 
            677.860825, 371.963918, 673.902062, 373.283505, 
            672.582474, 375.922680, 669.943299, 377.242268, 
            668.623711, 381.201031, 664.664948, 382.520619, 
            663.345361, 385.159794, 659.386598, 389.118557, 
            654.108247, 393.077320, 648.829897, 394.396907, 
            646.190722, 395.716495, 642.231959, 398.355670, 
            636.953608, 400.994845, 629.036082, 402.314433, 
            626.396907, 403.634021, 625.077320, 403.634021, 
            622.438144, 406.273196, 617.159794, 406.273196, 
            615.840206, 404.953608, 613.201031, 403.634021, 
            611.881443, 400.994845, 610.561856, 398.355670, 
            609.242268, 397.036082, 609.242268, 394.396907, 
            609.242268, 391.757732, 609.242268, 390.438144, 
            609.242268, 386.479381, 610.561856, 383.840206, 
            613.201031, 378.561856, 614.520619, 377.242268, 
            615.840206, 374.603093, 617.159794, 370.644330, 
            621.118557, 369.324742, 623.757732, 362.726804, 
            632.994845, 360.087629, 634.314433, 356.128866, 
            639.592784, 353.489691, 643.551546, 349.530928, 
            647.510309, 344.252577, 655.427835, 342.932990, 
            656.747423, 335.015464, 665.984536, 331.056701, 
            669.943299, 328.417526, 671.262887, 327.097938, 
            675.221649, 325.778351, 676.541237, 324.458763, 
            677.860825, 323.139175, 679.180412, 317.860825, 
            683.139175, 316.541237, 684.458763, 313.902062, 
            685.778351, 312.582474, 688.417526, 309.943299, 
            689.737113, 303.345361, 693.695876, 302.025773, 
            695.015464, 298.067010, 698.974227, 292.788660, 
            700.293814, 288.829897, 701.613402, 283.551546, 
            702.932990, 276.953608, 704.252577, 274.314433, 
            705.572165, 269.036082, 706.891753, 259.798969, 
            709.530928, 258.479381, 709.530928, 254.520619, 
            709.530928, 251.881443, 709.530928, 246.603093, 
            709.530928, 243.963918, 706.891753, 243.963918, 
            704.252577, 242.644330, 702.932990, 241.324742, 
            700.293814, 241.324742, 684.458763, 243.963918, 
            676.541237, 249.242268, 668.623711, 251.881443, 
            664.664948, 254.520619, 660.706186, 267.716495, 
            644.871134, 274.314433, 636.953608, 275.634021, 
            635.634021, 280.912371, 630.355670, 284.871134, 
            623.757732, 286.190722, 621.118557, 290.149485, 
            617.159794, 294.108247, 614.520619, 303.345361, 
            603.963918, 307.304124, 597.365979, 308.623711, 
            596.046392, 311.262887, 593.407216, 312.582474, 
            593.407216, 315.221649, 592.087629, 319.180412, 
            590.768041, 321.819588, 589.448454, 324.458763, 
            588.128866, 328.417526, 585.489691, 331.056701, 
            584.170103, 336.335052, 581.530928, 349.530928, 
            577.572165, 357.448454, 576.252577, 361.407216, 
            574.932990, 366.685567, 573.613402, 374.603093, 
            569.654639, 378.561856, 568.335052, 379.881443, 
            567.015464, 386.479381, 563.056701, 394.396907, 
            559.097938, 398.355670, 556.458763, 402.314433, 
            553.819588, 403.634021, 552.500000, 408.912371, 
            549.860825, 412.871134, 545.902062, 414.190722, 
            545.902062, 415.510309, 543.262887, 416.829897, 
            541.943299, 420.788660, 536.664948, 423.427835, 
            532.706186, 423.427835, 531.386598, 423.427835, 
            530.067010, 420.788660, 528.747423, 418.149485, 
            527.427835, 416.829897, 527.427835, 416.829897, 
            526.108247, 415.510309, 526.108247, 414.190722, 
            526.108247, 412.871134, 526.108247, 407.592784, 
            523.469072, 403.634021, 523.469072, 400.994845, 
            522.149485, 399.675258, 522.149485, 397.036082, 
            522.149485, 394.396907, 522.149485, 386.479381, 
            522.149485, 382.520619, 522.149485, 378.561856, 
            522.149485, 373.283505, 523.469072, 371.963918, 
            523.469072, 368.005155, 526.108247, 366.685567, 
            526.108247, 362.726804, 526.108247, 356.128866, 
            526.108247, 344.252577, 526.108247, 341.613402, 
            526.108247, 333.695876, 526.108247, 325.778351, 
            526.108247, 317.860825, 526.108247, 316.541237, 
            527.427835, 312.582474, 527.427835, 299.386598, 
            527.427835, 294.108247, 527.427835, 288.829897, 
            527.427835, 274.314433, 527.427835, 265.077320, 
            526.108247, 258.479381, 524.788660, 254.520619, 
            524.788660, 251.881443, 524.788660, 249.242268, 
            524.788660, 245.283505, 524.788660, 242.644330, 
            524.788660, 233.407216, 526.108247, 228.128866, 
            527.427835, 216.252577, 532.706186, 208.335052, 
            536.664948, 204.376289, 536.664948, 201.737113, 
            537.984536, 199.097938, 539.304124, 193.819588, 
            540.623711, 191.180412, 541.943299, 184.582474, 
            545.902062, 179.304124, 548.541237, 172.706186, 
            551.180412, 170.067010, 551.180412, 166.108247, 
            553.819588, 158.190722, 555.139175, 151.592784, 
            557.778351, 139.716495, 561.737113, 127.840206, 
            569.654639, 126.520619, 570.974227, 125.201031, 
            570.974227, 123.881443, 570.974227, 119.922680, 
            573.613402, 115.963918, 576.252577, 96.170103, 
            585.489691, 88.252577, 586.809278, 82.974227, 
            588.128866, 69.778351, 593.407216, 57.902062, 
            597.365979, 53.943299, 598.685567, 48.664948, 
            600.005155, 42.067010, 602.644330, 38.108247, 
            603.963918, 30.190722, 606.603093, 27.551546, 
            609.242268, 20.953608, 614.520619, 14.355670, 
            622.438144, 11.716495, 626.396907, 10.396907, 
            630.355670, 7.757732, 635.634021, 6.438144, 
            642.231959, 5.118557, 651.469072, 5.118557, 
            655.427835, 3.798969, 660.706186, 3.798969, 
            665.984536, 3.798969, 669.943299, 3.798969, 
            681.819588, 3.798969, 691.056701, 2.479381, 
            698.974227, 2.479381, 706.891753, 2.479381, 
            716.128866, -1.000000, -1.000000, -1.000000, 
            -1.000000, 853.613402, 48.417526, 844.376289, 
            48.417526, 828.541237, 52.376289, 816.664948, 
            57.654639, 807.427835, 60.293814, 799.510309, 
            61.613402, 794.231959, 64.252577, 783.675258, 
            69.530928, 773.118557, 74.809278, 767.840206, 
            80.087629, 761.242268, 81.407216, 758.603093, 
            82.726804, 755.963918, 85.365979, 752.005155, 
            89.324742, 742.768041, 93.283505, 737.489691, 
            97.242268, 728.252577, 103.840206, 726.932990, 
            106.479381, 724.293814, 107.798969, 716.376289, 
            113.077320, 715.056701, 115.716495, 712.417526, 
            118.355670, 701.860825, 128.912371, 700.541237, 
            130.231959, 692.623711, 139.469072, 691.304124, 
            142.108247, 689.984536, 143.427835, 688.664948, 
            146.067010, 686.025773, 156.623711, 686.025773, 
            157.943299, 686.025773, 160.582474, 686.025773, 
            164.541237, 686.025773, 171.139175, 687.345361, 
            172.458763, 687.345361, 173.778351, 688.664948, 
            175.097938, 691.304124, 177.737113, 695.262887, 
            180.376289, 696.582474, 180.376289, 697.902062, 
            180.376289, 703.180412, 179.056701, 707.139175, 
            175.097938, 708.458763, 172.458763, 709.778351, 
