%YAML:1.0
    mask: !!opencv-matrix
        rows: 413
        cols: 2
        dt: f
        data: [ 126.520619, 709.530928, 133.118557, 
            708.211340, 137.077320, 705.572165, 146.314433, 
            698.974227, 147.634021, 697.654639, 151.592784, 
            695.015464, 154.231959, 691.056701, 156.871134, 
            685.778351, 160.829897, 681.819588, 162.149485, 
            679.180412, 162.149485, 676.541237, 162.149485, 
            672.582474, 162.149485, 669.943299, 160.829897, 
            667.304124, 156.871134, 665.984536, 152.912371, 
            663.345361, 152.912371, 662.025773, 154.231959, 
            659.386598, 155.551546, 656.747423, 162.149485, 
            648.829897, 174.025773, 632.994845, 179.304124, 
            622.438144, 180.623711, 618.479381, 184.582474, 
            610.561856, 185.902062, 600.005155, 188.541237, 
            594.726804, 189.860825, 589.448454, 192.500000, 
            585.489691, 192.500000, 578.891753, 192.500000, 
            577.572165, 191.180412, 577.572165, 181.943299, 
            577.572165, 171.386598, 577.572165, 168.747423, 
            578.891753, 166.108247, 578.891753, 164.788660, 
            578.891753, 163.469072, 576.252577, 160.829897, 
            573.613402, 158.190722, 570.974227, 156.871134, 
            568.335052, 155.551546, 565.695876, 152.912371, 
            561.737113, 146.314433, 553.819588, 141.036082, 
            551.180412, 135.757732, 549.860825, 131.798969, 
            548.541237, 129.159794, 548.541237, 125.201031, 
            548.541237, 121.242268, 548.541237, 106.726804, 
            555.139175, 100.128866, 559.097938, 89.572165, 
            565.695876, 82.974227, 570.974227, 73.737113, 
            578.891753, 67.139175, 582.850515, 57.902062, 
            592.087629, 53.943299, 594.726804, 51.304124, 
            598.685567, 47.345361, 602.644330, 42.067010, 
            606.603093, 39.427835, 607.922680, 32.829897, 
            614.520619, 27.551546, 617.159794, 24.912371, 
            621.118557, 23.592784, 623.757732, 19.634021, 
            630.355670, 18.314433, 635.634021, 15.675258, 
            640.912371, 13.036082, 647.510309, 13.036082, 
            654.108247, 13.036082, 667.304124, 11.716495, 
            675.221649, 11.716495, 688.417526, 10.396907, 
            695.015464, 10.396907, 702.932990, 10.396907, 
            705.572165, 10.396907, 709.530928, 10.396907, 
            710.850515, 10.396907, 712.170103, 10.396907, 
            713.489691, -1.000000, -1.000000, 828.541237, 
            544.582474, 828.541237, 539.304124, 817.984536, 
            528.747423, 807.427835, 516.871134, 799.510309, 
            508.953608, 796.871134, 504.994845, 794.231959, 
            499.716495, 788.953608, 495.757732, 784.994845, 
            490.479381, 779.716495, 482.561856, 775.757732, 
            477.283505, 771.798969, 472.005155, 765.201031, 
            462.768041, 759.922680, 453.530928, 754.644330, 
            441.654639, 746.726804, 431.097938, 745.407216, 
            428.458763, 740.128866, 419.221649, 736.170103, 
            413.943299, 734.850515, 411.304124, 732.211340, 
            406.025773, 730.891753, 403.386598, 725.613402, 
            396.788660, 724.293814, 394.149485, 722.974227, 
            390.190722, 721.654639, 390.190722, 720.335052, 
            388.871134, 720.335052, 387.551546, 715.056701, 
            383.592784, 711.097938, 379.634021, 704.500000, 
            375.675258, 695.262887, 371.716495, 684.706186, 
            366.438144, 680.747423, 366.438144, 670.190722, 
            362.479381, 660.953608, 358.520619, 649.077320, 
            354.561856, 643.798969, 353.242268, 638.520619, 
            350.603093, 635.881443, 347.963918, 629.283505, 
            344.005155, 622.685567, 338.726804, 616.087629, 
            330.809278, 609.489691, 322.891753, 601.572165, 
            312.335052, 601.572165, 309.695876, 600.252577, 
            307.056701, 600.252577, 304.417526, 600.252577, 
            301.778351, 600.252577, 296.500000, 600.252577, 
            293.860825, 602.891753, 291.221649, 605.530928, 
            289.902062, 608.170103, 289.902062, 610.809278, 
            289.902062, 620.046392, 289.902062, 622.685567, 
            289.902062, 631.922680, 291.221649, 637.201031, 
            293.860825, 643.798969, 295.180412, 651.716495, 
            297.819588, 655.675258, 300.458763, 662.273196, 
            301.778351, 671.510309, 305.737113, 678.108247, 
            307.056701, 688.664948, 308.376289, 693.943299, 
            308.376289, 696.582474, 308.376289, 708.458763, 
            308.376289, 712.417526, 308.376289, 715.056701, 
            308.376289, 717.695876, 305.737113, 720.335052, 
            301.778351, 721.654639, 297.819588, 721.654639, 
            295.180412, 720.335052, 289.902062, 711.097938, 
            281.984536, 700.541237, 278.025773, 695.262887, 
            275.386598, 689.984536, 272.747423, 687.345361, 
            272.747423, 683.386598, 271.427835, 682.067010, 
            270.108247, 678.108247, 268.788660, 675.469072, 
            267.469072, 666.231959, 262.190722, 664.912371, 
            260.871134, 662.273196, 259.551546, 660.953608, 
            258.231959, 658.314433, 254.273196, 654.355670, 
            245.036082, 643.798969, 233.159794, 641.159794, 
            229.201031, 639.840206, 223.922680, 635.881443, 
            213.365979, 630.603093, 205.448454, 627.963918, 
            202.809278, 625.324742, 201.489691, 621.365979, 
            197.530928, 614.768041, 196.211340, 605.530928, 
            194.891753, 601.572165, 194.891753, 597.613402, 
            194.891753, 593.654639, 194.891753, 591.015464, 
            194.891753, 587.056701, 194.891753, 585.737113, 
            194.891753, 588.376289, 194.891753, 606.850515, 
            193.572165, 626.644330, 189.613402, 638.520619, 
            186.974227, 647.757732, 184.335052, 653.036082, 
            183.015464, 656.994845, 181.695876, 662.273196, 
            179.056701, 666.231959, 177.737113, 674.149485, 
            175.097938, 689.984536, 168.500000, 693.943299, 
            167.180412, 701.860825, 164.541237, 705.819588, 
            163.221649, 712.417526, 159.262887, 715.056701, 
            157.943299, 717.695876, 156.623711, 719.015464, 
            156.623711, 720.335052, 156.623711, 726.932990, 
            155.304124, 732.211340, 155.304124, 734.850515, 
            155.304124, 738.809278, 155.304124, 746.726804, 
            160.582474, 755.963918, 167.180412, 762.561856, 
            171.139175, 766.520619, 175.097938, 774.438144, 
            179.056701, 777.077320, 180.376289, 786.314433, 
            188.293814, 792.912371, 194.891753, 803.469072, 
            206.768041, 807.427835, 210.726804, 820.623711, 
            221.283505, 824.582474, 225.242268, 829.860825, 
            231.840206, 836.458763, 239.757732, 839.097938, 
            243.716495, 843.056701, 247.675258, 844.376289, 
            250.314433, 848.335052, 258.231959, 853.613402, 
            268.788660, 857.572165, 276.706186, 864.170103, 
            284.623711, 870.768041, 295.180412, 876.046392, 
            303.097938, 882.644330, 312.335052, 885.283505, 
            316.293814, 890.561856, 328.170103, 893.201031, 
            332.128866, 897.159794, 338.726804, 898.479381, 
            342.685567, 903.757732, 354.561856, 907.716495, 
            361.159794, 912.994845, 370.396907, 918.273196, 
            380.953608, 920.912371, 386.231959, 923.551546, 
            390.190722, 924.871134, 394.149485, 927.510309, 
            399.427835, 932.788660, 408.664948, 934.108247, 
            412.623711, 938.067010, 420.541237, 943.345361, 
            427.139175, 945.984536, 433.737113, 949.943299, 
            440.335052, 952.582474, 444.293814, 953.902062, 
            445.613402, 959.180412, 452.211340, 963.139175, 
            457.489691, 967.097938, 461.448454, 968.417526, 
