%YAML:1.0
    mask: !!opencv-matrix
        rows: 213
        cols: 2
        dt: f
        data: [ 317.860825, 714.809278, 317.860825, 
            706.891753, 317.860825, 701.613402, 319.180412, 
            695.015464, 320.500000, 692.376289, 320.500000, 
            691.056701, 323.139175, 681.819588, 323.139175, 
            677.860825, 324.458763, 671.262887, 329.737113, 
            663.345361, 333.695876, 656.747423, 333.695876, 
            654.108247, 338.974227, 646.190722, 340.293814, 
            640.912371, 342.932990, 632.994845, 344.252577, 
            629.036082, 348.211340, 625.077320, 349.530928, 
            625.077320, 350.850515, 621.118557, 354.809278, 
            615.840206, 358.768041, 614.520619, 358.768041, 
            611.881443, 360.087629, 610.561856, 362.726804, 
            607.922680, 364.046392, 606.603093, 365.365979, 
            603.963918, 368.005155, 602.644330, 369.324742, 
            602.644330, 370.644330, 602.644330, 371.963918, 
            602.644330, 371.963918, 603.963918, 373.283505, 
            605.283505, 373.283505, 606.603093, 373.283505, 
            610.561856, 373.283505, 614.520619, 373.283505, 
            623.757732, 373.283505, 625.077320, 373.283505, 
            627.716495, 371.963918, 634.314433, 371.963918, 
            635.634021, 370.644330, 638.273196, 370.644330, 
            643.551546, 369.324742, 650.149485, 368.005155, 
            652.788660, 368.005155, 658.067010, 368.005155, 
            660.706186, 368.005155, 662.025773, 368.005155, 
            663.345361, 368.005155, 664.664948, 368.005155, 
            665.984536, 369.324742, 665.984536, 370.644330, 
            665.984536, 373.283505, 665.984536, 374.603093, 
            665.984536, 375.922680, 665.984536, 377.242268, 
            665.984536, 378.561856, 665.984536, 379.881443, 
            665.984536, 383.840206, 665.984536, 390.438144, 
            664.664948, 398.355670, 664.664948, 402.314433, 
            663.345361, 412.871134, 662.025773, 423.427835, 
            660.706186, 427.386598, 660.706186, 430.025773, 
            660.706186, 432.664948, 660.706186, 435.304124, 
            659.386598, 436.623711, 658.067010, 439.262887, 
            656.747423, 440.582474, 656.747423, 441.902062, 
            656.747423, 443.221649, 656.747423, 443.221649, 
            658.067010, 443.221649, 659.386598, 443.221649, 
            660.706186, 443.221649, 662.025773, 443.221649, 
            663.345361, 443.221649, 664.664948, 443.221649, 
            667.304124, 443.221649, 668.623711, 443.221649, 
            669.943299, 441.902062, 671.262887, 441.902062, 
            673.902062, 437.943299, 676.541237, 437.943299, 
            677.860825, 433.984536, 679.180412, 427.386598, 
            684.458763, 422.108247, 687.097938, 416.829897, 
            688.417526, 415.510309, 689.737113, 414.190722, 
            689.737113, 414.190722, 692.376289, 411.551546, 
            695.015464, 411.551546, 696.335052, 408.912371, 
            700.293814, 404.953608, 702.932990, 403.634021, 
            705.572165, 399.675258, 706.891753, 393.077320, 
            710.850515, 390.438144, 712.170103, 390.438144, 
            713.489691, 389.118557, 713.489691, 387.798969, 
            714.809278, 386.479381, 716.128866, -1.000000, 
            -1.000000, -1.000000, -1.000000, 618.726804, 
            419.221649, 618.726804, 425.819588, 618.726804, 
            432.417526, 618.726804, 439.015464, 618.726804, 
            444.293814, 618.726804, 445.613402, 618.726804, 
            446.932990, 618.726804, 448.252577, 620.046392, 
            448.252577, 620.046392, 449.572165, 620.046392, 
            450.891753, 621.365979, 450.891753, 622.685567, 
            450.891753, 624.005155, 452.211340, 625.324742, 
            452.211340, 626.644330, 450.891753, 627.963918, 
            446.932990, 629.283505, 442.974227, 630.603093, 
            439.015464, 631.922680, 437.695876, 633.242268, 
            435.056701, 634.561856, 432.417526, 637.201031, 
            425.819588, 638.520619, 420.541237, 639.840206, 
            413.943299, 639.840206, 412.623711, 641.159794, 
            411.304124, 641.159794, 407.345361, 642.479381, 
            402.067010, 642.479381, 399.427835, 642.479381, 
            398.108247, 642.479381, 395.469072, 641.159794, 
            388.871134, 638.520619, 384.912371, 638.520619, 
            383.592784, 637.201031, 383.592784, 630.603093, 
            383.592784, 627.963918, 383.592784, 627.963918, 
            384.912371, 627.963918, 388.871134, 629.283505, 
            392.829897, 630.603093, 394.149485, 630.603093, 
            395.469072, -1.000000, -1.000000, 406.273196, 
            395.469072, 402.314433, 402.067010, 402.314433, 
            404.706186, 402.314433, 406.025773, 399.675258, 
            409.984536, 397.036082, 411.304124, 395.716495, 
            412.623711, 395.716495, 415.262887, 391.757732, 
            421.860825, 390.438144, 425.819588, 389.118557, 
            429.778351, 387.798969, 435.056701, 386.479381, 
            437.695876, 386.479381, 440.335052, 386.479381, 
            442.974227, 386.479381, 446.932990, 386.479381, 
            452.211340, 386.479381, 453.530928, 386.479381, 
            456.170103, 389.118557, 457.489691, 390.438144, 
            458.809278, 400.994845, 462.768041, 411.551546, 
            469.365979, 416.829897, 473.324742, 419.469072, 
            475.963918, 422.108247, 477.283505, 424.747423, 
            479.922680, 426.067010, 479.922680, 427.386598, 
            479.922680, 427.386598, 481.242268, 428.706186, 
            481.242268, 428.706186, 479.922680, 428.706186, 
            475.963918, 426.067010, 465.407216, 426.067010, 
            458.809278, 426.067010, 456.170103, 426.067010, 
            454.850515, 426.067010, 449.572165, 426.067010, 
            448.252577, 426.067010, 444.293814, 426.067010, 
            442.974227, 426.067010, 440.335052, 426.067010, 
            439.015464, 426.067010, 435.056701, 426.067010, 
            431.097938, 426.067010, 427.139175, 426.067010, 
            423.180412, 426.067010, 421.860825, 426.067010, 
            420.541237, 424.747423, 419.221649, 424.747423, 
            417.902062, 420.788660, 413.943299, 418.149485, 
            409.984536, 418.149485, 408.664948, 418.149485, 
            407.345361, 418.149485, 406.025773, 418.149485, 
            403.386598, 418.149485, 402.067010, 418.149485, 
            400.747423, 418.149485, 399.427835, 418.149485, 
            398.108247, 418.149485, 395.469072]
