%YAML:1.0
    mask: !!opencv-matrix
        rows: 324
        cols: 2
        dt: f
        data: [ -1.000000, -1.000000, 729.572165, 
            590.768041, 724.293814, 594.726804, 722.974227, 
            598.685567, 716.376289, 603.963918, 708.458763, 
            610.561856, 703.180412, 613.201031, 701.860825, 
            615.840206, 700.541237, 617.159794, 699.221649, 
            617.159794, 697.902062, 617.159794, 692.623711, 
            621.118557, 688.664948, 621.118557, 686.025773, 
            622.438144, 679.427835, 622.438144, 676.788660, 
            622.438144, 674.149485, 622.438144, 674.149485, 
            619.798969, 671.510309, 614.520619, 671.510309, 
            610.561856, 671.510309, 603.963918, 671.510309, 
            602.644330, 671.510309, 601.324742, 670.190722, 
            601.324742, 666.231959, 596.046392, 660.953608, 
            592.087629, 656.994845, 589.448454, 653.036082, 
            585.489691, 651.716495, 584.170103, 651.716495, 
            580.211340, 650.396907, 574.932990, 650.396907, 
            564.376289, 650.396907, 561.737113, 649.077320, 
            556.458763, 647.757732, 548.541237, 647.757732, 
            540.623711, 646.438144, 524.788660, 646.438144, 
            516.871134, 646.438144, 514.231959, 646.438144, 
            501.036082, 646.438144, 499.716495, 649.077320, 
            490.479381, 654.355670, 483.881443, 655.675258, 
            479.922680, 658.314433, 474.644330, 662.273196, 
            469.365979, 663.592784, 464.087629, 664.912371, 
            464.087629, 664.912371, 461.448454, 666.231959, 
            458.809278, 668.871134, 454.850515, 668.871134, 
            453.530928, 670.190722, 449.572165, 671.510309, 
            446.932990, 672.829897, 445.613402, 672.829897, 
            442.974227, 672.829897, 440.335052, 676.788660, 
            431.097938, 684.706186, 423.180412, 689.984536, 
            419.221649, 693.943299, 417.902062, 697.902062, 
            417.902062, 699.221649, 417.902062, 703.180412, 
            417.902062, 705.819588, 417.902062, 719.015464, 
            417.902062, 729.572165, 417.902062, 742.768041, 
            420.541237, 755.963918, 423.180412, 767.840206, 
            427.139175, 773.118557, 428.458763, 775.757732, 
            429.778351, 786.314433, 433.737113, 795.551546, 
            437.695876, 798.190722, 440.335052, 804.788660, 
            442.974227, 804.788660, 444.293814, 804.788660, 
            445.613402, 803.469072, 446.932990, 796.871134, 
            452.211340, 788.953608, 457.489691, 784.994845, 
            461.448454, 782.355670, 462.768041, 778.396907, 
            465.407216, 774.438144, 469.365979, 770.479381, 
            473.324742, 765.201031, 479.922680, 763.881443, 
            481.242268, 757.283505, 487.840206, 754.644330, 
            490.479381, 752.005155, 495.757732, 748.046392, 
            501.036082, 748.046392, 502.355670, 748.046392, 
            503.675258, 746.726804, 506.314433, 745.407216, 
            507.634021, -1.000000, -1.000000, 798.190722, 
            309.695876, 792.912371, 309.695876, 779.716495, 
            313.654639, 767.840206, 317.613402, 762.561856, 
            318.932990, 759.922680, 318.932990, 758.603093, 
            318.932990, 757.283505, 320.252577, 755.963918, 
            320.252577, 752.005155, 322.891753, 741.448454, 
            325.530928, 738.809278, 325.530928, 734.850515, 
            330.809278, 730.891753, 332.128866, 728.252577, 
            333.448454, 728.252577, 334.768041, 716.376289, 
            345.324742, 707.139175, 351.922680, 701.860825, 
            357.201031, 699.221649, 358.520619, 693.943299, 
            365.118557, 692.623711, 365.118557, 691.304124, 
            365.118557, 689.984536, 367.757732, 689.984536, 
            369.077320, 689.984536, 370.396907, 688.664948, 
            373.036082, 688.664948, 374.355670, 688.664948, 
            375.675258, 688.664948, 376.994845, 689.984536, 
            380.953608, 691.304124, 382.273196, 692.623711, 
            382.273196, 696.582474, 382.273196, 701.860825, 
            379.634021, 709.778351, 378.314433, 711.097938, 
            378.314433, 716.376289, 378.314433, 717.695876, 
            379.634021, 721.654639, 382.273196, 724.293814, 
            388.871134, 728.252577, 394.149485, 729.572165, 
            394.149485, 738.809278, 399.427835, 740.128866, 
            399.427835, 744.087629, 399.427835, 746.726804, 
            399.427835, 748.046392, 399.427835, 750.685567, 
            394.149485, 758.603093, 390.190722, 759.922680, 
            388.871134, 761.242268, 388.871134, 762.561856, 
            388.871134, 763.881443, 391.510309, 763.881443, 
            392.829897, 765.201031, 395.469072, 767.840206, 
            402.067010, 769.159794, 407.345361, 771.798969, 
            412.623711, 773.118557, 412.623711, 774.438144, 
            413.943299, 775.757732, 413.943299, 777.077320, 
            413.943299, 782.355670, 413.943299, 786.314433, 
            413.943299, 787.634021, 413.943299, 787.634021, 
            412.623711, 791.592784, 407.345361, 792.912371, 
            403.386598, 795.551546, 399.427835, 798.190722, 
            399.427835, 799.510309, 399.427835, 800.829897, 
            399.427835, 802.149485, 400.747423, 802.149485, 
            402.067010, 808.747423, 406.025773, 810.067010, 
            406.025773, 811.386598, 406.025773, 812.706186, 
            406.025773, 817.984536, 406.025773, 820.623711, 
            403.386598, 824.582474, 400.747423, 828.541237, 
            396.788660, 831.180412, 394.149485, 833.819588, 
            390.190722, 836.458763, 384.912371, 836.458763, 
            382.273196, 837.778351, 380.953608, 840.417526, 
            374.355670, 844.376289, 367.757732, 848.335052, 
            359.840206, 850.974227, 359.840206, 853.613402, 
            358.520619, 856.252577, 355.881443, 857.572165, 
            353.242268, 860.211340, 349.283505, 864.170103, 
            346.644330, 864.170103, 345.324742, 865.489691, 
            342.685567, 866.809278, 341.365979, 866.809278, 
            338.726804, 866.809278, 337.407216, 866.809278, 
            336.087629, 866.809278, 334.768041, 866.809278, 
            329.489691, 862.850515, 324.211340, 858.891753, 
            318.932990, 857.572165, 318.932990, 854.932990, 
            317.613402, -1.000000, -1.000000, 552.747423, 
            305.737113, 554.067010, 312.335052, 555.386598, 
            316.293814, 561.984536, 326.850515, 563.304124, 
            329.489691, 563.304124, 333.448454, 564.623711, 
            340.046392, 567.262887, 344.005155, 567.262887, 
            346.644330, 569.902062, 350.603093, 571.221649, 
            354.561856, 572.541237, 355.881443, 575.180412, 
            362.479381, 575.180412, 363.798969, 576.500000, 
            365.118557, 576.500000, 366.438144, 579.139175, 
            367.757732, 581.778351, 371.716495, 584.417526, 
            374.355670, 584.417526, 375.675258, 587.056701, 
            376.994845, 592.335052, 379.634021, 596.293814, 
            383.592784, 600.252577, 386.231959, 601.572165, 
            387.551546, 605.530928, 387.551546, 606.850515, 
            387.551546, 608.170103, 387.551546, 612.128866, 
            387.551546, 613.448454, 387.551546, 614.768041, 
            383.592784, 614.768041, 378.314433, 616.087629, 
            367.757732, 618.726804, 357.201031, 620.046392, 
            354.561856, 622.685567, 345.324742, 622.685567, 
            341.365979, 622.685567, 342.685567, 625.324742, 
            347.963918, 626.644330, 350.603093, 627.963918, 
            358.520619, 630.603093, 363.798969, 633.242268, 
            371.716495, 634.561856, 375.675258, 635.881443, 
            379.634021, 637.201031, 380.953608, 637.201031, 
            382.273196, 641.159794, 387.551546, 642.479381, 
            387.551546, 643.798969, 387.551546, 649.077320, 
            387.551546, 654.355670, 387.551546, 656.994845, 
