%YAML:1.0
    mask: !!opencv-matrix
        rows: 499
        cols: 2
        dt: f
        data: [ 115.963918, 679.180412, 122.561856, 
            673.902062, 127.840206, 669.943299, 150.273196, 
            656.747423, 154.231959, 652.788660, 158.190722, 
            650.149485, 163.469072, 647.510309, 174.025773, 
            643.551546, 179.304124, 640.912371, 185.902062, 
            636.953608, 195.139175, 634.314433, 201.737113, 
            631.675258, 205.695876, 629.036082, 218.891753, 
            621.118557, 229.448454, 615.840206, 232.087629, 
            614.520619, 247.922680, 605.283505, 253.201031, 
            602.644330, 255.840206, 598.685567, 262.438144, 
            593.407216, 265.077320, 590.768041, 270.355670, 
            586.809278, 274.314433, 580.211340, 282.231959, 
            570.974227, 283.551546, 569.654639, 284.871134, 
            568.335052, 288.829897, 565.695876, 295.427835, 
            559.097938, 299.386598, 553.819588, 303.345361, 
            549.860825, 305.984536, 547.221649, 308.623711, 
            543.262887, 309.943299, 540.623711, 313.902062, 
            535.345361, 317.860825, 531.386598, 323.139175, 
            528.747423, 328.417526, 523.469072, 329.737113, 
            522.149485, 331.056701, 522.149485, 332.376289, 
            523.469072, 333.695876, 523.469072, 337.654639, 
            526.108247, 341.613402, 527.427835, 342.932990, 
            527.427835, 346.891753, 528.747423, 349.530928, 
            528.747423, 360.087629, 528.747423, 364.046392, 
            526.108247, 368.005155, 523.469072, 368.005155, 
            522.149485, 368.005155, 520.829897, 368.005155, 
            519.510309, 362.726804, 512.912371, 358.768041, 
            506.314433, 357.448454, 499.716495, 354.809278, 
            494.438144, 353.489691, 491.798969, 353.489691, 
            490.479381, 353.489691, 485.201031, 353.489691, 
            483.881443, 357.448454, 479.922680, 360.087629, 
            473.324742, 361.407216, 472.005155, 361.407216, 
            468.046392, 360.087629, 464.087629, 356.128866, 
            458.809278, 354.809278, 456.170103, 346.891753, 
            454.850515, 327.097938, 454.850515, 325.778351, 
            454.850515, 323.139175, 454.850515, 321.819588, 
            454.850515, 319.180412, 454.850515, 316.541237, 
            453.530928, 315.221649, 452.211340, 313.902062, 
            449.572165, 311.262887, 446.932990, 308.623711, 
            442.974227, 304.664948, 440.335052, 302.025773, 
            437.695876, 299.386598, 437.695876, 290.149485, 
            436.376289, 279.592784, 436.376289, 276.953608, 
            436.376289, 276.953608, 435.056701, 276.953608, 
            431.097938, 278.273196, 429.778351, 283.551546, 
            421.860825, 287.510309, 417.902062, 288.829897, 
            415.262887, 291.469072, 412.623711, 294.108247, 
            409.984536, 296.747423, 407.345361, 299.386598, 
            406.025773, 302.025773, 403.386598, 305.984536, 
            402.067010, 311.262887, 400.747423, 319.180412, 
            400.747423, 325.778351, 403.386598, 331.056701, 
            404.706186, 332.376289, 406.025773, 340.293814, 
            407.345361, 342.932990, 407.345361, 346.891753, 
            407.345361, 353.489691, 407.345361, 361.407216, 
            407.345361, 364.046392, 407.345361, 369.324742, 
            406.025773, 374.603093, 403.386598, 375.922680, 
            402.067010, 377.242268, 400.747423, 377.242268, 
            399.427835, 378.561856, 399.427835, 378.561856, 
            398.108247, 378.561856, 396.788660, 378.561856, 
            395.469072, 378.561856, 392.829897, 377.242268, 
            388.871134, 371.963918, 386.231959, 362.726804, 
            382.273196, 354.809278, 382.273196, 353.489691, 
            380.953608, 344.252577, 379.634021, 340.293814, 
            378.314433, 329.737113, 376.994845, 325.778351, 
            375.675258, 323.139175, 375.675258, 320.500000, 
            374.355670, 317.860825, 374.355670, 313.902062, 
            373.036082, 312.582474, 373.036082, 308.623711, 
            371.716495, 302.025773, 371.716495, 299.386598, 
            371.716495, 296.747423, 371.716495, 294.108247, 
            373.036082, 290.149485, 375.675258, 286.190722, 
            376.994845, 282.231959, 379.634021, 276.953608, 
            382.273196, 272.994845, 383.592784, 269.036082, 
            384.912371, 266.396907, 387.551546, 259.798969, 
            391.510309, 253.201031, 398.108247, 245.283505, 
            404.706186, 236.046392, 413.943299, 233.407216, 
            415.262887, 225.489691, 421.860825, 221.530928, 
            425.819588, 213.613402, 431.097938, 209.654639, 
            433.737113, 199.097938, 442.974227, 195.139175, 
            445.613402, 187.221649, 453.530928, 179.304124, 
            460.128866, 176.664948, 461.448454, 168.747423, 
            468.046392, 166.108247, 470.685567, 164.788660, 
            472.005155, 164.788660, 473.324742, 160.829897, 
            477.283505, 152.912371, 483.881443, 147.634021, 
            489.159794, 142.355670, 494.438144, 137.077320, 
            499.716495, 133.118557, 504.994845, 122.561856, 
            512.912371, 117.283505, 519.510309, 113.324742, 
            523.469072, 106.726804, 530.067010, 96.170103, 
            539.304124, 89.572165, 545.902062, 81.654639, 
            555.139175, 79.015464, 559.097938, 71.097938, 
            568.335052, 68.458763, 570.974227, 65.819588, 
            574.932990, 63.180412, 577.572165, 57.902062, 
            581.530928, 55.262887, 585.489691, 51.304124, 
            590.768041, 49.984536, 594.726804, 48.664948, 
            596.046392, 47.345361, 597.365979, 46.025773, 
            598.685567, 44.706186, 600.005155, 43.386598, 
            601.324742, 42.067010, 602.644330, 40.747423, 
            602.644330, 40.747423, 603.963918, -1.000000, 
            -1.000000, -1.000000, -1.000000, 544.829897, 
            495.757732, 548.788660, 502.355670, 551.427835, 
            508.953608, 552.747423, 516.871134, 554.067010, 
            522.149485, 554.067010, 524.788660, 555.386598, 
            524.788660, 556.706186, 527.427835, 558.025773, 
            530.067010, 560.664948, 532.706186, 561.984536, 
            535.345361, 561.984536, 537.984536, 563.304124, 
            541.943299, 563.304124, 544.582474, 563.304124, 
            547.221649, 561.984536, 551.180412, 558.025773, 
            556.458763, 556.706186, 557.778351, 554.067010, 
            561.737113, 550.108247, 565.695876, 547.469072, 
            569.654639, 543.510309, 573.613402, 539.551546, 
            577.572165, 535.592784, 580.211340, 527.675258, 
            586.809278, 525.036082, 589.448454, 519.757732, 
            592.087629, 509.201031, 598.685567, 503.922680, 
            601.324742, 496.005155, 605.283505, 488.087629, 
            609.242268, 484.128866, 611.881443, 482.809278, 
            613.201031, 478.850515, 614.520619, 477.530928, 
            615.840206, 476.211340, 618.479381, 474.891753, 
            619.798969, 473.572165, 622.438144, 472.252577, 
            625.077320, 468.293814, 630.355670, 468.293814, 
            632.994845, 468.293814, 635.634021, 468.293814, 
            636.953608, 468.293814, 639.592784, 465.654639, 
            643.551546, 464.335052, 647.510309, 460.376289, 
            651.469072, 457.737113, 654.108247, 455.097938, 
            656.747423, 449.819588, 663.345361, 448.500000, 
            665.984536, 448.500000, 667.304124, 447.180412, 
            669.943299, 447.180412, 672.582474, 447.180412, 
            673.902062, 447.180412, 676.541237, 449.819588, 
            681.819588, 453.778351, 684.458763, 457.737113, 
            685.778351, 459.056701, 685.778351, 463.015464, 
            685.778351, 466.974227, 685.778351, 472.252577, 
            685.778351, 478.850515, 685.778351, 484.128866, 
            685.778351, 489.407216, 683.139175, 502.603093, 
