%YAML:1.0
    mask: !!opencv-matrix
        rows: 563
        cols: 2
        dt: f
        data: [ -1.000000, -1.000000, -1.000000, 
            -1.000000, 817.510392, 379.940448, 817.510392, 
            380.963629, 817.510392, 383.009992, 817.510392, 
            384.033173, 815.464029, 387.102718, 812.394484, 
            392.218625, 811.371303, 394.264988, 810.348122, 
            395.288169, 808.301759, 397.334532, 807.278577, 
            398.357714, 806.255396, 400.404077, 805.232214, 
            402.450440, 802.162670, 402.450440, 801.139488, 
            403.473621, 799.093125, 405.519984, 797.046763, 
            406.543165, 795.000400, 407.566347, 793.977218, 
            409.612710, 790.907674, 410.635891, 788.861311, 
            411.659073, 788.861311, 412.682254, 784.768585, 
            414.728617, 782.722222, 416.774980, 781.699041, 
            416.774980, 780.675859, 417.798161, 779.652678, 
            418.821343, 777.606315, 419.844524, 776.583133, 
            420.867706, 773.513589, 422.914069, 771.467226, 
            423.937250, 769.420863, 425.983613, 768.397682, 
            425.983613, 766.351319, 427.006795, 766.351319, 
            428.029976, 765.328137, 429.053157, 763.281775, 
            431.099520, 761.235412, 432.122702, 759.189049, 
            434.169065, 757.142686, 437.238609, 754.073141, 
            438.261791, 754.073141, 439.284972, 752.026779, 
            440.308153, 749.980416, 441.331335, 748.957234, 
            443.377698, 747.934053, 444.400879, 746.910871, 
            445.424061, 746.910871, 446.447242, 745.887690, 
            449.516787, 744.864508, 451.563149, 744.864508, 
            453.609512, 743.841327, 455.655875, 742.818145, 
            457.702238, 742.818145, 460.771783, 742.818145, 
            461.794964, 742.818145, 462.818145, 742.818145, 
            463.841327, 742.818145, 464.864508, 742.818145, 
            465.887690, 743.841327, 466.910871, 743.841327, 
            467.934053, 744.864508, 467.934053, 745.887690, 
            467.934053, 746.910871, 467.934053, 751.003597, 
            467.934053, 752.026779, 466.910871, 758.165867, 
            464.864508, 760.212230, 463.841327, 764.304956, 
            461.794964, 767.374500, 459.748601, 771.467226, 
            458.725420, 772.490408, 457.702238, 775.559952, 
            456.679057, 780.675859, 455.655875, 780.675859, 
            454.632694, 781.699041, 454.632694, 782.722222, 
            454.632694, 783.745404, 454.632694, 783.745404, 
            455.655875, 783.745404, 457.702238, 783.745404, 
            458.725420, 783.745404, 460.771783, 783.745404, 
            461.794964, 784.768585, 463.841327, 785.791767, 
            464.864508, 785.791767, 466.910871, 785.791767, 
            469.980416, 786.814948, 473.049960, 786.814948, 
            475.096323, 786.814948, 478.165867, 787.838129, 
            481.235412, 787.838129, 485.328137, 788.861311, 
            488.397682, 788.861311, 489.420863, 789.884492, 
            494.536771, 790.907674, 499.652678, 790.907674, 
            501.699041, 790.907674, 504.768585, 790.907674, 
            505.791767, 792.954037, 511.930855, 795.000400, 
            516.023581, 796.023581, 517.046763, 797.046763, 
            520.116307, 798.069944, 525.232214, 799.093125, 
            528.301759, 799.093125, 529.324940, 800.116307, 
            536.487210, 801.139488, 539.556755, 801.139488, 
            541.603118, 801.139488, 542.626299, 802.162670, 
            545.695843, 803.185851, 546.719025, 804.209033, 
            547.742206, 805.232214, 547.742206, 806.255396, 
            547.742206, 807.278577, 544.672662, 810.348122, 
            537.510392, 812.394484, 533.417666, 812.394484, 
            531.371303, 813.417666, 530.348122, 814.440847, 
            529.324940, 814.440847, 528.301759, 815.464029, 
            526.255396, 817.510392, 526.255396, 818.533573, 
            526.255396, 821.603118, 526.255396, 823.649480, 
            526.255396, 824.672662, 526.255396, 826.719025, 
            529.324940, 827.742206, 531.371303, 828.765388, 
            535.464029, 828.765388, 541.603118, 830.811751, 
            547.742206, 830.811751, 550.811751, 830.811751, 
            551.834932, 831.834932, 558.997202, 832.858114, 
            562.066747, 832.858114, 564.113110, 835.927658, 
            569.229017, 836.950839, 573.321743, 840.020384, 
            575.368106, 841.043565, 576.391287, 842.066747, 
            577.414468, 843.089928, 577.414468, 844.113110, 
            577.414468, 850.252198, 573.321743, 853.321743, 
            568.205835, 855.368106, 565.136291, 855.368106, 
            563.089928, 856.391287, 561.043565, 856.391287, 
            560.020384, 856.391287, 555.927658, 857.414468, 
            552.858114, 858.437650, 550.811751, 858.437650, 
            549.788569, 860.484013, 546.719025, 862.530376, 
            542.626299, 864.576739, 541.603118, 865.599920, 
            541.603118, 867.646283, 543.649480, 867.646283, 
            544.672662, 871.739009, 552.858114, 872.762190, 
            556.950839, 873.785372, 560.020384, 874.808553, 
            562.066747, 874.808553, 564.113110, 877.878098, 
            567.182654, 878.901279, 567.182654, 880.947642, 
            567.182654, 881.970823, 567.182654, 882.994005, 
            567.182654, 886.063549, 565.136291, 887.086731, 
            562.066747, 888.109912, 560.020384, 889.133094, 
            555.927658, 889.133094, 553.881295, 889.133094, 
            551.834932, 890.156275, 550.811751, 891.179456, 
            545.695843, 892.202638, 542.626299, 892.202638, 
            539.556755, 892.202638, 536.487210, 893.225819, 
            531.371303, 893.225819, 527.278577, 893.225819, 
            526.255396, 893.225819, 523.185851, 893.225819, 
            521.139488, 893.225819, 518.069944, 893.225819, 
            517.046763, 893.225819, 516.023581, 893.225819, 
            513.977218, 893.225819, 512.954037, 894.249001, 
            508.861311, 894.249001, 507.838129, 895.272182, 
            506.814948, 896.295364, 505.791767, 897.318545, 
            505.791767, 899.364908, 505.791767, 900.388090, 
            506.814948, 906.527178, 511.930855, 908.573541, 
            516.023581, 910.619904, 517.046763, 916.758993, 
            527.278577, 920.851719, 533.417666, 922.898082, 
            537.510392, 924.944444, 538.533573, 928.013989, 
            542.626299, 930.060352, 545.695843, 932.106715, 
            547.742206, 932.106715, 546.719025, 933.129896, 
            544.672662, 933.129896, 541.603118, 933.129896, 
            538.533573, 932.106715, 534.440847, 932.106715, 
            530.348122, 932.106715, 528.301759, 931.083533, 
            525.232214, 931.083533, 520.116307, 931.083533, 
            517.046763, 930.060352, 511.930855, 929.037170, 
            508.861311, 928.013989, 506.814948, 928.013989, 
            503.745404, 926.990807, 500.675859, 926.990807, 
            498.629496, 924.944444, 496.583133, 924.944444, 
            494.536771, 923.921263, 491.467226, 922.898082, 
            490.444045, 921.874900, 488.397682, 919.828537, 
            486.351319, 919.828537, 485.328137, 918.805356, 
            484.304956, 916.758993, 482.258593, 915.735811, 
            480.212230, 914.712630, 478.165867, 913.689448, 
            477.142686, 912.666267, 477.142686, 911.643086, 
            475.096323, 910.619904, 472.026779, 908.573541, 
            469.980416, 907.550360, 468.957234, 905.503997, 
            466.910871, 903.457634, 465.887690, 902.434452, 
            463.841327, 900.388090, 460.771783, 899.364908, 
            459.748601, 898.341727, 458.725420, 896.295364, 
            456.679057, 896.295364, 454.632694, 895.272182, 
            452.586331, 893.225819, 449.516787, 892.202638, 
            447.470424, 892.202638, 446.447242, 891.179456, 
            446.447242, 890.156275, 443.377698, 888.109912, 
