%YAML:1.0
    mask: !!opencv-matrix
        rows: 1011
        cols: 2
        dt: f
        data: [ -1.000000, -1.000000, -1.000000, 
            -1.000000, 797.466825, 145.902844, 795.950237, 
            145.902844, 794.433649, 145.902844, 794.433649, 
            144.386256, 792.917062, 144.386256, 791.400474, 
            144.386256, 789.883886, 144.386256, 788.367299, 
            144.386256, 788.367299, 142.869668, 786.850711, 
            142.869668, 782.300948, 142.869668, 780.784360, 
            142.869668, 779.267773, 142.869668, 777.751185, 
            142.869668, 776.234597, 142.869668, 774.718009, 
            141.353081, 773.201422, 141.353081, 771.684834, 
            141.353081, 770.168246, 141.353081, 768.651659, 
            141.353081, 767.135071, 142.869668, 765.618483, 
            142.869668, 764.101896, 142.869668, 764.101896, 
            144.386256, 762.585308, 144.386256, 761.068720, 
            145.902844, 761.068720, 147.419431, 759.552133, 
            147.419431, 758.035545, 148.936019, 756.518957, 
            150.452607, 756.518957, 151.969194, 756.518957, 
            153.485782, 755.002370, 153.485782, 755.002370, 
            155.002370, 753.485782, 155.002370, 753.485782, 
            158.035545, 753.485782, 159.552133, 753.485782, 
            161.068720, 753.485782, 162.585308, 753.485782, 
            165.618483, 753.485782, 167.135071, 753.485782, 
            168.651659, 753.485782, 170.168246, 753.485782, 
            171.684834, 753.485782, 173.201422, 756.518957, 
            176.234597, 756.518957, 177.751185, 756.518957, 
            179.267773, 758.035545, 180.784360, 759.552133, 
            180.784360, 759.552133, 182.300948, 759.552133, 
            183.817536, 761.068720, 183.817536, 762.585308, 
            183.817536, 762.585308, 185.334123, 764.101896, 
            185.334123, 764.101896, 186.850711, 764.101896, 
            188.367299, 765.618483, 188.367299, 767.135071, 
            189.883886, 767.135071, 191.400474, 768.651659, 
            191.400474, 770.168246, 192.917062, 770.168246, 
            194.433649, 771.684834, 194.433649, 773.201422, 
            195.950237, 774.718009, 195.950237, 774.718009, 
            197.466825, 776.234597, 197.466825, 779.267773, 
            198.983412, 780.784360, 198.983412, 782.300948, 
            198.983412, 782.300948, 200.500000, 782.300948, 
            202.016588, 782.300948, 203.533175, 782.300948, 
            205.049763, 782.300948, 206.566351, 780.784360, 
            206.566351, 780.784360, 208.082938, 780.784360, 
            209.599526, 779.267773, 209.599526, 777.751185, 
            209.599526, 776.234597, 209.599526, 776.234597, 
            211.116114, 774.718009, 212.632701, 773.201422, 
            212.632701, 771.684834, 214.149289, 770.168246, 
            214.149289, 768.651659, 214.149289, 768.651659, 
            215.665877, 767.135071, 215.665877, 767.135071, 
            217.182464, 765.618483, 217.182464, 765.618483, 
            218.699052, 765.618483, 220.215640, 764.101896, 
            221.732227, 761.068720, 223.248815, 761.068720, 
            224.765403, 759.552133, 226.281991, 758.035545, 
            227.798578, 758.035545, 229.315166, 756.518957, 
            229.315166, 756.518957, 230.831754, 755.002370, 
            230.831754, 755.002370, 232.348341, 755.002370, 
            233.864929, 753.485782, 235.381517, 753.485782, 
            236.898104, 751.969194, 236.898104, 750.452607, 
            238.414692, 750.452607, 239.931280, 750.452607, 
            241.447867, 748.936019, 241.447867, 748.936019, 
            242.964455, 747.419431, 242.964455, 747.419431, 
            244.481043, 745.902844, 245.997630, 745.902844, 
            247.514218, 745.902844, 249.030806, 744.386256, 
            249.030806, 742.869668, 249.030806, 742.869668, 
            250.547393, 742.869668, 252.063981, 742.869668, 
            253.580569, 742.869668, 255.097156, 741.353081, 
            255.097156, 741.353081, 256.613744, 739.836493, 
            258.130332, 739.836493, 259.646919, 739.836493, 
            261.163507, 738.319905, 264.196682, 738.319905, 
            265.713270, 738.319905, 267.229858, 738.319905, 
            268.746445, 738.319905, 270.263033, 738.319905, 
            271.779621, 738.319905, 273.296209, 738.319905, 
            274.812796, 738.319905, 276.329384, 738.319905, 
            277.845972, 738.319905, 279.362559, 738.319905, 
            280.879147, 738.319905, 282.395735, 738.319905, 
            283.912322, 738.319905, 285.428910, 738.319905, 
            286.945498, 738.319905, 288.462085, 738.319905, 
            289.978673, 739.836493, 289.978673, 739.836493, 
            291.495261, 741.353081, 293.011848, 741.353081, 
            294.528436, 742.869668, 294.528436, 742.869668, 
            296.045024, 744.386256, 297.561611, 745.902844, 
            299.078199, 747.419431, 300.594787, 748.936019, 
            300.594787, 748.936019, 302.111374, 750.452607, 
            303.627962, 751.969194, 303.627962, 751.969194, 
            305.144550, 753.485782, 305.144550, 755.002370, 
            305.144550, 756.518957, 305.144550, 756.518957, 
            306.661137, 756.518957, 308.177725, 758.035545, 
            309.694313, 759.552133, 311.210900, 759.552133, 
            312.727488, 761.068720, 312.727488, 762.585308, 
            312.727488, 764.101896, 312.727488, 765.618483, 
            312.727488, 765.618483, 311.210900, 765.618483, 
            309.694313, 767.135071, 309.694313, 767.135071, 
            308.177725, 767.135071, 306.661137, 768.651659, 
            306.661137, 768.651659, 305.144550, 770.168246, 
            305.144550, 771.684834, 305.144550, 771.684834, 
            303.627962, 773.201422, 302.111374, 774.718009, 
            302.111374, 777.751185, 302.111374, 779.267773, 
            302.111374, 780.784360, 302.111374, 783.817536, 
            302.111374, 785.334123, 300.594787, 788.367299, 
            300.594787, 788.367299, 299.078199, 791.400474, 
            299.078199, 792.917062, 297.561611, 792.917062, 
            296.045024, 794.433649, 296.045024, 795.950237, 
            296.045024, 797.466825, 296.045024, 798.983412, 
            296.045024, 802.016588, 296.045024, 805.049763, 
            297.561611, 808.082938, 300.594787, 809.599526, 
            302.111374, 811.116114, 303.627962, 811.116114, 
            305.144550, 811.116114, 306.661137, 812.632701, 
            306.661137, 814.149289, 306.661137, 814.149289, 
            308.177725, 815.665877, 309.694313, 817.182464, 
            309.694313, 818.699052, 309.694313, 820.215640, 
            311.210900, 821.732227, 311.210900, 821.732227, 
            312.727488, 821.732227, 314.244076, 823.248815, 
            314.244076, 824.765403, 314.244076, 824.765403, 
            315.760664, 827.798578, 315.760664, 829.315166, 
            315.760664, 833.864929, 315.760664, 835.381517, 
            317.277251, 836.898104, 317.277251, 839.931280, 
            317.277251, 844.481043, 318.793839, 845.997630, 
            320.310427, 847.514218, 320.310427, 850.547393, 
            320.310427, 853.580569, 320.310427, 855.097156, 
            320.310427, 856.613744, 320.310427, 858.130332, 
            320.310427, 859.646919, 320.310427, 862.680095, 
            320.310427, 864.196682, 320.310427, 865.713270, 
            320.310427, 868.746445, 320.310427, 870.263033, 
            320.310427, 873.296209, 320.310427, 874.812796, 
            320.310427, 876.329384, 320.310427, 877.845972, 
            320.310427, 879.362559, 320.310427, 880.879147, 
            320.310427, 882.395735, 320.310427, 883.912322, 
            320.310427, 885.428910, 320.310427, 886.945498, 
            320.310427, 886.945498, 318.793839, 888.462085, 
            317.277251, 888.462085, 315.760664, 889.978673, 
            315.760664, 889.978673, 314.244076, 889.978673, 
