%YAML:1.0
    mask: !!opencv-matrix
        rows: 594
        cols: 2
        dt: f
        data: [ 38.108247, 379.634021, 44.706186, 
            378.314433, 47.345361, 378.314433, 52.623711, 
            378.314433, 59.221649, 380.953608, 60.541237, 
            380.953608, 61.860825, 382.273196, 68.458763, 
            388.871134, 72.417526, 394.149485, 79.015464, 
            400.747423, 82.974227, 406.025773, 85.613402, 
            408.664948, 88.252577, 412.623711, 89.572165, 
            416.582474, 90.891753, 420.541237, 92.211340, 
            423.180412, 92.211340, 425.819588, 93.530928, 
            431.097938, 93.530928, 436.376289, 93.530928, 
            441.654639, 93.530928, 446.932990, 94.850515, 
            449.572165, 94.850515, 450.891753, 96.170103, 
            454.850515, 97.489691, 457.489691, 98.809278, 
            460.128866, 100.128866, 462.768041, 100.128866, 
            464.087629, 102.768041, 464.087629, 108.046392, 
            466.726804, 112.005155, 468.046392, 117.283505, 
            469.365979, 122.561856, 470.685567, 129.159794, 
            470.685567, 138.396907, 470.685567, 142.355670, 
            470.685567, 146.314433, 470.685567, 148.953608, 
            470.685567, 155.551546, 469.365979, 159.510309, 
            468.046392, 160.829897, 466.726804, 163.469072, 
            465.407216, 166.108247, 464.087629, 168.747423, 
            462.768041, 170.067010, 460.128866, 171.386598, 
            457.489691, 171.386598, 454.850515, 171.386598, 
            452.211340, 171.386598, 449.572165, 172.706186, 
            445.613402, 172.706186, 442.974227, 174.025773, 
            440.335052, 177.984536, 435.056701, 181.943299, 
            432.417526, 183.262887, 432.417526, 183.262887, 
            431.097938, 184.582474, 429.778351, 185.902062, 
            428.458763, 185.902062, 427.139175, 185.902062, 
            425.819588, 184.582474, 423.180412, 176.664948, 
            421.860825, 170.067010, 420.541237, 168.747423, 
            420.541237, 166.108247, 419.221649, 164.788660, 
            419.221649, 163.469072, 417.902062, 163.469072, 
            416.582474, 163.469072, 413.943299, 163.469072, 
            409.984536, 163.469072, 406.025773, 166.108247, 
            399.427835, 174.025773, 394.149485, 176.664948, 
            391.510309, 179.304124, 390.190722, 180.623711, 
            390.190722, 183.262887, 388.871134, 184.582474, 
            388.871134, 185.902062, 388.871134, 189.860825, 
            388.871134, 193.819588, 388.871134, 195.139175, 
            388.871134, 196.458763, 388.871134, 196.458763, 
            387.551546, 199.097938, 383.592784, 199.097938, 
            379.634021, 201.737113, 376.994845, 203.056701, 
            373.036082, 204.376289, 370.396907, 204.376289, 
            365.118557, 205.695876, 363.798969, 205.695876, 
            362.479381, 205.695876, 359.840206, 205.695876, 
            358.520619, 204.376289, 358.520619, 204.376289, 
            355.881443, 203.056701, 355.881443, 201.737113, 
            354.561856, 197.778351, 351.922680, 193.819588, 
            349.283505, 191.180412, 346.644330, 189.860825, 
            346.644330, 187.221649, 344.005155, 181.943299, 
            342.685567, 180.623711, 342.685567, 174.025773, 
            341.365979, 164.788660, 337.407216, 160.829897, 
            337.407216, 156.871134, 336.087629, 151.592784, 
            334.768041, 148.953608, 333.448454, 146.314433, 
            333.448454, 144.994845, 333.448454, 142.355670, 
            333.448454, 141.036082, 332.128866, 137.077320, 
            332.128866, 134.438144, 330.809278, 133.118557, 
            330.809278, 131.798969, 330.809278, 130.479381, 
            330.809278, 125.201031, 330.809278, 122.561856, 
            332.128866, 117.283505, 334.768041, 110.685567, 
            337.407216, 106.726804, 340.046392, 101.448454, 
            342.685567, 94.850515, 345.324742, 89.572165, 
            347.963918, 84.293814, 349.283505, 80.335052, 
            350.603093, 75.056701, 353.242268, 71.097938, 
            354.561856, 65.819588, 357.201031, 63.180412, 
            357.201031, 59.221649, 359.840206, 56.582474, 
            361.159794, 55.262887, 361.159794, 55.262887, 
            362.479381, 53.943299, 362.479381, -1.000000, 
            -1.000000, 478.850515, 714.809278, 480.170103, 
            705.572165, 484.128866, 696.335052, 489.407216, 
            687.097938, 492.046392, 684.458763, 493.365979, 
            681.819588, 497.324742, 679.180412, 499.963918, 
            677.860825, 501.283505, 676.541237, 502.603093, 
            676.541237, 503.922680, 676.541237, 506.561856, 
            676.541237, 509.201031, 677.860825, 511.840206, 
            679.180412, 514.479381, 681.819588, 521.077320, 
            687.097938, 531.634021, 695.015464, 534.273196, 
            696.335052, 535.592784, 696.335052, 536.912371, 
            695.015464, 539.551546, 692.376289, 542.190722, 
            689.737113, 543.510309, 687.097938, 548.788660, 
            679.180412, 550.108247, 676.541237, 554.067010, 
            672.582474, 556.706186, 669.943299, 560.664948, 
            664.664948, 563.304124, 662.025773, 564.623711, 
            660.706186, 568.582474, 659.386598, 571.221649, 
            659.386598, 577.819588, 659.386598, 585.737113, 
            659.386598, 588.376289, 660.706186, 591.015464, 
            662.025773, 594.974227, 663.345361, 598.932990, 
            665.984536, 604.211340, 671.262887, 609.489691, 
            673.902062, 613.448454, 675.221649, 617.407216, 
            676.541237, 622.685567, 676.541237, 629.283505, 
            676.541237, 634.561856, 676.541237, 639.840206, 
            676.541237, 650.396907, 676.541237, 659.634021, 
            676.541237, 666.231959, 676.541237, 670.190722, 
            676.541237, 674.149485, 679.180412, 678.108247, 
            681.819588, 686.025773, 687.097938, 688.664948, 
            688.417526, 691.304124, 689.737113, 699.221649, 
            695.015464, 700.541237, 695.015464, 703.180412, 
            696.335052, 704.500000, 696.335052, 711.097938, 
            698.974227, 719.015464, 700.293814, 725.613402, 
            701.613402, 732.211340, 701.613402, 741.448454, 
            702.932990, 745.407216, 702.932990, 746.726804, 
            702.932990, 749.365979, 702.932990, 750.685567, 
            704.252577, 752.005155, 704.252577, 757.283505, 
            709.530928, 761.242268, 713.489691, 765.201031, 
            717.448454, 766.520619, 718.768041, -1.000000, 
            -1.000000, 844.376289, 264.829897, 839.097938, 
            264.829897, 833.819588, 264.829897, 831.180412, 
            264.829897, 815.345361, 268.788660, 810.067010, 
            270.108247, 806.108247, 271.427835, 800.829897, 
            272.747423, 798.190722, 274.067010, 794.231959, 
            275.386598, 788.953608, 276.706186, 786.314433, 
            278.025773, 779.716495, 280.664948, 777.077320, 
            280.664948, 774.438144, 281.984536, 770.479381, 
            283.304124, 763.881443, 284.623711, 761.242268, 
            285.943299, 757.283505, 287.262887, 757.283505, 
            288.582474, 753.324742, 289.902062, 750.685567, 
            289.902062, 748.046392, 292.541237, 745.407216, 
            293.860825, 741.448454, 296.500000, 734.850515, 
            303.097938, 730.891753, 305.737113, 725.613402, 
            311.015464, 720.335052, 314.974227, 720.335052, 
            316.293814, 717.695876, 318.932990, 713.737113, 
            322.891753, 711.097938, 326.850515, 708.458763, 
            332.128866, 704.500000, 337.407216, 700.541237, 
            344.005155, 699.221649, 346.644330, 696.582474, 
            350.603093, 695.262887, 353.242268, 693.943299, 
            355.881443, 691.304124, 362.479381, 689.984536, 
            367.757732, 688.664948, 370.396907, 688.664948, 
            371.716495, 686.025773, 375.675258, 684.706186, 
