%YAML:1.0
    mask: !!opencv-matrix
        rows: 362
        cols: 2
        dt: f
        data: [ -1.000000, -1.000000, 945.984536, 
            710.850515, 939.386598, 708.211340, 926.190722, 
            698.974227, 918.273196, 691.056701, 914.314433, 
            688.417526, 909.036082, 679.180412, 902.438144, 
            667.304124, 897.159794, 655.427835, 894.520619, 
            648.829897, 893.201031, 644.871134, 891.881443, 
            640.912371, 891.881443, 639.592784, 890.561856, 
            626.396907, 887.922680, 611.881443, 885.283505, 
            602.644330, 878.685567, 588.128866, 876.046392, 
            582.850515, 874.726804, 581.530928, 870.768041, 
            578.891753, 868.128866, 576.252577, 864.170103, 
            567.015464, 861.530928, 564.376289, 853.613402, 
            557.778351, 847.015464, 551.180412, 839.097938, 
            539.304124, 836.458763, 537.984536, 832.500000, 
            532.706186, 831.180412, 531.386598, 828.541237, 
            528.747423, 824.582474, 523.469072, 823.262887, 
            520.829897, 820.623711, 515.551546, 820.623711, 
            514.231959, 820.623711, 506.314433, 820.623711, 
            503.675258, 821.943299, 503.675258, 821.943299, 
            502.355670, 821.943299, 501.036082, 823.262887, 
            494.438144, 824.582474, 493.118557, 825.902062, 
            490.479381, 827.221649, 490.479381, 829.860825, 
            487.840206, 831.180412, 486.520619, 832.500000, 
            485.201031, 839.097938, 481.242268, 854.932990, 
            478.603093, 873.407216, 473.324742, 877.365979, 
            472.005155, 886.603093, 469.365979, 893.201031, 
            466.726804, 895.840206, 465.407216, 898.479381, 
            465.407216, 899.798969, 464.087629, 906.396907, 
            461.448454, 912.994845, 458.809278, 916.953608, 
            457.489691, 918.273196, 457.489691, 920.912371, 
            457.489691, 934.108247, 458.809278, 949.943299, 
            462.768041, 971.056701, 465.407216, 977.654639, 
            468.046392, 982.932990, 468.046392, 985.572165, 
            469.365979, 990.850515, 469.365979, 1005.365979, 
            473.324742, 1014.603093, 475.963918, 1025.159794, 
            478.603093, 1030.438144, 481.242268, 1031.757732, 
            481.242268, 1033.077320, 481.242268, 1042.314433, 
            487.840206, 1052.871134, 493.118557, 1056.829897, 
            495.757732, 1063.427835, 501.036082, 1070.025773, 
            504.994845, 1073.984536, 507.634021, 1075.304124, 
            508.953608, 1075.304124, 511.592784, 1084.541237, 
            523.469072, 1095.097938, 537.984536, 1096.417526, 
            539.304124, 1099.056701, 543.262887, 1099.056701, 
            545.902062, 1099.056701, 548.541237, 1101.695876, 
            557.778351, 1103.015464, 563.056701, 1104.335052, 
            567.015464, 1109.613402, 581.530928, 1110.932990, 
            588.128866, 1112.252577, 590.768041, 1114.891753, 
            597.365979, 1116.211340, 601.324742, 1118.850515, 
            607.922680, 1121.489691, 617.159794, 1126.768041, 
            635.634021, 1128.087629, 643.551546, 1128.087629, 
            644.871134, 1128.087629, 651.469072, 1133.365979, 
            672.582474, 1136.005155, 680.500000, 1136.005155, 
            685.778351, 1138.644330, 698.974227, 1139.963918, 
            702.932990, 1142.603093, 705.572165, 1142.603093, 
            708.211340, 1142.603093, 709.530928, -1.000000, 
            -1.000000, 850.974227, 373.036082, 845.695876, 
            375.675258, 837.778351, 380.953608, 833.819588, 
            383.592784, 828.541237, 387.551546, 825.902062, 
            390.190722, 824.582474, 392.829897, 817.984536, 
            398.108247, 812.706186, 400.747423, 810.067010, 
            403.386598, 808.747423, 403.386598, 806.108247, 
            406.025773, 804.788660, 406.025773, 802.149485, 
            407.345361, 800.829897, 408.664948, 794.231959, 
            411.304124, 790.273196, 413.943299, 788.953608, 
            413.943299, 783.675258, 413.943299, 775.757732, 
            413.943299, 774.438144, 413.943299, 773.118557, 
            413.943299, 771.798969, 413.943299, 770.479381, 
            413.943299, 765.201031, 413.943299, 754.644330, 
            409.984536, 748.046392, 407.345361, 745.407216, 
            406.025773, 742.768041, 404.706186, 741.448454, 
            402.067010, 741.448454, 400.747423, 741.448454, 
            398.108247, 741.448454, 395.469072, 740.128866, 
            394.149485, 737.489691, 391.510309, 734.850515, 
            387.551546, 733.530928, 387.551546, 730.891753, 
            384.912371, 730.891753, 383.592784, 725.613402, 
            382.273196, 722.974227, 376.994845, 721.654639, 
            371.716495, 719.015464, 370.396907, 717.695876, 
            367.757732, 716.376289, 366.438144, 715.056701, 
            362.479381, 713.737113, 361.159794, 712.417526, 
            359.840206, 711.097938, 358.520619, 709.778351, 
            357.201031, 707.139175, 354.561856, 704.500000, 
            350.603093, 705.819588, 350.603093, 709.778351, 
            350.603093, 716.376289, 350.603093, 720.335052, 
            347.963918, 721.654639, 347.963918, 722.974227, 
            347.963918, 724.293814, 347.963918, 726.932990, 
            344.005155, 726.932990, 342.685567, 729.572165, 
            337.407216, 732.211340, 334.768041, 733.530928, 
            332.128866, 736.170103, 329.489691, 737.489691, 
            328.170103, 738.809278, 326.850515, 742.768041, 
            325.530928, 744.087629, 324.211340, 744.087629, 
            322.891753, 745.407216, 321.572165, 753.324742, 
            317.613402, 755.963918, 316.293814, 757.283505, 
            316.293814, 758.603093, 314.974227, 761.242268, 
            314.974227, 762.561856, 314.974227, 766.520619, 
            314.974227, 769.159794, 314.974227, 773.118557, 
            314.974227, 774.438144, 314.974227, 777.077320, 
            314.974227, 781.036082, 314.974227, 787.634021, 
            316.293814, 794.231959, 318.932990, 802.149485, 
            322.891753, 804.788660, 322.891753, 807.427835, 
            324.211340, 810.067010, 325.530928, 816.664948, 
            329.489691, 820.623711, 330.809278, 824.582474, 
            334.768041, 827.221649, 337.407216, 832.500000, 
            340.046392, 835.139175, 342.685567, 835.139175, 
            344.005155, 835.139175, 345.324742, 836.458763, 
            345.324742, 839.097938, 347.963918, 847.015464, 
            354.561856, 849.654639, 355.881443, -1.000000, 
            -1.000000, 576.500000, 336.087629, 576.500000, 
            344.005155, 576.500000, 349.283505, 577.819588, 
            354.561856, 580.458763, 361.159794, 581.778351, 
            369.077320, 583.097938, 373.036082, 583.097938, 
            374.355670, 583.097938, 375.675258, 583.097938, 
            376.994845, 585.737113, 378.314433, 587.056701, 
            379.634021, 589.695876, 382.273196, 591.015464, 
            382.273196, 592.335052, 382.273196, 593.654639, 
            382.273196, 598.932990, 382.273196, 604.211340, 
            382.273196, 606.850515, 384.912371, 608.170103, 
            387.551546, 610.809278, 390.190722, 612.128866, 
            391.510309, 613.448454, 395.469072, 616.087629, 
            399.427835, 620.046392, 403.386598, 620.046392, 
            404.706186, 621.365979, 406.025773, 624.005155, 
            407.345361, 627.963918, 409.984536, 629.283505, 
            411.304124, 631.922680, 411.304124, 633.242268, 
            411.304124, 633.242268, 409.984536, 633.242268, 
            408.664948, 633.242268, 404.706186, 633.242268, 
            400.747423, 633.242268, 394.149485, 633.242268, 
            387.551546, 634.561856, 384.912371, 634.561856, 
            383.592784, 634.561856, 380.953608, 634.561856, 
            378.314433, 637.201031, 375.675258, 637.201031, 
            371.716495, 638.520619, 367.757732, 639.840206, 
