%YAML:1.0
    mask: !!opencv-matrix
        rows: 531
        cols: 2
        dt: f
        data: [ 330.036424, 675.201987, 330.036424, 
            677.321192, 327.917219, 677.321192, 321.559603, 
            681.559603, 317.321192, 683.678808, 313.082781, 
            683.678808, 310.963576, 685.798013, 308.844371, 
            687.917219, 304.605960, 687.917219, 304.605960, 
            690.036424, 302.486755, 690.036424, 302.486755, 
            692.155629, 300.367550, 692.155629, 300.367550, 
            694.274834, 298.248344, 694.274834, 296.129139, 
            696.394040, 294.009934, 696.394040, 291.890728, 
            698.513245, 289.771523, 700.632450, 287.652318, 
            700.632450, 285.533113, 702.751656, 283.413907, 
            702.751656, 281.294702, 702.751656, 281.294702, 
            704.870861, 279.175497, 704.870861, 277.056291, 
            706.990066, 274.937086, 706.990066, 272.817881, 
            706.990066, 270.698675, 706.990066, 268.579470, 
            709.109272, 266.460265, 709.109272, 264.341060, 
            709.109272, 260.102649, 709.109272, 260.102649, 
            711.228477, 257.983444, 711.228477, 255.864238, 
            711.228477, 253.745033, 711.228477, 251.625828, 
            711.228477, 251.625828, 713.347682, 255.864238, 
            715.466887, 260.102649, 715.466887, 262.221854, 
            715.466887, 264.341060, 715.466887, 270.698675, 
            715.466887, 272.817881, 715.466887, 274.937086, 
            715.466887, 277.056291, 715.466887, 281.294702, 
            715.466887, 283.413907, 715.466887, 285.533113, 
            715.466887, 287.652318, 715.466887, 289.771523, 
            715.466887, 291.890728, 715.466887, 294.009934, 
            715.466887, 298.248344, 715.466887, 300.367550, 
            715.466887, 304.605960, 715.466887, 306.725166, 
            715.466887, 310.963576, 715.466887, 313.082781, 
            715.466887, 315.201987, 715.466887, 317.321192, 
            715.466887, 319.440397, 715.466887, 321.559603, 
            715.466887, 323.678808, 715.466887, 323.678808, 
            713.347682, 323.678808, 711.228477, 323.678808, 
            709.109272, 325.798013, 704.870861, 325.798013, 
            702.751656, 325.798013, 700.632450, 325.798013, 
            698.513245, 325.798013, 696.394040, 325.798013, 
            694.274834, 327.917219, 694.274834, 327.917219, 
            692.155629, 327.917219, 690.036424, 327.917219, 
            687.917219, 327.917219, 685.798013, 327.917219, 
            683.678808, 327.917219, 681.559603, 330.036424, 
            679.440397, 332.155629, 677.321192, -1.000000, 
            -1.000000, 584.341060, 651.890728, 582.221854, 
            651.890728, 584.341060, 649.771523, 586.460265, 
            649.771523, 590.698675, 647.652318, 599.175497, 
            643.413907, 603.413907, 643.413907, 609.771523, 
            639.175497, 614.009934, 637.056291, 620.367550, 
            632.817881, 622.486755, 630.698675, 624.605960, 
            630.698675, 626.725166, 630.698675, 626.725166, 
            628.579470, 628.844371, 628.579470, 628.844371, 
            626.460265, 630.963576, 626.460265, 633.082781, 
            626.460265, 635.201987, 626.460265, 637.321192, 
            626.460265, 637.321192, 628.579470, 639.440397, 
            630.698675, 641.559603, 632.817881, 641.559603, 
            634.937086, 643.678808, 634.937086, 643.678808, 
            637.056291, 645.798013, 639.175497, 647.917219, 
            641.294702, 650.036424, 643.413907, 652.155629, 
            645.533113, 652.155629, 647.652318, 654.274834, 
            647.652318, 658.513245, 649.771523, 660.632450, 
            651.890728, 662.751656, 654.009934, 664.870861, 
            656.129139, 666.990066, 656.129139, 666.990066, 
            658.248344, 669.109272, 658.248344, 669.109272, 
            660.367550, 671.228477, 660.367550, 673.347682, 
            662.486755, 673.347682, 664.605960, 675.466887, 
            664.605960, 677.586093, 666.725166, 679.705298, 
            666.725166, 681.824503, 668.844371, 683.943709, 
            670.963576, 686.062914, 670.963576, 688.182119, 
            673.082781, 694.539735, 675.201987, 696.658940, 
            677.321192, 698.778146, 677.321192, 700.897351, 
            677.321192, 703.016556, 679.440397, 705.135762, 
            681.559603, 707.254967, 681.559603, 711.493377, 
            683.678808, 713.612583, 683.678808, 713.612583, 
            685.798013, 715.731788, 687.917219, 717.850993, 
            687.917219, 719.970199, 687.917219, 719.970199, 
            690.036424, 722.089404, 690.036424, 722.089404, 
            692.155629, 724.208609, 692.155629, 726.327815, 
            692.155629, 726.327815, 694.274834, 728.447020, 
            696.394040, 730.566225, 696.394040, 732.685430, 
            698.513245, 734.804636, 700.632450, 734.804636, 
            702.751656, 734.804636, 704.870861, 734.804636, 
            706.990066, 734.804636, 709.109272, 734.804636, 
            711.228477, 732.685430, 713.347682, 730.566225, 
            713.347682, 730.566225, 715.466887, 728.447020, 
            715.466887, 726.327815, 715.466887, 724.208609, 
            715.466887, 722.089404, 715.466887, 715.731788, 
            717.586093, 711.493377, 717.586093, 707.254967, 
            717.586093, 705.135762, 717.586093, 703.016556, 
            717.586093, 696.658940, 717.586093, 692.420530, 
            717.586093, 690.301325, 717.586093, 688.182119, 
            717.586093, 686.062914, 717.586093, 681.824503, 
            717.586093, 679.705298, 717.586093, 677.586093, 
            717.586093, 675.466887, 717.586093, 669.109272, 
            717.586093, 666.990066, 717.586093, 660.632450, 
            717.586093, 658.513245, 717.586093, 652.155629, 
            717.586093, 647.917219, 717.586093, 641.559603, 
            717.586093, 639.440397, 717.586093, 637.321192, 
            717.586093, 633.082781, 717.586093, 624.605960, 
            717.586093, 620.367550, 717.586093, 616.129139, 
            717.586093, 611.890728, 717.586093, 609.771523, 
            717.586093, 607.652318, 717.586093, 605.533113, 
            717.586093, 603.413907, 717.586093, 599.175497, 
            715.466887, 599.175497, 713.347682, 599.175497, 
            709.109272, 599.175497, 706.990066, 599.175497, 
            704.870861, 599.175497, 702.751656, 599.175497, 
            700.632450, 601.294702, 698.513245, 601.294702, 
            696.394040, 603.413907, 696.394040, 603.413907, 
            694.274834, 605.533113, 694.274834, 605.533113, 
            692.155629, 607.652318, 690.036424, 609.771523, 
            687.917219, 611.890728, 685.798013, 614.009934, 
            683.678808, 616.129139, 681.559603, 616.129139, 
            679.440397, 616.129139, 677.321192, 616.129139, 
            675.201987, 616.129139, 673.082781, 616.129139, 
            670.963576, 616.129139, 668.844371, 614.009934, 
            668.844371, 611.890728, 666.725166, 609.771523, 
            666.725166, 607.652318, 664.605960, 605.533113, 
            662.486755, 601.294702, 662.486755, 601.294702, 
            660.367550, 599.175497, 660.367550, 597.056291, 
            658.248344, 594.937086, 658.248344, 592.817881, 
            656.129139, 592.817881, 654.009934, 590.698675, 
            654.009934, 588.579470, 654.009934, -1.000000, 
            -1.000000, 584.809392, 245.582873, 593.649171, 
            245.582873, 595.417127, 247.350829, 598.953039, 
            254.422652, 602.488950, 256.190608, 607.792818, 
            259.726519, 614.864641, 263.262431, 621.936464, 
            265.030387, 625.472376, 266.798343, 627.240331, 
            266.798343, 629.008287, 266.798343, 630.776243, 
            268.566298, 636.080110, 270.334254, 639.616022, 
            270.334254, 641.383978, 272.102210, 644.919890, 
            272.102210, 650.223757, 273.870166, 655.527624, 
