%YAML:1.0
    mask: !!opencv-matrix
        rows: 571
        cols: 2
        dt: f
        data: [ -1.000000, -1.000000, -1.000000, 
            -1.000000, 830.168874, 532.155629, 828.049669, 
            532.155629, 825.930464, 532.155629, 823.811258, 
            532.155629, 821.692053, 532.155629, 819.572848, 
            532.155629, 817.453642, 532.155629, 815.334437, 
            532.155629, 813.215232, 532.155629, 811.096026, 
            532.155629, 808.976821, 532.155629, 806.857616, 
            532.155629, 804.738411, 532.155629, 802.619205, 
            532.155629, 800.500000, 532.155629, 798.380795, 
            532.155629, 796.261589, 532.155629, 794.142384, 
            532.155629, 792.023179, 532.155629, 789.903974, 
            532.155629, 787.784768, 532.155629, 785.665563, 
            532.155629, 781.427152, 532.155629, 779.307947, 
            532.155629, 777.188742, 532.155629, 775.069536, 
            532.155629, 772.950331, 532.155629, 770.831126, 
            532.155629, 768.711921, 532.155629, 766.592715, 
            532.155629, 764.473510, 532.155629, 762.354305, 
            532.155629, 758.115894, 532.155629, 755.996689, 
            532.155629, 753.877483, 532.155629, 751.758278, 
            532.155629, 749.639073, 532.155629, 747.519868, 
            532.155629, 745.400662, 532.155629, 743.281457, 
            532.155629, 741.162252, 532.155629, 739.043046, 
            532.155629, 734.804636, 532.155629, 732.685430, 
            532.155629, 730.566225, 532.155629, 728.447020, 
            532.155629, 726.327815, 532.155629, 726.327815, 
            534.274834, 724.208609, 534.274834, 722.089404, 
            534.274834, 719.970199, 534.274834, 717.850993, 
            534.274834, 715.731788, 534.274834, 713.612583, 
            534.274834, 713.612583, 536.394040, 711.493377, 
            536.394040, 709.374172, 536.394040, 707.254967, 
            536.394040, 705.135762, 538.513245, 700.897351, 
            542.751656, 698.778146, 544.870861, 696.658940, 
            546.990066, 692.420530, 549.109272, 690.301325, 
            551.228477, 688.182119, 553.347682, 686.062914, 
            553.347682, 686.062914, 557.586093, 686.062914, 
            559.705298, 683.943709, 559.705298, 683.943709, 
            561.824503, 683.943709, 563.943709, 681.824503, 
            566.062914, 679.705298, 568.182119, 679.705298, 
            570.301325, 679.705298, 572.420530, 677.586093, 
            572.420530, 677.586093, 574.539735, 675.466887, 
            576.658940, 675.466887, 578.778146, 673.347682, 
            578.778146, 673.347682, 580.897351, 673.347682, 
            583.016556, 673.347682, 585.135762, 673.347682, 
            587.254967, 673.347682, 589.374172, 675.466887, 
            589.374172, 675.466887, 591.493377, 677.586093, 
            591.493377, 677.586093, 593.612583, 679.705298, 
            593.612583, 681.824503, 593.612583, 683.943709, 
            593.612583, 686.062914, 593.612583, 686.062914, 
            595.731788, 688.182119, 595.731788, 690.301325, 
            597.850993, 690.301325, 599.970199, 690.301325, 
            602.089404, 690.301325, 604.208609, 690.301325, 
            606.327815, 690.301325, 608.447020, 690.301325, 
            610.566225, 690.301325, 612.685430, 690.301325, 
            614.804636, 688.182119, 614.804636, 688.182119, 
            616.923841, 688.182119, 619.043046, 688.182119, 
            621.162252, 688.182119, 623.281457, 688.182119, 
            625.400662, 690.301325, 627.519868, 692.420530, 
            629.639073, 694.539735, 629.639073, 696.658940, 
            631.758278, 698.778146, 631.758278, 700.897351, 
            631.758278, 703.016556, 633.877483, 705.135762, 
            635.996689, 707.254967, 635.996689, 707.254967, 
            638.115894, 711.493377, 638.115894, 711.493377, 
            640.235099, 713.612583, 642.354305, 715.731788, 
            642.354305, 717.850993, 644.473510, 719.970199, 
            646.592715, 722.089404, 648.711921, 724.208609, 
            650.831126, 726.327815, 650.831126, 726.327815, 
            652.950331, 728.447020, 652.950331, 728.447020, 
            655.069536, 730.566225, 655.069536, 730.566225, 
            657.188742, 730.566225, 659.307947, 730.566225, 
            661.427152, 732.685430, 661.427152, 732.685430, 
            663.546358, 734.804636, 663.546358, 734.804636, 
            665.665563, 734.804636, 667.784768, 736.923841, 
            669.903974, 736.923841, 672.023179, 739.043046, 
            672.023179, 739.043046, 674.142384, 743.281457, 
            676.261589, 745.400662, 678.380795, 747.519868, 
            678.380795, 749.639073, 678.380795, 749.639073, 
            680.500000, 751.758278, 680.500000, 753.877483, 
            682.619205, 753.877483, 684.738411, 758.115894, 
            684.738411, 760.235099, 684.738411, 762.354305, 
            686.857616, 764.473510, 686.857616, 766.592715, 
            688.976821, 768.711921, 688.976821, 770.831126, 
            688.976821, 772.950331, 688.976821, 775.069536, 
            688.976821, 777.188742, 688.976821, 779.307947, 
            688.976821, 781.427152, 688.976821, 783.546358, 
            688.976821, 785.665563, 688.976821, 787.784768, 
            688.976821, 789.903974, 688.976821, 792.023179, 
            688.976821, 796.261589, 688.976821, 798.380795, 
            688.976821, 800.500000, 686.857616, 802.619205, 
            686.857616, 804.738411, 686.857616, 806.857616, 
            686.857616, 808.976821, 684.738411, 811.096026, 
            682.619205, 813.215232, 682.619205, 817.453642, 
            680.500000, 819.572848, 680.500000, 821.692053, 
            680.500000, 823.811258, 680.500000, 825.930464, 
            678.380795, 830.168874, 676.261589, 832.288079, 
            676.261589, 832.288079, 674.142384, 834.407285, 
            674.142384, 836.526490, 674.142384, 836.526490, 
            672.023179, 838.645695, 672.023179, 840.764901, 
            669.903974, 840.764901, 667.784768, 842.884106, 
            667.784768, 845.003311, 667.784768, 845.003311, 
            665.665563, 847.122517, 665.665563, 849.241722, 
            663.546358, 851.360927, 661.427152, 853.480132, 
            659.307947, 855.599338, 657.188742, 857.718543, 
            655.069536, 859.837748, 652.950331, 861.956954, 
            650.831126, 864.076159, 650.831126, 866.195364, 
            646.592715, 868.314570, 646.592715, 870.433775, 
            644.473510, 872.552980, 640.235099, 874.672185, 
            638.115894, 874.672185, 635.996689, 874.672185, 
            633.877483, 874.672185, 631.758278, 874.672185, 
            629.639073, 874.672185, 627.519868, 874.672185, 
            625.400662, 874.672185, 623.281457, 874.672185, 
            621.162252, 874.672185, 619.043046, 874.672185, 
            616.923841, 874.672185, 614.804636, 874.672185, 
            612.685430, 874.672185, 610.566225, 874.672185, 
            608.447020, 874.672185, 606.327815, 874.672185, 
            604.208609, 874.672185, 602.089404, 874.672185, 
            597.850993, 872.552980, 595.731788, 872.552980, 
            593.612583, 872.552980, 591.493377, 872.552980, 
            589.374172, 870.433775, 589.374172, 870.433775, 
            587.254967, 868.314570, 585.135762, 868.314570, 
            583.016556, 866.195364, 580.897351, 864.076159, 
            576.658940, 861.956954, 574.539735, 859.837748, 
            572.420530, 857.718543, 570.301325, 855.599338, 
            568.182119, 853.480132, 566.062914, 851.360927, 
            563.943709, 849.241722, 563.943709, 849.241722, 
            561.824503, 847.122517, 559.705298, 845.003311, 
            557.586093, 842.884106, 553.347682, 840.764901, 
            551.228477, 840.764901, 549.109272, 838.645695, 
            546.990066, 836.526490, 546.990066, 834.407285, 
            544.870861, 832.288079, 544.870861, 832.288079, 
