%YAML:1.0
    mask: !!opencv-matrix
        rows: 706
        cols: 2
        dt: f
        data: [ -1.000000, -1.000000, -1.000000, 
            -1.000000, 675.466887, 332.950331, 673.347682, 
            332.950331, 671.228477, 330.831126, 669.109272, 
            330.831126, 666.990066, 328.711921, 664.870861, 
            326.592715, 662.751656, 326.592715, 662.751656, 
            324.473510, 660.632450, 324.473510, 658.513245, 
            324.473510, 656.394040, 322.354305, 652.155629, 
            320.235099, 650.036424, 320.235099, 647.917219, 
            320.235099, 645.798013, 318.115894, 643.678808, 
            318.115894, 639.440397, 318.115894, 639.440397, 
            315.996689, 637.321192, 315.996689, 635.201987, 
            315.996689, 633.082781, 313.877483, 630.963576, 
            313.877483, 628.844371, 313.877483, 624.605960, 
            313.877483, 624.605960, 311.758278, 622.486755, 
            311.758278, 620.367550, 311.758278, 618.248344, 
            311.758278, 616.129139, 311.758278, 614.009934, 
            309.639073, 611.890728, 309.639073, 609.771523, 
            309.639073, 607.652318, 309.639073, 605.533113, 
            309.639073, 603.413907, 309.639073, 601.294702, 
            309.639073, 599.175497, 309.639073, 597.056291, 
            309.639073, 594.937086, 309.639073, 592.817881, 
            309.639073, 590.698675, 309.639073, 588.579470, 
            309.639073, 586.460265, 309.639073, 584.341060, 
            307.519868, 582.221854, 307.519868, 580.102649, 
            307.519868, 577.983444, 307.519868, 575.864238, 
            307.519868, 573.745033, 307.519868, 571.625828, 
            307.519868, 569.506623, 307.519868, 567.387417, 
            307.519868, 565.268212, 307.519868, 563.149007, 
            307.519868, 561.029801, 307.519868, 558.910596, 
            307.519868, 556.791391, 307.519868, 554.672185, 
            307.519868, 552.552980, 307.519868, 550.433775, 
            307.519868, 548.314570, 307.519868, 546.195364, 
            307.519868, 544.076159, 307.519868, 541.956954, 
            307.519868, 539.837748, 307.519868, 537.718543, 
            307.519868, 533.480132, 307.519868, 531.360927, 
            307.519868, 527.122517, 307.519868, 525.003311, 
            309.639073, 522.884106, 309.639073, 520.764901, 
            309.639073, 518.645695, 309.639073, 514.407285, 
            311.758278, 512.288079, 313.877483, 510.168874, 
            315.996689, 508.049669, 315.996689, 508.049669, 
            318.115894, 505.930464, 320.235099, 503.811258, 
            320.235099, 501.692053, 322.354305, 499.572848, 
            322.354305, 497.453642, 324.473510, 497.453642, 
            326.592715, 497.453642, 328.711921, 497.453642, 
            330.831126, 495.334437, 332.950331, 495.334437, 
            335.069536, 495.334437, 337.188742, 495.334437, 
            339.307947, 495.334437, 341.427152, 495.334437, 
            343.546358, 495.334437, 345.665563, 495.334437, 
            347.784768, 495.334437, 349.903974, 495.334437, 
            352.023179, 495.334437, 354.142384, 495.334437, 
            356.261589, 495.334437, 358.380795, 495.334437, 
            360.500000, 495.334437, 362.619205, 495.334437, 
            364.738411, 495.334437, 366.857616, 495.334437, 
            368.976821, 497.453642, 371.096026, 499.572848, 
            373.215232, 499.572848, 375.334437, 501.692053, 
            375.334437, 501.692053, 377.453642, 503.811258, 
            379.572848, 505.930464, 379.572848, 508.049669, 
            379.572848, 512.288079, 381.692053, 514.407285, 
            381.692053, 516.526490, 383.811258, 518.645695, 
            383.811258, 520.764901, 383.811258, 522.884106, 
            383.811258, 525.003311, 383.811258, 527.122517, 
            383.811258, 531.360927, 383.811258, 535.599338, 
            383.811258, 537.718543, 383.811258, 539.837748, 
            383.811258, 541.956954, 383.811258, 544.076159, 
            383.811258, 546.195364, 383.811258, 550.433775, 
            383.811258, 552.552980, 383.811258, 554.672185, 
            383.811258, 556.791391, 383.811258, 558.910596, 
            383.811258, 561.029801, 383.811258, 563.149007, 
            383.811258, 565.268212, 383.811258, 567.387417, 
            383.811258, 569.506623, 383.811258, 571.625828, 
            383.811258, 573.745033, 383.811258, 575.864238, 
            383.811258, 577.983444, 383.811258, 580.102649, 
            383.811258, 582.221854, 383.811258, 584.341060, 
            383.811258, 586.460265, 383.811258, 588.579470, 
            383.811258, 590.698675, 385.930464, 592.817881, 
            385.930464, 592.817881, 388.049669, 597.056291, 
            388.049669, 597.056291, 390.168874, 599.175497, 
            392.288079, 599.175497, 394.407285, 599.175497, 
            396.526490, 599.175497, 398.645695, 599.175497, 
            400.764901, 599.175497, 402.884106, 597.056291, 
            402.884106, 594.937086, 405.003311, 592.817881, 
            405.003311, 592.817881, 407.122517, 590.698675, 
            409.241722, 588.579470, 409.241722, 586.460265, 
            409.241722, 584.341060, 411.360927, 582.221854, 
            411.360927, 580.102649, 411.360927, 575.864238, 
            411.360927, 573.745033, 411.360927, 571.625828, 
            411.360927, 569.506623, 411.360927, 567.387417, 
            411.360927, 565.268212, 411.360927, 563.149007, 
            411.360927, 561.029801, 411.360927, 558.910596, 
            411.360927, 556.791391, 411.360927, 554.672185, 
            411.360927, 552.552980, 411.360927, 550.433775, 
            411.360927, 548.314570, 411.360927, 546.195364, 
            411.360927, 544.076159, 411.360927, 541.956954, 
            411.360927, 539.837748, 411.360927, 537.718543, 
            411.360927, 535.599338, 411.360927, 533.480132, 
            411.360927, 531.360927, 411.360927, 529.241722, 
            411.360927, 529.241722, 413.480132, 527.122517, 
            413.480132, 525.003311, 413.480132, 522.884106, 
            415.599338, 520.764901, 415.599338, 518.645695, 
            415.599338, 516.526490, 415.599338, 514.407285, 
            415.599338, 512.288079, 415.599338, 510.168874, 
            415.599338, 508.049669, 415.599338, 505.930464, 
            415.599338, 503.811258, 415.599338, 501.692053, 
            415.599338, 499.572848, 417.718543, 497.453642, 
            417.718543, 495.334437, 417.718543, 493.215232, 
            417.718543, 491.096026, 417.718543, 488.976821, 
            417.718543, 486.857616, 417.718543, 482.619205, 
            417.718543, 480.500000, 417.718543, 478.380795, 
            419.837748, 478.380795, 421.956954, 476.261589, 
            421.956954, 472.023179, 421.956954, 469.903974, 
            424.076159, 467.784768, 424.076159, 465.665563, 
            424.076159, 463.546358, 426.195364, 463.546358, 
            428.314570, 463.546358, 430.433775, 465.665563, 
            432.552980, 467.784768, 434.672185, 467.784768, 
            436.791391, 469.903974, 441.029801, 469.903974, 
            443.149007, 472.023179, 443.149007, 474.142384, 
            445.268212, 474.142384, 447.387417, 476.261589, 
            449.506623, 476.261589, 451.625828, 478.380795, 
            451.625828, 478.380795, 453.745033, 480.500000, 
            455.864238, 480.500000, 457.983444, 480.500000, 
            460.102649, 482.619205, 462.221854, 482.619205, 
            464.341060, 482.619205, 466.460265, 484.738411, 
            468.579470, 484.738411, 470.698675, 484.738411, 
            472.817881, 484.738411, 474.937086, 484.738411, 
            477.056291, 486.857616, 479.175497, 486.857616, 
            481.294702, 486.857616, 483.413907, 488.976821, 
            485.533113, 488.976821, 487.652318, 491.096026, 
            487.652318, 491.096026, 489.771523, 493.215232, 
            489.771523, 493.215232, 491.890728, 495.334437, 
