%YAML:1.0
    mask: !!opencv-matrix
        rows: 499
        cols: 2
        dt: f
        data: [ 6.438144, 577.572165, 11.716495, 
            572.293814, 14.355670, 570.974227, 18.314433, 
            570.974227, 22.273196, 569.654639, 24.912371, 
            569.654639, 27.551546, 568.335052, 30.190722, 
            568.335052, 32.829897, 568.335052, 38.108247, 
            567.015464, 43.386598, 567.015464, 57.902062, 
            567.015464, 63.180412, 567.015464, 68.458763, 
            567.015464, 79.015464, 567.015464, 81.654639, 
            567.015464, 84.293814, 567.015464, 86.932990, 
            567.015464, 93.530928, 568.335052, 97.489691, 
            570.974227, 106.726804, 573.613402, 108.046392, 
            573.613402, 112.005155, 576.252577, 118.603093, 
            578.891753, 123.881443, 581.530928, 126.520619, 
            582.850515, 131.798969, 586.809278, 134.438144, 
            589.448454, 138.396907, 592.087629, 142.355670, 
            593.407216, 146.314433, 596.046392, 147.634021, 
            598.685567, 150.273196, 600.005155, 158.190722, 
            603.963918, 160.829897, 605.283505, 164.788660, 
            606.603093, 179.304124, 611.881443, 189.860825, 
            614.520619, 193.819588, 614.520619, 196.458763, 
            614.520619, 199.097938, 614.520619, 205.695876, 
            614.520619, 207.015464, 611.881443, 208.335052, 
            610.561856, 208.335052, 607.922680, 207.015464, 
            603.963918, 204.376289, 601.324742, 203.056701, 
            598.685567, 199.097938, 594.726804, 193.819588, 
            589.448454, 191.180412, 588.128866, 184.582474, 
            584.170103, 180.623711, 581.530928, 179.304124, 
            580.211340, 174.025773, 577.572165, 166.108247, 
            569.654639, 156.871134, 561.737113, 154.231959, 
            557.778351, 150.273196, 553.819588, 146.314433, 
            549.860825, 142.355670, 545.902062, 138.396907, 
            541.943299, 135.757732, 537.984536, 127.840206, 
            531.386598, 122.561856, 526.108247, 114.644330, 
            520.829897, 112.005155, 518.190722, 109.365979, 
            516.871134, 106.726804, 515.551546, 104.087629, 
            514.231959, 101.448454, 512.912371, 98.809278, 
            511.592784, 89.572165, 506.314433, 86.932990, 
            504.994845, 82.974227, 502.355670, 81.654639, 
            502.355670, 77.695876, 501.036082, 76.376289, 
            499.716495, 73.737113, 499.716495, 53.943299, 
            497.077320, 52.623711, 497.077320, 51.304124, 
            497.077320, 49.984536, 497.077320, 48.664948, 
            495.757732, 48.664948, 493.118557, 47.345361, 
            487.840206, 46.025773, 485.201031, 44.706186, 
            482.561856, 44.706186, 481.242268, 44.706186, 
            478.603093, 44.706186, 473.324742, 44.706186, 
            468.046392, 44.706186, 461.448454, 44.706186, 
            454.850515, 44.706186, 453.530928, 46.025773, 
            452.211340, 48.664948, 452.211340, 51.304124, 
            452.211340, 52.623711, 453.530928, 56.582474, 
            460.128866, 59.221649, 465.407216, 60.541237, 
            466.726804, 61.860825, 470.685567, 63.180412, 
            473.324742, 64.500000, 475.963918, 65.819588, 
            479.922680, 65.819588, 481.242268, 68.458763, 
            485.201031, 75.056701, 487.840206, 79.015464, 
            487.840206, 81.654639, 485.201031, 82.974227, 
            481.242268, 82.974227, 474.644330, 84.293814, 
            473.324742, 85.613402, 472.005155, 86.932990, 
            472.005155, 89.572165, 472.005155, 92.211340, 
            474.644330, 98.809278, 479.922680, 101.448454, 
            481.242268, 102.768041, 483.881443, 106.726804, 
            487.840206, 114.644330, 494.438144, 121.242268, 
            499.716495, 123.881443, 501.036082, 126.520619, 
            504.994845, 129.159794, 506.314433, 137.077320, 
            515.551546, 141.036082, 518.190722, 147.634021, 
            523.469072, 148.953608, 524.788660, 160.829897, 
            528.747423, 162.149485, 528.747423, 163.469072, 
            528.747423, 164.788660, 528.747423, 166.108247, 
            528.747423, 168.747423, 528.747423, 170.067010, 
            528.747423, 171.386598, 528.747423, 172.706186, 
            528.747423, 175.345361, 527.427835, 176.664948, 
            527.427835, 177.984536, 526.108247, 179.304124, 
            524.788660, 179.304124, 523.469072, 180.623711, 
            523.469072, 180.623711, 522.149485, 180.623711, 
            518.190722, 180.623711, 514.231959, 180.623711, 
            507.634021, 177.984536, 501.036082, 174.025773, 
            494.438144, 170.067010, 490.479381, 168.747423, 
            489.159794, 166.108247, 486.520619, 163.469072, 
            481.242268, 160.829897, 478.603093, 152.912371, 
            468.046392, 151.592784, 465.407216, 146.314433, 
            458.809278, 143.675258, 456.170103, 139.716495, 
            452.211340, 137.077320, 449.572165, 135.757732, 
            448.252577, 133.118557, 446.932990, 126.520619, 
            440.335052, 123.881443, 436.376289, 119.922680, 
            433.737113, 115.963918, 428.458763, 114.644330, 
            425.819588, 105.407216, 416.582474, 96.170103, 
            409.984536, 86.932990, 402.067010, 81.654639, 
            399.427835, 80.335052, 398.108247, 76.376289, 
            396.788660, 72.417526, 395.469072, 69.778351, 
            394.149485, 67.139175, 394.149485, 64.500000, 
            394.149485, 61.860825, 394.149485, 59.221649, 
            394.149485, 56.582474, 394.149485, 52.623711, 
            394.149485, 49.984536, 394.149485, 48.664948, 
            392.829897, 44.706186, 392.829897, 42.067010, 
            392.829897, 40.747423, 391.510309, 36.788660, 
            390.190722, 27.551546, 386.231959, 18.314433, 
            383.592784, -1.000000, -1.000000, 700.541237, 
            718.768041, 707.139175, 713.489691, 713.737113, 
            709.530928, 717.695876, 706.891753, 721.654639, 
            702.932990, 725.613402, 698.974227, 726.932990, 
            696.335052, 729.572165, 692.376289, 734.850515, 
            684.458763, 734.850515, 683.139175, 736.170103, 
            680.500000, 737.489691, 679.180412, 740.128866, 
            676.541237, 746.726804, 667.304124, 749.365979, 
            664.664948, 752.005155, 662.025773, 753.324742, 
            658.067010, 755.963918, 655.427835, 761.242268, 
            647.510309, 763.881443, 644.871134, 770.479381, 
            638.273196, 773.118557, 635.634021, 777.077320, 
            632.994845, 781.036082, 630.355670, 782.355670, 
            629.036082, 790.273196, 625.077320, 792.912371, 
            623.757732, 795.551546, 622.438144, 796.871134, 
            621.118557, 800.829897, 619.798969, 814.025773, 
            617.159794, 820.623711, 615.840206, 825.902062, 
            614.520619, 831.180412, 614.520619, 841.737113, 
            613.201031, 850.974227, 613.201031, 857.572165, 
            611.881443, 866.809278, 611.881443, 878.685567, 
            611.881443, 885.283505, 611.881443, 905.077320, 
            609.242268, 938.067010, 606.603093, 948.623711, 
            606.603093, 956.541237, 606.603093, 975.015464, 
            609.242268, 982.932990, 610.561856, 997.448454, 
            614.520619, 1008.005155, 615.840206, 1009.324742, 
            617.159794, 1017.242268, 618.479381, 1026.479381, 
            619.798969, 1040.994845, 623.757732, 1046.273196, 
            623.757732, 1055.510309, 626.396907, 1064.747423, 
            627.716495, 1071.345361, 629.036082, 1080.582474, 
            631.675258, 1089.819588, 634.314433, 1093.778351, 
            635.634021, 1099.056701, 638.273196, 1106.974227, 
            642.231959, 1118.850515, 648.829897, 1128.087629, 
            652.788660, 1130.726804, 654.108247, 1134.685567, 
            656.747423, 1147.881443, 665.984536, 1151.840206, 
            668.623711, 1166.355670, 677.860825, 1168.994845, 
