%YAML:1.0
    mask: !!opencv-matrix
        rows: 536
        cols: 2
        dt: f
        data: [ 478.850515, 718.768041, 477.530928, 
            708.211340, 476.211340, 708.211340, 468.293814, 
            708.211340, 465.654639, 708.211340, 463.015464, 
            708.211340, 460.376289, 708.211340, 459.056701, 
            709.530928, 456.417526, 709.530928, 453.778351, 
            710.850515, 451.139175, 710.850515, 441.902062, 
            714.809278, 439.262887, 714.809278, 433.984536, 
            714.809278, 423.427835, 714.809278, 416.829897, 
            714.809278, 410.231959, 714.809278, 399.675258, 
            714.809278, 394.396907, 714.809278, 387.798969, 
            714.809278, 382.520619, 714.809278, 379.881443, 
            716.128866, 377.242268, 716.128866, 373.283505, 
            716.128866, 371.963918, 716.128866, 371.963918, 
            714.809278, 370.644330, 705.572165, 374.603093, 
            697.654639, 379.881443, 693.695876, 386.479381, 
            691.056701, 389.118557, 684.458763, 390.438144, 
            683.139175, 391.757732, 681.819588, 393.077320, 
            680.500000, 397.036082, 679.180412, 399.675258, 
            677.860825, 402.314433, 676.541237, 403.634021, 
            676.541237, 406.273196, 679.180412, 408.912371, 
            681.819588, 436.623711, 687.097938, 437.943299, 
            687.097938, 439.262887, 687.097938, 443.221649, 
            687.097938, 445.860825, 687.097938, 448.500000, 
            688.417526, 453.778351, 688.417526, 459.056701, 
            688.417526, 460.376289, 688.417526, 461.695876, 
            687.097938, 461.695876, 684.458763, 461.695876, 
            681.819588, 461.695876, 680.500000, 460.376289, 
            677.860825, 460.376289, 675.221649, 459.056701, 
            671.262887, 457.737113, 668.623711, 456.417526, 
            667.304124, 447.180412, 655.427835, 441.902062, 
            650.149485, 440.582474, 647.510309, 439.262887, 
            646.190722, 412.871134, 625.077320, 411.551546, 
            623.757732, 410.231959, 622.438144, 407.592784, 
            619.798969, 406.273196, 619.798969, 403.634021, 
            618.479381, 402.314433, 618.479381, 400.994845, 
            618.479381, 399.675258, 617.159794, 395.716495, 
            617.159794, 391.757732, 617.159794, 386.479381, 
            617.159794, 381.201031, 617.159794, 378.561856, 
            617.159794, 375.922680, 617.159794, 364.046392, 
            614.520619, 361.407216, 614.520619, 353.489691, 
            614.520619, 352.170103, 614.520619, 349.530928, 
            614.520619, 348.211340, 614.520619, 344.252577, 
            614.520619, 342.932990, 615.840206, 340.293814, 
            617.159794, 332.376289, 621.118557, 328.417526, 
            623.757732, 323.139175, 627.716495, 321.819588, 
            629.036082, 315.221649, 632.994845, 307.304124, 
            639.592784, 300.706186, 640.912371, 275.634021, 
            660.706186, 271.675258, 663.345361, 263.757732, 
            668.623711, 257.159794, 672.582474, 255.840206, 
            675.221649, 253.201031, 676.541237, 242.644330, 
            683.139175, 241.324742, 683.139175, 240.005155, 
            685.778351, 237.365979, 688.417526, 234.726804, 
            689.737113, 233.407216, 692.376289, 233.407216, 
            695.015464, 233.407216, 696.335052, 233.407216, 
            698.974227, 232.087629, 705.572165, 230.768041, 
            709.530928, 229.448454, 712.170103, 229.448454, 
            714.809278, 228.128866, 717.448454, 228.128866, 
            718.768041, -1.000000, -1.000000, 498.644330, 
            714.809278, 493.365979, 708.211340, 513.159794, 
            697.654639, 519.757732, 702.932990, 522.396907, 
            704.252577, 523.716495, 705.572165, 526.355670, 
            708.211340, 527.675258, 709.530928, 528.994845, 
            710.850515, 530.314433, 710.850515, 535.592784, 
            713.489691, 536.912371, 713.489691, 536.912371, 
            712.170103, 536.912371, 709.530928, 536.912371, 
            708.211340, 532.953608, 701.613402, 528.994845, 
            695.015464, 527.675258, 692.376289, 526.355670, 
            691.056701, 522.396907, 683.139175, 519.757732, 
            683.139175, 515.798969, 683.139175, 511.840206, 
            681.819588, 509.201031, 681.819588, 507.881443, 
            681.819588, 503.922680, 680.500000, 501.283505, 
            679.180412, 498.644330, 677.860825, 497.324742, 
            677.860825, 496.005155, 676.541237, 496.005155, 
            675.221649, 496.005155, 671.262887, 496.005155, 
            665.984536, 498.644330, 664.664948, 498.644330, 
            663.345361, 501.283505, 659.386598, 506.561856, 
            656.747423, 513.159794, 651.469072, 517.118557, 
            647.510309, 522.396907, 643.551546, 534.273196, 
            636.953608, 536.912371, 635.634021, 542.190722, 
            631.675258, 551.427835, 625.077320, 555.386598, 
            621.118557, 559.345361, 618.479381, 560.664948, 
            615.840206, 561.984536, 614.520619, 563.304124, 
            613.201031, 567.262887, 610.561856, 569.902062, 
            610.561856, 569.902062, 609.242268, 573.860825, 
            609.242268, 579.139175, 609.242268, 588.376289, 
            609.242268, 596.293814, 611.881443, 601.572165, 
            613.201031, 605.530928, 613.201031, 608.170103, 
            613.201031, 609.489691, 614.520619, 610.809278, 
            615.840206, 613.448454, 618.479381, 616.087629, 
            619.798969, 620.046392, 623.757732, 625.324742, 
            630.355670, 629.283505, 632.994845, 631.922680, 
            634.314433, 635.881443, 636.953608, 637.201031, 
            638.273196, 639.840206, 638.273196, 664.912371, 
            651.469072, 666.231959, 652.788660, 666.231959, 
            654.108247, 672.829897, 658.067010, 676.788660, 
            662.025773, 700.541237, 692.376289, 703.180412, 
            695.015464, 708.458763, 705.572165, 708.458763, 
            706.891753, 708.458763, 708.211340, 709.778351, 
            708.211340, 709.778351, 709.530928, 711.097938, 
            710.850515, 711.097938, 712.170103, 712.417526, 
            712.170103, -1.000000, -1.000000, 646.438144, 
            295.180412, 639.840206, 295.180412, 638.520619, 
            295.180412, 630.603093, 295.180412, 622.685567, 
            295.180412, 621.365979, 295.180412, 613.448454, 
            296.500000, 610.809278, 296.500000, 600.252577, 
            296.500000, 593.654639, 296.500000, 591.015464, 
            296.500000, 587.056701, 296.500000, 585.737113, 
            295.180412, 579.139175, 293.860825, 573.860825, 
            292.541237, 567.262887, 291.221649, 561.984536, 
            289.902062, 558.025773, 289.902062, 556.706186, 
            288.582474, 551.427835, 285.943299, 543.510309, 
            283.304124, 540.871134, 281.984536, 526.355670, 
            278.025773, 525.036082, 278.025773, 523.716495, 
            278.025773, 522.396907, 278.025773, 521.077320, 
            278.025773, 519.757732, 278.025773, 518.438144, 
            278.025773, 517.118557, 288.582474, 526.355670, 
            300.458763, 528.994845, 303.097938, 531.634021, 
            304.417526, 543.510309, 309.695876, 546.149485, 
            311.015464, 547.469072, 312.335052, 548.788660, 
            312.335052, 550.108247, 312.335052, 550.108247, 
            313.654639, 550.108247, 314.974227, 547.469072, 
            317.613402, 544.829897, 318.932990, 540.871134, 
            322.891753, 538.231959, 325.530928, 535.592784, 
            326.850515, 531.634021, 330.809278, 527.675258, 
            334.768041, 522.396907, 338.726804, 515.798969, 
            342.685567, 515.798969, 344.005155, 514.479381, 
            345.324742, 513.159794, 346.644330, 511.840206, 
            347.963918, 510.520619, 351.922680, 509.201031, 
            353.242268, 509.201031, 354.561856, 507.881443, 
