%YAML:1.0
    mask: !!opencv-matrix
        rows: 727
        cols: 2
        dt: f
        data: [ -1.000000, -1.000000, -1.000000, 
            -1.000000, 848.205835, 417.798161, 846.159472, 
            418.821343, 846.159472, 419.844524, 845.136291, 
            420.867706, 845.136291, 421.890887, 840.020384, 
            428.029976, 837.974021, 432.122702, 835.927658, 
            434.169065, 832.858114, 437.238609, 832.858114, 
            438.261791, 827.742206, 441.331335, 826.719025, 
            442.354516, 819.556755, 447.470424, 816.487210, 
            448.493605, 810.348122, 452.586331, 805.232214, 
            455.655875, 804.209033, 455.655875, 800.116307, 
            457.702238, 799.093125, 457.702238, 796.023581, 
            459.748601, 793.977218, 459.748601, 789.884492, 
            462.818145, 785.791767, 463.841327, 782.722222, 
            465.887690, 779.652678, 466.910871, 775.559952, 
            468.957234, 773.513589, 469.980416, 769.420863, 
            472.026779, 766.351319, 473.049960, 761.235412, 
            475.096323, 761.235412, 476.119504, 757.142686, 
            477.142686, 756.119504, 478.165867, 753.049960, 
            479.189049, 748.957234, 481.235412, 747.934053, 
            481.235412, 746.910871, 481.235412, 744.864508, 
            482.258593, 743.841327, 482.258593, 740.771783, 
            482.258593, 737.702238, 483.281775, 733.609512, 
            484.304956, 731.563149, 484.304956, 728.493605, 
            484.304956, 727.470424, 484.304956, 723.377698, 
            484.304956, 720.308153, 484.304956, 713.145883, 
            484.304956, 711.099520, 484.304956, 709.053157, 
            484.304956, 704.960432, 484.304956, 701.890887, 
            484.304956, 699.844524, 483.281775, 698.821343, 
            483.281775, 696.774980, 483.281775, 695.751799, 
            483.281775, 693.705436, 483.281775, 692.682254, 
            484.304956, 689.612710, 484.304956, 689.612710, 
            485.328137, 687.566347, 485.328137, 684.496803, 
            485.328137, 683.473621, 485.328137, 681.427258, 
            486.351319, 680.404077, 486.351319, 676.311351, 
            486.351319, 674.264988, 487.374500, 673.241807, 
            487.374500, 670.172262, 488.397682, 670.172262, 
            489.420863, 667.102718, 489.420863, 666.079536, 
            490.444045, 664.033173, 491.467226, 660.963629, 
            492.490408, 658.917266, 493.513589, 654.824540, 
            494.536771, 651.754996, 496.583133, 649.708633, 
            497.606315, 644.592726, 499.652678, 642.546363, 
            500.675859, 640.500000, 501.699041, 636.407274, 
            502.722222, 634.360911, 502.722222, 632.314548, 
            502.722222, 629.245004, 504.768585, 627.198641, 
            504.768585, 625.152278, 504.768585, 624.129097, 
            505.791767, 622.082734, 505.791767, 621.059552, 
            505.791767, 620.036371, 505.791767, 615.943645, 
            505.791767, 611.850919, 506.814948, 607.758193, 
            506.814948, 603.665468, 506.814948, 599.572742, 
            507.838129, 597.526379, 507.838129, 596.503197, 
            507.838129, 590.364109, 507.838129, 585.248201, 
            507.838129, 581.155476, 506.814948, 579.109113, 
            506.814948, 577.062750, 506.814948, 573.993205, 
            505.791767, 570.923661, 505.791767, 567.854117, 
            504.768585, 565.807754, 503.745404, 562.738209, 
            502.722222, 560.691847, 501.699041, 558.645484, 
            500.675859, 556.599121, 498.629496, 556.599121, 
            497.606315, 555.575939, 496.583133, 555.575939, 
            495.559952, 554.552758, 494.536771, 554.552758, 
            493.513589, 554.552758, 492.490408, 554.552758, 
            491.467226, 554.552758, 490.444045, 554.552758, 
            488.397682, 556.599121, 487.374500, 557.622302, 
            486.351319, 559.668665, 485.328137, 560.691847, 
            484.304956, 561.715028, 484.304956, 562.738209, 
            483.281775, 563.761391, 483.281775, 565.807754, 
            482.258593, 567.854117, 481.235412, 568.877298, 
            481.235412, 569.900480, 481.235412, 570.923661, 
            480.212230, 572.970024, 480.212230, 575.016387, 
            480.212230, 578.085931, 479.189049, 579.109113, 
            478.165867, 582.178657, 478.165867, 586.271383, 
            477.142686, 588.317746, 476.119504, 590.364109, 
            476.119504, 591.387290, 476.119504, 594.456835, 
            475.096323, 597.526379, 475.096323, 598.549560, 
            475.096323, 601.619105, 474.073141, 605.711831, 
            473.049960, 608.781375, 472.026779, 611.850919, 
            472.026779, 614.920464, 469.980416, 617.990008, 
            469.980416, 619.013189, 468.957234, 622.082734, 
            468.957234, 625.152278, 467.934053, 627.198641, 
            465.887690, 628.221823, 465.887690, 631.291367, 
            464.864508, 633.337730, 463.841327, 635.384093, 
            462.818145, 638.453637, 460.771783, 640.500000, 
            459.748601, 642.546363, 459.748601, 645.615907, 
            458.725420, 646.639089, 457.702238, 647.662270, 
            456.679057, 649.708633, 456.679057, 650.731815, 
            455.655875, 651.754996, 454.632694, 652.778177, 
            453.609512, 653.801359, 453.609512, 655.847722, 
            452.586331, 656.870903, 451.563149, 657.894085, 
            450.539968, 659.940448, 449.516787, 659.940448, 
            448.493605, 661.986811, 447.470424, 664.033173, 
            445.424061, 664.033173, 444.400879, 665.056355, 
            443.377698, 665.056355, 441.331335, 666.079536, 
            440.308153, 666.079536, 438.261791, 666.079536, 
            437.238609, 666.079536, 436.215428, 666.079536, 
            434.169065, 666.079536, 433.145883, 666.079536, 
            431.099520, 666.079536, 430.076339, 665.056355, 
            429.053157, 665.056355, 428.029976, 664.033173, 
            425.983613, 663.009992, 424.960432, 661.986811, 
            423.937250, 660.963629, 422.914069, 658.917266, 
            422.914069, 656.870903, 421.890887, 655.847722, 
            421.890887, 654.824540, 421.890887, 653.801359, 
            420.867706, 651.754996, 419.844524, 649.708633, 
            419.844524, 647.662270, 419.844524, 645.615907, 
            418.821343, 643.569544, 418.821343, 642.546363, 
            417.798161, 641.523181, 417.798161, 640.500000, 
            417.798161, 639.476819, 417.798161, 636.407274, 
            416.774980, 634.360911, 416.774980, 632.314548, 
            416.774980, 630.268185, 416.774980, 628.221823, 
            416.774980, 626.175460, 416.774980, 622.082734, 
            416.774980, 619.013189, 417.798161, 613.897282, 
            418.821343, 610.827738, 419.844524, 609.804556, 
            419.844524, 606.735012, 420.867706, 605.711831, 
            420.867706, 601.619105, 421.890887, 599.572742, 
            422.914069, 598.549560, 422.914069, 595.480016, 
            422.914069, 592.410472, 423.937250, 587.294564, 
            424.960432, 586.271383, 424.960432, 584.225020, 
            424.960432, 583.201839, 424.960432, 581.155476, 
            424.960432, 579.109113, 425.983613, 575.016387, 
            425.983613, 572.970024, 425.983613, 568.877298, 
            425.983613, 565.807754, 427.006795, 563.761391, 
            427.006795, 560.691847, 427.006795, 559.668665, 
            427.006795, 556.599121, 427.006795, 555.575939, 
            427.006795, 549.436851, 427.006795, 546.367306, 
            427.006795, 546.367306, 428.029976, 542.274580, 
            428.029976, 538.181855, 428.029976, 537.158673, 
            428.029976, 534.089129, 428.029976, 531.019584, 
            428.029976, 529.996403, 428.029976, 526.926859, 
            428.029976, 525.903677, 428.029976, 523.857314, 
            428.029976, 522.834133, 428.029976, 520.787770, 
            428.029976, 518.741407, 428.029976, 515.671863, 
