%YAML:1.0
    mask: !!opencv-matrix
        rows: 1261
        cols: 2
        dt: f
        data: [ 28.637490, 709.404876, 28.637490, 
            708.381695, 30.683853, 707.358513, 32.730216, 
            705.312150, 34.776579, 704.288969, 37.846123, 
            701.219424, 40.915667, 699.173062, 40.915667, 
            698.149880, 43.985212, 696.103517, 46.031575, 
            694.057154, 47.054756, 693.033973, 49.101119, 
            692.010791, 50.124301, 690.987610, 51.147482, 
            689.964428, 53.193845, 688.941247, 55.240208, 
            686.894884, 56.263389, 685.871703, 59.332934, 
            682.802158, 61.379297, 681.778977, 64.448841, 
            678.709432, 65.472022, 677.686251, 67.518385, 
            675.639888, 69.564748, 674.616707, 70.587930, 
            672.570344, 71.611111, 671.547162, 73.657474, 
            670.523981, 74.680655, 668.477618, 77.750200, 
            666.431255, 79.796563, 664.384892, 82.866107, 
            662.338529, 83.889289, 661.315348, 85.935651, 
            660.292166, 89.005196, 657.222622, 92.074740, 
            655.176259, 95.144285, 653.129896, 97.190647, 
            651.083533, 100.260192, 649.037170, 102.306555, 
            646.990807, 103.329736, 646.990807, 106.399281, 
            644.944444, 108.445643, 643.921263, 111.515188, 
            641.874900, 113.561551, 639.828537, 115.607914, 
            638.805356, 117.654277, 636.758993, 118.677458, 
            636.758993, 122.770184, 634.712630, 123.793365, 
            633.689448, 125.839728, 631.643086, 127.886091, 
            630.619904, 129.932454, 628.573541, 131.978817, 
            627.550360, 133.001998, 626.527178, 135.048361, 
            625.503997, 137.094724, 625.503997, 140.164269, 
            624.480815, 141.187450, 624.480815, 145.280176, 
            624.480815, 148.349720, 624.480815, 153.465627, 
            624.480815, 156.535172, 624.480815, 158.581535, 
            624.480815, 162.674261, 625.503997, 166.766986, 
            626.527178, 169.836531, 627.550360, 173.929257, 
            628.573541, 174.952438, 629.596723, 178.021982, 
            629.596723, 182.114708, 629.596723, 185.184253, 
            630.619904, 187.230616, 631.643086, 189.276978, 
            631.643086, 190.300160, 631.643086, 192.346523, 
            631.643086, 193.369704, 632.666267, 197.462430, 
            632.666267, 200.531974, 632.666267, 202.578337, 
            633.689448, 204.624700, 633.689448, 206.671063, 
            633.689448, 209.740608, 634.712630, 212.810152, 
            634.712630, 215.879696, 634.712630, 218.949241, 
            635.735811, 223.041966, 636.758993, 224.065148, 
            636.758993, 225.088329, 636.758993, 227.134692, 
            636.758993, 231.227418, 636.758993, 233.273781, 
            637.782174, 235.320144, 637.782174, 236.343325, 
            637.782174, 239.412870, 637.782174, 240.436051, 
            638.805356, 243.505596, 639.828537, 244.528777, 
            639.828537, 244.528777, 640.851719, 247.598321, 
            641.874900, 248.621503, 641.874900, 249.644684, 
            642.898082, 250.667866, 642.898082, 253.737410, 
            643.921263, 256.806954, 645.967626, 257.830136, 
            646.990807, 259.876499, 648.013989, 260.899680, 
            648.013989, 261.922862, 648.013989, 262.946043, 
            648.013989, 263.969225, 648.013989, 266.015588, 
            649.037170, 269.085132, 650.060352, 272.154676, 
            652.106715, 275.224221, 652.106715, 279.316946, 
            653.129896, 281.363309, 653.129896, 283.409672, 
            653.129896, 285.456035, 654.153078, 286.479217, 
            655.176259, 288.525580, 655.176259, 289.548761, 
            655.176259, 291.595124, 656.199440, 293.641487, 
            657.222622, 294.664668, 657.222622, 296.711031, 
            658.245803, 298.757394, 658.245803, 300.803757, 
            658.245803, 302.850120, 658.245803, 304.896483, 
            659.268985, 305.919664, 659.268985, 306.942846, 
            659.268985, 308.989209, 660.292166, 310.012390, 
            660.292166, 311.035572, 660.292166, 313.081934, 
            661.315348, 314.105116, 663.361711, 317.174660, 
            666.431255, 318.197842, 667.454436, 318.197842, 
            669.500799, 319.221023, 671.547162, 319.221023, 
            672.570344, 319.221023, 674.616707, 320.244205, 
            676.663070, 320.244205, 677.686251, 320.244205, 
            679.732614, 321.267386, 680.755795, 322.290568, 
            681.778977, 323.313749, 682.802158, 324.336930, 
            683.825340, 326.383293, 686.894884, 326.383293, 
            688.941247, 328.429656, 692.010791, 329.452838, 
            694.057154, 331.499201, 697.126699, 331.499201, 
            699.173062, 332.522382, 700.196243, 332.522382, 
            702.242606, 332.522382, 704.288969, 333.545564, 
            706.335332, 333.545564, 707.358513, 333.545564, 
            708.381695, 333.545564, 710.428058, 333.545564, 
            711.451239, 332.522382, 711.451239, 332.522382, 
            712.474420, -1.000000, -1.000000, 792.954037, 
            611.179456, 791.930855, 611.179456, 789.884492, 
            609.133094, 787.838129, 607.086731, 779.652678, 
            599.924460, 765.328137, 584.576739, 759.189049, 
            580.484013, 754.073141, 576.391287, 749.980416, 
            572.298561, 744.864508, 566.159472, 738.725420, 
            561.043565, 734.632694, 555.927658, 728.493605, 
            550.811751, 725.424061, 549.788569, 723.377698, 
            547.742206, 720.308153, 545.695843, 718.261791, 
            543.649480, 716.215428, 541.603118, 712.122702, 
            538.533573, 709.053157, 535.464029, 707.006795, 
            533.417666, 702.914069, 529.324940, 699.844524, 
            527.278577, 697.798161, 524.209033, 693.705436, 
            521.139488, 690.635891, 517.046763, 686.543165, 
            513.977218, 684.496803, 512.954037, 682.450440, 
            511.930855, 681.427258, 509.884492, 678.357714, 
            507.838129, 676.311351, 506.814948, 673.241807, 
            503.745404, 669.149081, 500.675859, 667.102718, 
            499.652678, 666.079536, 497.606315, 663.009992, 
            494.536771, 660.963629, 493.513589, 659.940448, 
            491.467226, 658.917266, 490.444045, 657.894085, 
            488.397682, 656.870903, 487.374500, 654.824540, 
            483.281775, 652.778177, 479.189049, 651.754996, 
            476.119504, 649.708633, 472.026779, 648.685452, 
            468.957234, 646.639089, 465.887690, 645.615907, 
            462.818145, 644.592726, 461.794964, 643.569544, 
            459.748601, 643.569544, 457.702238, 641.523181, 
            456.679057, 639.476819, 454.632694, 638.453637, 
            451.563149, 635.384093, 449.516787, 633.337730, 
            446.447242, 632.314548, 444.400879, 631.291367, 
            442.354516, 630.268185, 441.331335, 629.245004, 
            439.284972, 628.221823, 438.261791, 627.198641, 
            437.238609, 625.152278, 436.215428, 625.152278, 
            435.192246, 624.129097, 434.169065, 624.129097, 
            433.145883, 624.129097, 432.122702, 624.129097, 
            431.099520, 624.129097, 429.053157, 624.129097, 
            428.029976, 624.129097, 427.006795, 624.129097, 
            425.983613, 624.129097, 424.960432, 624.129097, 
            422.914069, 624.129097, 421.890887, 625.152278, 
            420.867706, 626.175460, 418.821343, 627.198641, 
            417.798161, 628.221823, 416.774980, 629.245004, 
            416.774980, 630.268185, 414.728617, 631.291367, 
            414.728617, 632.314548, 413.705436, 633.337730, 
            413.705436, 633.337730, 412.682254, 634.360911, 
            412.682254, 635.384093, 412.682254, 636.407274, 
            412.682254, 637.430456, 412.682254, 638.453637, 
            412.682254, 639.476819, 412.682254, 640.500000, 
            412.682254, 641.523181, 412.682254, 642.546363, 
