%YAML:1.0
    mask: !!opencv-matrix
        rows: 352
        cols: 2
        dt: f
        data: [ -1.000000, -1.000000, 696.582474, 
            712.170103, 691.304124, 708.211340, 682.067010, 
            702.932990, 676.788660, 701.613402, 670.190722, 
            698.974227, 666.231959, 696.335052, 658.314433, 
            692.376289, 653.036082, 689.737113, 647.757732, 
            687.097938, 643.798969, 685.778351, 639.840206, 
            684.458763, 634.561856, 681.819588, 629.283505, 
            679.180412, 626.644330, 677.860825, 625.324742, 
            677.860825, 624.005155, 676.541237, 624.005155, 
            675.221649, 622.685567, 672.582474, 620.046392, 
            668.623711, 618.726804, 665.984536, 617.407216, 
            660.706186, 616.087629, 658.067010, 616.087629, 
            655.427835, 616.087629, 651.469072, 617.407216, 
            650.149485, 618.726804, 648.829897, 621.365979, 
            647.510309, 622.685567, 646.190722, 626.644330, 
            646.190722, 635.881443, 646.190722, 645.118557, 
            647.510309, 651.716495, 647.510309, 656.994845, 
            648.829897, 666.231959, 650.149485, 674.149485, 
            651.469072, 680.747423, 651.469072, 689.984536, 
            651.469072, 696.582474, 651.469072, 700.541237, 
            651.469072, 708.458763, 648.829897, 715.056701, 
            646.190722, 720.335052, 644.871134, 724.293814, 
            643.551546, 726.932990, 642.231959, 729.572165, 
            640.912371, 734.850515, 638.273196, 736.170103, 
            636.953608, 736.170103, 635.634021, 737.489691, 
            632.994845, 737.489691, 631.675258, 737.489691, 
            627.716495, 736.170103, 626.396907, 736.170103, 
            623.757732, 734.850515, 623.757732, 734.850515, 
            622.438144, 733.530928, 622.438144, 732.211340, 
            621.118557, 728.252577, 621.118557, 726.932990, 
            619.798969, 722.974227, 619.798969, 721.654639, 
            619.798969, 709.778351, 622.438144, 701.860825, 
            625.077320, 693.943299, 629.036082, 686.025773, 
            631.675258, 682.067010, 632.994845, 675.469072, 
            635.634021, 670.190722, 636.953608, 664.912371, 
            638.273196, 658.314433, 638.273196, 649.077320, 
            636.953608, 645.118557, 635.634021, 642.479381, 
            634.314433, 641.159794, 631.675258, 639.840206, 
            627.716495, 638.520619, 626.396907, 638.520619, 
            622.438144, 638.520619, 621.118557, 639.840206, 
            617.159794, 641.159794, 614.520619, 642.479381, 
            611.881443, 641.159794, 609.242268, 639.840206, 
            609.242268, 637.201031, 605.283505, 637.201031, 
            603.963918, 635.881443, 601.324742, 635.881443, 
            593.407216, 637.201031, 589.448454, 639.840206, 
            586.809278, 645.118557, 582.850515, 653.036082, 
            577.572165, 660.953608, 570.974227, 663.592784, 
            569.654639, 668.871134, 561.737113, 672.829897, 
            559.097938, 680.747423, 555.139175, 686.025773, 
            549.860825, 691.304124, 544.582474, 691.304124, 
            543.262887, 693.943299, 541.943299, 695.262887, 
            540.623711, 697.902062, 537.984536, 703.180412, 
            535.345361, 705.819588, 532.706186, 717.695876, 
            527.427835, 722.974227, 524.788660, 726.932990, 
            523.469072, 729.572165, 523.469072, 733.530928, 
            523.469072, 736.170103, 523.469072, 740.128866, 
            523.469072, 741.448454, 523.469072, 742.768041, 
            523.469072, 744.087629, 523.469072, 745.407216, 
            524.788660, 750.685567, 527.427835, 752.005155, 
            528.747423, 758.603093, 531.386598, 761.242268, 
            532.706186, 766.520619, 536.664948, 767.840206, 
            539.304124, 773.118557, 544.582474, 778.396907, 
            549.860825, 783.675258, 555.139175, 787.634021, 
            560.417526, 792.912371, 563.056701, 800.829897, 
            568.335052, 804.788660, 572.293814, 808.747423, 
            574.932990, 814.025773, 580.211340, 821.943299, 
            586.809278, 823.262887, 586.809278, 824.582474, 
            589.448454, 825.902062, 590.768041, 829.860825, 
            597.365979, 833.819588, 605.283505, 840.417526, 
            617.159794, 844.376289, 629.036082, 845.695876, 
            632.994845, 848.335052, 640.912371, 852.293814, 
            647.510309, 856.252577, 658.067010, 858.891753, 
            662.025773, 861.530928, 665.984536, 862.850515, 
            667.304124, 864.170103, 668.623711, 866.809278, 
            672.582474, 870.768041, 679.180412, 873.407216, 
            683.139175, 876.046392, 689.737113, 878.685567, 
            693.695876, 881.324742, 696.335052, 883.963918, 
            698.974227, 886.603093, 702.932990, 889.242268, 
            708.211340, 890.561856, 709.530928, 890.561856, 
            710.850515, 891.881443, 712.170103, 891.881443, 
            713.489691, 893.201031, 714.809278, 893.201031, 
            716.128866, 894.520619, 716.128866, 894.520619, 
            717.448454, 895.840206, 718.768041, -1.000000, 
            -1.000000, 675.469072, 367.757732, 670.190722, 
            367.757732, 667.551546, 369.077320, 664.912371, 
            370.396907, 659.634021, 374.355670, 656.994845, 
            375.675258, 651.716495, 378.314433, 647.757732, 
            380.953608, 645.118557, 384.912371, 643.798969, 
            384.912371, 643.798969, 387.551546, 643.798969, 
            392.829897, 645.118557, 394.149485, 650.396907, 
            398.108247, 651.716495, 399.427835, 653.036082, 
            399.427835, 660.953608, 400.747423, 678.108247, 
            398.108247, 692.623711, 395.469072, 695.262887, 
            394.149485, 696.582474, 394.149485, 697.902062, 
            394.149485, 697.902062, 396.788660, 697.902062, 
            398.108247, 700.541237, 403.386598, 700.541237, 
            404.706186, 700.541237, 409.984536, 697.902062, 
            411.304124, 695.262887, 413.943299, 691.304124, 
            416.582474, 686.025773, 420.541237, 684.706186, 
            424.500000, 683.386598, 427.139175, 683.386598, 
            432.417526, 683.386598, 437.695876, 683.386598, 
            442.974227, 683.386598, 449.572165, 683.386598, 
            453.530928, 683.386598, 457.489691, 684.706186, 
            461.448454, 686.025773, 466.726804, 686.025773, 
            469.365979, 687.345361, 470.685567, 688.664948, 
            472.005155, 688.664948, 473.324742, 689.984536, 
            474.644330, 691.304124, 474.644330, 692.623711, 
            475.963918, 697.902062, 475.963918, 703.180412, 
            473.324742, 707.139175, 472.005155, 709.778351, 
            472.005155, 713.737113, 469.365979, 724.293814, 
            466.726804, 732.211340, 466.726804, 742.768041, 
            465.407216, 748.046392, 464.087629, 757.283505, 
            464.087629, 758.603093, 464.087629, 762.561856, 
            465.407216, 763.881443, 466.726804, 766.520619, 
            468.046392, 767.840206, 468.046392, 767.840206, 
            470.685567, 759.922680, 477.283505, 755.963918, 
            481.242268, 746.726804, 487.840206, 745.407216, 
            489.159794, 740.128866, 493.118557, 736.170103, 
            498.396907, 733.530928, 502.355670, 733.530928, 
            503.675258, 730.891753, 506.314433, 728.252577, 
            507.634021, 726.932990, 508.953608, 726.932990, 
            511.592784, 725.613402, 512.912371, 725.613402, 
            514.231959, 725.613402, 515.551546, 725.613402, 
            516.871134, 726.932990, 516.871134, 729.572165, 
            518.190722, 733.530928, 519.510309, 737.489691, 
            519.510309, 741.448454, 519.510309, 742.768041, 
            519.510309, 744.087629, 520.829897, 757.283505, 
            527.427835, 766.520619, 530.067010, 770.479381, 
            531.386598, 771.798969, 531.386598, 773.118557, 
