%YAML:1.0
    mask: !!opencv-matrix
        rows: 953
        cols: 2
        dt: f
        data: [ 10.396907, 662.025773, 15.675258, 
            662.025773, 19.634021, 662.025773, 22.273196, 
            662.025773, 30.190722, 660.706186, 40.747423, 
            659.386598, 51.304124, 658.067010, 60.541237, 
            656.747423, 69.778351, 654.108247, 77.695876, 
            651.469072, 88.252577, 648.829897, 92.211340, 
            647.510309, 94.850515, 647.510309, 106.726804, 
            643.551546, 109.365979, 643.551546, 119.922680, 
            640.912371, 122.561856, 640.912371, 130.479381, 
            640.912371, 137.077320, 640.912371, 138.396907, 
            640.912371, 142.355670, 640.912371, 147.634021, 
            640.912371, 151.592784, 640.912371, 156.871134, 
            642.231959, 166.108247, 643.551546, 168.747423, 
            643.551546, 175.345361, 644.871134, 180.623711, 
            646.190722, 189.860825, 650.149485, 203.056701, 
            654.108247, 208.335052, 655.427835, 220.211340, 
            658.067010, 222.850515, 658.067010, 228.128866, 
            659.386598, 233.407216, 660.706186, 250.561856, 
            663.345361, 267.716495, 667.304124, 279.592784, 
            668.623711, 286.190722, 669.943299, 298.067010, 
            671.262887, 302.025773, 671.262887, 311.262887, 
            671.262887, 315.221649, 671.262887, 320.500000, 
            671.262887, 324.458763, 671.262887, 325.778351, 
            671.262887, 329.737113, 669.943299, 331.056701, 
            668.623711, 331.056701, 667.304124, 331.056701, 
            664.664948, 328.417526, 662.025773, 327.097938, 
            659.386598, 321.819588, 655.427835, 312.582474, 
            648.829897, 307.304124, 646.190722, 305.984536, 
            644.871134, 300.706186, 643.551546, 294.108247, 
            640.912371, 290.149485, 639.592784, 288.829897, 
            639.592784, 279.592784, 634.314433, 276.953608, 
            632.994845, 270.355670, 631.675258, 262.438144, 
            629.036082, 255.840206, 626.396907, 250.561856, 
            622.438144, 249.242268, 621.118557, 242.644330, 
            617.159794, 242.644330, 615.840206, 241.324742, 
            615.840206, 241.324742, 614.520619, 240.005155, 
            614.520619, 238.685567, 614.520619, 237.365979, 
            613.201031, 233.407216, 610.561856, 232.087629, 
            609.242268, 230.768041, 609.242268, 229.448454, 
            609.242268, 226.809278, 607.922680, 222.850515, 
            605.283505, 221.530928, 605.283505, 218.891753, 
            603.963918, 213.613402, 601.324742, 209.654639, 
            598.685567, 204.376289, 597.365979, 189.860825, 
            594.726804, 179.304124, 592.087629, 175.345361, 
            592.087629, 164.788660, 589.448454, 159.510309, 
            589.448454, 154.231959, 589.448454, 150.273196, 
            589.448454, 144.994845, 589.448454, 129.159794, 
            588.128866, 114.644330, 585.489691, 112.005155, 
            585.489691, 108.046392, 585.489691, 102.768041, 
            584.170103, 93.530928, 581.530928, 88.252577, 
            580.211340, 85.613402, 578.891753, 72.417526, 
            576.252577, 68.458763, 576.252577, 65.819588, 
            574.932990, 63.180412, 574.932990, 59.221649, 
            574.932990, 59.221649, 573.613402, 55.262887, 
            572.293814, 53.943299, 572.293814, 49.984536, 
            569.654639, 48.664948, 569.654639, 46.025773, 
            568.335052, 44.706186, 568.335052, 43.386598, 
            567.015464, 43.386598, 565.695876, 43.386598, 
            561.737113, 43.386598, 557.778351, 44.706186, 
            556.458763, 48.664948, 555.139175, 49.984536, 
            555.139175, 51.304124, 555.139175, 52.623711, 
            555.139175, 55.262887, 555.139175, 56.582474, 
            555.139175, 59.221649, 555.139175, 61.860825, 
            556.458763, 63.180412, 556.458763, 64.500000, 
            556.458763, 65.819588, 556.458763, 69.778351, 
            556.458763, 71.097938, 556.458763, 75.056701, 
            556.458763, 76.376289, 555.139175, 77.695876, 
            552.500000, 81.654639, 545.902062, 82.974227, 
            544.582474, 85.613402, 543.262887, 86.932990, 
            540.623711, 93.530928, 539.304124, 94.850515, 
            537.984536, 98.809278, 537.984536, 100.128866, 
            536.664948, 102.768041, 536.664948, 106.726804, 
            536.664948, 108.046392, 536.664948, 113.324742, 
            536.664948, 115.963918, 536.664948, 119.922680, 
            537.984536, 121.242268, 537.984536, 122.561856, 
            539.304124, 123.881443, 541.943299, 125.201031, 
            545.902062, 126.520619, 553.819588, 127.840206, 
            559.097938, 129.159794, 561.737113, 129.159794, 
            564.376289, 130.479381, 567.015464, 130.479381, 
            570.974227, 131.798969, 573.613402, 133.118557, 
            576.252577, 142.355670, 580.211340, 143.675258, 
            580.211340, 154.231959, 580.211340, 156.871134, 
            580.211340, 158.190722, 580.211340, 162.149485, 
            577.572165, 164.788660, 572.293814, 166.108247, 
            569.654639, 168.747423, 563.056701, 172.706186, 
            553.819588, 172.706186, 552.500000, 176.664948, 
            548.541237, 177.984536, 545.902062, 179.304124, 
            545.902062, 180.623711, 545.902062, 181.943299, 
            544.582474, 184.582474, 544.582474, 187.221649, 
            544.582474, 188.541237, 545.902062, 191.180412, 
            551.180412, 192.500000, 555.139175, 193.819588, 
            560.417526, 195.139175, 565.695876, 196.458763, 
            572.293814, 199.097938, 580.211340, 200.417526, 
            581.530928, 204.376289, 588.128866, 207.015464, 
            589.448454, 209.654639, 592.087629, 217.572165, 
            594.726804, 224.170103, 594.726804, 233.407216, 
            594.726804, 234.726804, 594.726804, 236.046392, 
            594.726804, 238.685567, 593.407216, 241.324742, 
            590.768041, 243.963918, 588.128866, 246.603093, 
            581.530928, 246.603093, 580.211340, 246.603093, 
            574.932990, 245.283505, 565.695876, 242.644330, 
            560.417526, 242.644330, 557.778351, 241.324742, 
            552.500000, 238.685567, 544.582474, 233.407216, 
            536.664948, 230.768041, 534.025773, 228.128866, 
            530.067010, 226.809278, 527.427835, 222.850515, 
            522.149485, 222.850515, 520.829897, 220.211340, 
            516.871134, 217.572165, 511.592784, 213.613402, 
            506.314433, 209.654639, 502.355670, 201.737113, 
            494.438144, 199.097938, 493.118557, 192.500000, 
            489.159794, 188.541237, 486.520619, 183.262887, 
            481.242268, 177.984536, 477.283505, 166.108247, 
            462.768041, 160.829897, 457.489691, 158.190722, 
            454.850515, 152.912371, 453.530928, 152.912371, 
            452.211340, 150.273196, 452.211340, 141.036082, 
            448.252577, 134.438144, 444.293814, 133.118557, 
            444.293814, 129.159794, 444.293814, 121.242268, 
            444.293814, 114.644330, 444.293814, 113.324742, 
            444.293814, 109.365979, 445.613402, 108.046392, 
            446.932990, 102.768041, 446.932990, 100.128866, 
            448.252577, 98.809278, 448.252577, 96.170103, 
            448.252577, 94.850515, 446.932990, 89.572165, 
            445.613402, 80.335052, 442.974227, 79.015464, 
            442.974227, 75.056701, 441.654639, 73.737113, 
            441.654639, 69.778351, 441.654639, 67.139175, 
            441.654639, 65.819588, 442.974227, 61.860825, 
            445.613402, 55.262887, 449.572165, 48.664948, 
            450.891753, 46.025773, 452.211340, 42.067010, 
            453.530928, 31.510309, 458.809278, 28.871134, 
            460.128866, 20.953608, 464.087629, 16.994845, 
            465.407216, 14.355670, 466.726804, 13.036082, 
            466.726804, 7.757732, 468.046392, 5.118557, 
