%YAML:1.0
    mask: !!opencv-matrix
        rows: 991
        cols: 2
        dt: f
        data: [ 9.543478, 321.543478, 10.934783, 
            321.543478, 12.326087, 321.543478, 13.717391, 
            321.543478, 15.108696, 321.543478, 16.500000, 
            321.543478, 19.282609, 321.543478, 23.456522, 
            321.543478, 24.847826, 320.152174, 26.239130, 
            320.152174, 27.630435, 320.152174, 29.021739, 
            320.152174, 30.413043, 318.760870, 31.804348, 
            318.760870, 34.586957, 317.369565, 37.369565, 
            315.978261, 38.760870, 315.978261, 40.152174, 
            315.978261, 41.543478, 315.978261, 42.934783, 
            315.978261, 48.500000, 313.195652, 51.282609, 
            311.804348, 54.065217, 310.413043, 56.847826, 
            309.021739, 59.630435, 307.630435, 62.413043, 
            306.239130, 63.804348, 306.239130, 66.586957, 
            304.847826, 67.978261, 303.456522, 70.760870, 
            303.456522, 73.543478, 303.456522, 74.934783, 
            302.065217, 77.717391, 302.065217, 81.891304, 
            300.673913, 84.673913, 300.673913, 87.456522, 
            300.673913, 90.239130, 299.282609, 91.630435, 
            299.282609, 93.021739, 299.282609, 94.413043, 
            299.282609, 94.413043, 302.065217, 94.413043, 
            306.239130, 94.413043, 307.630435, 94.413043, 
            309.021739, 94.413043, 311.804348, 94.413043, 
            313.195652, 94.413043, 315.978261, 94.413043, 
            317.369565, 94.413043, 320.152174, 93.021739, 
            321.543478, 93.021739, 324.326087, 93.021739, 
            325.717391, 93.021739, 327.108696, 93.021739, 
            329.891304, 91.630435, 331.282609, 90.239130, 
            332.673913, 90.239130, 334.065217, 90.239130, 
            335.456522, 90.239130, 336.847826, 88.847826, 
            338.239130, 88.847826, 339.630435, 88.847826, 
            343.804348, 86.065217, 346.586957, 86.065217, 
            347.978261, 83.282609, 352.152174, 81.891304, 
            356.326087, 80.500000, 356.326087, 80.500000, 
            357.717391, 80.500000, 360.500000, 80.500000, 
            363.282609, 80.500000, 364.673913, 80.500000, 
            366.065217, 81.891304, 367.456522, 83.282609, 
            368.847826, 84.673913, 370.239130, 84.673913, 
            371.630435, 86.065217, 371.630435, 87.456522, 
            373.021739, 88.847826, 374.413043, 88.847826, 
            375.804348, 88.847826, 377.195652, 90.239130, 
            379.978261, 90.239130, 381.369565, 90.239130, 
            382.760870, 90.239130, 384.152174, 90.239130, 
            385.543478, 90.239130, 389.717391, 90.239130, 
            391.108696, 90.239130, 392.500000, 90.239130, 
            396.673913, 88.847826, 398.065217, 87.456522, 
            399.456522, 84.673913, 403.630435, 84.673913, 
            405.021739, 83.282609, 407.804348, 83.282609, 
            410.586957, 81.891304, 413.369565, 80.500000, 
            414.760870, 80.500000, 417.543478, 80.500000, 
            418.934783, 79.108696, 421.717391, 79.108696, 
            424.500000, 79.108696, 425.891304, 79.108696, 
            428.673913, 77.717391, 430.065217, 77.717391, 
            432.847826, 76.326087, 435.630435, 76.326087, 
            437.021739, 76.326087, 441.195652, 74.934783, 
            442.586957, 74.934783, 445.369565, 74.934783, 
            446.760870, 73.543478, 448.152174, 73.543478, 
            450.934783, 72.152174, 452.326087, 69.369565, 
            456.500000, 69.369565, 457.891304, 69.369565, 
            459.282609, 69.369565, 464.847826, 67.978261, 
            466.239130, 66.586957, 469.021739, 62.413043, 
            473.195652, 58.239130, 477.369565, 56.847826, 
            477.369565, 51.282609, 478.760870, 48.500000, 
            481.543478, 45.717391, 482.934783, 45.717391, 
            484.326087, 44.326087, 487.108696, 41.543478, 
            488.500000, 41.543478, 489.891304, 37.369565, 
            492.673913, 35.978261, 495.456522, 34.586957, 
            495.456522, 34.586957, 496.847826, 33.195652, 
            499.630435, 33.195652, 501.021739, 31.804348, 
            502.413043, 30.413043, 503.804348, 29.021739, 
            505.195652, 27.630435, 506.586957, 26.239130, 
            507.978261, 26.239130, 509.369565, 24.847826, 
            510.760870, 24.847826, 514.934783, 24.847826, 
            516.326087, 23.456522, 517.717391, 23.456522, 
            519.108696, 22.065217, 520.500000, 20.673913, 
            523.282609, 19.282609, 526.065217, 17.891304, 
            528.847826, 16.500000, 528.847826, 15.108696, 
            531.630435, 15.108696, 533.021739, 15.108696, 
            534.413043, 12.326087, 537.195652, 12.326087, 
            539.978261, 12.326087, 541.369565, 12.326087, 
            545.543478, 12.326087, 548.326087, 12.326087, 
            549.717391, 12.326087, 551.108696, 13.717391, 
            551.108696, -1.000000, -1.000000, 614.760870, 
            123.978261, 613.369565, 123.978261, 610.586957, 
            123.978261, 609.195652, 125.369565, 606.413043, 
            125.369565, 605.021739, 125.369565, 603.630435, 
            125.369565, 600.847826, 128.152174, 598.065217, 
            128.152174, 595.282609, 128.152174, 593.891304, 
            128.152174, 591.108696, 128.152174, 589.717391, 
            128.152174, 588.326087, 128.152174, 586.934783, 
            128.152174, 585.543478, 128.152174, 584.152174, 
            128.152174, 582.760870, 128.152174, 581.369565, 
            128.152174, 579.978261, 128.152174, 578.586957, 
            128.152174, 577.195652, 128.152174, 575.804348, 
            128.152174, 573.021739, 128.152174, 571.630435, 
            128.152174, 567.456522, 129.543478, 566.065217, 
            130.934783, 566.065217, 132.326087, 566.065217, 
            133.717391, 564.673913, 135.108696, 563.282609, 
            135.108696, 561.891304, 137.891304, 561.891304, 
            140.673913, 560.500000, 142.065217, 559.108696, 
            142.065217, 559.108696, 143.456522, 557.717391, 
            144.847826, 557.717391, 146.239130, 556.326087, 
            146.239130, 554.934783, 146.239130, 553.543478, 
            149.021739, 550.760870, 150.413043, 550.760870, 
            154.586957, 549.369565, 154.586957, 547.978261, 
            157.369565, 546.586957, 157.369565, 545.195652, 
            158.760870, 543.804348, 160.152174, 541.021739, 
            162.934783, 538.239130, 162.934783, 536.847826, 
            165.717391, 535.456522, 165.717391, 532.673913, 
            168.500000, 531.282609, 168.500000, 528.500000, 
            169.891304, 525.717391, 172.673913, 522.934783, 
            174.065217, 521.543478, 174.065217, 518.760870, 
            175.456522, 515.978261, 176.847826, 515.978261, 
            178.239130, 514.586957, 179.630435, 511.804348, 
            181.021739, 511.804348, 182.413043, 509.021739, 
            185.195652, 507.630435, 186.586957, 506.239130, 
            187.978261, 504.847826, 190.760870, 503.456522, 
            192.152174, 502.065217, 194.934783, 500.673913, 
            196.326087, 500.673913, 197.717391, 496.500000, 
            200.500000, 495.108696, 203.282609, 493.717391, 
            203.282609, 493.717391, 206.065217, 490.934783, 
            207.456522, 490.934783, 208.847826, 489.543478, 
            210.239130, 489.543478, 211.630435, 489.543478, 
            213.021739, 489.543478, 215.804348, 488.152174, 
            218.586957, 486.760870, 219.978261, 486.760870, 
            221.369565, 483.978261, 225.543478, 483.978261, 
            226.934783, 482.586957, 226.934783, 482.586957, 
            229.717391, 482.586957, 231.108696, 481.195652, 
            232.500000, 481.195652, 233.891304, 479.804348, 
            235.282609, 479.804348, 236.673913, 478.413043, 
            238.065217, 478.413043, 239.456522, 477.021739, 
            240.847826, 477.021739, 242.239130, 475.630435, 
