%YAML:1.0
    mask: !!opencv-matrix
        rows: 1186
        cols: 2
        dt: f
        data: [ -1.000000, -1.000000, 634.239130, 
            719.456522, 634.239130, 718.065217, 635.630435, 
            716.673913, 637.021739, 715.282609, 638.413043, 
            713.891304, 638.413043, 712.500000, 642.586957, 
            709.717391, 643.978261, 709.717391, 645.369565, 
            708.326087, 645.369565, 706.934783, 646.760870, 
            705.543478, 648.152174, 704.152174, 648.152174, 
            702.760870, 648.152174, 701.369565, 648.152174, 
            699.978261, 648.152174, 698.586957, 648.152174, 
            697.195652, 649.543478, 697.195652, 649.543478, 
            695.804348, 649.543478, 694.413043, 649.543478, 
            693.021739, 649.543478, 694.413043, 648.152174, 
            695.804348, 646.760870, 695.804348, 645.369565, 
            697.195652, 641.195652, 698.586957, 639.804348, 
            699.978261, 637.021739, 701.369565, 631.456522, 
            702.760870, 630.065217, 704.152174, 628.673913, 
            704.152174, 628.673913, 705.543478, 627.282609, 
            706.934783, 625.891304, 706.934783, 624.500000, 
            706.934783, 624.500000, 708.326087, 623.108696, 
            708.326087, 621.717391, 709.717391, 620.326087, 
            709.717391, 618.934783, 711.108696, 617.543478, 
            712.500000, 616.152174, 712.500000, 614.760870, 
            713.891304, 613.369565, 713.891304, 611.978261, 
            713.891304, 610.586957, 713.891304, 607.804348, 
            713.891304, 606.413043, 715.282609, 605.021739, 
            715.282609, 603.630435, 715.282609, 602.239130, 
            715.282609, 600.847826, 715.282609, 599.456522, 
            713.891304, 598.065217, 713.891304, 596.673913, 
            712.500000, 596.673913, 711.108696, 595.282609, 
            711.108696, 593.891304, 711.108696, 593.891304, 
            709.717391, 592.500000, 709.717391, 592.500000, 
            708.326087, 591.108696, 708.326087, 589.717391, 
            708.326087, 588.326087, 706.934783, 588.326087, 
            705.543478, 586.934783, 705.543478, 586.934783, 
            704.152174, 586.934783, 702.760870, 585.543478, 
            702.760870, 585.543478, 701.369565, 585.543478, 
            699.978261, 585.543478, 698.586957, 584.152174, 
            698.586957, 584.152174, 697.195652, 582.760870, 
            697.195652, 582.760870, 695.804348, 582.760870, 
            694.413043, 582.760870, 693.021739, 582.760870, 
            691.630435, 582.760870, 690.239130, 584.152174, 
            688.847826, 584.152174, 687.456522, 584.152174, 
            686.065217, 584.152174, 684.673913, 584.152174, 
            683.282609, 585.543478, 683.282609, 585.543478, 
            681.891304, 585.543478, 680.500000, 586.934783, 
            680.500000, 586.934783, 679.108696, 586.934783, 
            677.717391, 588.326087, 677.717391, 589.717391, 
            676.326087, 591.108696, 674.934783, 591.108696, 
            673.543478, 592.500000, 673.543478, 592.500000, 
            672.152174, 593.891304, 672.152174, 595.282609, 
            672.152174, 595.282609, 670.760870, 596.673913, 
            670.760870, 596.673913, 669.369565, 598.065217, 
            669.369565, 599.456522, 667.978261, 599.456522, 
            666.586957, 600.847826, 666.586957, 602.239130, 
            665.195652, 603.630435, 663.804348, 605.021739, 
            662.413043, 606.413043, 662.413043, 606.413043, 
            661.021739, 607.804348, 661.021739, 609.195652, 
            661.021739, 610.586957, 659.630435, 611.978261, 
            659.630435, 613.369565, 658.239130, 614.760870, 
            656.847826, 617.543478, 655.456522, 618.934783, 
            654.065217, 620.326087, 654.065217, 620.326087, 
            652.673913, 623.108696, 652.673913, 623.108696, 
            651.282609, 624.500000, 651.282609, 624.500000, 
            649.891304, 625.891304, 648.500000, 627.282609, 
            648.500000, 627.282609, 647.108696, 628.673913, 
            647.108696, 630.065217, 645.717391, 631.456522, 
            645.717391, 632.847826, 644.326087, 635.630435, 
            642.934783, 637.021739, 641.543478, 639.804348, 
            641.543478, 639.804348, 640.152174, 641.195652, 
            638.760870, 642.586957, 638.760870, 643.978261, 
            638.760870, 645.369565, 637.369565, 646.760870, 
            637.369565, 649.543478, 635.978261, 649.543478, 
            634.586957, 650.934783, 634.586957, 652.326087, 
            634.586957, 653.717391, 633.195652, 655.108696, 
            631.804348, 656.500000, 631.804348, 656.500000, 
            630.413043, 656.500000, 629.021739, 657.891304, 
            629.021739, 657.891304, 627.630435, 659.282609, 
            626.239130, 660.673913, 626.239130, 660.673913, 
            624.847826, 659.282609, 624.847826, 657.891304, 
            624.847826, 656.500000, 624.847826, 655.108696, 
            624.847826, 653.717391, 624.847826, 652.326087, 
            624.847826, 650.934783, 624.847826, 648.152174, 
            626.239130, 646.760870, 627.630435, 645.369565, 
            627.630435, 645.369565, 629.021739, 642.586957, 
            629.021739, 641.195652, 629.021739, 639.804348, 
            629.021739, 638.413043, 629.021739, 637.021739, 
            630.413043, 635.630435, 630.413043, 634.239130, 
            630.413043, 632.847826, 630.413043, 631.456522, 
            630.413043, 630.065217, 630.413043, 628.673913, 
            630.413043, 625.891304, 630.413043, 624.500000, 
            630.413043, 623.108696, 630.413043, 621.717391, 
            630.413043, 620.326087, 631.804348, 618.934783, 
            631.804348, 617.543478, 631.804348, 616.152174, 
            631.804348, 614.760870, 631.804348, 613.369565, 
            631.804348, 611.978261, 631.804348, 609.195652, 
            631.804348, 607.804348, 631.804348, 606.413043, 
            633.195652, 605.021739, 633.195652, 603.630435, 
            633.195652, 602.239130, 633.195652, 600.847826, 
            633.195652, 599.456522, 634.586957, 598.065217, 
            634.586957, 596.673913, 634.586957, 595.282609, 
            634.586957, 593.891304, 634.586957, 592.500000, 
            634.586957, 591.108696, 634.586957, 589.717391, 
            634.586957, 588.326087, 634.586957, 586.934783, 
            634.586957, 585.543478, 634.586957, 585.543478, 
            633.195652, 585.543478, 631.804348, 584.152174, 
            631.804348, 584.152174, 630.413043, 582.760870, 
            630.413043, 582.760870, 629.021739, 582.760870, 
            627.630435, 582.760870, 626.239130, 582.760870, 
            624.847826, 582.760870, 623.456522, 582.760870, 
            622.065217, 582.760870, 620.673913, 582.760870, 
            619.282609, 582.760870, 617.891304, 582.760870, 
            616.500000, 582.760870, 615.108696, 582.760870, 
            613.717391, 584.152174, 613.717391, 584.152174, 
            612.326087, 584.152174, 610.934783, 584.152174, 
            609.543478, 585.543478, 609.543478, 585.543478, 
            608.152174, 586.934783, 608.152174, 588.326087, 
            608.152174, 588.326087, 606.760870, 589.717391, 
            606.760870, 591.108696, 605.369565, 592.500000, 
            605.369565, 592.500000, 603.978261, 593.891304, 
            603.978261, 595.282609, 603.978261, 596.673913, 
            602.586957, 598.065217, 602.586957, 598.065217, 
            601.195652, 599.456522, 601.195652, 600.847826, 
            601.195652, 602.239130, 601.195652, 603.630435, 
            599.804348, 606.413043, 598.413043, 607.804348, 
            598.413043, 609.195652, 598.413043, 610.586957, 
            597.021739, 611.978261, 597.021739, 613.369565, 
            595.630435, 614.760870, 595.630435, 616.152174, 
            594.239130, 617.543478, 594.239130, 618.934783, 
            594.239130, 620.326087, 594.239130, 621.717391, 
