%YAML:1.0
    mask: !!opencv-matrix
        rows: 969
        cols: 2
        dt: f
        data: [ 5.798013, 691.096026, 7.917219, 
            688.976821, 14.274834, 684.738411, 18.513245, 
            682.619205, 22.751656, 680.500000, 26.990066, 
            676.261589, 29.109272, 674.142384, 31.228477, 
            674.142384, 31.228477, 672.023179, 33.347682, 
            672.023179, 35.466887, 669.903974, 37.586093, 
            667.784768, 39.705298, 667.784768, 50.301325, 
            667.784768, 54.539735, 667.784768, 56.658940, 
            665.665563, 58.778146, 665.665563, 60.897351, 
            665.665563, 63.016556, 665.665563, 65.135762, 
            665.665563, 67.254967, 665.665563, 69.374172, 
            665.665563, 75.731788, 665.665563, 77.850993, 
            667.784768, 79.970199, 667.784768, 82.089404, 
            669.903974, 86.327815, 669.903974, 99.043046, 
            672.023179, 111.758278, 678.380795, 113.877483, 
            678.380795, 118.115894, 678.380795, 122.354305, 
            678.380795, 128.711921, 678.380795, 135.069536, 
            680.500000, 141.427152, 682.619205, 147.784768, 
            682.619205, 152.023179, 682.619205, 156.261589, 
            682.619205, 158.380795, 682.619205, 160.500000, 
            682.619205, 162.619205, 682.619205, 166.857616, 
            682.619205, 171.096026, 682.619205, 175.334437, 
            684.738411, 181.692053, 686.857616, 183.811258, 
            686.857616, 185.930464, 686.857616, 188.049669, 
            686.857616, 190.168874, 686.857616, 194.407285, 
            686.857616, 198.645695, 686.857616, 202.884106, 
            686.857616, 209.241722, 686.857616, 213.480132, 
            688.976821, 215.599338, 688.976821, 217.718543, 
            688.976821, 219.837748, 688.976821, 221.956954, 
            691.096026, 221.956954, 695.334437, 221.956954, 
            697.453642, 221.956954, 701.692053, 221.956954, 
            703.811258, 221.956954, 708.049669, 221.956954, 
            710.168874, 221.956954, 712.288079, 221.956954, 
            714.407285, 221.956954, 716.526490, 219.837748, 
            718.645695, 63.016556, 718.645695, 58.778146, 
            718.645695, 56.658940, 718.645695, 54.539735, 
            718.645695, 50.301325, 716.526490, 48.182119, 
            716.526490, 48.182119, 714.407285, 46.062914, 
            714.407285, 43.943709, 714.407285, 35.466887, 
            712.288079, 31.228477, 710.168874, 26.990066, 
            710.168874, 24.870861, 710.168874, 20.632450, 
            708.049669, 18.513245, 705.930464, 16.394040, 
            705.930464, 16.394040, 703.811258, 14.274834, 
            703.811258, 14.274834, 701.692053, 14.274834, 
            699.572848, 12.155629, 697.453642, -1.000000, 
            -1.000000, 285.533113, 674.142384, 287.652318, 
            674.142384, 289.771523, 674.142384, 291.890728, 
            674.142384, 294.009934, 676.261589, 296.129139, 
            676.261589, 298.248344, 676.261589, 298.248344, 
            678.380795, 300.367550, 678.380795, 302.486755, 
            678.380795, 306.725166, 680.500000, 308.844371, 
            682.619205, 313.082781, 682.619205, 317.321192, 
            684.738411, 319.440397, 686.857616, 321.559603, 
            686.857616, 323.678808, 686.857616, 327.917219, 
            688.976821, 344.870861, 693.215232, 353.347682, 
            695.334437, 368.182119, 701.692053, 372.420530, 
            701.692053, 376.658940, 701.692053, 380.897351, 
            701.692053, 387.254967, 701.692053, 391.493377, 
            703.811258, 397.850993, 703.811258, 402.089404, 
            705.930464, 408.447020, 705.930464, 410.566225, 
            708.049669, 412.685430, 708.049669, 414.804636, 
            710.168874, 416.923841, 710.168874, 419.043046, 
            710.168874, 421.162252, 710.168874, 425.400662, 
            710.168874, 427.519868, 710.168874, 429.639073, 
            710.168874, 431.758278, 710.168874, 433.877483, 
            710.168874, 435.996689, 710.168874, 438.115894, 
            712.288079, 440.235099, 714.407285, 452.950331, 
            714.407285, 463.546358, 716.526490, 472.023179, 
            716.526490, 478.380795, 718.645695, 533.480132, 
            718.645695, 535.599338, 718.645695, 537.718543, 
            718.645695, 544.076159, 714.407285, 546.195364, 
            714.407285, 548.314570, 712.288079, 550.433775, 
            712.288079, 554.672185, 712.288079, 558.910596, 
            712.288079, 563.149007, 712.288079, 565.268212, 
            712.288079, 569.506623, 712.288079, 571.625828, 
            712.288079, 575.864238, 712.288079, 580.102649, 
            710.168874, 582.221854, 710.168874, 584.341060, 
            710.168874, 586.460265, 710.168874, 590.698675, 
            710.168874, 594.937086, 710.168874, 597.056291, 
            710.168874, 601.294702, 710.168874, 609.771523, 
            710.168874, 611.890728, 710.168874, 614.009934, 
            710.168874, 616.129139, 710.168874, 618.248344, 
            710.168874, 622.486755, 710.168874, 624.605960, 
            710.168874, 626.725166, 710.168874, 628.844371, 
            710.168874, 633.082781, 710.168874, 635.201987, 
            710.168874, 639.440397, 710.168874, 641.559603, 
            710.168874, 643.678808, 710.168874, 647.917219, 
            710.168874, 654.274834, 710.168874, 658.513245, 
            710.168874, 664.870861, 710.168874, 681.824503, 
            714.407285, 688.182119, 714.407285, 694.539735, 
            716.526490, 696.658940, 716.526490, 698.778146, 
            716.526490, 700.897351, 716.526490, 703.016556, 
            716.526490, 707.254967, 716.526490, 709.374172, 
            716.526490, 715.731788, 716.526490, 726.327815, 
            716.526490, 728.447020, 716.526490, 730.566225, 
            716.526490, 734.804636, 716.526490, 736.923841, 
            716.526490, 739.043046, 716.526490, 741.162252, 
            716.526490, 743.281457, 716.526490, 749.639073, 
            716.526490, 753.877483, 716.526490, 758.115894, 
            716.526490, 762.354305, 716.526490, 764.473510, 
            716.526490, 768.711921, 716.526490, 770.831126, 
            716.526490, 772.950331, 716.526490, 775.069536, 
            716.526490, 775.069536, 714.407285, 777.188742, 
            714.407285, 781.427152, 712.288079, 783.546358, 
            712.288079, 785.665563, 712.288079, 787.784768, 
            712.288079, 792.023179, 712.288079, 794.142384, 
            712.288079, 798.380795, 712.288079, 800.500000, 
            710.168874, 802.619205, 710.168874, 802.619205, 
            708.049669, 804.738411, 708.049669, 806.857616, 
            708.049669, 808.976821, 708.049669, 808.976821, 
            705.930464, 811.096026, 705.930464, 817.453642, 
            703.811258, 819.572848, 703.811258, 821.692053, 
            701.692053, 825.930464, 699.572848, 830.168874, 
            699.572848, 834.407285, 699.572848, 838.645695, 
            697.453642, 840.764901, 697.453642, 845.003311, 
            695.334437, 847.122517, 695.334437, 849.241722, 
            693.215232, 851.360927, 693.215232, 853.480132, 
            691.096026, 855.599338, 688.976821, 857.718543, 
            688.976821, 859.837748, 686.857616, 861.956954, 
            684.738411, 864.076159, 682.619205, 866.195364, 
            680.500000, 866.195364, 678.380795, 866.195364, 
            676.261589, 866.195364, 674.142384, 866.195364, 
            672.023179, 866.195364, 669.903974, 866.195364, 
            667.784768, 868.314570, 665.665563, 868.314570, 
            661.427152, 868.314570, 659.307947, 868.314570, 
            657.188742, 868.314570, 652.950331, 868.314570, 
            650.831126, 868.314570, 648.711921, 868.314570, 
            644.473510, 866.195364, 640.235099, 866.195364, 
            635.996689, 866.195364, 633.877483, 864.076159, 
            633.877483, 864.076159, 631.758278, 864.076159, 
