%YAML:1.0
    mask: !!opencv-matrix
        rows: 360
        cols: 2
        dt: f
        data: [ 227.134692, 686.894884, 227.134692, 
            687.918066, 226.111511, 687.918066, 225.088329, 
            688.941247, 223.041966, 688.941247, 220.995604, 
            689.964428, 211.786970, 692.010791, 196.439249, 
            693.033973, 189.276978, 693.033973, 185.184253, 
            693.033973, 171.882894, 693.033973, 165.743805, 
            692.010791, 164.720624, 692.010791, 154.488809, 
            690.987610, 146.303357, 689.964428, 135.048361, 
            687.918066, 131.978817, 687.918066, 123.793365, 
            686.894884, 117.654277, 684.848521, 112.538369, 
            684.848521, 109.468825, 682.802158, 107.422462, 
            682.802158, 105.376099, 680.755795, 102.306555, 
            679.732614, 102.306555, 678.709432, 99.237010, 
            676.663070, 96.167466, 671.547162, 93.097922, 
            667.454436, 93.097922, 666.431255, 91.051559, 
            662.338529, 89.005196, 659.268985, 87.982014, 
            657.222622, 84.912470, 655.176259, 82.866107, 
            653.129896, 80.819744, 650.060352, 78.773381, 
            646.990807, 76.727018, 643.921263, 76.727018, 
            642.898082, 74.680655, 639.828537, 73.657474, 
            637.782174, 72.634293, 633.689448, 70.587930, 
            623.457634, 68.541567, 618.341727, 67.518385, 
            616.295364, 67.518385, 608.109912, 66.495204, 
            605.040368, 66.495204, 604.017186, 66.495204, 
            598.901279, 65.472022, 592.762190, 65.472022, 
            589.692646, 64.448841, 588.669464, 64.448841, 
            585.599920, 64.448841, 581.507194, 64.448841, 
            580.484013, 64.448841, 575.368106, 64.448841, 
            571.275380, 64.448841, 568.205835, 64.448841, 
            566.159472, 64.448841, 563.089928, 64.448841, 
            558.997202, 64.448841, 554.904476, 64.448841, 
            552.858114, 64.448841, 551.834932, 64.448841, 
            548.765388, 64.448841, 547.742206, 64.448841, 
            543.649480, 64.448841, 540.579936, 64.448841, 
            539.556755, 66.495204, 535.464029, 68.541567, 
            532.394484, 69.564748, 530.348122, 71.611111, 
            525.232214, 71.611111, 523.185851, 73.657474, 
            519.093125, 75.703837, 517.046763, 77.750200, 
            513.977218, 79.796563, 511.930855, 82.866107, 
            507.838129, 85.935651, 502.722222, 90.028377, 
            498.629496, 93.097922, 494.536771, 95.144285, 
            491.467226, 100.260192, 487.374500, 103.329736, 
            482.258593, 108.445643, 476.119504, 109.468825, 
            475.096323, 112.538369, 471.003597, 115.607914, 
            465.887690, 117.654277, 461.794964, 119.700639, 
            459.748601, 121.747002, 455.655875, 123.793365, 
            453.609512, 125.839728, 450.539968, 127.886091, 
            447.470424, 128.909273, 447.470424, 129.932454, 
            446.447242, 130.955635, 444.400879, 133.001998, 
            443.377698, 135.048361, 442.354516, 136.071543, 
            442.354516, 140.164269, 441.331335, 144.256994, 
            439.284972, 145.280176, 439.284972, 146.303357, 
            439.284972, 150.396083, 439.284972, 154.488809, 
            440.308153, 160.627898, 441.331335, 164.720624, 
            442.354516, 165.743805, 442.354516, 170.859712, 
            442.354516, 176.998801, 442.354516, 179.045164, 
            442.354516, 183.137890, 442.354516, 187.230616, 
            442.354516, 193.369704, 442.354516, 194.392886, 
            442.354516, 197.462430, 441.331335, 203.601519, 
            440.308153, 208.717426, 439.284972, 212.810152, 
            437.238609, 213.833333, 437.238609, 219.972422, 
            434.169065, 226.111511, 431.099520, 232.250600, 
            428.029976, 237.366507, 424.960432, 239.412870, 
            424.960432, 246.575140, 419.844524, 253.737410, 
            416.774980, 258.853317, 412.682254, 262.946043, 
            410.635891, 263.969225, 410.635891, 268.061950, 
            408.589528, 272.154676, 405.519984, 276.247402, 
            403.473621, 278.293765, 403.473621, 280.340128, 
            403.473621, 281.363309, 403.473621, 282.386491, 
            403.473621, 283.409672, 403.473621, 283.409672, 
            405.519984, 283.409672, 406.543165, 282.386491, 
            412.682254, 278.293765, 418.821343, 275.224221, 
            423.937250, 274.201039, 428.029976, 273.177858, 
            428.029976, 271.131495, 432.122702, 271.131495, 
            438.261791, 271.131495, 441.331335, 272.154676, 
            441.331335, 273.177858, 443.377698, 275.224221, 
            445.424061, 276.247402, 446.447242, 277.270584, 
            447.470424, 279.316946, 447.470424, 284.432854, 
            447.470424, 289.548761, 447.470424, 293.641487, 
            446.447242, 296.711031, 446.447242, 298.757394, 
            445.424061, 303.873301, 444.400879, 305.919664, 
            444.400879, 311.035572, 443.377698, 312.058753, 
            443.377698, 316.151479, 442.354516, 319.221023, 
            442.354516, 320.244205, 442.354516, 321.267386, 
            442.354516, 322.290568, 443.377698, 322.290568, 
            447.470424, 322.290568, 450.539968, 322.290568, 
            451.563149, 321.267386, 454.632694, 318.197842, 
            457.702238, 315.128297, 461.794964, 314.105116, 
            461.794964, 312.058753, 464.864508, 308.989209, 
            467.934053, 305.919664, 471.003597, 302.850120, 
            475.096323, 301.826938, 477.142686, 301.826938, 
            478.165867, 301.826938, 479.189049, 301.826938, 
            480.212230, 302.850120, 480.212230, 305.919664, 
            480.212230, 306.942846, 480.212230, 308.989209, 
            481.235412, 310.012390, 482.258593, 311.035572, 
            483.281775, 312.058753, 484.304956, 313.081934, 
            486.351319, 314.105116, 487.374500, 314.105116, 
            488.397682, 316.151479, 491.467226, 317.174660, 
            492.490408, 317.174660, 494.536771, 317.174660, 
            496.583133, 317.174660, 498.629496, 316.151479, 
            501.699041, 314.105116, 504.768585, 312.058753, 
            506.814948, 306.942846, 509.884492, 301.826938, 
            513.977218, 296.711031, 516.023581, 292.618305, 
            519.093125, 288.525580, 521.139488, 284.432854, 
            523.185851, 283.409672, 523.185851, 279.316946, 
            525.232214, 276.247402, 527.278577, 272.154676, 
            529.324940, 270.108313, 531.371303, 268.061950, 
            533.417666, 267.038769, 533.417666, 266.015588, 
            535.464029, 263.969225, 537.510392, 261.922862, 
            540.579936, 258.853317, 543.649480, 256.806954, 
            546.719025, 255.783773, 547.742206, 253.737410, 
            550.811751, 252.714229, 552.858114, 251.691047, 
            553.881295, 249.644684, 556.950839, 248.621503, 
            560.020384, 246.575140, 564.113110, 246.575140, 
            565.136291, 246.575140, 568.205835, 245.551958, 
            573.321743, 244.528777, 578.437650, 244.528777, 
            583.553557, 244.528777, 588.669464, 244.528777, 
            591.739009, 243.505596, 595.831735, 243.505596, 
            597.878098, 242.482414, 601.970823, 241.459233, 
            608.109912, 240.436051, 612.202638, 239.412870, 
            614.249001, 239.412870, 621.411271, 238.389688, 
            627.550360, 238.389688, 633.689448, 238.389688, 
            638.805356, 238.389688, 644.944444, 238.389688, 
            649.037170, 238.389688, 650.060352, 238.389688, 
            653.129896, 236.343325, 660.292166, 235.320144, 
            667.454436, 233.273781, 670.523981, 232.250600, 
            672.570344, 229.181055, 677.686251, 227.134692, 
            681.778977, 226.111511, 683.825340, 224.065148, 
            684.848521, -1.000000, -1.000000, -1.000000, 
            -1.000000, 610.827738, 662.338529, 608.781375, 
