%YAML:1.0
    mask: !!opencv-matrix
        rows: 555
        cols: 2
        dt: f
        data: [ -1.000000, -1.000000, 831.180412, 
            532.706186, 824.582474, 532.706186, 816.664948, 
            531.386598, 811.386598, 531.386598, 810.067010, 
            530.067010, 807.427835, 528.747423, 804.788660, 
            528.747423, 802.149485, 526.108247, 800.829897, 
            526.108247, 796.871134, 522.149485, 795.551546, 
            520.829897, 792.912371, 518.190722, 790.273196, 
            515.551546, 788.953608, 514.231959, 787.634021, 
            511.592784, 787.634021, 510.273196, 786.314433, 
            507.634021, 783.675258, 502.355670, 782.355670, 
            501.036082, 781.036082, 498.396907, 778.396907, 
            493.118557, 778.396907, 490.479381, 775.757732, 
            485.201031, 773.118557, 479.922680, 769.159794, 
            468.046392, 767.840206, 464.087629, 766.520619, 
            460.128866, 765.201031, 456.170103, 762.561856, 
            449.572165, 761.242268, 448.252577, 761.242268, 
            446.932990, 759.922680, 444.293814, 758.603093, 
            440.335052, 757.283505, 437.695876, 753.324742, 
            431.097938, 752.005155, 427.139175, 749.365979, 
            423.180412, 749.365979, 421.860825, 745.407216, 
            415.262887, 744.087629, 412.623711, 741.448454, 
            402.067010, 740.128866, 400.747423, 738.809278, 
            399.427835, 734.850515, 394.149485, 734.850515, 
            392.829897, 733.530928, 392.829897, 732.211340, 
            391.510309, 729.572165, 390.190722, 726.932990, 
            388.871134, 721.654639, 387.551546, 720.335052, 
            386.231959, 716.376289, 384.912371, 715.056701, 
            383.592784, 712.417526, 383.592784, 709.778351, 
            382.273196, 707.139175, 382.273196, 707.139175, 
            380.953608, 703.180412, 379.634021, 699.221649, 
            376.994845, 692.623711, 371.716495, 691.304124, 
            370.396907, 689.984536, 369.077320, 688.664948, 
            367.757732, 687.345361, 365.118557, 687.345361, 
            363.798969, 686.025773, 362.479381, 686.025773, 
            361.159794, 686.025773, 359.840206, 687.345361, 
            357.201031, 689.984536, 355.881443, 691.304124, 
            354.561856, 695.262887, 353.242268, 697.902062, 
            353.242268, 700.541237, 353.242268, 708.458763, 
            353.242268, 711.097938, 354.561856, 713.737113, 
            354.561856, 715.056701, 355.881443, 719.015464, 
            355.881443, 720.335052, 355.881443, 722.974227, 
            355.881443, 724.293814, 355.881443, 725.613402, 
            355.881443, 725.613402, 350.603093, 725.613402, 
            349.283505, 725.613402, 346.644330, 724.293814, 
            345.324742, 721.654639, 345.324742, 721.654639, 
            344.005155, 720.335052, 342.685567, 720.335052, 
            340.046392, 719.015464, 338.726804, 717.695876, 
            337.407216, 716.376289, 334.768041, 715.056701, 
            334.768041, 711.097938, 333.448454, 711.097938, 
            332.128866, 705.819588, 330.809278, 703.180412, 
            330.809278, 697.902062, 329.489691, 696.582474, 
            329.489691, 687.345361, 326.850515, 683.386598, 
            325.530928, 682.067010, 325.530928, 674.149485, 
            324.211340, 671.510309, 324.211340, 666.231959, 
            322.891753, 663.592784, 322.891753, 660.953608, 
            322.891753, 653.036082, 321.572165, 651.716495, 
            321.572165, 647.757732, 320.252577, 645.118557, 
            318.932990, 643.798969, 318.932990, 639.840206, 
            317.613402, 637.201031, 316.293814, 631.922680, 
            314.974227, 629.283505, 313.654639, 627.963918, 
            313.654639, 626.644330, 312.335052, 626.644330, 
            311.015464, 625.324742, 311.015464, 624.005155, 
            307.056701, 624.005155, 305.737113, 622.685567, 
            305.737113, 622.685567, 303.097938, 622.685567, 
            301.778351, 624.005155, 296.500000, 625.324742, 
            293.860825, 626.644330, 291.221649, 627.963918, 
            287.262887, 630.603093, 285.943299, 631.922680, 
            284.623711, 634.561856, 280.664948, 635.881443, 
            279.345361, 637.201031, 278.025773, 639.840206, 
            271.427835, 641.159794, 270.108247, 642.479381, 
            264.829897, 643.798969, 262.190722, 645.118557, 
            256.912371, 645.118557, 255.592784, 646.438144, 
            252.953608, 646.438144, 251.634021, 646.438144, 
            250.314433, 649.077320, 248.994845, 650.396907, 
            247.675258, 654.355670, 246.355670, 659.634021, 
            245.036082, 660.953608, 245.036082, 663.592784, 
            245.036082, 664.912371, 245.036082, 667.551546, 
            245.036082, 671.510309, 245.036082, 679.427835, 
            245.036082, 682.067010, 245.036082, 686.025773, 
            245.036082, 688.664948, 245.036082, 695.262887, 
            245.036082, 697.902062, 246.355670, 699.221649, 
            246.355670, 701.860825, 246.355670, 709.778351, 
            247.675258, 711.097938, 247.675258, 711.097938, 
            248.994845, 713.737113, 248.994845, 713.737113, 
            250.314433, 716.376289, 251.634021, 721.654639, 
            255.592784, 725.613402, 258.231959, 729.572165, 
            260.871134, 736.170103, 263.510309, 738.809278, 
            264.829897, 748.046392, 272.747423, 750.685567, 
            276.706186, 752.005155, 278.025773, 753.324742, 
            280.664948, 754.644330, 281.984536, 761.242268, 
            284.623711, 763.881443, 284.623711, 766.520619, 
            284.623711, 770.479381, 279.345361, 770.479381, 
            278.025773, 770.479381, 275.386598, 769.159794, 
            271.427835, 766.520619, 264.829897, 766.520619, 
            263.510309, 765.201031, 260.871134, 763.881443, 
            258.231959, 762.561856, 255.592784, 761.242268, 
            251.634021, 758.603093, 247.675258, 755.963918, 
            243.716495, 753.324742, 239.757732, 750.685567, 
            237.118557, 748.046392, 234.479381, 744.087629, 
            231.840206, 741.448454, 230.520619, 741.448454, 
            229.201031, 740.128866, 229.201031, 740.128866, 
            227.881443, 738.809278, 227.881443, 737.489691, 
            226.561856, 734.850515, 225.242268, 732.211340, 
            223.922680, 730.891753, 223.922680, 729.572165, 
            221.283505, 724.293814, 218.644330, 722.974227, 
            218.644330, 720.335052, 217.324742, 720.335052, 
            216.005155, 716.376289, 214.685567, 716.376289, 
            213.365979, 715.056701, 213.365979, 712.417526, 
            210.726804, 708.458763, 206.768041, 707.139175, 
            206.768041, 705.819588, 206.768041, 704.500000, 
            205.448454, 704.500000, 204.128866, 703.180412, 
            200.170103, 703.180412, 198.850515, 703.180412, 
            197.530928, 703.180412, 196.211340, 703.180412, 
            194.891753, 704.500000, 194.891753, 707.139175, 
            192.252577, 708.458763, 192.252577, 709.778351, 
            192.252577, 712.417526, 192.252577, 717.695876, 
            192.252577, 719.015464, 192.252577, 726.932990, 
            192.252577, 728.252577, 192.252577, 729.572165, 
            192.252577, 732.211340, 192.252577, 737.489691, 
            193.572165, 738.809278, 194.891753, 740.128866, 
            194.891753, 745.407216, 197.530928, 746.726804, 
            198.850515, 749.365979, 200.170103, 754.644330, 
            205.448454, 759.922680, 209.407216, 763.881443, 
            213.365979, 765.201031, 213.365979, 769.159794, 
            217.324742, 770.479381, 217.324742, 775.757732, 
            222.603093, 777.077320, 222.603093, 779.716495, 
            225.242268, 784.994845, 229.201031, 788.953608, 
            233.159794, 790.273196, 234.479381, 791.592784, 
            234.479381, 795.551546, 239.757732, 798.190722, 
