%YAML:1.0
    mask: !!opencv-matrix
        rows: 566
        cols: 2
        dt: f
        data: [ 356.128866, 714.809278, 361.407216, 
            709.530928, 365.365979, 701.613402, 368.005155, 
            696.335052, 369.324742, 689.737113, 373.283505, 
            683.139175, 374.603093, 679.180412, 375.922680, 
            676.541237, 378.561856, 671.262887, 385.159794, 
            660.706186, 386.479381, 656.747423, 389.118557, 
            654.108247, 391.757732, 650.149485, 397.036082, 
            643.551546, 399.675258, 638.273196, 402.314433, 
            635.634021, 404.953608, 627.716495, 406.273196, 
            625.077320, 410.231959, 615.840206, 410.231959, 
            613.201031, 414.190722, 605.283505, 414.190722, 
            602.644330, 415.510309, 601.324742, 418.149485, 
            597.365979, 420.788660, 593.407216, 423.427835, 
            590.768041, 424.747423, 590.768041, 426.067010, 
            588.128866, 427.386598, 585.489691, 428.706186, 
            584.170103, 427.386598, 584.170103, 426.067010, 
            584.170103, 424.747423, 584.170103, 419.469072, 
            584.170103, 414.190722, 585.489691, 408.912371, 
            588.128866, 402.314433, 589.448454, 394.396907, 
            592.087629, 389.118557, 593.407216, 381.201031, 
            596.046392, 378.561856, 597.365979, 370.644330, 
            601.324742, 365.365979, 602.644330, 357.448454, 
            605.283505, 352.170103, 607.922680, 345.572165, 
            609.242268, 340.293814, 611.881443, 332.376289, 
            613.201031, 328.417526, 615.840206, 325.778351, 
            617.159794, 317.860825, 619.798969, 315.221649, 
            621.118557, 311.262887, 622.438144, 307.304124, 
            625.077320, 300.706186, 632.994845, 298.067010, 
            635.634021, 292.788660, 643.551546, 290.149485, 
            644.871134, 280.912371, 656.747423, 274.314433, 
            662.025773, 274.314433, 663.345361, 267.716495, 
            669.943299, 263.757732, 673.902062, 259.798969, 
            679.180412, 257.159794, 680.500000, 255.840206, 
            683.139175, 251.881443, 688.417526, 241.324742, 
            696.335052, 240.005155, 697.654639, 236.046392, 
            700.293814, 234.726804, 701.613402, 228.128866, 
            705.572165, 226.809278, 706.891753, 224.170103, 
            709.530928, 224.170103, 710.850515, 226.809278, 
            710.850515, 226.809278, 712.170103, 228.128866, 
            712.170103, 229.448454, 713.489691, 230.768041, 
            713.489691, -1.000000, -1.000000, 792.912371, 
            705.572165, 787.634021, 706.891753, 779.716495, 
            704.252577, 773.118557, 702.932990, 754.644330, 
            700.293814, 752.005155, 698.974227, 744.087629, 
            698.974227, 741.448454, 698.974227, 737.489691, 
            698.974227, 730.891753, 698.974227, 722.974227, 
            700.293814, 716.376289, 700.293814, 712.417526, 
            700.293814, 704.500000, 700.293814, 699.221649, 
            700.293814, 693.943299, 700.293814, 689.984536, 
            700.293814, 687.345361, 700.293814, 684.706186, 
            700.293814, 680.747423, 698.974227, 678.108247, 
            698.974227, 675.469072, 696.335052, 668.871134, 
            695.015464, 666.231959, 692.376289, 664.912371, 
            692.376289, 655.675258, 688.417526, 654.355670, 
            688.417526, 654.355670, 687.097938, 649.077320, 
            684.458763, 646.438144, 684.458763, 639.840206, 
            680.500000, 638.520619, 680.500000, 637.201031, 
            679.180412, 633.242268, 679.180412, 630.603093, 
            677.860825, 621.365979, 672.582474, 614.768041, 
            669.943299, 606.850515, 665.984536, 602.891753, 
            663.345361, 600.252577, 662.025773, 593.654639, 
            658.067010, 591.015464, 656.747423, 588.376289, 
            654.108247, 587.056701, 654.108247, 579.139175, 
            646.190722, 573.860825, 642.231959, 569.902062, 
            639.592784, 560.664948, 634.314433, 556.706186, 
            632.994845, 554.067010, 631.675258, 548.788660, 
            629.036082, 538.231959, 623.757732, 530.314433, 
            619.798969, 526.355670, 617.159794, 526.355670, 
            615.840206, 523.716495, 614.520619, 519.757732, 
            611.881443, 511.840206, 603.963918, 511.840206, 
            602.644330, 510.520619, 600.005155, 506.561856, 
            594.726804, 505.242268, 593.407216, 503.922680, 
            590.768041, 503.922680, 589.448454, 502.603093, 
            586.809278, 502.603093, 584.170103, 503.922680, 
            581.530928, 506.561856, 578.891753, 509.201031, 
            577.572165, 509.201031, 576.252577, 515.798969, 
            576.252577, 519.757732, 576.252577, 525.036082, 
            574.932990, 531.634021, 574.932990, 534.273196, 
            574.932990, 535.592784, 574.932990, 543.510309, 
            574.932990, 551.427835, 576.252577, 558.025773, 
            577.572165, 563.304124, 580.211340, 565.943299, 
            580.211340, 576.500000, 580.211340, 579.139175, 
            580.211340, 580.458763, 580.211340, 581.778351, 
            580.211340, 583.097938, 580.211340, 585.737113, 
            580.211340, 588.376289, 580.211340, 592.335052, 
            580.211340, 593.654639, 580.211340, 594.974227, 
            580.211340, 596.293814, 580.211340, 598.932990, 
            578.891753, 601.572165, 574.932990, 602.891753, 
            573.613402, 604.211340, 573.613402, 604.211340, 
            572.293814, 605.530928, 570.974227, 606.850515, 
            570.974227, 608.170103, 568.335052, 608.170103, 
            565.695876, 608.170103, 564.376289, 608.170103, 
            560.417526, 608.170103, 556.458763, 606.850515, 
            555.139175, 604.211340, 551.180412, 602.891753, 
            547.221649, 600.252577, 544.582474, 597.613402, 
            539.304124, 593.654639, 536.664948, 585.737113, 
            535.345361, 580.458763, 535.345361, 576.500000, 
            535.345361, 572.541237, 537.984536, 565.943299, 
            540.623711, 565.943299, 541.943299, 564.623711, 
            541.943299, 561.984536, 541.943299, 556.706186, 
            543.262887, 550.108247, 544.582474, 548.788660, 
            544.582474, 546.149485, 544.582474, 540.871134, 
            544.582474, 535.592784, 544.582474, 532.953608, 
            544.582474, 530.314433, 544.582474, 528.994845, 
            545.902062, 526.355670, 545.902062, 523.716495, 
            545.902062, 519.757732, 545.902062, 517.118557, 
            545.902062, 515.798969, 545.902062, 510.520619, 
            545.902062, 507.881443, 545.902062, 505.242268, 
            545.902062, 503.922680, 545.902062, 502.603093, 
            545.902062, 502.603093, 544.582474, 501.283505, 
            541.943299, 501.283505, 539.304124, 501.283505, 
            535.345361, 507.881443, 524.788660, 510.520619, 
            522.149485, 513.159794, 516.871134, 515.798969, 
            512.912371, 518.438144, 510.273196, 518.438144, 
            508.953608, 521.077320, 508.953608, 522.396907, 
            507.634021, 523.716495, 506.314433, 525.036082, 
            504.994845, 525.036082, 503.675258, 527.675258, 
            502.355670, 530.314433, 501.036082, 535.592784, 
            498.396907, 536.912371, 497.077320, 542.190722, 
            494.438144, 542.190722, 493.118557, 544.829897, 
            493.118557, 547.469072, 491.798969, 547.469072, 
            490.479381, 550.108247, 489.159794, 554.067010, 
            487.840206, 556.706186, 485.201031, 560.664948, 
            483.881443, 561.984536, 482.561856, 563.304124, 
            481.242268, 564.623711, 479.922680, 567.262887, 
            479.922680, 569.902062, 478.603093, 573.860825, 
            478.603093, 579.139175, 477.283505, 589.695876, 
            477.283505, 596.293814, 475.963918, 606.850515, 
            475.963918, 608.170103, 475.963918, 616.087629, 
