%YAML:1.0
    mask: !!opencv-matrix
        rows: 450
        cols: 2
        dt: f
        data: [ 412.685430, 716.526490, 414.804636, 
            716.526490, 421.162252, 714.407285, 423.281457, 
            712.288079, 427.519868, 710.168874, 431.758278, 
            708.049669, 435.996689, 705.930464, 438.115894, 
            705.930464, 440.235099, 705.930464, 442.354305, 
            705.930464, 448.711921, 705.930464, 452.950331, 
            705.930464, 455.069536, 705.930464, 455.069536, 
            708.049669, 455.069536, 710.168874, 455.069536, 
            712.288079, 455.069536, 714.407285, 455.069536, 
            716.526490, 455.069536, 718.645695, 450.831126, 
            718.645695, 446.592715, 718.645695, 442.354305, 
            718.645695, 438.115894, 718.645695, 435.996689, 
            718.645695, 433.877483, 718.645695, 431.758278, 
            718.645695, 429.639073, 718.645695, 427.519868, 
            718.645695, 423.281457, 716.526490, 421.162252, 
            716.526490, 419.043046, 716.526490, -1.000000, 
            -1.000000, 561.984536, 718.768041, 560.664948, 
            712.170103, 559.345361, 712.170103, 559.345361, 
            710.850515, 559.345361, 709.530928, 559.345361, 
            708.211340, 559.345361, 706.891753, 559.345361, 
            705.572165, 559.345361, 704.252577, 560.664948, 
            702.932990, 560.664948, 701.613402, 561.984536, 
            700.293814, 563.304124, 698.974227, 564.623711, 
            697.654639, 567.262887, 696.335052, 568.582474, 
            695.015464, 569.902062, 695.015464, 571.221649, 
            693.695876, 573.860825, 693.695876, 575.180412, 
            693.695876, 576.500000, 693.695876, 579.139175, 
            693.695876, 580.458763, 695.015464, 583.097938, 
            696.335052, 587.056701, 698.974227, 589.695876, 
            700.293814, 591.015464, 701.613402, 593.654639, 
            704.252577, 596.293814, 705.572165, 598.932990, 
            708.211340, 601.572165, 709.530928, 602.891753, 
            710.850515, 606.850515, 713.489691, 610.809278, 
            714.809278, 613.448454, 714.809278, 613.448454, 
            716.128866, 616.087629, 717.448454, 618.726804, 
            717.448454, 621.365979, 718.768041, 647.757732, 
            716.128866, 649.077320, 714.809278, 650.396907, 
            712.170103, 650.396907, 709.530928, 651.716495, 
            708.211340, 653.036082, 706.891753, 654.355670, 
            700.293814, 654.355670, 697.654639, 655.675258, 
            691.056701, 655.675258, 688.417526, 656.994845, 
            685.778351, 656.994845, 683.139175, 656.994845, 
            680.500000, 656.994845, 676.541237, 656.994845, 
            673.902062, 656.994845, 671.262887, 658.314433, 
            667.304124, 658.314433, 665.984536, 659.634021, 
            663.345361, 662.273196, 656.747423, 664.912371, 
            652.788660, 666.231959, 652.788660, 668.871134, 
            650.149485, 671.510309, 650.149485, 674.149485, 
            650.149485, 680.747423, 650.149485, 684.706186, 
            650.149485, 689.984536, 651.469072, 691.304124, 
            651.469072, 692.623711, 652.788660, 695.262887, 
            654.108247, 700.541237, 655.427835, 708.458763, 
            658.067010, 709.778351, 658.067010, 712.417526, 
            659.386598, 713.737113, 660.706186, 717.695876, 
            663.345361, 721.654639, 667.304124, 724.293814, 
            667.304124, 725.613402, 668.623711, 733.530928, 
            675.221649, 736.170103, 676.541237, 740.128866, 
            680.500000, 741.448454, 683.139175, 748.046392, 
            688.417526, 753.324742, 692.376289, 759.922680, 
            697.654639, 765.201031, 704.252577, 783.675258, 
            716.128866, 786.314433, 717.448454, 788.953608, 
            718.768041, -1.000000, -1.000000, 690.301325, 
            224.870861, 688.182119, 224.870861, 686.062914, 
            224.870861, 683.943709, 224.870861, 677.586093, 
            224.870861, 673.347682, 224.870861, 669.109272, 
            224.870861, 666.990066, 224.870861, 664.870861, 
            224.870861, 662.751656, 224.870861, 658.513245, 
            224.870861, 654.274834, 224.870861, 652.155629, 
            224.870861, 641.559603, 224.870861, 637.321192, 
            224.870861, 633.082781, 226.990066, 628.844371, 
            226.990066, 626.725166, 226.990066, 622.486755, 
            226.990066, 618.248344, 229.109272, 616.129139, 
            231.228477, 611.890728, 233.347682, 607.652318, 
            235.466887, 605.533113, 235.466887, 601.294702, 
            237.586093, 599.175497, 239.705298, 594.937086, 
            239.705298, 592.817881, 241.824503, 590.698675, 
            241.824503, 588.579470, 243.943709, 586.460265, 
            243.943709, 584.341060, 246.062914, 580.102649, 
            248.182119, 577.983444, 248.182119, 575.864238, 
            248.182119, 571.625828, 250.301325, 567.387417, 
            252.420530, 565.268212, 252.420530, 561.029801, 
            252.420530, 556.791391, 254.539735, 554.672185, 
            254.539735, 552.552980, 256.658940, 548.314570, 
            256.658940, 544.076159, 258.778146, 541.956954, 
            260.897351, 537.718543, 263.016556, 535.599338, 
            263.016556, 535.599338, 265.135762, 531.360927, 
            267.254967, 529.241722, 267.254967, 529.241722, 
            269.374172, 527.122517, 269.374172, 525.003311, 
            269.374172, 525.003311, 271.493377, 522.884106, 
            271.493377, 520.764901, 271.493377, 520.764901, 
            273.612583, 516.526490, 275.731788, 514.407285, 
            277.850993, 512.288079, 279.970199, 512.288079, 
            282.089404, 512.288079, 284.208609, 512.288079, 
            286.327815, 512.288079, 288.447020, 512.288079, 
            290.566225, 512.288079, 292.685430, 512.288079, 
            294.804636, 512.288079, 299.043046, 512.288079, 
            301.162252, 514.407285, 301.162252, 516.526490, 
            303.281457, 518.645695, 303.281457, 520.764901, 
            303.281457, 525.003311, 305.400662, 535.599338, 
            309.639073, 539.837748, 309.639073, 544.076159, 
            309.639073, 550.433775, 311.758278, 552.552980, 
            313.877483, 563.149007, 315.996689, 567.387417, 
            318.115894, 577.983444, 320.235099, 582.221854, 
            322.354305, 586.460265, 322.354305, 592.817881, 
            324.473510, 594.937086, 326.592715, 597.056291, 
            326.592715, 599.175497, 326.592715, 601.294702, 
            326.592715, 603.413907, 328.711921, 607.652318, 
            330.831126, 611.890728, 330.831126, 616.129139, 
            330.831126, 620.367550, 330.831126, 624.605960, 
            332.950331, 626.725166, 332.950331, 630.963576, 
            335.069536, 633.082781, 335.069536, 635.201987, 
            335.069536, 637.321192, 335.069536, 639.440397, 
            335.069536, 641.559603, 335.069536, 643.678808, 
            335.069536, 645.798013, 335.069536, 647.917219, 
            335.069536, 650.036424, 335.069536, 652.155629, 
            335.069536, 654.274834, 335.069536, 656.394040, 
            335.069536, 658.513245, 335.069536, 658.513245, 
            332.950331, 662.751656, 332.950331, 664.870861, 
            330.831126, 669.109272, 328.711921, 671.228477, 
            326.592715, 671.228477, 324.473510, 673.347682, 
            324.473510, 675.466887, 322.354305, 677.586093, 
            322.354305, 677.586093, 320.235099, 679.705298, 
            318.115894, 681.824503, 315.996689, 683.943709, 
            315.996689, 683.943709, 313.877483, 686.062914, 
            313.877483, 688.182119, 311.758278, 690.301325, 
            309.639073, 694.539735, 305.400662, 696.658940, 
            305.400662, 696.658940, 303.281457, 698.778146, 
            301.162252, 700.897351, 296.923841, 703.016556, 
            294.804636, 703.016556, 290.566225, 703.016556, 
