%YAML:1.0
    mask: !!opencv-matrix
        rows: 283
        cols: 2
        dt: f
        data: [ -1.000000, -1.000000, 839.097938, 
            709.530928, 847.015464, 709.530928, 854.932990, 
            701.613402, 862.850515, 696.335052, 869.448454, 
            691.056701, 872.087629, 688.417526, 876.046392, 
            679.180412, 882.644330, 669.943299, 882.644330, 
            667.304124, 883.963918, 663.345361, 883.963918, 
            662.025773, 883.963918, 656.747423, 877.365979, 
            648.829897, 870.768041, 639.592784, 866.809278, 
            636.953608, 861.530928, 629.036082, 858.891753, 
            626.396907, 852.293814, 618.479381, 840.417526, 
            606.603093, 820.623711, 585.489691, 807.427835, 
            567.015464, 804.788660, 561.737113, 804.788660, 
            559.097938, 802.149485, 552.500000, 800.829897, 
            549.860825, 799.510309, 548.541237, 799.510309, 
            547.221649, 796.871134, 544.582474, 792.912371, 
            541.943299, 788.953608, 540.623711, 786.314433, 
            539.304124, 783.675258, 536.664948, 775.757732, 
            530.067010, 775.757732, 528.747423, 774.438144, 
            527.427835, 773.118557, 527.427835, 771.798969, 
            526.108247, 770.479381, 524.788660, 769.159794, 
            523.469072, 763.881443, 522.149485, 762.561856, 
            520.829897, 755.963918, 520.829897, 754.644330, 
            520.829897, 753.324742, 520.829897, 752.005155, 
            520.829897, 749.365979, 520.829897, 746.726804, 
            518.190722, 744.087629, 514.231959, 741.448454, 
            511.592784, 734.850515, 510.273196, 728.252577, 
            510.273196, 725.613402, 510.273196, 724.293814, 
            510.273196, 722.974227, 510.273196, 717.695876, 
            510.273196, 707.139175, 511.592784, 692.623711, 
            512.912371, 680.747423, 518.190722, 674.149485, 
            520.829897, 670.190722, 524.788660, 666.231959, 
            527.427835, 660.953608, 532.706186, 653.036082, 
            536.664948, 643.798969, 543.262887, 642.479381, 
            543.262887, 635.881443, 548.541237, 630.603093, 
            548.541237, 624.005155, 552.500000, 624.005155, 
            553.819588, 621.365979, 553.819588, 621.365979, 
            555.139175, 621.365979, 556.458763, 621.365979, 
            559.097938, 625.324742, 564.376289, 627.963918, 
            567.015464, 631.922680, 570.974227, 635.881443, 
            572.293814, 639.840206, 577.572165, 651.716495, 
            585.489691, 653.036082, 586.809278, 660.953608, 
            593.407216, 662.273196, 596.046392, 662.273196, 
            598.685567, 667.551546, 602.644330, 671.510309, 
            610.561856, 672.829897, 614.520619, 674.149485, 
            618.479381, 675.469072, 621.118557, 676.788660, 
            623.757732, 678.108247, 623.757732, 682.067010, 
            627.716495, 687.345361, 632.994845, 691.304124, 
            635.634021, 692.623711, 636.953608, 693.943299, 
            636.953608, 695.262887, 635.634021, 697.902062, 
            635.634021, 699.221649, 635.634021, 704.500000, 
            634.314433, 726.932990, 634.314433, 734.850515, 
            635.634021, 738.809278, 636.953608, 744.087629, 
            638.273196, 746.726804, 638.273196, 750.685567, 
            640.912371, 753.324742, 648.829897, 754.644330, 
            648.829897, 759.922680, 651.469072, 762.561856, 
            652.788660, 767.840206, 655.427835, 773.118557, 
            656.747423, 778.396907, 658.067010, 787.634021, 
            663.345361, 788.953608, 663.345361, 792.912371, 
            664.664948, 795.551546, 664.664948, 795.551546, 
            665.984536, 796.871134, 665.984536, 799.510309, 
            667.304124, 802.149485, 668.623711, 807.427835, 
            671.262887, 812.706186, 675.221649, 817.984536, 
            677.860825, 821.943299, 681.819588, 825.902062, 
            684.458763, 825.902062, 685.778351, 827.221649, 
            685.778351, 829.860825, 688.417526, 829.860825, 
            689.737113, 832.500000, 693.695876, 835.139175, 
            697.654639, 835.139175, 698.974227, 836.458763, 
            701.613402, 836.458763, 702.932990, 836.458763, 
            704.252577, 837.778351, 706.891753, 839.097938, 
            708.211340, -1.000000, -1.000000, 779.716495, 
            285.943299, 779.716495, 293.860825, 778.396907, 
            300.458763, 775.757732, 307.056701, 773.118557, 
            313.654639, 771.798969, 316.293814, 770.479381, 
            317.613402, 769.159794, 318.932990, 766.520619, 
            318.932990, 763.881443, 320.252577, 758.603093, 
            320.252577, 755.963918, 321.572165, 752.005155, 
            322.891753, 749.365979, 324.211340, 744.087629, 
            325.530928, 744.087629, 328.170103, 744.087629, 
            329.489691, 744.087629, 330.809278, 744.087629, 
            337.407216, 744.087629, 338.726804, 744.087629, 
            342.685567, 745.407216, 344.005155, 746.726804, 
            347.963918, 749.365979, 347.963918, 752.005155, 
            349.283505, 753.324742, 350.603093, 755.963918, 
            350.603093, 762.561856, 353.242268, 769.159794, 
            357.201031, 771.798969, 358.520619, 778.396907, 
            359.840206, 783.675258, 361.159794, 796.871134, 
            363.798969, 803.469072, 369.077320, 808.747423, 
            369.077320, 811.386598, 370.396907, 815.345361, 
            371.716495, 819.304124, 371.716495, 821.943299, 
            371.716495, 833.819588, 371.716495, 840.417526, 
            371.716495, 843.056701, 371.716495, 844.376289, 
            370.396907, 847.015464, 367.757732, 849.654639, 
            362.479381, 852.293814, 358.520619, 856.252577, 
            351.922680, 858.891753, 346.644330, 858.891753, 
            344.005155, 860.211340, 342.685567, 860.211340, 
            338.726804, 861.530928, 332.128866, 862.850515, 
            317.613402, 862.850515, 314.974227, 862.850515, 
            311.015464, 864.170103, 303.097938, 864.170103, 
            299.139175, 864.170103, 295.180412, 862.850515, 
            292.541237, 861.530928, 291.221649, 858.891753, 
            288.582474, 857.572165, 285.943299, 850.974227, 
            284.623711, 847.015464, 283.304124, 833.819588, 
            276.706186, 832.500000, 275.386598, 828.541237, 
            275.386598, 821.943299, 275.386598, 815.345361, 
            275.386598, 811.386598, 275.386598, 804.788660, 
            272.747423, 803.469072, 271.427835, 795.551546, 
            270.108247, 794.231959, 270.108247, 788.953608, 
            270.108247, -1.000000, -1.000000, 614.768041, 
            301.778351, 614.768041, 307.056701, 614.768041, 
            313.654639, 614.768041, 321.572165, 614.768041, 
            326.850515, 614.768041, 337.407216, 614.768041, 
            342.685567, 614.768041, 347.963918, 614.768041, 
            349.283505, 614.768041, 351.922680, 617.407216, 
            355.881443, 620.046392, 358.520619, 624.005155, 
            359.840206, 627.963918, 363.798969, 630.603093, 
            365.118557, 638.520619, 370.396907, 647.757732, 
            373.036082, 653.036082, 374.355670, 656.994845, 
            374.355670, 662.273196, 374.355670, 668.871134, 
            374.355670, 674.149485, 374.355670, 678.108247, 
            371.716495, 680.747423, 370.396907, 684.706186, 
            367.757732, 691.304124, 366.438144, 693.943299, 
            365.118557, 695.262887, 363.798969, 705.819588, 
            358.520619, 713.737113, 357.201031, 716.376289, 
            355.881443, 717.695876, 354.561856, 720.335052, 
            353.242268, 721.654639, 351.922680, 721.654639, 
            350.603093, 725.613402, 347.963918, 732.211340, 
            345.324742, 732.211340, 344.005155, 734.850515, 
            342.685567, 734.850515, 341.365979, 734.850515, 
            338.726804, 729.572165, 329.489691, 728.252577, 
            328.170103, 726.932990, 326.850515, 726.932990, 
