%YAML:1.0
    mask: !!opencv-matrix
        rows: 758
        cols: 2
        dt: f
        data: [ -1.000000, -1.000000, 698.778146, 
            708.049669, 694.539735, 708.049669, 692.420530, 
            705.930464, 690.301325, 705.930464, 686.062914, 
            703.811258, 681.824503, 699.572848, 679.705298, 
            697.453642, 675.466887, 693.215232, 673.347682, 
            688.976821, 671.228477, 686.857616, 666.990066, 
            682.619205, 664.870861, 678.380795, 662.751656, 
            678.380795, 662.751656, 676.261589, 660.632450, 
            676.261589, 658.513245, 674.142384, 656.394040, 
            672.023179, 654.274834, 672.023179, 654.274834, 
            669.903974, 652.155629, 669.903974, 650.036424, 
            669.903974, 647.917219, 665.665563, 645.798013, 
            665.665563, 643.678808, 663.546358, 641.559603, 
            661.427152, 641.559603, 659.307947, 639.440397, 
            657.188742, 639.440397, 655.069536, 639.440397, 
            652.950331, 639.440397, 650.831126, 639.440397, 
            648.711921, 639.440397, 646.592715, 639.440397, 
            644.473510, 639.440397, 642.354305, 639.440397, 
            640.235099, 639.440397, 635.996689, 639.440397, 
            633.877483, 639.440397, 627.519868, 639.440397, 
            625.400662, 639.440397, 623.281457, 641.559603, 
            621.162252, 641.559603, 619.043046, 643.678808, 
            619.043046, 645.798013, 619.043046, 647.917219, 
            619.043046, 650.036424, 619.043046, 654.274834, 
            619.043046, 658.513245, 621.162252, 662.751656, 
            623.281457, 666.990066, 623.281457, 669.109272, 
            625.400662, 675.466887, 627.519868, 677.586093, 
            629.639073, 679.705298, 631.758278, 681.824503, 
            631.758278, 683.943709, 631.758278, 686.062914, 
            633.877483, 688.182119, 633.877483, 690.301325, 
            633.877483, 690.301325, 635.996689, 692.420530, 
            635.996689, 694.539735, 638.115894, 696.658940, 
            638.115894, 700.897351, 640.235099, 703.016556, 
            640.235099, 705.135762, 642.354305, 707.254967, 
            642.354305, 711.493377, 644.473510, 713.612583, 
            644.473510, 715.731788, 646.592715, 717.850993, 
            648.711921, 719.970199, 648.711921, 724.208609, 
            648.711921, 726.327815, 650.831126, 728.447020, 
            650.831126, 730.566225, 650.831126, 732.685430, 
            650.831126, 732.685430, 652.950331, 734.804636, 
            652.950331, 736.923841, 652.950331, 739.043046, 
            652.950331, 741.162252, 652.950331, 743.281457, 
            652.950331, 745.400662, 652.950331, 749.639073, 
            652.950331, 755.996689, 650.831126, 760.235099, 
            648.711921, 762.354305, 648.711921, 764.473510, 
            648.711921, 764.473510, 646.592715, 768.711921, 
            646.592715, 768.711921, 644.473510, 770.831126, 
            642.354305, 770.831126, 640.235099, 772.950331, 
            640.235099, 772.950331, 638.115894, 775.069536, 
            633.877483, 775.069536, 631.758278, 777.188742, 
            631.758278, 777.188742, 629.639073, 777.188742, 
            627.519868, 777.188742, 625.400662, 777.188742, 
            623.281457, 777.188742, 621.162252, 777.188742, 
            619.043046, 777.188742, 616.923841, 777.188742, 
            614.804636, 775.069536, 612.685430, 775.069536, 
            610.566225, 772.950331, 608.447020, 772.950331, 
            606.327815, 772.950331, 604.208609, 772.950331, 
            602.089404, 770.831126, 599.970199, 770.831126, 
            597.850993, 768.711921, 595.731788, 768.711921, 
            593.612583, 768.711921, 591.493377, 768.711921, 
            589.374172, 766.592715, 587.254967, 766.592715, 
            585.135762, 766.592715, 580.897351, 766.592715, 
            578.778146, 766.592715, 576.658940, 766.592715, 
            574.539735, 766.592715, 570.301325, 766.592715, 
            568.182119, 766.592715, 563.943709, 768.711921, 
            563.943709, 768.711921, 561.824503, 770.831126, 
            559.705298, 770.831126, 557.586093, 772.950331, 
            555.466887, 772.950331, 553.347682, 775.069536, 
            551.228477, 777.188742, 551.228477, 777.188742, 
            549.109272, 777.188742, 546.990066, 779.307947, 
            546.990066, 779.307947, 544.870861, 781.427152, 
            544.870861, 781.427152, 542.751656, 783.546358, 
            540.632450, 785.665563, 538.513245, 787.784768, 
            538.513245, 796.261589, 540.632450, 798.380795, 
            542.751656, 800.500000, 542.751656, 804.738411, 
            544.870861, 808.976821, 546.990066, 811.096026, 
            549.109272, 815.334437, 549.109272, 821.692053, 
            553.347682, 825.930464, 553.347682, 830.168874, 
            557.586093, 832.288079, 557.586093, 840.764901, 
            561.824503, 842.884106, 561.824503, 847.122517, 
            563.943709, 849.241722, 566.062914, 851.360927, 
            566.062914, 853.480132, 566.062914, 857.718543, 
            568.182119, 859.837748, 570.301325, 861.956954, 
            570.301325, 864.076159, 572.420530, 866.195364, 
            574.539735, 868.314570, 574.539735, 870.433775, 
            574.539735, 872.552980, 576.658940, 876.791391, 
            578.778146, 878.910596, 578.778146, 881.029801, 
            580.897351, 887.387417, 583.016556, 889.506623, 
            585.135762, 893.745033, 589.374172, 897.983444, 
            591.493377, 902.221854, 593.612583, 902.221854, 
            595.731788, 904.341060, 595.731788, 908.579470, 
            597.850993, 910.698675, 599.970199, 912.817881, 
            599.970199, 912.817881, 602.089404, 917.056291, 
            602.089404, 919.175497, 604.208609, 921.294702, 
            604.208609, 925.533113, 606.327815, 925.533113, 
            608.447020, 927.652318, 608.447020, 931.890728, 
            612.685430, 934.009934, 614.804636, 936.129139, 
            614.804636, 938.248344, 616.923841, 942.486755, 
            623.281457, 948.844371, 627.519868, 953.082781, 
            629.639073, 955.201987, 631.758278, 957.321192, 
            633.877483, 961.559603, 635.996689, 963.678808, 
            638.115894, 965.798013, 640.235099, 967.917219, 
            642.354305, 970.036424, 646.592715, 972.155629, 
            648.711921, 972.155629, 650.831126, 974.274834, 
            650.831126, 974.274834, 652.950331, 976.394040, 
            655.069536, 976.394040, 657.188742, 976.394040, 
            659.307947, 976.394040, 661.427152, 978.513245, 
            661.427152, 978.513245, 663.546358, 978.513245, 
            665.665563, 978.513245, 667.784768, 978.513245, 
            669.903974, 980.632450, 672.023179, 980.632450, 
            674.142384, 980.632450, 676.261589, 980.632450, 
            678.380795, 980.632450, 680.500000, 982.751656, 
            682.619205, 982.751656, 684.738411, 982.751656, 
            686.857616, 984.870861, 688.976821, 984.870861, 
            693.215232, 986.990066, 693.215232, 986.990066, 
            695.334437, 986.990066, 697.453642, 986.990066, 
            699.572848, 989.109272, 701.692053, 989.109272, 
            703.811258, 989.109272, 705.930464, 989.109272, 
            708.049669, 989.109272, 710.168874, 989.109272, 
            712.288079, 989.109272, 714.407285, 989.109272, 
            716.526490, 984.870861, 716.526490, 982.751656, 
            716.526490, 980.632450, 716.526490, 978.513245, 
            716.526490, 976.394040, 716.526490, 974.274834, 
            716.526490, 967.917219, 716.526490, 961.559603, 
            716.526490, 955.201987, 716.526490, 946.725166, 
            716.526490, 936.129139, 716.526490, 925.533113, 
            716.526490, 912.817881, 716.526490, 904.341060, 
            716.526490, 895.864238, 716.526490, 887.387417, 
            716.526490, 881.029801, 716.526490, 876.791391, 
