%YAML:1.0
    mask: !!opencv-matrix
        rows: 616
        cols: 2
        dt: f
        data: [ 416.829897, 718.768041, 422.108247, 
            717.448454, 423.427835, 716.128866, 427.386598, 
            713.489691, 431.345361, 712.170103, 432.664948, 
            709.530928, 436.623711, 705.572165, 437.943299, 
            702.932990, 439.262887, 700.293814, 439.262887, 
            697.654639, 440.582474, 697.654639, 440.582474, 
            693.695876, 440.582474, 692.376289, 441.902062, 
            688.417526, 441.902062, 687.097938, 441.902062, 
            685.778351, 439.262887, 681.819588, 437.943299, 
            680.500000, 436.623711, 680.500000, 433.984536, 
            677.860825, 431.345361, 676.541237, 428.706186, 
            675.221649, 426.067010, 673.902062, 423.427835, 
            672.582474, 422.108247, 672.582474, 416.829897, 
            673.902062, 412.871134, 675.221649, 402.314433, 
            676.541237, 395.716495, 679.180412, 391.757732, 
            679.180412, 385.159794, 681.819588, 378.561856, 
            681.819588, 373.283505, 683.139175, 365.365979, 
            687.097938, 354.809278, 689.737113, 345.572165, 
            692.376289, 341.613402, 693.695876, 335.015464, 
            693.695876, 331.056701, 695.015464, 327.097938, 
            695.015464, 323.139175, 695.015464, 319.180412, 
            695.015464, 317.860825, 695.015464, 316.541237, 
            692.376289, 315.221649, 691.056701, 315.221649, 
            689.737113, 315.221649, 688.417526, 315.221649, 
            687.097938, 315.221649, 680.500000, 315.221649, 
            679.180412, 315.221649, 676.541237, 315.221649, 
            668.623711, 312.582474, 659.386598, 311.262887, 
            652.788660, 311.262887, 651.469072, 311.262887, 
            648.829897, 309.943299, 647.510309, 308.623711, 
            643.551546, 307.304124, 640.912371, 304.664948, 
            634.314433, 303.345361, 621.118557, 302.025773, 
            618.479381, 302.025773, 614.520619, 302.025773, 
            607.922680, 302.025773, 603.963918, 302.025773, 
            601.324742, 302.025773, 598.685567, 302.025773, 
            596.046392, 300.706186, 592.087629, 300.706186, 
            590.768041, 296.747423, 590.768041, 292.788660, 
            590.768041, 288.829897, 590.768041, 283.551546, 
            592.087629, 274.314433, 593.407216, 267.716495, 
            593.407216, 265.077320, 594.726804, 262.438144, 
            594.726804, 255.840206, 596.046392, 250.561856, 
            597.365979, 249.242268, 598.685567, 247.922680, 
            600.005155, 246.603093, 600.005155, 241.324742, 
            605.283505, 237.365979, 607.922680, 233.407216, 
            609.242268, 226.809278, 614.520619, 221.530928, 
            619.798969, 218.891753, 622.438144, 213.613402, 
            627.716495, 207.015464, 635.634021, 203.056701, 
            638.273196, 197.778351, 643.551546, 185.902062, 
            654.108247, 175.345361, 663.345361, 164.788660, 
            671.262887, 162.149485, 675.221649, 158.190722, 
            679.180412, 150.273196, 687.097938, 147.634021, 
            688.417526, 143.675258, 693.695876, 139.716495, 
            697.654639, 137.077320, 700.293814, 134.438144, 
            702.932990, 131.798969, 705.572165, 129.159794, 
            709.530928, 127.840206, 710.850515, 127.840206, 
            713.489691, 126.520619, 713.489691, 126.520619, 
            714.809278, -1.000000, -1.000000, 548.788660, 
            713.489691, 547.469072, 708.211340, 546.149485, 
            704.252577, 546.149485, 700.293814, 546.149485, 
            697.654639, 546.149485, 696.335052, 546.149485, 
            693.695876, 546.149485, 692.376289, 547.469072, 
            692.376289, 550.108247, 689.737113, 551.427835, 
            689.737113, 556.706186, 687.097938, 558.025773, 
            687.097938, 559.345361, 687.097938, 560.664948, 
            687.097938, 568.582474, 685.778351, 571.221649, 
            685.778351, 576.500000, 685.778351, 580.458763, 
            687.097938, 585.737113, 689.737113, 588.376289, 
            689.737113, 593.654639, 691.056701, 594.974227, 
            691.056701, 596.293814, 692.376289, 598.932990, 
            692.376289, 601.572165, 692.376289, 602.891753, 
            693.695876, 604.211340, 693.695876, 608.170103, 
            695.015464, 617.407216, 696.335052, 621.365979, 
            696.335052, 627.963918, 697.654639, 630.603093, 
            698.974227, 633.242268, 698.974227, 639.840206, 
            700.293814, 655.675258, 702.932990, 659.634021, 
            704.252577, 664.912371, 704.252577, 666.231959, 
            704.252577, 668.871134, 705.572165, 670.190722, 
            705.572165, 674.149485, 705.572165, 676.788660, 
            705.572165, 678.108247, 705.572165, 678.108247, 
            704.252577, 676.788660, 702.932990, 676.788660, 
            701.613402, 675.469072, 700.293814, 675.469072, 
            698.974227, 675.469072, 697.654639, 674.149485, 
            696.335052, 674.149485, 695.015464, 674.149485, 
            692.376289, 674.149485, 689.737113, 675.469072, 
            688.417526, 676.788660, 684.458763, 676.788660, 
            683.139175, 678.108247, 680.500000, 679.427835, 
            679.180412, 679.427835, 676.541237, 682.067010, 
            675.221649, 684.706186, 669.943299, 686.025773, 
            665.984536, 686.025773, 664.664948, 686.025773, 
            660.706186, 686.025773, 659.386598, 686.025773, 
            658.067010, 684.706186, 655.427835, 682.067010, 
            654.108247, 680.747423, 654.108247, 675.469072, 
            654.108247, 674.149485, 654.108247, 667.551546, 
            654.108247, 666.231959, 654.108247, 663.592784, 
            655.427835, 655.675258, 656.747423, 654.355670, 
            656.747423, 651.716495, 656.747423, 649.077320, 
            656.747423, 647.757732, 656.747423, 645.118557, 
            656.747423, 643.798969, 656.747423, 643.798969, 
            655.427835, 643.798969, 654.108247, 646.438144, 
            650.149485, 649.077320, 647.510309, 653.036082, 
            644.871134, 654.355670, 642.231959, 654.355670, 
            640.912371, 655.675258, 638.273196, 656.994845, 
            636.953608, 656.994845, 634.314433, 656.994845, 
            631.675258, 656.994845, 630.355670, 651.716495, 
            629.036082, 646.438144, 626.396907, 641.159794, 
            623.757732, 637.201031, 622.438144, 633.242268, 
            619.798969, 629.283505, 618.479381, 627.963918, 
            617.159794, 624.005155, 615.840206, 618.726804, 
            613.201031, 616.087629, 611.881443, 613.448454, 
            610.561856, 612.128866, 609.242268, 610.809278, 
            609.242268, 604.211340, 602.644330, 602.891753, 
            600.005155, 601.572165, 598.685567, 600.252577, 
            597.365979, 597.613402, 594.726804, 596.293814, 
            593.407216, 593.654639, 589.448454, 592.335052, 
            586.809278, 591.015464, 586.809278, 589.695876, 
            584.170103, 589.695876, 581.530928, 589.695876, 
            578.891753, 589.695876, 574.932990, 589.695876, 
            573.613402, 589.695876, 569.654639, 593.654639, 
            565.695876, 596.293814, 563.056701, 600.252577, 
            559.097938, 602.891753, 556.458763, 606.850515, 
            555.139175, 609.489691, 551.180412, 617.407216, 
            548.541237, 622.685567, 545.902062, 626.644330, 
            543.262887, 627.963918, 543.262887, 629.283505, 
            543.262887, 634.561856, 543.262887, 637.201031, 
            543.262887, 643.798969, 544.582474, 647.757732, 
            544.582474, 654.355670, 545.902062, 656.994845, 
            547.221649, 663.592784, 549.860825, 668.871134, 
            549.860825, 672.829897, 551.180412, 679.427835, 
            552.500000, 689.984536, 555.139175, 696.582474, 
            556.458763, 700.541237, 557.778351, 709.778351, 
