%YAML:1.0
    mask: !!opencv-matrix
        rows: 1572
        cols: 2
        dt: f
        data: [ 342.065217, 718.065217, 342.065217, 
            716.673913, 343.456522, 713.891304, 343.456522, 
            712.500000, 344.847826, 712.500000, 344.847826, 
            711.108696, 346.239130, 711.108696, 347.630435, 
            708.326087, 347.630435, 706.934783, 349.021739, 
            706.934783, 350.413043, 704.152174, 351.804348, 
            702.760870, 353.195652, 702.760870, 354.586957, 
            702.760870, 355.978261, 701.369565, 357.369565, 
            699.978261, 358.760870, 699.978261, 360.152174, 
            699.978261, 361.543478, 699.978261, 362.934783, 
            699.978261, 364.326087, 699.978261, 367.108696, 
            699.978261, 368.500000, 699.978261, 372.673913, 
            699.978261, 375.456522, 699.978261, 378.239130, 
            699.978261, 379.630435, 699.978261, 381.021739, 
            699.978261, 382.413043, 699.978261, 383.804348, 
            699.978261, 385.195652, 699.978261, 386.586957, 
            699.978261, 389.369565, 699.978261, 390.760870, 
            699.978261, 392.152174, 699.978261, 393.543478, 
            699.978261, 394.934783, 699.978261, 397.717391, 
            699.978261, 399.108696, 699.978261, 401.891304, 
            699.978261, 401.891304, 698.586957, 403.282609, 
            698.586957, 404.673913, 698.586957, 406.065217, 
            698.586957, 407.456522, 698.586957, 410.239130, 
            698.586957, 410.239130, 697.195652, 411.630435, 
            697.195652, 413.021739, 695.804348, 414.413043, 
            695.804348, 415.804348, 695.804348, 417.195652, 
            695.804348, 418.586957, 694.413043, 419.978261, 
            694.413043, 421.369565, 694.413043, 422.760870, 
            694.413043, 424.152174, 693.021739, 425.543478, 
            691.630435, 426.934783, 690.239130, 431.108696, 
            688.847826, 432.500000, 687.456522, 432.500000, 
            686.065217, 429.717391, 684.673913, 429.717391, 
            683.282609, 425.543478, 680.500000, 422.760870, 
            677.717391, 422.760870, 676.326087, 422.760870, 
            674.934783, 422.760870, 673.543478, 421.369565, 
            672.152174, 419.978261, 669.369565, 418.586957, 
            669.369565, 418.586957, 667.978261, 415.804348, 
            665.195652, 414.413043, 665.195652, 413.021739, 
            663.804348, 413.021739, 662.413043, 411.630435, 
            661.021739, 410.239130, 661.021739, 410.239130, 
            659.630435, 410.239130, 658.239130, 408.847826, 
            658.239130, 407.456522, 656.847826, 406.065217, 
            655.456522, 404.673913, 654.065217, 403.282609, 
            652.673913, 401.891304, 652.673913, 399.108696, 
            652.673913, 397.717391, 652.673913, 394.934783, 
            652.673913, 390.760870, 654.065217, 389.369565, 
            654.065217, 386.586957, 654.065217, 382.413043, 
            654.065217, 379.630435, 654.065217, 375.456522, 
            654.065217, 374.065217, 654.065217, 372.673913, 
            654.065217, 371.282609, 654.065217, 369.891304, 
            654.065217, 368.500000, 654.065217, 367.108696, 
            655.456522, 365.717391, 655.456522, 361.543478, 
            656.847826, 360.152174, 658.239130, 357.369565, 
            658.239130, 355.978261, 659.630435, 354.586957, 
            659.630435, 353.195652, 659.630435, 351.804348, 
            661.021739, 351.804348, 659.630435, 351.804348, 
            658.239130, 353.195652, 654.065217, 354.586957, 
            654.065217, 355.978261, 652.673913, 355.978261, 
            649.891304, 358.760870, 648.500000, 361.543478, 
            648.500000, 362.934783, 648.500000, 364.326087, 
            647.108696, 365.717391, 647.108696, 367.108696, 
            647.108696, 368.500000, 645.717391, 369.891304, 
            644.326087, 371.282609, 644.326087, 372.673913, 
            644.326087, 374.065217, 644.326087, 375.456522, 
            642.934783, 376.847826, 642.934783, 378.239130, 
            642.934783, 379.630435, 641.543478, 382.413043, 
            641.543478, 383.804348, 641.543478, 385.195652, 
            641.543478, 387.978261, 640.152174, 389.369565, 
            640.152174, 390.760870, 640.152174, 392.152174, 
            640.152174, 393.543478, 640.152174, 394.934783, 
            638.760870, 396.326087, 637.369565, 397.717391, 
            635.978261, 400.500000, 634.586957, 400.500000, 
            633.195652, 401.891304, 633.195652, 401.891304, 
            631.804348, 403.282609, 631.804348, 403.282609, 
            630.413043, 404.673913, 630.413043, 404.673913, 
            629.021739, 406.065217, 627.630435, 407.456522, 
            627.630435, 408.847826, 627.630435, 408.847826, 
            626.239130, 411.630435, 624.847826, 413.021739, 
            623.456522, 414.413043, 623.456522, 414.413043, 
            622.065217, 415.804348, 622.065217, 417.195652, 
            622.065217, 417.195652, 620.673913, 418.586957, 
            620.673913, 419.978261, 619.282609, 421.369565, 
            617.891304, 422.760870, 617.891304, 424.152174, 
            616.500000, 425.543478, 615.108696, 426.934783, 
            615.108696, 428.326087, 613.717391, 428.326087, 
            612.326087, 429.717391, 612.326087, 431.108696, 
            610.934783, 432.500000, 609.543478, 432.500000, 
            608.152174, 433.891304, 608.152174, 435.282609, 
            606.760870, 436.673913, 606.760870, 436.673913, 
            605.369565, 438.065217, 605.369565, 438.065217, 
            603.978261, 439.456522, 602.586957, 440.847826, 
            602.586957, 440.847826, 601.195652, 440.847826, 
            599.804348, 440.847826, 597.021739, 440.847826, 
            595.630435, 440.847826, 592.847826, 440.847826, 
            591.456522, 440.847826, 590.065217, 440.847826, 
            588.673913, 440.847826, 587.282609, 440.847826, 
            585.891304, 440.847826, 584.500000, 440.847826, 
            583.108696, 440.847826, 581.717391, 440.847826, 
            578.934783, 440.847826, 577.543478, 440.847826, 
            576.152174, 440.847826, 574.760870, 440.847826, 
            573.369565, 440.847826, 571.978261, 439.456522, 
            571.978261, 439.456522, 570.586957, 439.456522, 
            569.195652, 439.456522, 567.804348, 439.456522, 
            566.413043, 438.065217, 566.413043, 433.891304, 
            565.021739, 433.891304, 563.630435, 432.500000, 
            563.630435, 431.108696, 562.239130, 429.717391, 
            562.239130, 428.326087, 562.239130, 426.934783, 
            562.239130, 425.543478, 562.239130, 424.152174, 
            562.239130, 422.760870, 562.239130, 419.978261, 
            562.239130, 418.586957, 562.239130, 415.804348, 
            563.630435, 413.021739, 565.021739, 411.630435, 
            565.021739, 410.239130, 565.021739, 408.847826, 
            565.021739, 408.847826, 566.413043, 407.456522, 
            567.804348, 406.065217, 567.804348, 404.673913, 
            569.195652, 404.673913, 570.586957, 403.282609, 
            571.978261, 401.891304, 573.369565, 399.108696, 
            576.152174, 397.717391, 576.152174, 396.326087, 
            577.543478, 394.934783, 577.543478, 393.543478, 
            577.543478, 390.760870, 577.543478, 390.760870, 
            578.934783, 389.369565, 578.934783, 389.369565, 
            580.326087, 386.586957, 581.717391, 385.195652, 
            581.717391, 382.413043, 583.108696, 381.021739, 
            583.108696, 381.021739, 584.500000, 378.239130, 
            585.891304, 376.847826, 585.891304, 374.065217, 
            585.891304, 372.673913, 588.673913, 371.282609, 
            588.673913, 369.891304, 588.673913, 368.500000, 
            588.673913, 365.717391, 588.673913, 364.326087, 
            590.065217, 361.543478, 590.065217, 360.152174, 
            590.065217, 360.152174, 591.456522, 358.760870, 
