%YAML:1.0
    mask: !!opencv-matrix
        rows: 578
        cols: 2
        dt: f
        data: [ 314.239130, 716.673913, 317.021739, 
            716.673913, 318.413043, 716.673913, 318.413043, 
            713.891304, 319.804348, 713.891304, 321.195652, 
            712.500000, 322.586957, 712.500000, 323.978261, 
            712.500000, 325.369565, 712.500000, 326.760870, 
            712.500000, 328.152174, 712.500000, 329.543478, 
            712.500000, 330.934783, 713.891304, 333.717391, 
            716.673913, 335.108696, 718.065217, 336.500000, 
            719.456522, -1.000000, -1.000000, 888.847826, 
            718.065217, 890.239130, 718.065217, 893.021739, 
            718.065217, 895.804348, 716.673913, 899.978261, 
            715.282609, 901.369565, 713.891304, 902.760870, 
            713.891304, 905.543478, 712.500000, 906.934783, 
            711.108696, 909.717391, 709.717391, 911.108696, 
            709.717391, 912.500000, 708.326087, 915.282609, 
            708.326087, 918.065217, 705.543478, 920.847826, 
            705.543478, 923.630435, 704.152174, 927.804348, 
            701.369565, 929.195652, 701.369565, 930.586957, 
            701.369565, 931.978261, 699.978261, 933.369565, 
            699.978261, 936.152174, 699.978261, 938.934783, 
            699.978261, 940.326087, 699.978261, 941.717391, 
            699.978261, 943.108696, 699.978261, 944.500000, 
            699.978261, 945.891304, 699.978261, 947.282609, 
            699.978261, 950.065217, 699.978261, 952.847826, 
            699.978261, 954.239130, 699.978261, 959.804348, 
            699.978261, 961.195652, 699.978261, 965.369565, 
            699.978261, 968.152174, 699.978261, 969.543478, 
            699.978261, 970.934783, 699.978261, 972.326087, 
            699.978261, 973.717391, 699.978261, 975.108696, 
            699.978261, 976.500000, 699.978261, 977.891304, 
            699.978261, 980.673913, 699.978261, 982.065217, 
            699.978261, 984.847826, 701.369565, 987.630435, 
            701.369565, 990.413043, 701.369565, 991.804348, 
            701.369565, 993.195652, 701.369565, 995.978261, 
            702.760870, 998.760870, 702.760870, 1000.152174, 
            702.760870, 1000.152174, 704.152174, 1001.543478, 
            704.152174, 1004.326087, 705.543478, 1005.717391, 
            706.934783, 1007.108696, 706.934783, 1011.282609, 
            706.934783, 1012.673913, 708.326087, 1014.065217, 
            708.326087, 1015.456522, 709.717391, 1018.239130, 
            712.500000, 1019.630435, 712.500000, 1021.021739, 
            713.891304, 1022.413043, 716.673913, 1025.195652, 
            719.456522, -1.000000, -1.000000, 809.543478, 
            320.152174, 808.152174, 320.152174, 806.760870, 
            321.543478, 805.369565, 321.543478, 803.978261, 
            322.934783, 802.586957, 322.934783, 799.804348, 
            325.717391, 798.413043, 325.717391, 797.021739, 
            325.717391, 795.630435, 325.717391, 795.630435, 
            327.108696, 794.239130, 327.108696, 792.847826, 
            327.108696, 791.456522, 327.108696, 790.065217, 
            327.108696, 787.282609, 327.108696, 785.891304, 
            327.108696, 784.500000, 327.108696, 783.108696, 
            327.108696, 783.108696, 325.717391, 781.717391, 
            325.717391, 781.717391, 324.326087, 780.326087, 
            322.934783, 778.934783, 321.543478, 777.543478, 
            320.152174, 777.543478, 318.760870, 776.152174, 
            318.760870, 776.152174, 317.369565, 774.760870, 
            317.369565, 773.369565, 317.369565, 770.586957, 
            317.369565, 769.195652, 317.369565, 767.804348, 
            317.369565, 765.021739, 318.760870, 763.630435, 
            318.760870, 760.847826, 318.760870, 759.456522, 
            318.760870, 758.065217, 318.760870, 756.673913, 
            318.760870, 755.282609, 320.152174, 753.891304, 
            320.152174, 752.500000, 321.543478, 752.500000, 
            322.934783, 751.108696, 322.934783, 751.108696, 
            324.326087, 749.717391, 324.326087, 748.326087, 
            325.717391, 746.934783, 325.717391, 745.543478, 
            327.108696, 745.543478, 328.500000, 744.152174, 
            328.500000, 744.152174, 329.891304, 742.760870, 
            331.282609, 741.369565, 331.282609, 739.978261, 
            334.065217, 738.586957, 334.065217, 738.586957, 
            335.456522, 737.195652, 335.456522, 735.804348, 
            335.456522, 734.413043, 338.239130, 731.630435, 
            339.630435, 730.239130, 339.630435, 728.847826, 
            341.021739, 728.847826, 342.413043, 727.456522, 
            342.413043, 726.065217, 343.804348, 724.673913, 
            345.195652, 724.673913, 346.586957, 723.282609, 
            346.586957, 721.891304, 347.978261, 720.500000, 
            347.978261, 719.108696, 350.760870, 717.717391, 
            350.760870, 717.717391, 352.152174, 716.326087, 
            352.152174, 714.934783, 353.543478, 714.934783, 
            354.934783, 713.543478, 354.934783, 712.152174, 
            356.326087, 710.760870, 357.717391, 709.369565, 
            359.108696, 709.369565, 360.500000, 707.978261, 
            360.500000, 707.978261, 361.891304, 705.195652, 
            364.673913, 705.195652, 366.065217, 703.804348, 
            366.065217, 703.804348, 367.456522, 702.413043, 
            367.456522, 702.413043, 370.239130, 701.021739, 
            370.239130, 699.630435, 371.630435, 699.630435, 
            373.021739, 699.630435, 374.413043, 698.239130, 
            375.804348, 695.456522, 377.195652, 695.456522, 
            379.978261, 695.456522, 381.369565, 695.456522, 
            382.760870, 695.456522, 384.152174, 695.456522, 
            385.543478, 695.456522, 386.934783, 694.065217, 
            388.326087, 694.065217, 391.108696, 692.673913, 
            392.500000, 692.673913, 393.891304, 692.673913, 
            395.282609, 692.673913, 396.673913, 692.673913, 
            398.065217, 694.065217, 398.065217, 695.456522, 
            399.456522, 695.456522, 400.847826, 696.847826, 
            400.847826, 698.239130, 400.847826, 698.239130, 
            402.239130, 699.630435, 402.239130, 699.630435, 
            403.630435, 701.021739, 403.630435, 701.021739, 
            406.413043, 702.413043, 406.413043, 702.413043, 
            409.195652, 703.804348, 409.195652, 705.195652, 
            410.586957, 706.586957, 411.978261, 707.978261, 
            411.978261, 709.369565, 411.978261, 709.369565, 
            413.369565, 712.152174, 413.369565, 713.543478, 
            414.760870, 716.326087, 414.760870, 717.717391, 
            414.760870, 719.108696, 414.760870, 720.500000, 
            414.760870, 721.891304, 414.760870, 724.673913, 
            413.369565, 726.065217, 413.369565, 726.065217, 
            411.978261, 727.456522, 411.978261, 727.456522, 
            410.586957, 730.239130, 409.195652, 731.630435, 
            407.804348, 733.021739, 407.804348, 734.413043, 
            406.413043, 734.413043, 405.021739, 734.413043, 
            403.630435, 735.804348, 402.239130, 737.195652, 
            400.847826, 738.586957, 399.456522, 741.369565, 
            399.456522, 742.760870, 396.673913, 744.152174, 
            395.282609, 746.934783, 393.891304, 748.326087, 
            393.891304, 751.108696, 391.108696, 753.891304, 
            388.326087, 755.282609, 388.326087, 756.673913, 
            385.543478, 758.065217, 385.543478, 759.456522, 
            384.152174, 760.847826, 382.760870, 760.847826, 
            381.369565, 762.239130, 379.978261, 762.239130, 
            378.586957, 763.630435, 375.804348, 765.021739, 
            375.804348, 763.630435, 375.804348, 762.239130, 
            378.586957, 762.239130, 381.369565, 760.847826, 
            382.760870, 759.456522, 385.543478, 758.065217, 
            386.934783, 758.065217, 389.717391, 756.673913, 
