%YAML:1.0
    mask: !!opencv-matrix
        rows: 521
        cols: 2
        dt: f
        data: [ -1.000000, -1.000000, -1.000000, 
            -1.000000, 895.864238, 519.440397, 895.864238, 
            521.559603, 893.745033, 521.559603, 891.625828, 
            521.559603, 889.506623, 521.559603, 887.387417, 
            521.559603, 885.268212, 521.559603, 883.149007, 
            521.559603, 881.029801, 521.559603, 878.910596, 
            521.559603, 876.791391, 521.559603, 874.672185, 
            521.559603, 872.552980, 521.559603, 870.433775, 
            519.440397, 868.314570, 519.440397, 866.195364, 
            517.321192, 864.076159, 517.321192, 864.076159, 
            515.201987, 861.956954, 513.082781, 859.837748, 
            513.082781, 859.837748, 510.963576, 857.718543, 
            510.963576, 857.718543, 508.844371, 855.599338, 
            508.844371, 855.599338, 506.725166, 853.480132, 
            506.725166, 851.360927, 506.725166, 849.241722, 
            504.605960, 847.122517, 504.605960, 845.003311, 
            504.605960, 842.884106, 504.605960, 840.764901, 
            504.605960, 836.526490, 502.486755, 830.168874, 
            500.367550, 823.811258, 498.248344, 819.572848, 
            496.129139, 815.334437, 496.129139, 811.096026, 
            496.129139, 808.976821, 494.009934, 806.857616, 
            494.009934, 804.738411, 494.009934, 802.619205, 
            494.009934, 800.500000, 494.009934, 798.380795, 
            494.009934, 794.142384, 494.009934, 789.903974, 
            494.009934, 785.665563, 494.009934, 781.427152, 
            494.009934, 779.307947, 496.129139, 777.188742, 
            496.129139, 775.069536, 496.129139, 772.950331, 
            496.129139, 768.711921, 498.248344, 768.711921, 
            500.367550, 768.711921, 502.486755, 768.711921, 
            504.605960, 768.711921, 508.844371, 768.711921, 
            510.963576, 770.831126, 513.082781, 770.831126, 
            515.201987, 770.831126, 517.321192, 775.069536, 
            519.440397, 775.069536, 521.559603, 777.188742, 
            521.559603, 777.188742, 523.678808, 779.307947, 
            525.798013, 781.427152, 525.798013, 781.427152, 
            527.917219, 783.546358, 527.917219, 785.665563, 
            530.036424, 787.784768, 530.036424, 789.903974, 
            532.155629, 792.023179, 534.274834, 794.142384, 
            534.274834, 794.142384, 536.394040, 796.261589, 
            536.394040, 796.261589, 538.513245, 798.380795, 
            538.513245, 798.380795, 540.632450, 800.500000, 
            542.751656, 802.619205, 544.870861, 802.619205, 
            546.990066, 804.738411, 549.109272, 804.738411, 
            551.228477, 804.738411, 553.347682, 804.738411, 
            555.466887, 804.738411, 557.586093, 804.738411, 
            559.705298, 804.738411, 561.824503, 804.738411, 
            566.062914, 802.619205, 570.301325, 800.500000, 
            572.420530, 798.380795, 574.539735, 796.261589, 
            574.539735, 796.261589, 576.658940, 794.142384, 
            578.778146, 792.023179, 580.897351, 789.903974, 
            580.897351, 789.903974, 583.016556, 787.784768, 
            585.135762, 785.665563, 585.135762, 785.665563, 
            587.254967, 783.546358, 587.254967, 779.307947, 
            589.374172, 777.188742, 591.493377, 775.069536, 
            591.493377, 772.950331, 591.493377, 768.711921, 
            593.612583, 764.473510, 593.612583, 762.354305, 
            593.612583, 762.354305, 595.731788, 760.235099, 
            595.731788, 758.115894, 595.731788, 755.996689, 
            595.731788, 753.877483, 595.731788, 751.758278, 
            595.731788, 751.758278, 597.850993, 749.639073, 
            597.850993, 747.519868, 597.850993, 745.400662, 
            597.850993, 743.281457, 599.970199, 739.043046, 
            599.970199, 736.923841, 602.089404, 734.804636, 
            604.208609, 734.804636, 606.327815, 734.804636, 
            610.566225, 739.043046, 612.685430, 739.043046, 
            614.804636, 743.281457, 619.043046, 745.400662, 
            621.162252, 745.400662, 625.400662, 749.639073, 
            627.519868, 749.639073, 631.758278, 751.758278, 
            631.758278, 751.758278, 633.877483, 753.877483, 
            633.877483, 753.877483, 635.996689, 753.877483, 
            638.115894, 753.877483, 640.235099, 755.996689, 
            642.354305, 758.115894, 646.592715, 762.354305, 
            650.831126, 762.354305, 655.069536, 764.473510, 
            657.188742, 766.592715, 659.307947, 766.592715, 
            661.427152, 768.711921, 663.546358, 768.711921, 
            665.665563, 770.831126, 665.665563, 772.950331, 
            667.784768, 772.950331, 669.903974, 772.950331, 
            672.023179, 775.069536, 672.023179, 775.069536, 
            674.142384, 777.188742, 674.142384, 777.188742, 
            676.261589, 779.307947, 676.261589, 781.427152, 
            680.500000, 783.546358, 680.500000, 783.546358, 
            682.619205, 785.665563, 682.619205, 787.784768, 
            684.738411, 792.023179, 686.857616, 794.142384, 
            688.976821, 804.738411, 693.215232, 806.857616, 
            695.334437, 817.453642, 697.453642, 821.692053, 
            699.572848, 823.811258, 699.572848, 825.930464, 
            699.572848, 828.049669, 699.572848, 830.168874, 
            699.572848, 832.288079, 699.572848, 834.407285, 
            699.572848, 836.526490, 699.572848, 838.645695, 
            699.572848, 840.764901, 699.572848, 845.003311, 
            697.453642, 847.122517, 695.334437, 849.241722, 
            695.334437, 851.360927, 695.334437, 853.480132, 
            693.215232, 855.599338, 693.215232, 855.599338, 
            691.096026, 859.837748, 688.976821, 866.195364, 
            686.857616, 868.314570, 684.738411, 870.433775, 
            684.738411, 872.552980, 684.738411, 874.672185, 
            682.619205, 876.791391, 680.500000, 878.910596, 
            678.380795, 881.029801, 678.380795, 883.149007, 
            676.261589, 885.268212, 676.261589, 885.268212, 
            674.142384, 887.387417, 674.142384, 889.506623, 
            674.142384, 891.625828, 669.903974, 893.745033, 
            669.903974, 895.864238, 667.784768, 897.983444, 
            667.784768, 900.102649, 665.665563, 900.102649, 
            663.546358, 902.221854, 663.546358, 904.341060, 
            661.427152, 906.460265, 657.188742, 906.460265, 
            655.069536, 908.579470, 655.069536, 908.579470, 
            652.950331, 910.698675, 650.831126, 912.817881, 
            646.592715, 914.937086, 644.473510, 917.056291, 
            644.473510, 917.056291, 642.354305, 919.175497, 
            642.354305, 921.294702, 640.235099, 921.294702, 
            638.115894, 923.413907, 638.115894, 925.533113, 
            635.996689, 927.652318, 635.996689, 929.771523, 
            633.877483, 929.771523, 631.758278, 931.890728, 
            631.758278, 934.009934, 629.639073, 936.129139, 
            627.519868, 936.129139, 623.281457, 938.248344, 
            623.281457, 938.248344, 621.162252, 938.248344, 
            619.043046, 938.248344, 616.923841, 938.248344, 
            614.804636, 940.367550, 612.685430, 940.367550, 
            610.566225, 940.367550, 608.447020, 942.486755, 
            604.208609, 942.486755, 602.089404, 942.486755, 
            599.970199, 942.486755, 595.731788, 944.605960, 
            593.612583, 944.605960, 591.493377, 944.605960, 
            589.374172, 942.486755, 587.254967, 942.486755, 
            585.135762, 940.367550, 585.135762, 938.248344, 
            580.897351, 936.129139, 578.778146, 934.009934, 
            574.539735, 931.890728, 572.420530, 929.771523, 
            570.301325, 927.652318, 566.062914, 925.533113, 
            566.062914, 925.533113, 563.943709, 923.413907, 
            559.705298, 921.294702, 559.705298, 921.294702, 
