%YAML:1.0
    mask: !!opencv-matrix
        rows: 363
        cols: 2
        dt: f
        data: [ -1.000000, -1.000000, -1.000000, 
            -1.000000, 794.231959, 219.963918, 788.953608, 
            219.963918, 784.994845, 219.963918, 775.757732, 
            219.963918, 773.118557, 219.963918, 769.159794, 
            219.963918, 766.520619, 219.963918, 761.242268, 
            219.963918, 758.603093, 219.963918, 755.963918, 
            219.963918, 750.685567, 219.963918, 745.407216, 
            219.963918, 744.087629, 219.963918, 741.448454, 
            219.963918, 734.850515, 219.963918, 729.572165, 
            219.963918, 728.252577, 219.963918, 724.293814, 
            219.963918, 721.654639, 219.963918, 717.695876, 
            221.283505, 713.737113, 222.603093, 711.097938, 
            223.922680, 708.458763, 226.561856, 703.180412, 
            230.520619, 699.221649, 233.159794, 696.582474, 
            233.159794, 692.623711, 238.438144, 691.304124, 
            239.757732, 689.984536, 239.757732, 688.664948, 
            241.077320, 686.025773, 242.396907, 684.706186, 
            242.396907, 683.386598, 242.396907, 682.067010, 
            243.716495, 680.747423, 245.036082, 678.108247, 
            245.036082, 674.149485, 247.675258, 672.829897, 
            247.675258, 670.190722, 248.994845, 664.912371, 
            254.273196, 663.592784, 255.592784, 658.314433, 
            256.912371, 656.994845, 258.231959, 654.355670, 
            259.551546, 653.036082, 260.871134, 651.716495, 
            262.190722, 646.438144, 266.149485, 643.798969, 
            267.469072, 641.159794, 271.427835, 641.159794, 
            272.747423, 639.840206, 278.025773, 638.520619, 
            278.025773, 638.520619, 279.345361, 635.881443, 
            279.345361, 635.881443, 280.664948, 635.881443, 
            281.984536, 635.881443, 283.304124, 635.881443, 
            284.623711, 635.881443, 287.262887, 635.881443, 
            288.582474, 635.881443, 289.902062, 635.881443, 
            291.221649, 635.881443, 292.541237, 637.201031, 
            292.541237, 638.520619, 292.541237, 639.840206, 
            292.541237, 641.159794, 292.541237, 642.479381, 
            292.541237, 643.798969, 292.541237, 646.438144, 
            292.541237, 647.757732, 292.541237, 649.077320, 
            292.541237, 650.396907, 291.221649, 651.716495, 
            289.902062, 653.036082, 288.582474, 654.355670, 
            288.582474, 662.273196, 285.943299, 666.231959, 
            284.623711, 668.871134, 284.623711, 670.190722, 
            284.623711, 671.510309, 284.623711, 672.829897, 
            284.623711, 674.149485, 284.623711, 675.469072, 
            284.623711, 676.788660, 284.623711, 676.788660, 
            285.943299, 675.469072, 285.943299, 675.469072, 
            284.623711, 675.469072, 285.943299, 675.469072, 
            287.262887, 676.788660, 289.902062, 676.788660, 
            291.221649, 679.427835, 295.180412, 680.747423, 
            299.139175, 682.067010, 300.458763, 683.386598, 
            301.778351, 686.025773, 303.097938, 687.345361, 
            304.417526, 689.984536, 304.417526, 692.623711, 
            304.417526, 693.943299, 305.737113, 695.262887, 
            307.056701, 696.582474, 308.376289, 697.902062, 
            311.015464, 697.902062, 312.335052, 699.221649, 
            312.335052, 699.221649, 313.654639, 700.541237, 
            314.974227, 701.860825, 316.293814, 701.860825, 
            317.613402, 703.180412, 317.613402, 704.500000, 
            318.932990, 705.819588, 320.252577, 707.139175, 
            320.252577, 708.458763, 321.572165, 709.778351, 
            321.572165, 712.417526, 322.891753, 713.737113, 
            324.211340, 713.737113, 325.530928, 716.376289, 
            326.850515, 717.695876, 328.170103, 720.335052, 
            330.809278, 722.974227, 332.128866, 725.613402, 
            333.448454, 726.932990, 336.087629, 728.252577, 
            340.046392, 728.252577, 341.365979, 730.891753, 
            345.324742, 732.211340, 345.324742, 733.530928, 
            345.324742, 734.850515, 345.324742, 737.489691, 
            345.324742, 740.128866, 345.324742, 741.448454, 
            345.324742, 742.768041, 345.324742, 745.407216, 
            345.324742, 750.685567, 345.324742, 752.005155, 
            345.324742, 754.644330, 345.324742, 757.283505, 
            345.324742, 761.242268, 345.324742, 762.561856, 
            345.324742, 763.881443, 345.324742, 765.201031, 
            345.324742, 766.520619, 345.324742, 767.840206, 
            345.324742, 770.479381, 344.005155, 771.798969, 
            344.005155, 773.118557, 344.005155, 773.118557, 
            342.685567, 779.716495, 341.365979, 781.036082, 
            341.365979, 782.355670, 340.046392, 783.675258, 
            340.046392, 784.994845, 340.046392, 784.994845, 
            338.726804, 786.314433, 338.726804, 786.314433, 
            337.407216, 787.634021, 337.407216, 788.953608, 
            336.087629, 790.273196, 336.087629, 792.912371, 
            336.087629, 794.231959, 334.768041, 795.551546, 
            334.768041, 796.871134, 333.448454, 800.829897, 
            330.809278, 802.149485, 329.489691, 807.427835, 
            326.850515, 810.067010, 324.211340, 811.386598, 
            322.891753, 814.025773, 320.252577, 815.345361, 
            320.252577, 821.943299, 317.613402, 821.943299, 
            316.293814, 824.582474, 314.974227, 824.582474, 
            313.654639, 825.902062, 313.654639, 827.221649, 
            311.015464, 829.860825, 308.376289, 831.180412, 
            305.737113, 832.500000, 303.097938, 833.819588, 
            301.778351, 833.819588, 299.139175, 835.139175, 
            297.819588, 836.458763, 295.180412, 836.458763, 
            291.221649, 836.458763, 285.943299, 837.778351, 
            280.664948, 837.778351, 279.345361, 837.778351, 
            276.706186, 837.778351, 272.747423, 839.097938, 
            271.427835, 839.097938, 268.788660, 839.097938, 
            264.829897, 836.458763, 258.231959, 833.819588, 
            256.912371, 831.180412, 250.314433, 823.262887, 
            237.118557, 816.664948, 227.881443, 810.067010, 
            219.963918, -1.000000, -1.000000, 300.706186, 
            142.108247, 300.706186, 148.706186, 300.706186, 
            150.025773, 300.706186, 153.984536, 300.706186, 
            156.623711, 300.706186, 157.943299, 300.706186, 
            159.262887, 300.706186, 164.541237, 303.345361, 
            169.819588, 309.943299, 181.695876, 311.262887, 
            184.335052, 313.902062, 188.293814, 315.221649, 
            189.613402, 320.500000, 193.572165, 323.139175, 
            196.211340, 331.056701, 204.128866, 335.015464, 
            208.087629, 342.932990, 210.726804, 344.252577, 
            212.046392, 350.850515, 216.005155, 354.809278, 
            217.324742, 360.087629, 218.644330, 362.726804, 
            219.963918, 364.046392, 221.283505, 369.324742, 
            222.603093, 370.644330, 222.603093, 370.644330, 
            225.242268, 373.283505, 225.242268, 374.603093, 
            225.242268, 375.922680, 225.242268, 379.881443, 
            225.242268, 379.881443, 226.561856, 381.201031, 
            226.561856, 383.840206, 226.561856, 385.159794, 
            226.561856, 387.798969, 227.881443, 389.118557, 
            227.881443, 390.438144, 227.881443, 391.757732, 
            227.881443, 398.355670, 227.881443, 400.994845, 
            227.881443, 402.314433, 227.881443, 403.634021, 
            227.881443, 404.953608, 227.881443, 407.592784, 
            227.881443, 408.912371, 227.881443, 410.231959, 
            227.881443, 414.190722, 227.881443, 416.829897, 
            227.881443, 420.788660, 227.881443, 426.067010, 
            227.881443, 426.067010, 225.242268, 427.386598, 
            225.242268, 430.025773, 225.242268, 435.304124, 
            219.963918, 436.623711, 218.644330, 437.943299, 
