%YAML:1.0
    mask: !!opencv-matrix
        rows: 449
        cols: 2
        dt: f
        data: [ -1.000000, -1.000000, -1.000000, 
            -1.000000, 683.943709, 362.619205, 683.943709, 
            364.738411, 683.943709, 366.857616, 683.943709, 
            368.976821, 683.943709, 371.096026, 683.943709, 
            373.215232, 683.943709, 375.334437, 683.943709, 
            377.453642, 681.824503, 377.453642, 681.824503, 
            379.572848, 679.705298, 379.572848, 679.705298, 
            381.692053, 677.586093, 381.692053, 675.466887, 
            381.692053, 673.347682, 381.692053, 671.228477, 
            383.811258, 669.109272, 383.811258, 666.990066, 
            383.811258, 664.870861, 383.811258, 662.751656, 
            385.930464, 660.632450, 385.930464, 658.513245, 
            385.930464, 656.394040, 388.049669, 656.394040, 
            390.168874, 654.274834, 394.407285, 652.155629, 
            394.407285, 652.155629, 396.526490, 652.155629, 
            398.645695, 652.155629, 400.764901, 652.155629, 
            402.884106, 652.155629, 405.003311, 652.155629, 
            407.122517, 654.274834, 407.122517, 654.274834, 
            409.241722, 656.394040, 409.241722, 660.632450, 
            411.360927, 662.751656, 413.480132, 664.870861, 
            413.480132, 669.109272, 417.718543, 671.228477, 
            417.718543, 673.347682, 417.718543, 675.466887, 
            419.837748, 677.586093, 419.837748, 679.705298, 
            419.837748, 681.824503, 419.837748, 683.943709, 
            421.956954, 686.062914, 421.956954, 688.182119, 
            421.956954, 690.301325, 421.956954, 696.658940, 
            424.076159, 705.135762, 426.195364, 709.374172, 
            428.314570, 713.612583, 428.314570, 717.850993, 
            428.314570, 722.089404, 430.433775, 724.208609, 
            430.433775, 728.447020, 430.433775, 730.566225, 
            430.433775, 732.685430, 430.433775, 741.162252, 
            432.552980, 745.400662, 434.672185, 749.639073, 
            434.672185, 751.758278, 434.672185, 753.877483, 
            436.791391, 755.996689, 436.791391, 758.115894, 
            436.791391, 760.235099, 436.791391, 762.354305, 
            438.910596, 764.473510, 438.910596, 764.473510, 
            441.029801, 766.592715, 441.029801, 768.711921, 
            441.029801, 770.831126, 443.149007, 772.950331, 
            443.149007, 775.069536, 443.149007, 779.307947, 
            443.149007, 785.665563, 447.387417, 787.784768, 
            447.387417, 787.784768, 449.506623, 789.903974, 
            449.506623, 792.023179, 449.506623, 794.142384, 
            449.506623, 796.261589, 449.506623, 800.500000, 
            447.387417, 802.619205, 445.268212, 804.738411, 
            445.268212, 806.857616, 443.149007, 808.976821, 
            443.149007, 808.976821, 441.029801, 811.096026, 
            441.029801, 813.215232, 441.029801, 815.334437, 
            438.910596, 817.453642, 436.791391, 821.692053, 
            434.672185, 823.811258, 434.672185, 825.930464, 
            432.552980, 828.049669, 430.433775, 830.168874, 
            430.433775, 832.288079, 428.314570, 834.407285, 
            426.195364, 836.526490, 424.076159, 842.884106, 
            419.837748, 845.003311, 419.837748, 847.122517, 
            417.718543, 847.122517, 415.599338, 851.360927, 
            413.480132, 853.480132, 413.480132, 853.480132, 
            411.360927, 855.599338, 409.241722, 857.718543, 
            409.241722, 859.837748, 407.122517, 861.956954, 
            405.003311, 861.956954, 402.884106, 861.956954, 
            400.764901, 864.076159, 400.764901, 864.076159, 
            398.645695, 864.076159, 396.526490, 866.195364, 
            394.407285, 866.195364, 392.288079, 866.195364, 
            390.168874, 866.195364, 388.049669, 866.195364, 
            385.930464, 866.195364, 383.811258, 866.195364, 
            379.572848, 866.195364, 377.453642, 866.195364, 
            375.334437, 866.195364, 373.215232, 866.195364, 
            371.096026, 866.195364, 368.976821, 864.076159, 
            368.976821, 864.076159, 366.857616, 864.076159, 
            364.738411, 864.076159, 362.619205, 864.076159, 
            360.500000, 861.956954, 358.380795, 861.956954, 
            356.261589, 861.956954, 354.142384, 859.837748, 
            354.142384, 859.837748, 352.023179, 859.837748, 
            349.903974, 857.718543, 349.903974, 855.599338, 
            345.665563, 853.480132, 343.546358, 851.360927, 
            341.427152, 851.360927, 339.307947, 849.241722, 
            337.188742, 847.122517, 335.069536, 847.122517, 
            332.950331, 845.003311, 332.950331, 845.003311, 
            330.831126, 842.884106, 328.711921, 840.764901, 
            328.711921, 840.764901, 326.592715, 838.645695, 
            326.592715, 836.526490, 326.592715, 834.407285, 
            326.592715, 832.288079, 326.592715, 830.168874, 
            326.592715, 828.049669, 326.592715, 825.930464, 
            328.711921, 825.930464, 330.831126, 823.811258, 
            330.831126, 823.811258, 332.950331, 821.692053, 
            335.069536, 819.572848, 335.069536, 817.453642, 
            337.188742, 815.334437, 337.188742, 813.215232, 
            337.188742, 811.096026, 339.307947, 811.096026, 
            341.427152, 808.976821, 341.427152, 808.976821, 
            343.546358, 804.738411, 343.546358, 802.619205, 
            345.665563, 800.500000, 347.784768, 798.380795, 
            347.784768, 796.261589, 347.784768, 792.023179, 
            347.784768, 789.903974, 349.903974, 785.665563, 
            352.023179, 783.546358, 352.023179, 781.427152, 
            352.023179, 777.188742, 352.023179, 772.950331, 
            352.023179, 770.831126, 352.023179, 768.711921, 
            354.142384, 766.592715, 354.142384, 764.473510, 
            354.142384, 762.354305, 354.142384, 760.235099, 
            354.142384, 758.115894, 354.142384, 755.996689, 
            354.142384, 753.877483, 354.142384, 749.639073, 
            354.142384, 747.519868, 356.261589, 745.400662, 
            356.261589, 743.281457, 356.261589, 741.162252, 
            356.261589, 736.923841, 356.261589, 734.804636, 
            356.261589, 732.685430, 356.261589, 730.566225, 
            356.261589, 728.447020, 356.261589, 726.327815, 
            356.261589, 724.208609, 356.261589, 722.089404, 
            356.261589, 719.970199, 356.261589, 717.850993, 
            356.261589, 715.731788, 356.261589, 713.612583, 
            356.261589, 709.374172, 356.261589, 707.254967, 
            356.261589, 705.135762, 356.261589, 703.016556, 
            356.261589, 698.778146, 356.261589, 696.658940, 
            356.261589, 694.539735, 356.261589, 692.420530, 
            356.261589, 692.420530, 358.380795, 690.301325, 
            358.380795, 688.182119, 358.380795, -1.000000, 
            -1.000000, 423.281457, 424.076159, 425.400662, 
            424.076159, 427.519868, 424.076159, 431.758278, 
            424.076159, 433.877483, 424.076159, 433.877483, 
            426.195364, 438.115894, 426.195364, 440.235099, 
            426.195364, 442.354305, 428.314570, 444.473510, 
            430.433775, 448.711921, 430.433775, 450.831126, 
            432.552980, 452.950331, 432.552980, 457.188742, 
            434.672185, 459.307947, 436.791391, 461.427152, 
            436.791391, 465.665563, 436.791391, 465.665563, 
            438.910596, 467.784768, 438.910596, 469.903974, 
            441.029801, 472.023179, 441.029801, 476.261589, 
            443.149007, 478.380795, 443.149007, 480.500000, 
            443.149007, 482.619205, 443.149007, 484.738411, 
            445.268212, 486.857616, 445.268212, 486.857616, 
            447.387417, 491.096026, 447.387417, 493.215232, 
            447.387417, 495.334437, 447.387417, 497.453642, 
            449.506623, 499.572848, 449.506623, 501.692053, 
            449.506623, 503.811258, 449.506623, 505.930464, 
