%YAML:1.0
    mask: !!opencv-matrix
        rows: 2211
        cols: 2
        dt: f
        data: [ 343.777378, 688.941247, 344.800560, 
            687.918066, 345.823741, 687.918066, 346.846922, 
            686.894884, 348.893285, 685.871703, 348.893285, 
            684.848521, 350.939648, 684.848521, 355.032374, 
            682.802158, 356.055556, 682.802158, 361.171463, 
            680.755795, 365.264189, 678.709432, 366.287370, 
            678.709432, 369.356914, 677.686251, 372.426459, 
            677.686251, 374.472822, 676.663070, 376.519185, 
            675.639888, 379.588729, 675.639888, 383.681455, 
            675.639888, 387.774181, 674.616707, 393.913269, 
            674.616707, 398.005995, 673.593525, 402.098721, 
            672.570344, 405.168265, 671.547162, 407.214628, 
            670.523981, 409.260991, 669.500799, 412.330536, 
            667.454436, 415.400080, 665.408074, 417.446443, 
            663.361711, 422.562350, 660.292166, 425.631894, 
            657.222622, 427.678257, 656.199440, 430.747802, 
            653.129896, 433.817346, 650.060352, 435.863709, 
            648.013989, 436.886890, 646.990807, 437.910072, 
            645.967626, 440.979616, 642.898082, 443.025979, 
            640.851719, 446.095524, 638.805356, 448.141886, 
            636.758993, 454.280975, 632.666267, 456.327338, 
            630.619904, 458.373701, 629.596723, 458.373701, 
            628.573541, 461.443245, 626.527178, 466.559153, 
            623.457634, 470.651878, 621.411271, 474.744604, 
            619.364908, 479.860512, 616.295364, 480.883693, 
            615.272182, 483.953237, 613.225819, 487.022782, 
            612.202638, 489.069145, 610.156275, 492.138689, 
            607.086731, 493.161871, 607.086731, 495.208233, 
            605.040368, 498.277778, 604.017186, 498.277778, 
            602.994005, 500.324141, 600.947642, 503.393685, 
            598.901279, 503.393685, 596.854916, 507.486411, 
            594.808553, 509.532774, 593.785372, 510.555955, 
            591.739009, 513.625500, 590.715827, 516.695044, 
            588.669464, 520.787770, 585.599920, 523.857314, 
            584.576739, 523.857314, 583.553557, 527.950040, 
            581.507194, 531.019584, 580.484013, 536.135492, 
            578.437650, 539.205036, 577.414468, 544.320943, 
            575.368106, 549.436851, 573.321743, 552.506395, 
            571.275380, 556.599121, 571.275380, 556.599121, 
            570.252198, 561.715028, 568.205835, 565.807754, 
            567.182654, 567.854117, 566.159472, 571.946843, 
            564.113110, 577.062750, 562.066747, 580.132294, 
            560.020384, 587.294564, 556.950839, 590.364109, 
            554.904476, 595.480016, 553.881295, 596.503197, 
            552.858114, 599.572742, 551.834932, 602.642286, 
            550.811751, 603.665468, 549.788569, 606.735012, 
            548.765388, 609.804556, 547.742206, 610.827738, 
            546.719025, 612.874101, 546.719025, 613.897282, 
            544.672662, 614.920464, 544.672662, 616.966827, 
            543.649480, 619.013189, 542.626299, 620.036371, 
            541.603118, 621.059552, 540.579936, 622.082734, 
            539.556755, 624.129097, 537.510392, 626.175460, 
            536.487210, 626.175460, 535.464029, 627.198641, 
            533.417666, 629.245004, 532.394484, 630.268185, 
            530.348122, 631.291367, 528.301759, 631.291367, 
            527.278577, 631.291367, 526.255396, 632.314548, 
            524.209033, 632.314548, 523.185851, 632.314548, 
            521.139488, 632.314548, 520.116307, 631.291367, 
            518.069944, 631.291367, 517.046763, 630.268185, 
            515.000400, 630.268185, 513.977218, 628.221823, 
            513.977218, 627.198641, 512.954037, 626.175460, 
            512.954037, 625.152278, 512.954037, 625.152278, 
            511.930855, 624.129097, 511.930855, 623.105915, 
            510.907674, 622.082734, 509.884492, 620.036371, 
            508.861311, 620.036371, 507.838129, 619.013189, 
            507.838129, 617.990008, 507.838129, 616.966827, 
            507.838129, 614.920464, 507.838129, 613.897282, 
            507.838129, 612.874101, 508.861311, 610.827738, 
            508.861311, 609.804556, 509.884492, 608.781375, 
            509.884492, 607.758193, 509.884492, 606.735012, 
            509.884492, 605.711831, 510.907674, 603.665468, 
            511.930855, 601.619105, 511.930855, 598.549560, 
            512.954037, 595.480016, 512.954037, 593.433653, 
            513.977218, 592.410472, 513.977218, 589.340927, 
            515.000400, 586.271383, 516.023581, 584.225020, 
            517.046763, 581.155476, 519.093125, 580.132294, 
            519.093125, 578.085931, 520.116307, 577.062750, 
            520.116307, 576.039568, 521.139488, 573.993205, 
            522.162670, 571.946843, 522.162670, 569.900480, 
            523.185851, 567.854117, 523.185851, 564.784572, 
            523.185851, 561.715028, 523.185851, 560.691847, 
            523.185851, 557.622302, 524.209033, 554.552758, 
            525.232214, 553.529576, 525.232214, 552.506395, 
            525.232214, 550.460032, 526.255396, 549.436851, 
            526.255396, 548.413669, 526.255396, 545.344125, 
            527.278577, 544.320943, 527.278577, 542.274580, 
            528.301759, 540.228217, 529.324940, 539.205036, 
            529.324940, 536.135492, 531.371303, 534.089129, 
            531.371303, 533.065947, 532.394484, 532.042766, 
            532.394484, 531.019584, 532.394484, 529.996403, 
            532.394484, 528.973221, 533.417666, 526.926859, 
            533.417666, 525.903677, 534.440847, 523.857314, 
            534.440847, 522.834133, 535.464029, 520.787770, 
            535.464029, 519.764588, 535.464029, 518.741407, 
            535.464029, 516.695044, 536.487210, 514.648681, 
            536.487210, 512.602318, 536.487210, 510.555955, 
            537.510392, 508.509592, 537.510392, 507.486411, 
            537.510392, 505.440048, 538.533573, 503.393685, 
            538.533573, 502.370504, 538.533573, 500.324141, 
            538.533573, 499.300959, 538.533573, 498.277778, 
            538.533573, 497.254596, 538.533573, 496.231415, 
            538.533573, 495.208233, 538.533573, 494.185052, 
            537.510392, 492.138689, 537.510392, 491.115508, 
            537.510392, 490.092326, 536.487210, 488.045963, 
            536.487210, 488.045963, 535.464029, 485.999600, 
            534.440847, 483.953237, 533.417666, 482.930056, 
            533.417666, 480.883693, 531.371303, 479.860512, 
            530.348122, 477.814149, 529.324940, 475.767786, 
            528.301759, 474.744604, 527.278577, 472.698241, 
            525.232214, 471.675060, 523.185851, 469.628697, 
            520.116307, 467.582334, 518.069944, 466.559153, 
            516.023581, 466.559153, 515.000400, 465.535971, 
            512.954037, 464.512790, 509.884492, 464.512790, 
            506.814948, 463.489608, 502.722222, 463.489608, 
            501.699041, 463.489608, 500.675859, 463.489608, 
            498.629496, 463.489608, 497.606315, 463.489608, 
            496.583133, 463.489608, 494.536771, 463.489608, 
            492.490408, 463.489608, 490.444045, 464.512790, 
            487.374500, 465.535971, 487.374500, 466.559153, 
            484.304956, 467.582334, 481.235412, 469.628697, 
            479.189049, 469.628697, 476.119504, 470.651878, 
            476.119504, 470.651878, 474.073141, 470.651878, 
            472.026779, 471.675060, 471.003597, 471.675060, 
            468.957234, 472.698241, 465.887690, 472.698241, 
            462.818145, 472.698241, 460.771783, 472.698241, 
            459.748601, 472.698241, 458.725420, 473.721423, 
            455.655875, 473.721423, 454.632694, 473.721423, 
            452.586331, 473.721423, 449.516787, 473.721423, 
            446.447242, 473.721423, 444.400879, 473.721423, 
