%YAML:1.0
    mask: !!opencv-matrix
        rows: 643
        cols: 2
        dt: f
        data: [ 7.757732, 631.675258, 10.396907, 
            631.675258, 22.273196, 631.675258, 31.510309, 
            631.675258, 38.108247, 631.675258, 47.345361, 
            631.675258, 52.623711, 631.675258, 63.180412, 
            632.994845, 64.500000, 632.994845, 65.819588, 
            632.994845, 67.139175, 632.994845, 69.778351, 
            632.994845, 72.417526, 632.994845, 76.376289, 
            632.994845, 80.335052, 634.314433, 86.932990, 
            634.314433, 89.572165, 634.314433, 92.211340, 
            634.314433, 94.850515, 634.314433, 96.170103, 
            634.314433, 102.768041, 634.314433, 108.046392, 
            634.314433, 119.922680, 635.634021, 122.561856, 
            636.953608, 123.881443, 636.953608, 125.201031, 
            638.273196, 126.520619, 639.592784, 126.520619, 
            640.912371, 129.159794, 643.551546, 131.798969, 
            646.190722, 134.438144, 651.469072, 138.396907, 
            654.108247, 141.036082, 658.067010, 146.314433, 
            664.664948, 151.592784, 673.902062, 158.190722, 
            684.458763, 160.829897, 688.417526, 163.469072, 
            693.695876, 164.788660, 696.335052, 170.067010, 
            702.932990, 170.067010, 704.252577, 172.706186, 
            708.211340, 174.025773, 710.850515, 175.345361, 
            710.850515, 175.345361, 712.170103, 175.345361, 
            713.489691, 172.706186, 713.489691, 167.427835, 
            713.489691, 163.469072, 713.489691, 162.149485, 
            713.489691, 155.551546, 713.489691, 147.634021, 
            713.489691, 142.355670, 713.489691, 137.077320, 
            713.489691, 134.438144, 713.489691, 131.798969, 
            713.489691, 129.159794, 713.489691, 125.201031, 
            713.489691, 121.242268, 712.170103, 118.603093, 
            710.850515, 117.283505, 706.891753, 117.283505, 
            704.252577, 114.644330, 700.293814, 112.005155, 
            696.335052, 110.685567, 696.335052, 108.046392, 
            696.335052, 105.407216, 696.335052, 94.850515, 
            698.974227, 68.458763, 704.252577, 59.221649, 
            706.891753, 53.943299, 706.891753, 52.623711, 
            706.891753, 48.664948, 708.211340, 39.427835, 
            712.170103, 36.788660, 712.170103, 30.190722, 
            714.809278, 24.912371, 716.128866, 20.953608, 
            716.128866, 18.314433, 717.448454, 14.355670, 
            717.448454, 10.396907, 718.768041, 7.757732, 
            718.768041, 5.118557, 718.768041, -1.000000, 
            -1.000000, 819.304124, 642.231959, 810.067010, 
            640.912371, 806.108247, 639.592784, 792.912371, 
            636.953608, 783.675258, 635.634021, 778.396907, 
            632.994845, 771.798969, 631.675258, 765.201031, 
            630.355670, 754.644330, 629.036082, 748.046392, 
            625.077320, 740.128866, 623.757732, 730.891753, 
            619.798969, 719.015464, 617.159794, 707.139175, 
            611.881443, 701.860825, 609.242268, 696.582474, 
            606.603093, 687.345361, 602.644330, 676.788660, 
            600.005155, 670.190722, 596.046392, 666.231959, 
            593.407216, 662.273196, 590.768041, 656.994845, 
            588.128866, 653.036082, 584.170103, 651.716495, 
            582.850515, 645.118557, 577.572165, 641.159794, 
            573.613402, 638.520619, 570.974227, 634.561856, 
            567.015464, 622.685567, 555.139175, 617.407216, 
            551.180412, 606.850515, 541.943299, 600.252577, 
            534.025773, 593.654639, 527.427835, 588.376289, 
            524.788660, 585.737113, 523.469072, 584.417526, 
            520.829897, 580.458763, 519.510309, 576.500000, 
            515.551546, 569.902062, 511.592784, 567.262887, 
            508.953608, 564.623711, 507.634021, 561.984536, 
            506.314433, 560.664948, 504.994845, 560.664948, 
            503.675258, 559.345361, 502.355670, 559.345361, 
            499.716495, 560.664948, 497.077320, 563.304124, 
            495.757732, 565.943299, 495.757732, 572.541237, 
            494.438144, 575.180412, 494.438144, 577.819588, 
            494.438144, 584.417526, 495.757732, 588.376289, 
            497.077320, 592.335052, 498.396907, 596.293814, 
            499.716495, 598.932990, 499.716495, 604.211340, 
            502.355670, 610.809278, 504.994845, 614.768041, 
            506.314433, 624.005155, 508.953608, 631.922680, 
            512.912371, 641.159794, 515.551546, 647.757732, 
            516.871134, 655.675258, 519.510309, 659.634021, 
            520.829897, 663.592784, 522.149485, 666.231959, 
            523.469072, 668.871134, 523.469072, 670.190722, 
            523.469072, 674.149485, 522.149485, 676.788660, 
            522.149485, 679.427835, 520.829897, 683.386598, 
            520.829897, 686.025773, 518.190722, 688.664948, 
            514.231959, 689.984536, 511.592784, 689.984536, 
            510.273196, 689.984536, 507.634021, 691.304124, 
            503.675258, 691.304124, 497.077320, 689.984536, 
            490.479381, 687.345361, 481.242268, 683.386598, 
            473.324742, 682.067010, 469.365979, 680.747423, 
            466.726804, 679.427835, 462.768041, 678.108247, 
            461.448454, 678.108247, 460.128866, 678.108247, 
            458.809278, 676.788660, 456.170103, 674.149485, 
            453.530928, 674.149485, 452.211340, 672.829897, 
            452.211340, 672.829897, 456.170103, 668.871134, 
            465.407216, 667.551546, 468.046392, 666.231959, 
            470.685567, 664.912371, 472.005155, 663.592784, 
            472.005155, 662.273196, 473.324742, 659.634021, 
            473.324742, 658.314433, 473.324742, 655.675258, 
            473.324742, 653.036082, 470.685567, 651.716495, 
            462.768041, 651.716495, 454.850515, 651.716495, 
            449.572165, 651.716495, 444.293814, 651.716495, 
            442.974227, 649.077320, 445.613402, 647.757732, 
            448.252577, 643.798969, 453.530928, 638.520619, 
            462.768041, 633.242268, 472.005155, 631.922680, 
            474.644330, 631.922680, 477.283505, 630.603093, 
            481.242268, 629.283505, 485.201031, 629.283505, 
            490.479381, 629.283505, 491.798969, 627.963918, 
            494.438144, 626.644330, 494.438144, 625.324742, 
            494.438144, 622.685567, 494.438144, 617.407216, 
            494.438144, 613.448454, 494.438144, 612.128866, 
            494.438144, 610.809278, 495.757732, 606.850515, 
            495.757732, 605.530928, 495.757732, 604.211340, 
            495.757732, 602.891753, 495.757732, 600.252577, 
            494.438144, 598.932990, 491.798969, 597.613402, 
            489.159794, 597.613402, 483.881443, 596.293814, 
            481.242268, 596.293814, 478.603093, 593.654639, 
            475.963918, 589.695876, 473.324742, 587.056701, 
            473.324742, 583.097938, 473.324742, 577.819588, 
            473.324742, 576.500000, 473.324742, 573.860825, 
            473.324742, 569.902062, 472.005155, 568.582474, 
            470.685567, 567.262887, 470.685567, 564.623711, 
            469.365979, 563.304124, 469.365979, 561.984536, 
            468.046392, 560.664948, 465.407216, 560.664948, 
            464.087629, 560.664948, 462.768041, 560.664948, 
            460.128866, 560.664948, 458.809278, 560.664948, 
            454.850515, 560.664948, 446.932990, 561.984536, 
            441.654639, 561.984536, 439.015464, 563.304124, 
            437.695876, 563.304124, 427.139175, 563.304124, 
            419.221649, 564.623711, 412.623711, 565.943299, 
            406.025773, 567.262887, 402.067010, 567.262887, 
            399.427835, 567.262887, 398.108247, 568.582474, 
            396.788660, 572.541237, 390.190722, 573.860825, 
            387.551546, 579.139175, 382.273196, 580.458763, 
            379.634021, 584.417526, 375.675258, 588.376289, 
