%YAML:1.0
    mask: !!opencv-matrix
        rows: 381
        cols: 2
        dt: f
        data: [ -1.000000, -1.000000, 687.566347, 
            715.543965, 688.589528, 715.543965, 690.635891, 
            713.497602, 692.682254, 711.451239, 695.751799, 
            709.404876, 695.751799, 708.381695, 700.867706, 
            705.312150, 702.914069, 703.265787, 704.960432, 
            702.242606, 707.006795, 700.196243, 710.076339, 
            698.149880, 711.099520, 696.103517, 713.145883, 
            696.103517, 715.192246, 693.033973, 716.215428, 
            693.033973, 717.238609, 692.010791, 718.261791, 
            690.987610, 719.284972, 690.987610, 721.331335, 
            688.941247, 723.377698, 687.918066, 724.400879, 
            686.894884, 725.424061, 685.871703, 728.493605, 
            684.848521, 731.563149, 682.802158, 733.609512, 
            681.778977, 736.679057, 680.755795, 738.725420, 
            680.755795, 740.771783, 679.732614, 742.818145, 
            678.709432, 744.864508, 678.709432, 745.887690, 
            678.709432, 746.910871, 678.709432, 749.980416, 
            677.686251, 753.049960, 677.686251, 758.165867, 
            677.686251, 761.235412, 677.686251, 765.328137, 
            677.686251, 767.374500, 677.686251, 768.397682, 
            677.686251, 769.420863, 677.686251, 770.444045, 
            676.663070, 774.536771, 676.663070, 776.583133, 
            676.663070, 778.629496, 676.663070, 780.675859, 
            676.663070, 782.722222, 676.663070, 785.791767, 
            676.663070, 786.814948, 676.663070, 787.838129, 
            676.663070, 790.907674, 676.663070, 792.954037, 
            677.686251, 795.000400, 678.709432, 798.069944, 
            681.778977, 801.139488, 683.825340, 803.185851, 
            684.848521, 804.209033, 685.871703, 806.255396, 
            686.894884, 809.324940, 687.918066, 810.348122, 
            688.941247, 813.417666, 690.987610, 814.440847, 
            690.987610, 815.464029, 692.010791, 815.464029, 
            693.033973, 817.510392, 693.033973, 818.533573, 
            694.057154, 820.579936, 696.103517, 821.603118, 
            696.103517, 822.626299, 698.149880, 824.672662, 
            700.196243, 825.695843, 702.242606, 825.695843, 
            703.265787, 827.742206, 705.312150, 829.788569, 
            707.358513, 830.811751, 708.381695, 830.811751, 
            709.404876, 832.858114, 711.451239, 833.881295, 
            713.497602, 833.881295, 714.520783, 834.904476, 
            714.520783, -1.000000, -1.000000, 669.149081, 
            358.453637, 668.125899, 359.476819, 667.102718, 
            359.476819, 665.056355, 359.476819, 664.033173, 
            357.430456, 663.009992, 355.384093, 659.940448, 
            352.314548, 655.847722, 350.268185, 652.778177, 
            346.175460, 650.731815, 343.105915, 649.708633, 
            342.082734, 647.662270, 341.059552, 646.639089, 
            340.036371, 645.615907, 339.013189, 644.592726, 
            336.966827, 644.592726, 334.920464, 644.592726, 
            333.897282, 645.615907, 330.827738, 646.639089, 
            327.758193, 646.639089, 326.735012, 647.662270, 
            326.735012, 649.708633, 324.688649, 650.731815, 
            324.688649, 654.824540, 323.665468, 655.847722, 
            323.665468, 660.963629, 323.665468, 667.102718, 
            324.688649, 672.218625, 326.735012, 674.264988, 
            326.735012, 678.357714, 327.758193, 682.450440, 
            328.781375, 684.496803, 328.781375, 687.566347, 
            328.781375, 689.612710, 328.781375, 690.635891, 
            328.781375, 693.705436, 328.781375, 695.751799, 
            328.781375, 697.798161, 328.781375, 698.821343, 
            328.781375, 702.914069, 327.758193, 705.983613, 
            327.758193, 709.053157, 327.758193, 712.122702, 
            327.758193, 713.145883, 327.758193, 715.192246, 
            327.758193, 718.261791, 326.735012, 719.284972, 
            326.735012, 720.308153, 326.735012, 721.331335, 
            326.735012, 722.354516, 326.735012, 724.400879, 
            326.735012, 726.447242, 328.781375, 727.470424, 
            329.804556, 728.493605, 330.827738, 730.539968, 
            334.920464, 731.563149, 336.966827, 732.586331, 
            340.036371, 733.609512, 343.105915, 734.632694, 
            346.175460, 735.655875, 347.198641, 735.655875, 
            348.221823, 736.679057, 350.268185, 736.679057, 
            351.291367, 737.702238, 351.291367, 737.702238, 
            353.337730, 738.725420, 355.384093, 739.748601, 
            357.430456, 739.748601, 359.476819, 739.748601, 
            362.546363, 740.771783, 363.569544, 740.771783, 
            365.615907, 740.771783, 368.685452, 740.771783, 
            370.731815, 740.771783, 372.778177, 740.771783, 
            375.847722, 740.771783, 378.917266, 740.771783, 
            380.963629, 740.771783, 384.033173, 740.771783, 
            387.102718, 740.771783, 389.149081, 738.725420, 
            391.195444, 737.702238, 394.264988, 737.702238, 
            396.311351, 736.679057, 396.311351, 735.655875, 
            398.357714, 735.655875, 400.404077, 734.632694, 
            402.450440, 733.609512, 404.496803, 732.586331, 
            405.519984, 732.586331, 406.543165, 731.563149, 
            408.589528, 730.539968, 409.612710, 730.539968, 
            410.635891, 729.516787, 411.659073, 728.493605, 
            412.682254, 727.470424, 413.705436, 725.424061, 
            414.728617, 724.400879, 415.751799, 721.331335, 
            416.774980, 719.284972, 418.821343, 718.261791, 
            418.821343, 715.192246, 419.844524, 712.122702, 
            420.867706, 711.099520, 421.890887, 710.076339, 
            421.890887, 708.029976, 421.890887, 707.006795, 
            421.890887, 705.983613, 421.890887, 704.960432, 
            422.914069, 703.937250, 422.914069, 701.890887, 
            422.914069, 700.867706, 422.914069, 697.798161, 
            422.914069, 694.728617, 422.914069, 692.682254, 
            422.914069, 689.612710, 422.914069, 686.543165, 
            421.890887, 685.519984, 420.867706, 683.473621, 
            420.867706, 682.450440, 420.867706, 681.427258, 
            419.844524, 680.404077, 417.798161, 679.380895, 
            416.774980, 679.380895, 414.728617, 678.357714, 
            412.682254, 677.334532, 410.635891, 677.334532, 
            408.589528, 677.334532, 405.519984, 677.334532, 
            404.496803, 677.334532, 403.473621, 676.311351, 
            401.427258, 676.311351, 399.380895, 676.311351, 
            398.357714, 676.311351, 396.311351, 676.311351, 
            395.288169, 676.311351, 394.264988, 676.311351, 
            393.241807, 676.311351, 392.218625, 675.288169, 
            391.195444, 674.264988, 389.149081, 674.264988, 
            387.102718, 674.264988, 386.079536, 674.264988, 
            384.033173, 674.264988, 381.986811, 674.264988, 
            380.963629, 674.264988, 379.940448, 674.264988, 
            378.917266, 675.288169, 377.894085, 677.334532, 
            375.847722, 678.357714, 374.824540, 678.357714, 
            373.801359, 680.404077, 370.731815, 681.427258, 
            369.708633, 681.427258, 368.685452, 681.427258, 
            367.662270, 681.427258, 366.639089, 680.404077, 
            363.569544, 679.380895, 363.569544, 677.334532, 
            363.569544, 674.264988, 362.546363, 671.195444, 
            359.476819, 670.172262, 359.476819, -1.000000, 
            -1.000000, 487.022782, 383.009992, 485.999600, 
            385.056355, 483.953237, 387.102718, 481.906875, 
            390.172262, 480.883693, 391.195444, 477.814149, 
            393.241807, 475.767786, 395.288169, 474.744604, 
            397.334532, 473.721423, 398.357714, 472.698241, 
            399.380895, 472.698241, 400.404077, 471.675060, 
            400.404077, 471.675060, 401.427258, 469.628697, 
            404.496803, 468.605516, 407.566347, 468.605516, 
