%YAML:1.0
    mask: !!opencv-matrix
        rows: 614
        cols: 2
        dt: f
        data: [ 14.355670, 654.108247, 20.953608, 
            651.469072, 30.190722, 648.829897, 44.706186, 
            644.871134, 49.984536, 643.551546, 63.180412, 
            640.912371, 75.056701, 639.592784, 81.654639, 
            638.273196, 92.211340, 638.273196, 102.768041, 
            638.273196, 106.726804, 638.273196, 112.005155, 
            638.273196, 129.159794, 640.912371, 138.396907, 
            643.551546, 141.036082, 644.871134, 143.675258, 
            646.190722, 147.634021, 648.829897, 148.953608, 
            650.149485, 154.231959, 652.788660, 158.190722, 
            656.747423, 162.149485, 660.706186, 166.108247, 
            663.345361, 170.067010, 667.304124, 177.984536, 
            672.582474, 181.943299, 675.221649, 192.500000, 
            683.139175, 199.097938, 685.778351, 208.335052, 
            692.376289, 216.252577, 696.335052, 224.170103, 
            700.293814, 233.407216, 704.252577, 246.603093, 
            706.891753, 255.840206, 706.891753, 255.840206, 
            705.572165, 255.840206, 701.613402, 253.201031, 
            692.376289, 247.922680, 683.139175, 240.005155, 
            672.582474, 234.726804, 667.304124, 229.448454, 
            662.025773, 214.932990, 647.510309, 210.974227, 
            644.871134, 204.376289, 636.953608, 195.139175, 
            627.716495, 189.860825, 619.798969, 181.943299, 
            611.881443, 172.706186, 603.963918, 160.829897, 
            592.087629, 148.953608, 582.850515, 138.396907, 
            573.613402, 133.118557, 569.654639, 125.201031, 
            561.737113, 122.561856, 559.097938, 114.644330, 
            549.860825, 106.726804, 541.943299, 104.087629, 
            539.304124, 100.128866, 536.664948, 90.891753, 
            530.067010, 84.293814, 527.427835, 77.695876, 
            524.788660, 67.139175, 522.149485, 57.902062, 
            520.829897, 53.943299, 519.510309, 44.706186, 
            519.510309, 34.149485, 519.510309, 26.231959, 
            518.190722, 22.273196, 518.190722, 15.675258, 
            518.190722, 11.716495, 518.190722, 9.077320, 
            519.510309, 6.438144, 519.510309, 5.118557, 
            519.510309, 3.798969, 519.510309, 2.479381, 
            519.510309, -1.000000, -1.000000, 724.293814, 
            717.448454, 717.695876, 713.489691, 708.458763, 
            709.530928, 704.500000, 708.211340, 701.860825, 
            706.891753, 697.902062, 705.572165, 696.582474, 
            705.572165, 693.943299, 704.252577, 692.623711, 
            704.252577, 689.984536, 704.252577, 684.706186, 
            704.252577, 679.427835, 704.252577, 678.108247, 
            704.252577, 675.469072, 704.252577, 670.190722, 
            704.252577, 668.871134, 704.252577, 666.231959, 
            704.252577, 662.273196, 704.252577, 660.953608, 
            704.252577, 655.675258, 705.572165, 647.757732, 
            706.891753, 645.118557, 706.891753, 635.881443, 
            708.211340, 631.922680, 708.211340, 629.283505, 
            708.211340, 626.644330, 708.211340, 625.324742, 
            708.211340, 622.685567, 708.211340, 620.046392, 
            708.211340, 620.046392, 706.891753, 617.407216, 
            704.252577, 616.087629, 702.932990, 616.087629, 
            700.293814, 616.087629, 698.974227, 616.087629, 
            697.654639, 616.087629, 695.015464, 616.087629, 
            688.417526, 617.407216, 684.458763, 618.726804, 
            677.860825, 621.365979, 671.262887, 622.685567, 
            662.025773, 622.685567, 659.386598, 624.005155, 
            656.747423, 625.324742, 651.469072, 625.324742, 
            647.510309, 625.324742, 643.551546, 625.324742, 
            640.912371, 626.644330, 636.953608, 626.644330, 
            634.314433, 627.963918, 626.396907, 629.283505, 
            623.757732, 629.283505, 619.798969, 630.603093, 
            614.520619, 630.603093, 613.201031, 630.603093, 
            611.881443, 630.603093, 609.242268, 629.283505, 
            609.242268, 626.644330, 607.922680, 624.005155, 
            606.603093, 622.685567, 602.644330, 622.685567, 
            600.005155, 622.685567, 597.365979, 624.005155, 
            592.087629, 627.963918, 588.128866, 633.242268, 
            578.891753, 637.201031, 574.932990, 639.840206, 
            570.974227, 643.798969, 567.015464, 647.757732, 
            563.056701, 651.716495, 556.458763, 654.355670, 
            553.819588, 656.994845, 551.180412, 662.273196, 
            543.262887, 663.592784, 541.943299, 668.871134, 
            536.664948, 671.510309, 534.025773, 675.469072, 
            531.386598, 676.788660, 530.067010, 678.108247, 
            528.747423, 680.747423, 528.747423, 684.706186, 
            526.108247, 692.623711, 523.469072, 693.943299, 
            523.469072, 696.582474, 520.829897, 700.541237, 
            519.510309, 704.500000, 518.190722, 719.015464, 
            518.190722, 728.252577, 516.871134, 733.530928, 
            516.871134, 736.170103, 516.871134, 741.448454, 
            516.871134, 745.407216, 516.871134, 765.201031, 
            520.829897, 770.479381, 520.829897, 775.757732, 
            520.829897, 782.355670, 520.829897, 792.912371, 
            520.829897, 803.469072, 520.829897, 814.025773, 
            520.829897, 829.860825, 526.108247, 845.695876, 
            535.345361, 850.974227, 537.984536, 854.932990, 
            540.623711, 856.252577, 541.943299, 862.850515, 
            544.582474, 868.128866, 547.221649, 874.726804, 
            551.180412, 878.685567, 552.500000, 881.324742, 
            555.139175, 887.922680, 557.778351, 897.159794, 
            561.737113, 903.757732, 565.695876, 911.675258, 
            569.654639, 938.067010, 581.530928, 945.984536, 
            585.489691, 959.180412, 589.448454, 973.695876, 
            596.046392, 976.335052, 596.046392, 981.613402, 
            598.685567, 982.932990, 600.005155, 997.448454, 
            607.922680, 1000.087629, 609.242268, 1002.726804, 
            609.242268, 1010.644330, 614.520619, 1011.963918, 
            615.840206, 1017.242268, 619.798969, 1025.159794, 
            623.757732, 1029.118557, 626.396907, 1033.077320, 
            630.355670, 1040.994845, 635.634021, 1046.273196, 
            639.592784, 1056.829897, 646.190722, 1060.788660, 
            650.149485, 1071.345361, 659.386598, 1083.221649, 
            668.623711, 1085.860825, 669.943299, 1091.139175, 
            673.902062, 1100.376289, 679.180412, 1101.695876, 
            679.180412, 1110.932990, 684.458763, 1114.891753, 
            687.097938, 1118.850515, 689.737113, 1122.809278, 
            692.376289, 1126.768041, 695.015464, 1133.365979, 
            698.974227, 1138.644330, 701.613402, 1145.242268, 
            708.211340, 1149.201031, 709.530928, 1149.201031, 
            710.850515, 1150.520619, 710.850515, 1151.840206, 
            710.850515, 1153.159794, 712.170103, 1155.798969, 
            713.489691, 1158.438144, 714.809278, 1159.757732, 
            714.809278, -1.000000, -1.000000, 675.469072, 
            279.345361, 668.871134, 284.623711, 664.912371, 
            287.262887, 662.273196, 291.221649, 658.314433, 
            293.860825, 655.675258, 297.819588, 643.798969, 
            308.376289, 641.159794, 311.015464, 635.881443, 
            316.293814, 634.561856, 318.932990, 629.283505, 
            324.211340, 627.963918, 326.850515, 622.685567, 
            330.809278, 618.726804, 334.768041, 616.087629, 
            337.407216, 612.128866, 342.685567, 610.809278, 
            345.324742, 608.170103, 346.644330, 604.211340, 
            354.561856, 601.572165, 357.201031, 596.293814, 
            366.438144, 591.015464, 373.036082, 588.376289, 
            376.994845, 585.737113, 380.953608, 581.778351, 
            384.912371, 579.139175, 388.871134, 577.819588, 
