%YAML:1.0
    mask: !!opencv-matrix
        rows: 455
        cols: 2
        dt: f
        data: [ 188.541237, 592.087629, 191.180412, 
            586.809278, 197.778351, 581.530928, 203.056701, 
            576.252577, 212.293814, 569.654639, 218.891753, 
            564.376289, 224.170103, 561.737113, 234.726804, 
            557.778351, 238.685567, 553.819588, 242.644330, 
            549.860825, 242.644330, 548.541237, 246.603093, 
            541.943299, 247.922680, 536.664948, 251.881443, 
            531.386598, 254.520619, 524.788660, 257.159794, 
            518.190722, 258.479381, 515.551546, 261.118557, 
            511.592784, 262.438144, 507.634021, 269.036082, 
            495.757732, 271.675258, 487.840206, 276.953608, 
            479.922680, 279.592784, 474.644330, 283.551546, 
            466.726804, 287.510309, 458.809278, 290.149485, 
            454.850515, 292.788660, 449.572165, 298.067010, 
            440.335052, 300.706186, 436.376289, 302.025773, 
            431.097938, 305.984536, 424.500000, 309.943299, 
            413.943299, 311.262887, 409.984536, 313.902062, 
            403.386598, 316.541237, 395.469072, 320.500000, 
            387.551546, 321.819588, 386.231959, 324.458763, 
            379.634021, 324.458763, 378.314433, 325.778351, 
            376.994845, 327.097938, 375.675258, 329.737113, 
            371.716495, 331.056701, 367.757732, 332.376289, 
            367.757732, 333.695876, 365.118557, 335.015464, 
            362.479381, 337.654639, 357.201031, 338.974227, 
            355.881443, 340.293814, 353.242268, 344.252577, 
            350.603093, 348.211340, 347.963918, 358.768041, 
            341.365979, 364.046392, 337.407216, 364.046392, 
            336.087629, 366.685567, 334.768041, 368.005155, 
            334.768041, 370.644330, 333.448454, 370.644330, 
            332.128866, 373.283505, 330.809278, 374.603093, 
            328.170103, 375.922680, 326.850515, 378.561856, 
            322.891753, 381.201031, 320.252577, 385.159794, 
            314.974227, 386.479381, 313.654639, 389.118557, 
            311.015464, 390.438144, 309.695876, 394.396907, 
            307.056701, 397.036082, 303.097938, 398.355670, 
            301.778351, 402.314433, 295.180412, 403.634021, 
            292.541237, 404.953608, 292.541237, 404.953608, 
            291.221649, 404.953608, 289.902062, 404.953608, 
            288.582474, 400.994845, 287.262887, 397.036082, 
            285.943299, 393.077320, 285.943299, 387.798969, 
            284.623711, 382.520619, 283.304124, 377.242268, 
            283.304124, 370.644330, 281.984536, 364.046392, 
            280.664948, 357.448454, 280.664948, 352.170103, 
            280.664948, 349.530928, 280.664948, 344.252577, 
            280.664948, 338.974227, 280.664948, 331.056701, 
            279.345361, 327.097938, 279.345361, 321.819588, 
            279.345361, 319.180412, 279.345361, 307.304124, 
            279.345361, 302.025773, 278.025773, 295.427835, 
            278.025773, 287.510309, 278.025773, 279.592784, 
            278.025773, 266.396907, 275.386598, 257.159794, 
            274.067010, 249.242268, 274.067010, 237.365979, 
            272.747423, 230.768041, 272.747423, 218.891753, 
            272.747423, 213.613402, 272.747423, 210.974227, 
            272.747423, 205.695876, 272.747423, 199.097938, 
            272.747423, 195.139175, 272.747423, 188.541237, 
            274.067010, 187.221649, 274.067010, 183.262887, 
            274.067010, 179.304124, 275.386598, 176.664948, 
            276.706186, 172.706186, 278.025773, 168.747423, 
            280.664948, 167.427835, 281.984536, 164.788660, 
            285.943299, 163.469072, 287.262887, 160.829897, 
            291.221649, 159.510309, 292.541237, 159.510309, 
            293.860825, 156.871134, 296.500000, 154.231959, 
            301.778351, 152.912371, 305.737113, 150.273196, 
            314.974227, 147.634021, 322.891753, 146.314433, 
            328.170103, 144.994845, 334.768041, 143.675258, 
            337.407216, 142.355670, 341.365979, 142.355670, 
            344.005155, 139.716495, 350.603093, 138.396907, 
            353.242268, 135.757732, 362.479381, 135.757732, 
            366.438144, 133.118557, 371.716495, 130.479381, 
            379.634021, 130.479381, 388.871134, 129.159794, 
            396.788660, 127.840206, 403.386598, 127.840206, 
            408.664948, 126.520619, 412.623711, 123.881443, 
            423.180412, 121.242268, 432.417526, 118.603093, 
            446.932990, 117.283505, 450.891753, 115.963918, 
            456.170103, 114.644330, 458.809278, 113.324742, 
            465.407216, 110.685567, 472.005155, 108.046392, 
            481.242268, 101.448454, 491.798969, 100.128866, 
            495.757732, 97.489691, 499.716495, 97.489691, 
            501.036082, 96.170103, 502.355670, -1.000000, 
            -1.000000, 680.747423, 493.118557, 676.788660, 
            486.520619, 675.469072, 482.561856, 674.149485, 
            482.561856, 672.829897, 479.922680, 672.829897, 
            477.283505, 670.190722, 472.005155, 668.871134, 
            468.046392, 668.871134, 462.768041, 667.551546, 
            456.170103, 666.231959, 452.211340, 666.231959, 
            450.891753, 664.912371, 449.572165, 662.273196, 
            445.613402, 658.314433, 436.376289, 656.994845, 
            432.417526, 653.036082, 428.458763, 647.757732, 
            423.180412, 646.438144, 421.860825, 641.159794, 
            417.902062, 638.520619, 415.262887, 631.922680, 
            411.304124, 626.644330, 408.664948, 624.005155, 
            407.345361, 620.046392, 406.025773, 613.448454, 
            402.067010, 609.489691, 398.108247, 609.489691, 
            396.788660, 609.489691, 394.149485, 609.489691, 
            390.190722, 610.809278, 387.551546, 610.809278, 
            386.231959, 610.809278, 384.912371, 610.809278, 
            382.273196, 610.809278, 378.314433, 609.489691, 
            375.675258, 605.530928, 373.036082, 602.891753, 
            370.396907, 596.293814, 367.757732, 594.974227, 
            367.757732, 593.654639, 366.438144, 588.376289, 
            366.438144, 585.737113, 366.438144, 583.097938, 
            365.118557, 581.778351, 362.479381, 579.139175, 
            350.603093, 577.819588, 347.963918, 575.180412, 
            345.324742, 561.984536, 345.324742, 559.345361, 
            346.644330, 558.025773, 346.644330, 554.067010, 
            344.005155, 551.427835, 341.365979, 550.108247, 
            341.365979, 547.469072, 340.046392, 544.829897, 
            338.726804, 543.510309, 338.726804, 543.510309, 
            337.407216, 547.469072, 336.087629, 551.427835, 
            333.448454, 561.984536, 326.850515, 568.582474, 
            321.572165, 568.582474, 320.252577, 569.902062, 
            318.932990, 569.902062, 317.613402, 569.902062, 
            314.974227, 568.582474, 311.015464, 564.623711, 
            307.056701, 563.304124, 305.737113, 560.664948, 
            303.097938, 558.025773, 303.097938, 556.706186, 
            303.097938, 555.386598, 301.778351, 555.386598, 
            300.458763, 555.386598, 299.139175, 556.706186, 
            296.500000, 558.025773, 293.860825, 560.664948, 
            292.541237, 561.984536, 291.221649, 567.262887, 
            289.902062, 568.582474, 288.582474, 572.541237, 
            285.943299, 576.500000, 280.664948, 576.500000, 
            279.345361, 576.500000, 274.067010, 576.500000, 
            271.427835, 575.180412, 266.149485, 575.180412, 
            264.829897, 573.860825, 263.510309, 573.860825, 
            259.551546, 573.860825, 258.231959, 575.180412, 
            255.592784, 576.500000, 252.953608, 577.819588, 
            248.994845, 579.139175, 248.994845, 581.778351, 
            247.675258, 584.417526, 247.675258, 588.376289, 
            247.675258, 589.695876, 247.675258, 593.654639, 
