%YAML:1.0
    mask: !!opencv-matrix
        rows: 456
        cols: 2
        dt: f
        data: [ -1.000000, -1.000000, 730.891753, 
            710.850515, 715.056701, 701.613402, 711.097938, 
            698.974227, 705.819588, 696.335052, 697.902062, 
            692.376289, 688.664948, 688.417526, 684.706186, 
            687.097938, 676.788660, 684.458763, 674.149485, 
            683.139175, 670.190722, 681.819588, 664.912371, 
            679.180412, 654.355670, 675.221649, 646.438144, 
            672.582474, 639.840206, 664.664948, 633.242268, 
            660.706186, 630.603093, 656.747423, 627.963918, 
            655.427835, 624.005155, 651.469072, 621.365979, 
            647.510309, 618.726804, 644.871134, 617.407216, 
            640.912371, 617.407216, 639.592784, 617.407216, 
            634.314433, 617.407216, 632.994845, 618.726804, 
            632.994845, 620.046392, 632.994845, 624.005155, 
            632.994845, 625.324742, 632.994845, 626.644330, 
            632.994845, 630.603093, 631.675258, 631.922680, 
            631.675258, 635.881443, 631.675258, 638.520619, 
            630.355670, 641.159794, 630.355670, 656.994845, 
            630.355670, 658.314433, 630.355670, 660.953608, 
            630.355670, 664.912371, 630.355670, 672.829897, 
            630.355670, 679.427835, 630.355670, 686.025773, 
            632.994845, 687.345361, 634.314433, 689.984536, 
            634.314433, 697.902062, 636.953608, 700.541237, 
            638.273196, 705.819588, 643.551546, 711.097938, 
            646.190722, 712.417526, 646.190722, 715.056701, 
            648.829897, 717.695876, 650.149485, 721.654639, 
            650.149485, 726.932990, 650.149485, 729.572165, 
            650.149485, 736.170103, 650.149485, 741.448454, 
            650.149485, 749.365979, 644.871134, 755.963918, 
            638.273196, 759.922680, 635.634021, 762.561856, 
            631.675258, 769.159794, 622.438144, 770.479381, 
            621.118557, 771.798969, 619.798969, 771.798969, 
            617.159794, 773.118557, 615.840206, 773.118557, 
            614.520619, 773.118557, 613.201031, 773.118557, 
            611.881443, 761.242268, 609.242268, 757.283505, 
            607.922680, 754.644330, 607.922680, 750.685567, 
            607.922680, 745.407216, 610.561856, 740.128866, 
            615.840206, 730.891753, 621.118557, 724.293814, 
            625.077320, 719.015464, 626.396907, 716.376289, 
            627.716495, 708.458763, 630.355670, 704.500000, 
            631.675258, 699.221649, 631.675258, 692.623711, 
            631.675258, 689.984536, 631.675258, 688.664948, 
            631.675258, 686.025773, 626.396907, 686.025773, 
            622.438144, 686.025773, 618.479381, 686.025773, 
            617.159794, 687.345361, 617.159794, 687.345361, 
            614.520619, 697.902062, 605.283505, 704.500000, 
            598.685567, 707.139175, 596.046392, 713.737113, 
            589.448454, 716.376289, 588.128866, 719.015464, 
            586.809278, 720.335052, 584.170103, 722.974227, 
            582.850515, 724.293814, 581.530928, 724.293814, 
            580.211340, 725.613402, 578.891753, 725.613402, 
            577.572165, 725.613402, 576.252577, 725.613402, 
            574.932990, 725.613402, 569.654639, 724.293814, 
            563.056701, 724.293814, 561.737113, 722.974227, 
            559.097938, 721.654639, 556.458763, 720.335052, 
            553.819588, 717.695876, 552.500000, 712.417526, 
            551.180412, 705.819588, 551.180412, 701.860825, 
            551.180412, 693.943299, 552.500000, 691.304124, 
            552.500000, 687.345361, 553.819588, 682.067010, 
            555.139175, 678.108247, 557.778351, 666.231959, 
            563.056701, 659.634021, 565.695876, 655.675258, 
            567.015464, 650.396907, 568.335052, 642.479381, 
            568.335052, 641.159794, 568.335052, 639.840206, 
            568.335052, 639.840206, 565.695876, 639.840206, 
            564.376289, 639.840206, 561.737113, 646.438144, 
            559.097938, 647.757732, 557.778351, 653.036082, 
            555.139175, 655.675258, 553.819588, 662.273196, 
            549.860825, 666.231959, 544.582474, 670.190722, 
            543.262887, 674.149485, 541.943299, 675.469072, 
            541.943299, 679.427835, 540.623711, 684.706186, 
            536.664948, 689.984536, 535.345361, 697.902062, 
            532.706186, 701.860825, 530.067010, 704.500000, 
            530.067010, 707.139175, 528.747423, 721.654639, 
            524.788660, 728.252577, 523.469072, 733.530928, 
            522.149485, 736.170103, 520.829897, 738.809278, 
            520.829897, 744.087629, 520.829897, 746.726804, 
            520.829897, 755.963918, 520.829897, 788.953608, 
            527.427835, 796.871134, 531.386598, 811.386598, 
            537.984536, 817.984536, 541.943299, 821.943299, 
            543.262887, 824.582474, 544.582474, 837.778351, 
            549.860825, 845.695876, 553.819588, 856.252577, 
            560.417526, 865.489691, 567.015464, 868.128866, 
            569.654639, 874.726804, 572.293814, 885.283505, 
            580.211340, 889.242268, 584.170103, 890.561856, 
            585.489691, 894.520619, 589.448454, 911.675258, 
            607.922680, 924.871134, 619.798969, 938.067010, 
            632.994845, 945.984536, 639.592784, 956.541237, 
            651.469072, 964.458763, 660.706186, 968.417526, 
            665.984536, 972.376289, 671.262887, 989.530928, 
            692.376289, 990.850515, 693.695876, 992.170103, 
            695.015464, 997.448454, 701.613402, 998.768041, 
            704.252577, 1000.087629, 705.572165, 1001.407216, 
            706.891753, 1006.685567, 710.850515, 1013.283505, 
            716.128866, 1017.242268, 718.768041, -1.000000, 
            -1.000000, 660.953608, 8.829897, 660.953608, 
            14.108247, 660.953608, 16.747423, 660.953608, 
            19.386598, 662.273196, 22.025773, 662.273196, 
            23.345361, 662.273196, 24.664948, 662.273196, 
            25.984536, 662.273196, 28.623711, 662.273196, 
            31.262887, 660.953608, 32.582474, 659.634021, 
            37.860825, 659.634021, 43.139175, 659.634021, 
            48.417526, 658.314433, 57.654639, 655.675258, 
            62.932990, 654.355670, 68.211340, 654.355670, 
            70.850515, 653.036082, 76.128866, 653.036082, 
            78.768041, 653.036082, 81.407216, 653.036082, 
            86.685567, 653.036082, 89.324742, 653.036082, 
            90.644330, 653.036082, 97.242268, 653.036082, 
            99.881443, 653.036082, 101.201031, 654.355670, 
            106.479381, 655.675258, 111.757732, 656.994845, 
            113.077320, 658.314433, 114.396907, 660.953608, 
            117.036082, 663.592784, 120.994845, 663.592784, 
            122.314433, 664.912371, 122.314433, 664.912371, 
            123.634021, 667.551546, 124.953608, 667.551546, 
            126.273196, 668.871134, 127.592784, 670.190722, 
            130.231959, 671.510309, 130.231959, 674.149485, 
            130.231959, 674.149485, 131.551546, 676.788660, 
            131.551546, 678.108247, 131.551546, 679.427835, 
            131.551546, 682.067010, 130.231959, 687.345361, 
            124.953608, 691.304124, 122.314433, 692.623711, 
            120.994845, 695.262887, 119.675258, 696.582474, 
            117.036082, 699.221649, 114.396907, 701.860825, 
            111.757732, 703.180412, 110.438144, 705.819588, 
            109.118557, 707.139175, 106.479381, 707.139175, 
            103.840206, 708.458763, 101.201031, 708.458763, 
            95.922680, 709.778351, 84.046392, 711.097938, 
            80.087629, 713.737113, 74.809278, 713.737113, 
            73.489691, 715.056701, 69.530928, 717.695876, 
            68.211340, 719.015464, 66.891753, 722.974227, 
            61.613402, 726.932990, 58.974227, 729.572165, 
            57.654639, 729.572165, 56.335052, 730.891753, 
