%YAML:1.0
    mask: !!opencv-matrix
        rows: 510
        cols: 2
        dt: f
        data: [ -1.000000, -1.000000, 1000.087629, 
            716.128866, 993.489691, 710.850515, 989.530928, 
            709.530928, 986.891753, 704.252577, 986.891753, 
            702.932990, 985.572165, 701.613402, 982.932990, 
            697.654639, 982.932990, 696.335052, 981.613402, 
            693.695876, 981.613402, 692.376289, 981.613402, 
            691.056701, 981.613402, 689.737113, 981.613402, 
            688.417526, 981.613402, 685.778351, 981.613402, 
            684.458763, 981.613402, 683.139175, 982.932990, 
            683.139175, 984.252577, 681.819588, 985.572165, 
            681.819588, 988.211340, 681.819588, 990.850515, 
            681.819588, 997.448454, 681.819588, 1001.407216, 
            681.819588, 1001.407216, 683.139175, 1005.365979, 
            684.458763, 1008.005155, 684.458763, 1013.283505, 
            687.097938, 1017.242268, 689.737113, 1021.201031, 
            692.376289, 1026.479381, 696.335052, 1034.396907, 
            701.613402, 1035.716495, 705.572165, 1037.036082, 
            705.572165, 1038.355670, 705.572165, 1040.994845, 
            705.572165, 1043.634021, 706.891753, 1047.592784, 
            706.891753, 1048.912371, 706.891753, 1050.231959, 
            706.891753, 1050.231959, 705.572165, 1050.231959, 
            701.613402, 1050.231959, 698.974227, 1042.314433, 
            691.056701, 1037.036082, 687.097938, 1034.396907, 
            684.458763, 1029.118557, 679.180412, 1026.479381, 
            677.860825, 1021.201031, 672.582474, 1013.283505, 
            667.304124, 1006.685567, 664.664948, 1001.407216, 
            662.025773, 1000.087629, 660.706186, 997.448454, 
            658.067010, 994.809278, 658.067010, 990.850515, 
            656.747423, 988.211340, 656.747423, 986.891753, 
            656.747423, 980.293814, 656.747423, 978.974227, 
            658.067010, 973.695876, 660.706186, 971.056701, 
            662.025773, 967.097938, 662.025773, 964.458763, 
            663.345361, 963.139175, 663.345361, 961.819588, 
            663.345361, 960.500000, 663.345361, 959.180412, 
            663.345361, 955.221649, 663.345361, 955.221649, 
            662.025773, 952.582474, 660.706186, 952.582474, 
            659.386598, 951.262887, 658.067010, 951.262887, 
            651.469072, 951.262887, 646.190722, 951.262887, 
            642.231959, 952.582474, 639.592784, 955.221649, 
            635.634021, 956.541237, 634.314433, 957.860825, 
            632.994845, 961.819588, 629.036082, 969.737113, 
            618.479381, 972.376289, 618.479381, 976.335052, 
            615.840206, 988.211340, 610.561856, 993.489691, 
            609.242268, 997.448454, 607.922680, 1005.365979, 
            606.603093, 1006.685567, 606.603093, 1009.324742, 
            603.963918, 1010.644330, 603.963918, 1011.963918, 
            602.644330, 1014.603093, 597.365979, 1017.242268, 
            596.046392, 1025.159794, 588.128866, 1027.798969, 
            585.489691, 1044.953608, 578.891753, 1047.592784, 
            578.891753, 1052.871134, 577.572165, 1055.510309, 
            574.932990, 1056.829897, 574.932990, 1059.469072, 
            574.932990, 1077.943299, 573.613402, 1084.541237, 
            573.613402, 1088.500000, 573.613402, 1092.458763, 
            573.613402, 1095.097938, 573.613402, 1097.737113, 
            573.613402, 1101.695876, 573.613402, 1112.252577, 
            582.850515, 1113.572165, 584.170103, 1114.891753, 
            585.489691, 1116.211340, 586.809278, 1118.850515, 
            589.448454, 1122.809278, 589.448454, 1125.448454, 
            590.768041, 1130.726804, 590.768041, 1132.046392, 
            590.768041, 1141.283505, 590.768041, 1143.922680, 
            590.768041, 1150.520619, 590.768041, 1154.479381, 
            590.768041, 1158.438144, 590.768041, 1163.716495, 
            593.407216, 1168.994845, 594.726804, 1172.953608, 
            597.365979, 1178.231959, 600.005155, 1180.871134, 
            603.963918, 1183.510309, 605.283505, 1184.829897, 
            606.603093, 1184.829897, 607.922680, 1184.829897, 
            610.561856, 1187.469072, 610.561856, 1187.469072, 
            611.881443, 1187.469072, 614.520619, 1187.469072, 
            615.840206, 1188.788660, 617.159794, 1190.108247, 
            618.479381, 1194.067010, 622.438144, 1194.067010, 
            623.757732, 1195.386598, 626.396907, 1198.025773, 
            627.716495, 1199.345361, 627.716495, 1200.664948, 
            627.716495, 1201.984536, 627.716495, 1207.262887, 
            629.036082, 1212.541237, 630.355670, 1216.500000, 
            631.675258, 1219.139175, 632.994845, 1223.097938, 
            638.273196, 1231.015464, 640.912371, 1233.654639, 
            643.551546, 1234.974227, 644.871134, 1237.613402, 
            647.510309, 1241.572165, 652.788660, 1242.891753, 
            654.108247, 1244.211340, 660.706186, 1245.530928, 
            662.025773, 1248.170103, 667.304124, 1249.489691, 
            669.943299, 1252.128866, 671.262887, 1252.128866, 
            672.582474, 1257.407216, 679.180412, 1258.726804, 
            681.819588, 1261.365979, 684.458763, 1264.005155, 
            684.458763, 1265.324742, 687.097938, 1267.963918, 
            691.056701, 1269.283505, 693.695876, 1271.922680, 
            695.015464, 1273.242268, 696.335052, 1275.881443, 
            698.974227, 1277.201031, 701.613402, 1279.840206, 
            702.932990, -1.000000, -1.000000, 948.623711, 
            320.252577, 942.025773, 320.252577, 939.386598, 
            320.252577, 930.149485, 320.252577, 927.510309, 
            320.252577, 923.551546, 320.252577, 922.231959, 
            320.252577, 920.912371, 320.252577, 915.634021, 
            320.252577, 912.994845, 320.252577, 905.077320, 
            320.252577, 902.438144, 320.252577, 898.479381, 
            320.252577, 891.881443, 320.252577, 887.922680, 
            320.252577, 878.685567, 321.572165, 876.046392, 
            321.572165, 869.448454, 322.891753, 865.489691, 
            322.891753, 864.170103, 322.891753, 852.293814, 
            328.170103, 850.974227, 329.489691, 848.335052, 
            329.489691, 844.376289, 332.128866, 841.737113, 
            332.128866, 828.541237, 340.046392, 825.902062, 
            342.685567, 823.262887, 342.685567, 820.623711, 
            344.005155, 819.304124, 345.324742, 806.108247, 
            354.561856, 802.149485, 355.881443, 796.871134, 
            358.520619, 792.912371, 361.159794, 790.273196, 
            362.479381, 787.634021, 367.757732, 786.314433, 
            369.077320, 784.994845, 371.716495, 781.036082, 
            375.675258, 773.118557, 386.231959, 771.798969, 
            387.551546, 765.201031, 391.510309, 762.561856, 
            394.149485, 761.242268, 394.149485, 759.922680, 
            396.788660, 758.603093, 396.788660, 755.963918, 
            402.067010, 755.963918, 403.386598, 754.644330, 
            406.025773, 753.324742, 408.664948, 753.324742, 
            409.984536, 753.324742, 411.304124, 753.324742, 
            417.902062, 753.324742, 421.860825, 753.324742, 
            423.180412, 755.963918, 424.500000, 758.603093, 
            428.458763, 762.561856, 431.097938, 763.881443, 
            431.097938, 765.201031, 431.097938, 767.840206, 
            431.097938, 770.479381, 431.097938, 774.438144, 
            429.778351, 775.757732, 428.458763, 781.036082, 
            424.500000, 788.953608, 421.860825, 794.231959, 
            419.221649, 796.871134, 419.221649, 799.510309, 
            417.902062, 800.829897, 416.582474, 803.469072, 
            415.262887, 803.469072, 413.943299, 806.108247, 
            412.623711, 807.427835, 411.304124, 808.747423, 
            409.984536, 811.386598, 408.664948, 811.386598, 
            407.345361, 812.706186, 407.345361, 812.706186, 
            406.025773, 814.025773, 404.706186, 815.345361, 
